Channel 1,Channel 2,Channel 3,Channel 4,Channel 5,Channel 6,Channel 7
0.000000,-200.000000,0.000000,0.000000,-12715.000000,0.000000,0.000000
0.000000,-200.000000,0.000000,0.000000,-12710.000000,0.000000,0.000000
0.000000,200.000000,0.000000,0.000000,-12706.000000,0.000000,0.000000
0.000000,100.000000,0.000000,0.000000,-12711.000000,0.000000,0.000000
0.000000,-100.000000,0.000000,0.000000,-12714.000000,0.000000,0.000000
0.000000,0.000000,156.000000,156.000000,-12699.000000,0.000000,0.000000
0.000000,300.000000,0.000000,0.000000,-12691.000000,0.000000,0.000000
0.000000,-200.000000,0.000000,0.000000,-12708.000000,0.000000,0.000000
-200.000000,0.000000,0.000000,0.000000,-12707.000000,0.000000,0.000000
0.000000,-100.000000,0.000000,0.000000,-12698.000000,0.000000,0.000000
0.000000,-200.000000,0.000000,0.000000,-12713.000000,0.000000,0.000000
0.000000,-200.000000,0.000000,0.000000,-12711.000000,0.000000,0.000000
0.000000,-100.000000,0.000000,0.000000,-12707.000000,0.000000,0.000000
0.000000,0.000000,0.000000,0.000000,-12735.000000,0.000000,0.000000
-100.000000,0.000000,0.000000,0.000000,-12721.000000,0.000000,0.000000
-100.000000,200.000000,0.000000,0.000000,-12716.000000,0.000000,0.000000
-100.000000,0.000000,0.000000,0.000000,-12732.000000,0.000000,0.000000
0.000000,-200.000000,0.000000,0.000000,-12722.000000,0.000000,0.000000
0.000000,-200.000000,0.000000,0.000000,-12712.000000,0.000000,0.000000
0.000000,-200.000000,0.000000,0.000000,-12719.000000,0.000000,0.000000
0.000000,-100.000000,0.000000,0.000000,-12703.000000,0.000000,0.000000
-200.000000,-100.000000,0.000000,0.000000,-12702.000000,0.000000,0.000000
200.000000,-200.000000,0.000000,0.000000,-12702.000000,0.000000,0.000000
-100.000000,100.000000,0.000000,0.000000,-12686.000000,0.000000,0.000000
-300.000000,-100.000000,0.000000,0.000000,-12678.000000,0.000000,0.000000
0.000000,-200.000000,0.000000,0.000000,-12673.000000,0.000000,0.000000
0.000000,0.000000,0.000000,0.000000,-12653.000000,0.000000,0.000000
-100.000000,-200.000000,0.000000,0.000000,-12638.000000,0.000000,0.000000
-100.000000,-200.000000,0.000000,0.000000,-12625.000000,0.000000,0.000000
-300.000000,-300.000000,0.000000,0.000000,-12599.000000,0.000000,0.000000
-100.000000,-100.000000,0.000000,0.000000,-12577.000000,0.000000,0.000000
0.000000,-100.000000,0.000000,0.000000,-12548.000000,0.000000,0.000000
-100.000000,100.000000,0.000000,0.000000,-12511.000000,196.000000,0.000000
-100.000000,-100.000000,0.000000,0.000000,-12471.000000,0.000000,0.000000
0.000000,100.000000,0.000000,0.000000,-12433.000000,0.000000,0.000000
0.000000,0.000000,156.000000,156.000000,-12386.000000,0.000000,0.000000
300.000000,0.000000,0.000000,0.000000,-12337.000000,0.000000,0.000000
-100.000000,-200.000000,0.000000,0.000000,-12301.000000,0.000000,0.000000
-200.000000,0.000000,0.000000,0.000000,-12250.000000,0.000000,0.000000
-100.000000,0.000000,0.000000,0.000000,-12213.000000,0.000000,0.000000
0.000000,100.000000,0.000000,0.000000,-12162.000000,0.000000,0.000000
0.000000,-200.000000,0.000000,0.000000,-12128.000000,0.000000,0.000000
0.000000,0.000000,0.000000,0.000000,-12080.000000,0.000000,0.000000
0.000000,-100.000000,0.000000,0.000000,-12043.000000,0.000000,0.000000
-300.000000,0.000000,0.000000,0.000000,-11989.000000,0.000000,0.000000
300.000000,-200.000000,156.000000,156.000000,-11939.000000,0.000000,0.000000
200.000000,0.000000,0.000000,0.000000,-11897.000000,0.000000,0.000000
-100.000000,0.000000,0.000000,0.000000,-11860.000000,0.000000,0.000000
-100.000000,-100.000000,0.000000,0.000000,-11822.000000,0.000000,0.000000
-100.000000,0.000000,0.000000,0.000000,-11806.000000,0.000000,0.000000
-200.000000,0.000000,0.000000,0.000000,-11787.000000,0.000000,0.000000
0.000000,100.000000,0.000000,0.000000,-11766.000000,0.000000,0.000000
-200.000000,-200.000000,0.000000,0.000000,-11754.000000,0.000000,0.000000
0.000000,-400.000000,0.000000,0.000000,-11759.000000,0.000000,0.000000
0.000000,-100.000000,0.000000,0.000000,-11759.000000,0.000000,0.000000
-100.000000,0.000000,0.000000,0.000000,-11748.000000,0.000000,0.000000
0.000000,-100.000000,0.000000,0.000000,-11735.000000,0.000000,0.000000
-300.000000,0.000000,0.000000,0.000000,-11757.000000,0.000000,0.000000
-100.000000,-100.000000,0.000000,0.000000,-11782.000000,0.000000,0.000000
-200.000000,-100.000000,0.000000,0.000000,-11817.000000,0.000000,0.000000
0.000000,-100.000000,0.000000,0.000000,-11853.000000,0.000000,0.000000
-100.000000,-200.000000,0.000000,0.000000,-11868.000000,0.000000,0.000000
-100.000000,0.000000,0.000000,0.000000,-11910.000000,0.000000,0.000000
0.000000,100.000000,0.000000,0.000000,-11946.000000,0.000000,0.000000
-100.000000,0.000000,0.000000,0.000000,-11986.000000,0.000000,0.000000
100.000000,-100.000000,0.000000,0.000000,-12014.000000,0.000000,0.000000
0.000000,0.000000,0.000000,0.000000,-12064.000000,0.000000,0.000000
-100.000000,100.000000,0.000000,0.000000,-12115.000000,0.000000,0.000000
0.000000,0.000000,0.000000,0.000000,-12174.000000,0.000000,0.000000
-200.000000,0.000000,0.000000,0.000000,-12226.000000,0.000000,0.000000
0.000000,0.000000,0.000000,0.000000,-12295.000000,0.000000,0.000000
0.000000,0.000000,0.000000,0.000000,-12317.000000,0.000000,0.000000
100.000000,-100.000000,0.000000,0.000000,-12381.000000,0.000000,0.000000
0.000000,-200.000000,0.000000,0.000000,-12413.000000,0.000000,0.000000
0.000000,-100.000000,0.000000,0.000000,-12451.000000,0.000000,0.000000
0.000000,-100.000000,0.000000,0.000000,-12475.000000,0.000000,0.000000
0.000000,0.000000,0.000000,0.000000,-12501.000000,0.000000,0.000000
-200.000000,-100.000000,0.000000,0.000000,-12538.000000,0.000000,0.000000
0.000000,-100.000000,0.000000,0.000000,-12561.000000,0.000000,0.000000
-100.000000,-100.000000,0.000000,0.000000,-12590.000000,0.000000,0.000000
0.000000,0.000000,0.000000,0.000000,-12603.000000,0.000000,0.000000
-100.000000,0.000000,0.000000,0.000000,-12626.000000,0.000000,0.000000
0.000000,-300.000000,0.000000,0.000000,-12637.000000,0.000000,0.000000
-100.000000,200.000000,0.000000,0.000000,-12648.000000,0.000000,0.000000
-200.000000,-100.000000,0.000000,0.000000,-12654.000000,0.000000,0.000000
-100.000000,-100.000000,0.000000,0.000000,-12654.000000,0.000000,0.000000
0.000000,-100.000000,0.000000,0.000000,-12655.000000,0.000000,0.000000
-100.000000,100.000000,0.000000,0.000000,-12660.000000,0.000000,0.000000
-200.000000,100.000000,0.000000,0.000000,-12650.000000,0.000000,0.000000
0.000000,0.000000,0.000000,0.000000,-12651.000000,0.000000,0.000000
100.000000,0.000000,0.000000,0.000000,-12608.000000,0.000000,0.000000
-300.000000,100.000000,0.000000,0.000000,-12573.000000,0.000000,0.000000
-100.000000,0.000000,0.000000,0.000000,-12558.000000,0.000000,0.000000
0.000000,0.000000,0.000000,0.000000,-12543.000000,0.000000,0.000000
100.000000,0.000000,0.000000,0.000000,-12490.000000,0.000000,0.000000
0.000000,-100.000000,0.000000,0.000000,-12432.000000,0.000000,0.000000
0.000000,0.000000,78.000000,78.000000,-12403.000000,0.000000,0.000000
-100.000000,0.000000,77.000000,78.000000,-12364.000000,0.000000,0.000000
-100.000000,0.000000,0.000000,0.000000,-12329.000000,0.000000,0.000000
0.000000,-100.000000,0.000000,0.000000,-12301.000000,0.000000,0.000000
-100.000000,0.000000,0.000000,0.000000,-12267.000000,0.000000,0.000000
-100.000000,-100.000000,0.000000,0.000000,-12215.000000,0.000000,0.000000
-100.000000,0.000000,0.000000,0.000000,-12201.000000,0.000000,0.000000
-200.000000,-100.000000,0.000000,0.000000,-12156.000000,0.000000,0.000000
-200.000000,0.000000,0.000000,0.000000,-12117.000000,0.000000,0.000000
-100.000000,0.000000,0.000000,0.000000,-12078.000000,0.000000,0.000000
0.000000,-100.000000,0.000000,0.000000,-12068.000000,0.000000,0.000000
-100.000000,100.000000,0.000000,0.000000,-12041.000000,0.000000,0.000000
0.000000,0.000000,0.000000,0.000000,-12009.000000,0.000000,0.000000
0.000000,0.000000,0.000000,0.000000,-12000.000000,0.000000,0.000000
-100.000000,0.000000,0.000000,0.000000,-11951.000000,0.000000,0.000000
0.000000,0.000000,0.000000,0.000000,-11937.000000,0.000000,0.000000
-100.000000,0.000000,0.000000,0.000000,-11917.000000,0.000000,0.000000
-200.000000,-100.000000,0.000000,0.000000,-11907.000000,0.000000,0.000000
-200.000000,-100.000000,0.000000,0.000000,-11920.000000,0.000000,0.000000
-200.000000,0.000000,0.000000,0.000000,-11926.000000,0.000000,0.000000
-100.000000,-100.000000,0.000000,0.000000,-11923.000000,0.000000,0.000000
0.000000,0.000000,0.000000,0.000000,-11916.000000,0.000000,0.000000
200.000000,0.000000,0.000000,0.000000,-11938.000000,0.000000,0.000000
-100.000000,0.000000,0.000000,0.000000,-11957.000000,0.000000,0.000000
-300.000000,100.000000,0.000000,0.000000,-11968.000000,0.000000,0.000000
-300.000000,0.000000,0.000000,0.000000,-11969.000000,0.000000,0.000000
0.000000,-100.000000,0.000000,0.000000,-11981.000000,0.000000,0.000000
0.000000,0.000000,0.000000,0.000000,-11999.000000,0.000000,0.000000
100.000000,100.000000,0.000000,0.000000,-12046.000000,0.000000,0.000000
0.000000,0.000000,0.000000,0.000000,-12067.000000,0.000000,0.000000
-300.000000,-100.000000,0.000000,0.000000,-12095.000000,0.000000,0.000000
0.000000,0.000000,0.000000,0.000000,-12119.000000,0.000000,0.000000
-200.000000,0.000000,0.000000,0.000000,-12151.000000,0.000000,0.000000
-200.000000,-100.000000,0.000000,0.000000,-12162.000000,0.000000,0.000000
0.000000,300.000000,0.000000,0.000000,-12199.000000,0.000000,0.000000
0.000000,0.000000,0.000000,0.000000,-12230.000000,0.000000,0.000000
0.000000,0.000000,0.000000,0.000000,-12244.000000,0.000000,0.000000
0.000000,-100.000000,0.000000,0.000000,-12277.000000,0.000000,0.000000
-100.000000,-100.000000,0.000000,0.000000,-12306.000000,0.000000,0.000000
-100.000000,-200.000000,0.000000,0.000000,-12333.000000,0.000000,0.000000
0.000000,0.000000,0.000000,0.000000,-12340.000000,0.000000,0.000000
-100.000000,0.000000,78.000000,78.000000,-12346.000000,0.000000,0.000000
300.000000,0.000000,155.000000,156.000000,-12380.000000,0.000000,0.000000
0.000000,300.000000,0.000000,0.000000,-12383.000000,0.000000,0.000000
-100.000000,-100.000000,0.000000,0.000000,-12391.000000,0.000000,0.000000
0.000000,0.000000,0.000000,0.000000,-12392.000000,0.000000,0.000000
0.000000,0.000000,0.000000,0.000000,-12399.000000,0.000000,0.000000
-100.000000,-300.000000,0.000000,0.000000,-12400.000000,0.000000,0.000000
0.000000,-200.000000,0.000000,0.000000,-12394.000000,0.000000,0.000000
0.000000,-100.000000,0.000000,0.000000,-12387.000000,0.000000,0.000000
0.000000,-100.000000,0.000000,0.000000,-12393.000000,0.000000,0.000000
100.000000,-300.000000,0.000000,0.000000,-12371.000000,0.000000,0.000000
0.000000,-300.000000,0.000000,0.000000,-12351.000000,0.000000,0.000000
-100.000000,-100.000000,0.000000,0.000000,-12351.000000,0.000000,0.000000
100.000000,-300.000000,0.000000,0.000000,-12336.000000,0.000000,0.000000
-100.000000,0.000000,0.000000,0.000000,-12314.000000,0.000000,0.000000
0.000000,-100.000000,78.000000,78.000000,-12285.000000,0.000000,0.000000
-100.000000,400.000000,0.000000,0.000000,-12265.000000,0.000000,0.000000
0.000000,-400.000000,0.000000,0.000000,-12235.000000,0.000000,0.000000
0.000000,0.000000,0.000000,0.000000,-12222.000000,0.000000,0.000000
0.000000,0.000000,0.000000,0.000000,-12206.000000,0.000000,0.000000
-100.000000,0.000000,0.000000,0.000000,-12192.000000,0.000000,0.000000
0.000000,0.000000,0.000000,0.000000,-12183.000000,0.000000,0.000000
100.000000,-100.000000,0.000000,0.000000,-12164.000000,0.000000,0.000000
-100.000000,-200.000000,0.000000,0.000000,-12132.000000,0.000000,0.000000
-200.000000,0.000000,0.000000,0.000000,-12136.000000,0.000000,0.000000
-200.000000,-100.000000,0.000000,0.000000,-12122.000000,0.000000,0.000000
0.000000,-200.000000,0.000000,0.000000,-12086.000000,0.000000,0.000000
0.000000,-200.000000,0.000000,0.000000,-12065.000000,0.000000,0.000000
0.000000,-100.000000,0.000000,0.000000,-12063.000000,0.000000,0.000000
0.000000,-100.000000,0.000000,0.000000,-12062.000000,0.000000,0.000000
-100.000000,-200.000000,0.000000,0.000000,-12060.000000,0.000000,0.000000
-200.000000,0.000000,0.000000,0.000000,-12046.000000,0.000000,0.000000
0.000000,-200.000000,0.000000,0.000000,-12035.000000,0.000000,0.000000
-100.000000,0.000000,0.000000,0.000000,-12013.000000,0.000000,0.000000
-100.000000,-200.000000,0.000000,0.000000,-12004.000000,0.000000,0.000000
-200.000000,0.000000,0.000000,0.000000,-12021.000000,0.000000,0.000000
-200.000000,-300.000000,0.000000,0.000000,-12035.000000,0.000000,0.000000
-100.000000,-100.000000,0.000000,0.000000,-12035.000000,0.000000,0.000000
100.000000,-300.000000,0.000000,0.000000,-12023.000000,0.000000,0.000000
-200.000000,-200.000000,0.000000,0.000000,-12028.000000,0.000000,0.000000
-100.000000,200.000000,0.000000,0.000000,-12051.000000,0.000000,0.000000
-200.000000,0.000000,0.000000,0.000000,-12055.000000,0.000000,0.000000
0.000000,0.000000,78.000000,78.000000,-12049.000000,0.000000,0.000000
0.000000,0.000000,0.000000,0.000000,-12068.000000,0.000000,0.000000
100.000000,-200.000000,0.000000,0.000000,-12086.000000,0.000000,0.000000
0.000000,0.000000,0.000000,0.000000,-12097.000000,0.000000,0.000000
0.000000,0.000000,0.000000,0.000000,-12114.000000,0.000000,0.000000
-200.000000,-100.000000,0.000000,0.000000,-12140.000000,0.000000,0.000000
-200.000000,100.000000,0.000000,0.000000,-12144.000000,0.000000,0.000000
-100.000000,-100.000000,0.000000,0.000000,-12161.000000,0.000000,0.000000
-100.000000,100.000000,0.000000,0.000000,-12151.000000,0.000000,0.000000
0.000000,0.000000,0.000000,0.000000,-12172.000000,0.000000,0.000000
0.000000,-200.000000,0.000000,0.000000,-12199.000000,0.000000,0.000000
0.000000,-100.000000,0.000000,0.000000,-12216.000000,0.000000,0.000000
100.000000,-100.000000,78.000000,78.000000,-12234.000000,0.000000,0.000000
-200.000000,-200.000000,0.000000,0.000000,-12268.000000,0.000000,0.000000
-200.000000,-200.000000,0.000000,0.000000,-12283.000000,0.000000,0.000000
-200.000000,0.000000,0.000000,0.000000,-12300.000000,0.000000,0.000000
-200.000000,-100.000000,0.000000,0.000000,-12346.000000,0.000000,0.000000
0.000000,100.000000,78.000000,78.000000,-12362.000000,0.000000,0.000000
100.000000,0.000000,0.000000,0.000000,-12358.000000,0.000000,0.000000
-200.000000,-100.000000,0.000000,0.000000,-12379.000000,0.000000,0.000000
-100.000000,-200.000000,0.000000,0.000000,-12373.000000,0.000000,0.000000
0.000000,100.000000,0.000000,0.000000,-12398.000000,0.000000,0.000000
0.000000,0.000000,0.000000,0.000000,-12411.000000,0.000000,0.000000
0.000000,0.000000,0.000000,0.000000,-12403.000000,0.000000,0.000000
0.000000,0.000000,0.000000,0.000000,-12426.000000,0.000000,0.000000
0.000000,-100.000000,0.000000,0.000000,-12432.000000,0.000000,0.000000
0.000000,-400.000000,0.000000,0.000000,-12421.000000,0.000000,0.000000
0.000000,100.000000,0.000000,0.000000,-12417.000000,0.000000,0.000000
0.000000,-100.000000,0.000000,0.000000,-12406.000000,0.000000,0.000000
-100.000000,0.000000,5000.000000,5000.000000,-12389.000000,0.000000,0.000000
1900.000000,4700.000000,5000.000000,5000.000000,-12381.000000,196.000000,392.000000
4600.000000,4500.000000,5000.000000,5000.000000,-12390.000000,1374.000000,1570.000000
5700.000000,3400.000000,5000.000000,5000.000000,-12417.000000,2356.000000,2356.000000
6000.000000,4900.000000,5000.000000,5000.000000,-12316.000000,2356.000000,2356.000000
4600.000000,5000.000000,5000.000000,5000.000000,-11927.000000,589.000000,589.000000
5500.000000,6200.000000,5000.000000,5000.000000,-11521.000000,-392.000000,-589.000000
4200.000000,4600.000000,5000.000000,5000.000000,-11413.000000,-392.000000,-589.000000
4000.000000,5000.000000,5000.000000,5000.000000,-11430.000000,392.000000,589.000000
4500.000000,4500.000000,5000.000000,5000.000000,-11159.000000,1374.000000,1374.000000
5200.000000,3800.000000,5000.000000,5000.000000,-10770.000000,1963.000000,1963.000000
5500.000000,4500.000000,5000.000000,5000.000000,-10407.000000,1767.000000,1963.000000
5500.000000,4300.000000,5000.000000,5000.000000,-10048.000000,785.000000,1178.000000
5400.000000,4800.000000,5000.000000,5000.000000,-9700.000000,589.000000,589.000000
5000.000000,5300.000000,5000.000000,5000.000000,-9427.000000,981.000000,589.000000
4100.000000,4000.000000,5000.000000,5000.000000,-9294.000000,1767.000000,1374.000000
5900.000000,3800.000000,5000.000000,5000.000000,-8922.000000,2159.000000,1963.000000
6300.000000,4400.000000,5000.000000,5000.000000,-8335.000000,1963.000000,2159.000000
5500.000000,4600.000000,5000.000000,5000.000000,-7873.000000,1570.000000,1963.000000
5400.000000,4000.000000,5000.000000,5000.000000,-7709.000000,1374.000000,1178.000000
4700.000000,6000.000000,5000.000000,5000.000000,-7481.000000,1178.000000,1178.000000
4500.000000,4100.000000,5000.000000,5000.000000,-7062.000000,1767.000000,1178.000000
6100.000000,4300.000000,5000.000000,5000.000000,-6689.000000,2159.000000,1767.000000
5600.000000,5100.000000,5000.000000,5000.000000,-6433.000000,2159.000000,2159.000000
5700.000000,6000.000000,5000.000000,5000.000000,-6036.000000,1767.000000,2552.000000
4300.000000,5400.000000,5000.000000,5000.000000,-5697.000000,1374.000000,1767.000000
4500.000000,3900.000000,5000.000000,5000.000000,-5598.000000,1178.000000,1178.000000
4700.000000,5700.000000,5000.000000,5000.000000,-5403.000000,1570.000000,1178.000000
4300.000000,5700.000000,5000.000000,5000.000000,-5020.000000,1963.000000,1374.000000
4500.000000,6100.000000,5000.000000,5000.000000,-4742.000000,2159.000000,1963.000000
4900.000000,6400.000000,5000.000000,5000.000000,-4613.000000,1570.000000,1963.000000
5000.000000,4600.000000,5000.000000,5000.000000,-4398.000000,1178.000000,1570.000000
6200.000000,4000.000000,5000.000000,5000.000000,-4238.000000,1374.000000,1374.000000
5100.000000,6100.000000,5000.000000,5000.000000,-4124.000000,1570.000000,1178.000000
4300.000000,5800.000000,5000.000000,5000.000000,-4048.000000,1767.000000,981.000000
4300.000000,4800.000000,5000.000000,5000.000000,-3886.000000,1767.000000,1374.000000
4400.000000,4700.000000,5000.000000,5000.000000,-3750.000000,1374.000000,1767.000000
4200.000000,4700.000000,5000.000000,5000.000000,-3696.000000,1178.000000,1570.000000
4500.000000,4900.000000,5000.000000,5000.000000,-3756.000000,1178.000000,1178.000000
4800.000000,4500.000000,5000.000000,5000.000000,-3821.000000,1374.000000,981.000000
4100.000000,5100.000000,5000.000000,5000.000000,-3792.000000,1570.000000,981.000000
5000.000000,5700.000000,5000.000000,5000.000000,-3798.000000,1374.000000,1178.000000
4100.000000,4800.000000,5000.000000,5000.000000,-3925.000000,1178.000000,1178.000000
6000.000000,5400.000000,5000.000000,5000.000000,-3985.000000,981.000000,1374.000000
4800.000000,5000.000000,5000.000000,5000.000000,-4068.000000,981.000000,1178.000000
4200.000000,5000.000000,5000.000000,5000.000000,-4353.000000,1178.000000,1178.000000
4900.000000,4900.000000,5000.000000,5000.000000,-4620.000000,981.000000,785.000000
4500.000000,4000.000000,5000.000000,5000.000000,-4719.000000,1178.000000,785.000000
4500.000000,5100.000000,5000.000000,5000.000000,-4867.000000,981.000000,981.000000
4500.000000,4100.000000,5000.000000,5000.000000,-5169.000000,981.000000,1178.000000
5300.000000,5000.000000,5000.000000,5000.000000,-5464.000000,785.000000,1374.000000
4700.000000,4800.000000,5000.000000,5000.000000,-5698.000000,981.000000,981.000000
5800.000000,4800.000000,5000.000000,5000.000000,-6009.000000,785.000000,785.000000
4900.000000,5100.000000,5000.000000,5000.000000,-6336.000000,1178.000000,785.000000
5400.000000,4700.000000,5000.000000,5000.000000,-6575.000000,981.000000,981.000000
4200.000000,4700.000000,5000.000000,5000.000000,-6852.000000,981.000000,1178.000000
5800.000000,4800.000000,5000.000000,5000.000000,-7199.000000,981.000000,1178.000000
4600.000000,4500.000000,5000.000000,5000.000000,-7549.000000,981.000000,981.000000
4600.000000,4500.000000,5000.000000,5000.000000,-7872.000000,1178.000000,1178.000000
5000.000000,3800.000000,5000.000000,5000.000000,-8181.000000,1178.000000,981.000000
4000.000000,5600.000000,5000.000000,5000.000000,-8482.000000,1178.000000,981.000000
4800.000000,4800.000000,5000.000000,5000.000000,-8811.000000,1178.000000,1178.000000
4800.000000,5300.000000,5000.000000,5000.000000,-9137.000000,1178.000000,1374.000000
4300.000000,4700.000000,5000.000000,5000.000000,-9437.000000,1178.000000,1374.000000
6200.000000,4000.000000,5000.000000,5000.000000,-9732.000000,1570.000000,1374.000000
4700.000000,5100.000000,5000.000000,5000.000000,-10043.000000,1570.000000,1570.000000
4700.000000,6200.000000,5000.000000,5000.000000,-10290.000000,1374.000000,1570.000000
4000.000000,4600.000000,5000.000000,5000.000000,-10468.000000,1570.000000,1570.000000
4800.000000,4700.000000,5000.000000,5000.000000,-10684.000000,1570.000000,1767.000000
6000.000000,4200.000000,5000.000000,5000.000000,-10912.000000,1767.000000,1767.000000
5800.000000,4000.000000,5000.000000,5000.000000,-11079.000000,1963.000000,1963.000000
5400.000000,4200.000000,5000.000000,5000.000000,-11216.000000,2159.000000,2159.000000
4400.000000,4900.000000,5000.000000,5000.000000,-11393.000000,2159.000000,2159.000000
4100.000000,4400.000000,5000.000000,5000.000000,-11471.000000,1963.000000,2159.000000
4000.000000,4400.000000,5000.000000,5000.000000,-11471.000000,2159.000000,2356.000000
4600.000000,4400.000000,5000.000000,5000.000000,-11460.000000,2159.000000,2552.000000
6000.000000,5900.000000,5000.000000,5000.000000,-11478.000000,2552.000000,2552.000000
3800.000000,4700.000000,5000.000000,5000.000000,-11455.000000,2552.000000,2552.000000
4400.000000,4700.000000,5000.000000,5000.000000,-11351.000000,2356.000000,2552.000000
6400.000000,3500.000000,5000.000000,5000.000000,-11286.000000,2552.000000,2748.000000
4500.000000,4300.000000,5000.000000,5000.000000,-11202.000000,2552.000000,2945.000000
5900.000000,5300.000000,5000.000000,5000.000000,-11084.000000,2945.000000,2748.000000
4000.000000,4100.000000,5000.000000,5000.000000,-10891.000000,2945.000000,2945.000000
6000.000000,6100.000000,5000.000000,5000.000000,-10742.000000,3141.000000,2945.000000
3900.000000,3500.000000,5000.000000,5000.000000,-10607.000000,3141.000000,2945.000000
5100.000000,5300.000000,5000.000000,5000.000000,-10386.000000,3337.000000,3337.000000
5500.000000,5800.000000,5000.000000,5000.000000,-10119.000000,3337.000000,3337.000000
4200.000000,4600.000000,5000.000000,5000.000000,-9826.000000,3141.000000,3730.000000
4400.000000,6000.000000,5000.000000,5000.000000,-9578.000000,3337.000000,3337.000000
6200.000000,4100.000000,5000.000000,5000.000000,-9333.000000,3337.000000,3337.000000
4000.000000,4400.000000,5000.000000,5000.000000,-9047.000000,3534.000000,3337.000000
4300.000000,5400.000000,5000.000000,5000.000000,-8770.000000,3534.000000,3534.000000
5600.000000,6300.000000,5000.000000,5000.000000,-8471.000000,3730.000000,3534.000000
6000.000000,4300.000000,5000.000000,5000.000000,-8189.000000,3730.000000,3730.000000
5300.000000,4000.000000,5000.000000,5000.000000,-7924.000000,3730.000000,3730.000000
4300.000000,3700.000000,5000.000000,5000.000000,-7710.000000,3926.000000,3730.000000
3900.000000,4100.000000,5000.000000,5000.000000,-7416.000000,3730.000000,3534.000000
4200.000000,4700.000000,5000.000000,5000.000000,-7145.000000,3730.000000,3337.000000
4700.000000,5100.000000,5000.000000,5000.000000,-6867.000000,3534.000000,3141.000000
5800.000000,6100.000000,5000.000000,5000.000000,-6653.000000,3730.000000,3141.000000
5600.000000,5300.000000,5000.000000,5000.000000,-6437.000000,3730.000000,3534.000000
3900.000000,4300.000000,5000.000000,5000.000000,-6165.000000,3926.000000,3534.000000
4200.000000,3900.000000,5000.000000,5000.000000,-5979.000000,4123.000000,3534.000000
5500.000000,3900.000000,5000.000000,5000.000000,-5794.000000,3926.000000,3730.000000
6400.000000,3900.000000,5000.000000,5000.000000,-5659.000000,4123.000000,3926.000000
5600.000000,4200.000000,5000.000000,5000.000000,-5573.000000,3926.000000,3926.000000
4100.000000,3800.000000,5000.000000,5000.000000,-5432.000000,3730.000000,3730.000000
4200.000000,3700.000000,5000.000000,5000.000000,-5333.000000,3730.000000,3534.000000
5700.000000,4200.000000,5000.000000,5000.000000,-5225.000000,3730.000000,3534.000000
3900.000000,4900.000000,5000.000000,5000.000000,-5120.000000,3926.000000,3141.000000
4200.000000,5200.000000,5000.000000,5000.000000,-5067.000000,3926.000000,3337.000000
6000.000000,5200.000000,5000.000000,5000.000000,-5082.000000,3926.000000,3141.000000
4300.000000,5300.000000,5000.000000,5000.000000,-5010.000000,4123.000000,2945.000000
4300.000000,5300.000000,5000.000000,5000.000000,-5033.000000,3926.000000,3337.000000
6300.000000,5600.000000,5000.000000,5000.000000,-5100.000000,3926.000000,3141.000000
3700.000000,6400.000000,5000.000000,5000.000000,-5136.000000,3534.000000,3141.000000
4900.000000,4900.000000,5000.000000,5000.000000,-5185.000000,3730.000000,3337.000000
5400.000000,3900.000000,5000.000000,5000.000000,-5297.000000,3534.000000,3337.000000
4100.000000,4300.000000,5000.000000,5000.000000,-5407.000000,3730.000000,3337.000000
5600.000000,4300.000000,5000.000000,5000.000000,-5602.000000,3730.000000,3141.000000
4200.000000,5200.000000,5000.000000,5000.000000,-5745.000000,3730.000000,2945.000000
5600.000000,5800.000000,5000.000000,5000.000000,-5906.000000,3926.000000,2945.000000
3800.000000,6000.000000,5000.000000,5000.000000,-6154.000000,3730.000000,2945.000000
5600.000000,5800.000000,5000.000000,5000.000000,-6402.000000,3926.000000,3141.000000
5400.000000,4300.000000,5000.000000,5000.000000,-6647.000000,3534.000000,3337.000000
4100.000000,3900.000000,5000.000000,5000.000000,-6876.000000,3730.000000,3337.000000
6200.000000,4400.000000,5000.000000,5000.000000,-7177.000000,3534.000000,3337.000000
3400.000000,5300.000000,5000.000000,5000.000000,-7435.000000,3534.000000,3534.000000
4200.000000,6100.000000,5000.000000,5000.000000,-7732.000000,3926.000000,3926.000000
5900.000000,5700.000000,5000.000000,5000.000000,-7973.000000,3926.000000,4123.000000
3600.000000,6000.000000,5000.000000,5000.000000,-8191.000000,3926.000000,3141.000000
4700.000000,6100.000000,5000.000000,5000.000000,-8405.000000,3926.000000,3337.000000
5500.000000,6200.000000,5000.000000,5000.000000,-8664.000000,4123.000000,3337.000000
3800.000000,6400.000000,5000.000000,5000.000000,-8901.000000,3926.000000,3337.000000
4700.000000,6300.000000,5000.000000,5000.000000,-9085.000000,3926.000000,3730.000000
5500.000000,5700.000000,5000.000000,5000.000000,-9398.000000,3926.000000,3534.000000
6200.000000,6200.000000,5000.000000,5000.000000,-9638.000000,3926.000000,3730.000000
4700.000000,6000.000000,5000.000000,5000.000000,-9844.000000,4123.000000,3730.000000
3600.000000,5300.000000,5000.000000,5000.000000,-10054.000000,4319.000000,3926.000000
3700.000000,4300.000000,5000.000000,5000.000000,-10258.000000,4319.000000,3926.000000
4100.000000,3700.000000,5000.000000,5000.000000,-10435.000000,4712.000000,3730.000000
4500.000000,6400.000000,5000.000000,5000.000000,-10612.000000,4712.000000,3730.000000
5500.000000,4500.000000,5000.000000,5000.000000,-10700.000000,4516.000000,3730.000000
5700.000000,3900.000000,5000.000000,5000.000000,-10831.000000,4516.000000,3926.000000
5400.000000,5800.000000,5000.000000,5000.000000,-10918.000000,4516.000000,3926.000000
4700.000000,4600.000000,5000.000000,5000.000000,-10973.000000,4712.000000,4123.000000
3700.000000,4300.000000,5000.000000,5000.000000,-11010.000000,5301.000000,4516.000000
5400.000000,4400.000000,5000.000000,5000.000000,-11036.000000,5301.000000,4712.000000
6200.000000,5500.000000,5000.000000,5000.000000,-11040.000000,5301.000000,4516.000000
6100.000000,5100.000000,5000.000000,5000.000000,-10995.000000,5105.000000,4319.000000
5800.000000,4800.000000,5000.000000,5000.000000,-10929.000000,4908.000000,4319.000000
4400.000000,5100.000000,5000.000000,5000.000000,-10899.000000,5105.000000,4516.000000
4700.000000,4300.000000,5000.000000,5000.000000,-10912.000000,5301.000000,4908.000000
4800.000000,5300.000000,5000.000000,5000.000000,-10854.000000,5890.000000,5105.000000
5600.000000,5200.000000,5000.000000,5000.000000,-10819.000000,6086.000000,4908.000000
4400.000000,4800.000000,5000.000000,5000.000000,-10698.000000,5890.000000,5105.000000
5100.000000,5800.000000,5000.000000,5000.000000,-10433.000000,5301.000000,4516.000000
5600.000000,4500.000000,5000.000000,5000.000000,-10292.000000,5301.000000,4319.000000
3600.000000,4100.000000,5000.000000,5000.000000,-10207.000000,5694.000000,4712.000000
5200.000000,4300.000000,5000.000000,5000.000000,-10180.000000,6086.000000,5105.000000
5900.000000,3900.000000,5000.000000,5000.000000,-9983.000000,6675.000000,5301.000000
3700.000000,6200.000000,5000.000000,5000.000000,-9857.000000,6675.000000,5497.000000
4200.000000,5100.000000,5000.000000,5000.000000,-9571.000000,5890.000000,5497.000000
5700.000000,6200.000000,5000.000000,5000.000000,-9346.000000,5694.000000,5301.000000
3600.000000,4400.000000,5000.000000,5000.000000,-9169.000000,5694.000000,5105.000000
4900.000000,4200.000000,5000.000000,5000.000000,-9041.000000,6479.000000,4908.000000
5900.000000,5200.000000,5000.000000,5000.000000,-8858.000000,6872.000000,4712.000000
5200.000000,4200.000000,5000.000000,5000.000000,-8556.000000,7068.000000,5890.000000
5700.000000,6100.000000,5000.000000,5000.000000,-8223.000000,6283.000000,6086.000000
5600.000000,6100.000000,5000.000000,5000.000000,-8001.000000,5890.000000,5890.000000
3600.000000,5600.000000,5000.000000,5000.000000,-7937.000000,5694.000000,5497.000000
5500.000000,5500.000000,5000.000000,5000.000000,-7883.000000,6479.000000,5105.000000
4700.000000,4300.000000,5000.000000,5000.000000,-7632.000000,7264.000000,5301.000000
3700.000000,5800.000000,5000.000000,5000.000000,-7201.000000,7068.000000,5694.000000
4700.000000,4800.000000,5000.000000,5000.000000,-6883.000000,6479.000000,5694.000000
6100.000000,4700.000000,5000.000000,5000.000000,-6630.000000,5890.000000,5497.000000
6200.000000,4300.000000,5000.000000,5000.000000,-6621.000000,6086.000000,5301.000000
6200.000000,4200.000000,5000.000000,5000.000000,-6570.000000,6479.000000,5105.000000
4000.000000,5700.000000,5000.000000,5000.000000,-6325.000000,7068.000000,5105.000000
6100.000000,4600.000000,5000.000000,5000.000000,-5979.000000,6872.000000,5497.000000
3400.000000,5700.000000,5000.000000,5000.000000,-5836.000000,6479.000000,6086.000000
4100.000000,6300.000000,5000.000000,5000.000000,-5747.000000,6086.000000,6479.000000
6200.000000,5900.000000,5000.000000,5000.000000,-5829.000000,6086.000000,6086.000000
6300.000000,5300.000000,5000.000000,5000.000000,-5857.000000,6479.000000,5301.000000
4200.000000,4000.000000,5000.000000,5000.000000,-5755.000000,6675.000000,4712.000000
5800.000000,5300.000000,5000.000000,5000.000000,-5599.000000,6479.000000,4908.000000
3700.000000,5700.000000,5000.000000,5000.000000,-5579.000000,6479.000000,5694.000000
4200.000000,4800.000000,5000.000000,5000.000000,-5526.000000,6283.000000,6283.000000
3500.000000,4800.000000,5000.000000,5000.000000,-5670.000000,6283.000000,6086.000000
4400.000000,3900.000000,5000.000000,5000.000000,-5691.000000,6283.000000,5497.000000
5200.000000,4200.000000,5000.000000,5000.000000,-5642.000000,6086.000000,4712.000000
4400.000000,5500.000000,5000.000000,5000.000000,-5608.000000,6283.000000,4712.000000
5700.000000,5500.000000,5000.000000,5000.000000,-5681.000000,6283.000000,5301.000000
3500.000000,4700.000000,5000.000000,5000.000000,-5843.000000,6479.000000,6479.000000
3700.000000,4000.000000,5000.000000,5000.000000,-6191.000000,6283.000000,9424.000000
4100.000000,3900.000000,5000.000000,5000.000000,-6323.000000,6086.000000,5694.000000
4700.000000,3800.000000,5000.000000,5000.000000,-6503.000000,5890.000000,4712.000000
5800.000000,4100.000000,5000.000000,5000.000000,-6612.000000,6086.000000,4516.000000
5500.000000,5900.000000,5000.000000,5000.000000,-6827.000000,6479.000000,4712.000000
4300.000000,5000.000000,5000.000000,5000.000000,-6980.000000,6675.000000,5105.000000
5900.000000,0.000000,0.000000,0.000000,-6974.000000,6479.000000,5694.000000
-100.000000,-100.000000,0.000000,0.000000,-6999.000000,5105.000000,5301.000000
0.000000,-100.000000,0.000000,0.000000,-7521.000000,4908.000000,4319.000000
-300.000000,-500.000000,0.000000,0.000000,-7945.000000,4516.000000,3534.000000
200.000000,-200.000000,0.000000,0.000000,-8293.000000,4319.000000,3730.000000
0.000000,-100.000000,0.000000,0.000000,-8690.000000,5301.000000,3337.000000
-100.000000,-200.000000,0.000000,0.000000,-9022.000000,6283.000000,3141.000000
-100.000000,-100.000000,0.000000,0.000000,-9151.000000,7068.000000,2945.000000
-100.000000,-100.000000,0.000000,0.000000,-9449.000000,6872.000000,3141.000000
0.000000,-400.000000,0.000000,0.000000,-9950.000000,6675.000000,3534.000000
0.000000,0.000000,0.000000,0.000000,-10584.000000,6086.000000,4908.000000
100.000000,100.000000,0.000000,0.000000,-11148.000000,5694.000000,5105.000000
0.000000,-200.000000,0.000000,0.000000,-11661.000000,4908.000000,4908.000000
-200.000000,-100.000000,0.000000,0.000000,-12157.000000,4516.000000,4712.000000
-200.000000,-200.000000,0.000000,0.000000,-12770.000000,4516.000000,4516.000000
0.000000,-200.000000,0.000000,0.000000,-13250.000000,4123.000000,4319.000000
0.000000,0.000000,0.000000,0.000000,-13804.000000,4123.000000,4123.000000
300.000000,-300.000000,0.000000,0.000000,-14306.000000,5105.000000,3730.000000
0.000000,-600.000000,0.000000,0.000000,-14550.000000,6086.000000,3337.000000
-200.000000,-200.000000,0.000000,0.000000,-14847.000000,6283.000000,3141.000000
-200.000000,0.000000,0.000000,0.000000,-15362.000000,5890.000000,2945.000000
-200.000000,-200.000000,0.000000,0.000000,-15621.000000,6283.000000,2945.000000
100.000000,-300.000000,0.000000,0.000000,-15730.000000,5497.000000,2945.000000
100.000000,-100.000000,0.000000,0.000000,-16141.000000,5497.000000,3730.000000
0.000000,-200.000000,0.000000,0.000000,-16656.000000,5301.000000,4516.000000
0.000000,0.000000,0.000000,0.000000,-16916.000000,5301.000000,5105.000000
0.000000,-200.000000,0.000000,0.000000,-17158.000000,4908.000000,4908.000000
300.000000,0.000000,0.000000,0.000000,-17619.000000,4712.000000,4712.000000
0.000000,-300.000000,0.000000,0.000000,-17942.000000,4516.000000,4516.000000
-100.000000,-100.000000,0.000000,0.000000,-18048.000000,4712.000000,4123.000000
0.000000,-300.000000,0.000000,0.000000,-18316.000000,5694.000000,3730.000000
-200.000000,-300.000000,0.000000,0.000000,-18665.000000,6675.000000,3730.000000
-100.000000,-400.000000,0.000000,0.000000,-18797.000000,6675.000000,3730.000000
0.000000,-200.000000,0.000000,0.000000,-18755.000000,6283.000000,3926.000000
100.000000,-300.000000,0.000000,0.000000,-18774.000000,6479.000000,3730.000000
-100.000000,-100.000000,0.000000,0.000000,-18728.000000,6086.000000,4319.000000
-200.000000,-100.000000,0.000000,0.000000,-18584.000000,5694.000000,4712.000000
-200.000000,-300.000000,0.000000,0.000000,-18541.000000,5694.000000,5301.000000
200.000000,-100.000000,0.000000,0.000000,-18504.000000,5497.000000,5105.000000
-200.000000,-200.000000,0.000000,0.000000,-18197.000000,5301.000000,4712.000000
100.000000,-300.000000,0.000000,0.000000,-17842.000000,5694.000000,4712.000000
-200.000000,0.000000,0.000000,0.000000,-17699.000000,6283.000000,4123.000000
-100.000000,0.000000,0.000000,0.000000,-17428.000000,7068.000000,3926.000000
-200.000000,-400.000000,0.000000,0.000000,-17106.000000,7068.000000,3926.000000
0.000000,-100.000000,0.000000,0.000000,-16883.000000,6872.000000,4712.000000
-100.000000,0.000000,0.000000,0.000000,-16532.000000,6872.000000,4908.000000
-100.000000,-200.000000,0.000000,0.000000,-15908.000000,6479.000000,4908.000000
0.000000,100.000000,0.000000,0.000000,-15447.000000,6086.000000,4712.000000
-200.000000,-200.000000,0.000000,0.000000,-15197.000000,6283.000000,4908.000000
-200.000000,0.000000,0.000000,0.000000,-14759.000000,5890.000000,4908.000000
-200.000000,300.000000,0.000000,0.000000,-14259.000000,5694.000000,4908.000000
0.000000,0.000000,0.000000,0.000000,-13915.000000,5890.000000,4712.000000
100.000000,-100.000000,0.000000,0.000000,-13639.000000,6086.000000,4516.000000
0.000000,0.000000,0.000000,0.000000,-13145.000000,6872.000000,4516.000000
-200.000000,0.000000,0.000000,0.000000,-12579.000000,6872.000000,4516.000000
0.000000,-200.000000,0.000000,0.000000,-12316.000000,6675.000000,4319.000000
0.000000,0.000000,0.000000,0.000000,-11940.000000,6872.000000,4712.000000
-100.000000,0.000000,0.000000,0.000000,-11516.000000,6479.000000,4516.000000
0.000000,100.000000,0.000000,0.000000,-11178.000000,6086.000000,4516.000000
0.000000,-300.000000,0.000000,0.000000,-11044.000000,6086.000000,4123.000000
-100.000000,-200.000000,0.000000,0.000000,-10761.000000,5890.000000,4123.000000
-100.000000,-100.000000,0.000000,0.000000,-10279.000000,5694.000000,4123.000000
0.000000,0.000000,0.000000,0.000000,-10003.000000,5497.000000,3926.000000
300.000000,-100.000000,0.000000,0.000000,-9830.000000,5301.000000,4123.000000
0.000000,-100.000000,0.000000,0.000000,-9648.000000,5301.000000,7264.000000
-100.000000,-100.000000,0.000000,0.000000,-9440.000000,5105.000000,3141.000000
-100.000000,-200.000000,0.000000,0.000000,-9328.000000,5497.000000,3534.000000
200.000000,0.000000,0.000000,0.000000,-9246.000000,5694.000000,3534.000000
-200.000000,-200.000000,0.000000,0.000000,-9200.000000,5497.000000,3337.000000
0.000000,-200.000000,0.000000,0.000000,-9236.000000,5301.000000,3141.000000
0.000000,-200.000000,0.000000,0.000000,-9251.000000,5105.000000,2945.000000
-100.000000,0.000000,0.000000,0.000000,-9276.000000,4908.000000,2945.000000
0.000000,-100.000000,0.000000,0.000000,-9372.000000,4908.000000,2552.000000
-100.000000,0.000000,0.000000,0.000000,-9470.000000,4516.000000,2748.000000
-100.000000,-100.000000,0.000000,0.000000,-9589.000000,4516.000000,2356.000000
200.000000,0.000000,0.000000,0.000000,-9825.000000,4319.000000,2552.000000
0.000000,0.000000,0.000000,0.000000,-10123.000000,4123.000000,2552.000000
0.000000,-200.000000,0.000000,0.000000,-10298.000000,4123.000000,2552.000000
0.000000,-300.000000,0.000000,0.000000,-10498.000000,3926.000000,2356.000000
-100.000000,0.000000,0.000000,0.000000,-10850.000000,3926.000000,2356.000000
-100.000000,-100.000000,0.000000,0.000000,-11170.000000,4123.000000,2159.000000
-100.000000,0.000000,0.000000,0.000000,-11428.000000,4123.000000,1963.000000
0.000000,-100.000000,0.000000,0.000000,-11722.000000,4123.000000,1963.000000
0.000000,-100.000000,0.000000,0.000000,-12205.000000,4123.000000,1767.000000
0.000000,-100.000000,0.000000,0.000000,-12557.000000,3730.000000,1570.000000
0.000000,-200.000000,0.000000,0.000000,-12869.000000,3730.000000,1570.000000
-100.000000,-300.000000,0.000000,0.000000,-13325.000000,3730.000000,1570.000000
0.000000,0.000000,0.000000,0.000000,-13794.000000,3730.000000,1767.000000
-300.000000,-200.000000,0.000000,0.000000,-14211.000000,3730.000000,1963.000000
0.000000,0.000000,0.000000,0.000000,-14603.000000,4123.000000,1767.000000
-200.000000,-300.000000,0.000000,0.000000,-15111.000000,3926.000000,1767.000000
200.000000,-400.000000,0.000000,0.000000,-15577.000000,3926.000000,1767.000000
0.000000,-400.000000,0.000000,0.000000,-15966.000000,3926.000000,1570.000000
200.000000,100.000000,0.000000,0.000000,-16381.000000,3730.000000,1963.000000
100.000000,-300.000000,0.000000,0.000000,-16755.000000,3730.000000,1767.000000
0.000000,-200.000000,0.000000,0.000000,-17097.000000,3730.000000,1963.000000
-100.000000,0.000000,0.000000,0.000000,-17338.000000,4123.000000,1963.000000
0.000000,-100.000000,0.000000,0.000000,-17611.000000,4319.000000,2159.000000
100.000000,100.000000,0.000000,0.000000,-17828.000000,4516.000000,1963.000000
0.000000,-100.000000,0.000000,0.000000,-17946.000000,4319.000000,2159.000000
-200.000000,-100.000000,0.000000,0.000000,-17995.000000,4319.000000,2159.000000
-200.000000,-600.000000,0.000000,0.000000,-18054.000000,4123.000000,2159.000000
200.000000,-400.000000,0.000000,0.000000,-18140.000000,4123.000000,2356.000000
-100.000000,100.000000,0.000000,0.000000,-18295.000000,4319.000000,2356.000000
-200.000000,100.000000,0.000000,0.000000,-18329.000000,4516.000000,2356.000000
-100.000000,0.000000,0.000000,0.000000,-18348.000000,5105.000000,2552.000000
0.000000,-300.000000,0.000000,0.000000,-18320.000000,5105.000000,2552.000000
-100.000000,200.000000,0.000000,0.000000,-18292.000000,4908.000000,2748.000000
-100.000000,0.000000,0.000000,0.000000,-18224.000000,4908.000000,2748.000000
0.000000,200.000000,0.000000,0.000000,-18084.000000,4712.000000,2748.000000
-100.000000,-100.000000,0.000000,0.000000,-17968.000000,4516.000000,2945.000000
200.000000,100.000000,0.000000,0.000000,-17834.000000,4319.000000,2552.000000
0.000000,-100.000000,0.000000,0.000000,-17675.000000,4712.000000,2552.000000
0.000000,-700.000000,0.000000,0.000000,-17373.000000,5301.000000,2552.000000
-100.000000,100.000000,0.000000,0.000000,-17214.000000,5301.000000,2945.000000
200.000000,-100.000000,0.000000,0.000000,-16902.000000,5301.000000,3141.000000
200.000000,-400.000000,0.000000,0.000000,-16617.000000,5105.000000,2945.000000
0.000000,100.000000,0.000000,0.000000,-16304.000000,5105.000000,3141.000000
-200.000000,-200.000000,0.000000,0.000000,-16009.000000,4908.000000,3141.000000
-100.000000,0.000000,0.000000,0.000000,-15671.000000,4908.000000,3141.000000
-100.000000,0.000000,0.000000,0.000000,-15255.000000,4908.000000,3141.000000
-100.000000,-200.000000,0.000000,0.000000,-14887.000000,5105.000000,3141.000000
-100.000000,0.000000,0.000000,0.000000,-14525.000000,5105.000000,3141.000000
-300.000000,0.000000,0.000000,0.000000,-14225.000000,4908.000000,2945.000000
-200.000000,-200.000000,156.000000,156.000000,-13848.000000,4908.000000,3141.000000
400.000000,500.000000,76.000000,78.000000,-13484.000000,5105.000000,2945.000000
-100.000000,-100.000000,0.000000,0.000000,-13157.000000,4908.000000,2552.000000
-200.000000,0.000000,0.000000,0.000000,-12789.000000,4908.000000,2748.000000
-100.000000,0.000000,0.000000,0.000000,-12415.000000,4712.000000,2552.000000
-200.000000,0.000000,0.000000,0.000000,-12004.000000,4712.000000,2552.000000
-100.000000,0.000000,0.000000,0.000000,-11699.000000,4712.000000,2552.000000
-200.000000,0.000000,0.000000,0.000000,-11413.000000,4516.000000,2552.000000
-100.000000,0.000000,0.000000,0.000000,-11131.000000,4516.000000,2748.000000
-100.000000,-100.000000,0.000000,0.000000,-10873.000000,4319.000000,2552.000000
0.000000,-100.000000,0.000000,0.000000,-10677.000000,4319.000000,2356.000000
0.000000,200.000000,0.000000,0.000000,-10534.000000,4319.000000,2159.000000
-200.000000,0.000000,0.000000,0.000000,-10354.000000,4123.000000,2356.000000
0.000000,200.000000,0.000000,0.000000,-10202.000000,4123.000000,1963.000000
0.000000,-100.000000,0.000000,0.000000,-10102.000000,3926.000000,1767.000000
0.000000,0.000000,0.000000,0.000000,-10048.000000,3926.000000,1963.000000
0.000000,0.000000,0.000000,0.000000,-9938.000000,3730.000000,1570.000000
-100.000000,100.000000,0.000000,0.000000,-9875.000000,3534.000000,1767.000000
-100.000000,0.000000,0.000000,0.000000,-9917.000000,3534.000000,1570.000000
0.000000,300.000000,0.000000,0.000000,-9915.000000,3337.000000,1570.000000
0.000000,-100.000000,0.000000,0.000000,-9906.000000,3337.000000,1570.000000
0.000000,0.000000,0.000000,0.000000,-9972.000000,3141.000000,1374.000000
0.000000,100.000000,0.000000,0.000000,-10101.000000,3141.000000,1374.000000
-200.000000,-100.000000,0.000000,0.000000,-10206.000000,2945.000000,1178.000000
-100.000000,-100.000000,0.000000,0.000000,-10327.000000,2748.000000,1178.000000
-300.000000,0.000000,0.000000,0.000000,-10512.000000,2945.000000,981.000000
-200.000000,100.000000,78.000000,78.000000,-10784.000000,2748.000000,785.000000
-100.000000,0.000000,0.000000,0.000000,-11004.000000,2552.000000,589.000000
-200.000000,0.000000,0.000000,0.000000,-11225.000000,2748.000000,785.000000
-300.000000,200.000000,0.000000,0.000000,-11470.000000,2748.000000,589.000000
-300.000000,0.000000,0.000000,0.000000,-11754.000000,2748.000000,392.000000
-400.000000,-100.000000,0.000000,0.000000,-12030.000000,2552.000000,589.000000
-300.000000,200.000000,0.000000,0.000000,-12306.000000,2356.000000,392.000000
0.000000,-100.000000,0.000000,0.000000,-12551.000000,2552.000000,392.000000
-200.000000,200.000000,0.000000,0.000000,-12842.000000,2159.000000,589.000000
-100.000000,100.000000,0.000000,0.000000,-13154.000000,2159.000000,392.000000
-200.000000,100.000000,0.000000,0.000000,-13417.000000,1963.000000,196.000000
-200.000000,0.000000,0.000000,0.000000,-13697.000000,2159.000000,392.000000
0.000000,0.000000,156.000000,156.000000,-14037.000000,2159.000000,392.000000
0.000000,0.000000,0.000000,0.000000,-14327.000000,2159.000000,196.000000
-300.000000,0.000000,0.000000,0.000000,-14585.000000,2356.000000,392.000000
0.000000,0.000000,78.000000,78.000000,-14852.000000,2356.000000,196.000000
-100.000000,0.000000,0.000000,0.000000,-15148.000000,2356.000000,392.000000
-400.000000,-100.000000,0.000000,0.000000,-15398.000000,2356.000000,392.000000
-100.000000,200.000000,0.000000,0.000000,-15617.000000,2159.000000,392.000000
-100.000000,0.000000,0.000000,0.000000,-15851.000000,2356.000000,392.000000
0.000000,0.000000,0.000000,0.000000,-16100.000000,2356.000000,392.000000
0.000000,200.000000,0.000000,0.000000,-16272.000000,2356.000000,392.000000
-100.000000,0.000000,0.000000,0.000000,-16418.000000,2356.000000,392.000000
-100.000000,0.000000,0.000000,0.000000,-16607.000000,2552.000000,589.000000
-200.000000,200.000000,0.000000,0.000000,-16758.000000,2356.000000,392.000000
-200.000000,100.000000,0.000000,0.000000,-16842.000000,2552.000000,589.000000
-200.000000,200.000000,0.000000,0.000000,-16950.000000,2356.000000,589.000000
0.000000,0.000000,0.000000,0.000000,-17056.000000,2552.000000,589.000000
0.000000,100.000000,0.000000,0.000000,-17103.000000,2552.000000,589.000000
-300.000000,100.000000,78.000000,78.000000,-17110.000000,2748.000000,589.000000
100.000000,0.000000,0.000000,0.000000,-17149.000000,2748.000000,785.000000
0.000000,-200.000000,0.000000,0.000000,-17130.000000,2945.000000,785.000000
-100.000000,0.000000,0.000000,0.000000,-17053.000000,2945.000000,785.000000
0.000000,300.000000,0.000000,0.000000,-16966.000000,2945.000000,785.000000
0.000000,0.000000,0.000000,0.000000,-16888.000000,2945.000000,981.000000
-100.000000,0.000000,0.000000,0.000000,-16755.000000,2748.000000,1178.000000
-100.000000,0.000000,156.000000,156.000000,-16603.000000,2945.000000,981.000000
100.000000,200.000000,0.000000,0.000000,-16433.000000,2748.000000,1374.000000
0.000000,0.000000,0.000000,0.000000,-16250.000000,2748.000000,1178.000000
0.000000,0.000000,0.000000,0.000000,-16034.000000,2945.000000,1178.000000
200.000000,0.000000,0.000000,0.000000,-15808.000000,2945.000000,1178.000000
-100.000000,-100.000000,0.000000,0.000000,-15535.000000,2945.000000,1374.000000
0.000000,0.000000,0.000000,0.000000,-15260.000000,2945.000000,1178.000000
-100.000000,100.000000,0.000000,0.000000,-14957.000000,2748.000000,1374.000000
0.000000,-100.000000,0.000000,0.000000,-14668.000000,2945.000000,1374.000000
100.000000,0.000000,0.000000,0.000000,-14358.000000,2552.000000,1374.000000
0.000000,200.000000,0.000000,0.000000,-14019.000000,2552.000000,1374.000000
0.000000,100.000000,0.000000,0.000000,-13708.000000,2748.000000,1374.000000
0.000000,-200.000000,0.000000,0.000000,-13412.000000,2552.000000,1374.000000
-100.000000,0.000000,0.000000,0.000000,-13070.000000,2356.000000,1178.000000
-100.000000,0.000000,0.000000,0.000000,-12745.000000,2552.000000,1374.000000
0.000000,0.000000,0.000000,0.000000,-12476.000000,2356.000000,1178.000000
-200.000000,-200.000000,0.000000,0.000000,-12161.000000,2356.000000,981.000000
-100.000000,0.000000,0.000000,0.000000,-11842.000000,2159.000000,981.000000
0.000000,-100.000000,0.000000,0.000000,-11566.000000,2159.000000,981.000000
100.000000,0.000000,0.000000,0.000000,-11309.000000,1963.000000,981.000000
0.000000,0.000000,78.000000,78.000000,-11044.000000,1963.000000,981.000000
0.000000,500.000000,0.000000,0.000000,-10831.000000,1767.000000,785.000000
0.000000,-100.000000,0.000000,0.000000,-10684.000000,1963.000000,589.000000
0.000000,0.000000,0.000000,0.000000,-10521.000000,1767.000000,785.000000
-100.000000,0.000000,0.000000,0.000000,-10343.000000,1570.000000,589.000000
-300.000000,-100.000000,0.000000,0.000000,-10250.000000,1570.000000,392.000000
0.000000,-100.000000,0.000000,0.000000,-10185.000000,1570.000000,589.000000
0.000000,-100.000000,0.000000,0.000000,-10132.000000,1374.000000,392.000000
-200.000000,0.000000,0.000000,0.000000,-10110.000000,1178.000000,196.000000
0.000000,0.000000,0.000000,0.000000,-10145.000000,1178.000000,196.000000
-100.000000,0.000000,0.000000,0.000000,-10182.000000,981.000000,0.000000
-200.000000,0.000000,0.000000,0.000000,-10220.000000,785.000000,196.000000
-200.000000,0.000000,0.000000,0.000000,-10296.000000,785.000000,0.000000
0.000000,-100.000000,0.000000,0.000000,-10407.000000,589.000000,196.000000
0.000000,-200.000000,0.000000,0.000000,-10543.000000,392.000000,0.000000
-200.000000,200.000000,0.000000,0.000000,-10683.000000,392.000000,0.000000
100.000000,200.000000,0.000000,0.000000,-10863.000000,196.000000,0.000000
-400.000000,0.000000,0.000000,0.000000,-11043.000000,196.000000,0.000000
0.000000,0.000000,0.000000,0.000000,-11240.000000,196.000000,0.000000
-100.000000,-100.000000,0.000000,0.000000,-11453.000000,0.000000,0.000000
0.000000,0.000000,0.000000,0.000000,-11666.000000,0.000000,0.000000
0.000000,0.000000,0.000000,0.000000,-11900.000000,0.000000,-196.000000
0.000000,0.000000,0.000000,0.000000,-12133.000000,0.000000,0.000000
0.000000,-100.000000,0.000000,0.000000,-12383.000000,0.000000,0.000000
100.000000,0.000000,0.000000,0.000000,-12671.000000,0.000000,-196.000000
100.000000,-100.000000,0.000000,0.000000,-12943.000000,0.000000,-196.000000
0.000000,0.000000,0.000000,0.000000,-13233.000000,0.000000,-392.000000
0.000000,100.000000,0.000000,0.000000,-13474.000000,0.000000,-589.000000
0.000000,-100.000000,0.000000,0.000000,-13695.000000,0.000000,-785.000000
100.000000,-100.000000,0.000000,0.000000,-13893.000000,0.000000,-589.000000
100.000000,100.000000,0.000000,0.000000,-14143.000000,0.000000,-392.000000
0.000000,0.000000,0.000000,0.000000,-14370.000000,0.000000,-196.000000
100.000000,0.000000,0.000000,0.000000,-14544.000000,0.000000,-196.000000
0.000000,100.000000,0.000000,0.000000,-14745.000000,0.000000,-196.000000
0.000000,0.000000,0.000000,0.000000,-14932.000000,0.000000,0.000000
200.000000,-200.000000,0.000000,0.000000,-15103.000000,0.000000,0.000000
-100.000000,-100.000000,0.000000,0.000000,-15216.000000,0.000000,0.000000
300.000000,100.000000,0.000000,0.000000,-15338.000000,0.000000,-196.000000
0.000000,0.000000,0.000000,0.000000,-15428.000000,0.000000,0.000000
0.000000,0.000000,0.000000,0.000000,-15470.000000,0.000000,0.000000
-300.000000,0.000000,0.000000,0.000000,-15510.000000,0.000000,0.000000
100.000000,0.000000,0.000000,0.000000,-15545.000000,0.000000,0.000000
-100.000000,100.000000,0.000000,0.000000,-15528.000000,0.000000,0.000000
-100.000000,0.000000,0.000000,0.000000,-15476.000000,0.000000,0.000000
-100.000000,0.000000,0.000000,0.000000,-15437.000000,-196.000000,196.000000
-200.000000,200.000000,0.000000,0.000000,-15361.000000,0.000000,0.000000
-300.000000,-100.000000,0.000000,0.000000,-15244.000000,0.000000,0.000000
0.000000,0.000000,0.000000,0.000000,-15129.000000,-196.000000,0.000000
0.000000,-100.000000,0.000000,0.000000,-14999.000000,0.000000,0.000000
-100.000000,0.000000,0.000000,0.000000,-14831.000000,0.000000,0.000000
100.000000,0.000000,0.000000,0.000000,-14665.000000,0.000000,0.000000
0.000000,-200.000000,0.000000,0.000000,-14505.000000,0.000000,0.000000
-300.000000,0.000000,0.000000,0.000000,-14312.000000,0.000000,0.000000
-300.000000,0.000000,0.000000,0.000000,-14096.000000,0.000000,196.000000
-300.000000,0.000000,0.000000,0.000000,-13866.000000,196.000000,0.000000
0.000000,100.000000,0.000000,0.000000,-13675.000000,0.000000,0.000000
0.000000,-100.000000,0.000000,0.000000,-13472.000000,0.000000,196.000000
-200.000000,-100.000000,0.000000,0.000000,-13247.000000,0.000000,392.000000
0.000000,0.000000,0.000000,0.000000,-13041.000000,0.000000,196.000000
-200.000000,300.000000,0.000000,0.000000,-12825.000000,-196.000000,196.000000
-200.000000,100.000000,0.000000,0.000000,-12616.000000,0.000000,196.000000
-100.000000,0.000000,0.000000,0.000000,-12404.000000,0.000000,0.000000
-100.000000,-200.000000,0.000000,0.000000,-12226.000000,0.000000,196.000000
-200.000000,-400.000000,156.000000,156.000000,-12049.000000,0.000000,0.000000
-200.000000,0.000000,0.000000,0.000000,-11841.000000,0.000000,0.000000
0.000000,100.000000,0.000000,0.000000,-11692.000000,0.000000,0.000000
-200.000000,200.000000,0.000000,0.000000,-11543.000000,0.000000,0.000000
-200.000000,0.000000,0.000000,0.000000,-11386.000000,0.000000,0.000000
-500.000000,0.000000,0.000000,0.000000,-11260.000000,0.000000,0.000000
-200.000000,0.000000,0.000000,0.000000,-11134.000000,0.000000,0.000000
-200.000000,0.000000,0.000000,0.000000,-10990.000000,-392.000000,0.000000
-200.000000,100.000000,0.000000,0.000000,-10858.000000,-392.000000,0.000000
-100.000000,200.000000,0.000000,0.000000,-10762.000000,-785.000000,0.000000
-100.000000,0.000000,0.000000,0.000000,-10680.000000,-785.000000,-196.000000
-200.000000,-300.000000,0.000000,0.000000,-10621.000000,-785.000000,-196.000000
0.000000,100.000000,0.000000,0.000000,-10569.000000,-589.000000,0.000000
0.000000,0.000000,0.000000,0.000000,-10517.000000,-589.000000,-196.000000
0.000000,100.000000,0.000000,0.000000,-10524.000000,-589.000000,-392.000000
0.000000,-100.000000,0.000000,0.000000,-10513.000000,-785.000000,-785.000000
-100.000000,0.000000,0.000000,0.000000,-10497.000000,-785.000000,-785.000000
200.000000,200.000000,0.000000,0.000000,-10492.000000,-785.000000,-981.000000
0.000000,0.000000,0.000000,0.000000,-10546.000000,-981.000000,-785.000000
500.000000,0.000000,0.000000,0.000000,-10605.000000,-981.000000,-589.000000
0.000000,0.000000,0.000000,0.000000,-10637.000000,-785.000000,-589.000000
300.000000,0.000000,0.000000,0.000000,-10682.000000,-785.000000,-589.000000
500.000000,300.000000,0.000000,0.000000,-10750.000000,-981.000000,-589.000000
200.000000,100.000000,0.000000,0.000000,-10830.000000,-981.000000,-785.000000
0.000000,0.000000,0.000000,0.000000,-10923.000000,-1178.000000,-981.000000
400.000000,200.000000,0.000000,0.000000,-10979.000000,-981.000000,-1178.000000
-100.000000,100.000000,0.000000,0.000000,-11044.000000,-981.000000,-981.000000
200.000000,100.000000,0.000000,0.000000,-11157.000000,-981.000000,-785.000000
0.000000,100.000000,0.000000,0.000000,-11262.000000,-1178.000000,-785.000000
-100.000000,100.000000,0.000000,0.000000,-11349.000000,-981.000000,-785.000000
200.000000,0.000000,0.000000,0.000000,-11465.000000,-1178.000000,-785.000000
0.000000,100.000000,0.000000,0.000000,-11600.000000,-981.000000,-981.000000
-100.000000,200.000000,0.000000,0.000000,-11704.000000,-981.000000,-981.000000
-100.000000,0.000000,78.000000,78.000000,-11795.000000,-981.000000,-785.000000
200.000000,0.000000,0.000000,0.000000,-11911.000000,-785.000000,-981.000000
200.000000,100.000000,0.000000,0.000000,-12037.000000,-981.000000,-981.000000
400.000000,-100.000000,0.000000,0.000000,-12128.000000,-981.000000,-785.000000
0.000000,0.000000,0.000000,0.000000,-12239.000000,-981.000000,-589.000000
0.000000,200.000000,0.000000,0.000000,-12346.000000,-981.000000,-785.000000
100.000000,200.000000,0.000000,0.000000,-12473.000000,-981.000000,-589.000000
200.000000,-200.000000,0.000000,0.000000,-12555.000000,-785.000000,-785.000000
300.000000,0.000000,0.000000,0.000000,-12643.000000,-785.000000,-589.000000
0.000000,0.000000,0.000000,0.000000,-12724.000000,-785.000000,-589.000000
0.000000,0.000000,0.000000,0.000000,-12801.000000,-785.000000,-589.000000
300.000000,100.000000,0.000000,0.000000,-12836.000000,-785.000000,-589.000000
100.000000,0.000000,0.000000,0.000000,-12891.000000,-785.000000,-589.000000
0.000000,100.000000,0.000000,0.000000,-12929.000000,-785.000000,-392.000000
0.000000,-100.000000,0.000000,0.000000,-12960.000000,-785.000000,-196.000000
200.000000,0.000000,0.000000,0.000000,-12987.000000,-589.000000,-392.000000
0.000000,300.000000,0.000000,0.000000,-12998.000000,-589.000000,-392.000000
100.000000,-100.000000,0.000000,0.000000,-12996.000000,-589.000000,-392.000000
0.000000,-100.000000,0.000000,0.000000,-12973.000000,-589.000000,-196.000000
200.000000,0.000000,0.000000,0.000000,-12952.000000,-785.000000,-196.000000
100.000000,100.000000,0.000000,0.000000,-12921.000000,-392.000000,-392.000000
300.000000,0.000000,0.000000,0.000000,-12861.000000,-589.000000,-196.000000
200.000000,0.000000,0.000000,0.000000,-12793.000000,-589.000000,-196.000000
0.000000,100.000000,0.000000,0.000000,-12744.000000,-392.000000,-196.000000
100.000000,0.000000,0.000000,0.000000,-12662.000000,-392.000000,0.000000
100.000000,200.000000,0.000000,0.000000,-12576.000000,-589.000000,0.000000
100.000000,100.000000,0.000000,0.000000,-12482.000000,-392.000000,-196.000000
0.000000,100.000000,0.000000,0.000000,-12414.000000,-589.000000,-196.000000
0.000000,0.000000,0.000000,0.000000,-12283.000000,-392.000000,-196.000000
100.000000,0.000000,0.000000,0.000000,-12158.000000,-392.000000,-196.000000
100.000000,0.000000,0.000000,0.000000,-12027.000000,-392.000000,-196.000000
0.000000,0.000000,78.000000,78.000000,-11896.000000,-589.000000,0.000000
0.000000,-200.000000,0.000000,0.000000,-11765.000000,-392.000000,0.000000
0.000000,200.000000,0.000000,0.000000,-11620.000000,-392.000000,0.000000
0.000000,0.000000,0.000000,0.000000,-11456.000000,-392.000000,0.000000
0.000000,0.000000,0.000000,0.000000,-11327.000000,-589.000000,0.000000
-100.000000,100.000000,0.000000,0.000000,-11205.000000,-589.000000,0.000000
100.000000,100.000000,0.000000,0.000000,-11092.000000,-392.000000,0.000000
0.000000,100.000000,0.000000,0.000000,-10958.000000,-589.000000,0.000000
200.000000,0.000000,0.000000,0.000000,-10847.000000,-589.000000,0.000000
100.000000,0.000000,0.000000,0.000000,-10736.000000,-589.000000,0.000000
0.000000,200.000000,0.000000,0.000000,-10616.000000,-392.000000,-196.000000
0.000000,-100.000000,0.000000,0.000000,-10461.000000,-589.000000,-196.000000
-100.000000,200.000000,0.000000,0.000000,-10369.000000,-785.000000,-196.000000
200.000000,100.000000,0.000000,0.000000,-10322.000000,-589.000000,0.000000
100.000000,100.000000,0.000000,0.000000,-10235.000000,-785.000000,-196.000000
-200.000000,0.000000,0.000000,0.000000,-10133.000000,-589.000000,-196.000000
0.000000,-200.000000,0.000000,0.000000,-10080.000000,-589.000000,-392.000000
100.000000,0.000000,0.000000,0.000000,-10019.000000,-785.000000,-392.000000
0.000000,100.000000,0.000000,0.000000,-9963.000000,-589.000000,-392.000000
100.000000,100.000000,0.000000,0.000000,-9937.000000,-785.000000,-196.000000
0.000000,-100.000000,0.000000,0.000000,-9951.000000,-785.000000,-196.000000
0.000000,0.000000,0.000000,0.000000,-9959.000000,-785.000000,-196.000000
100.000000,100.000000,0.000000,0.000000,-9972.000000,-785.000000,-392.000000
100.000000,0.000000,0.000000,0.000000,-9985.000000,-785.000000,-589.000000
300.000000,0.000000,0.000000,0.000000,-10010.000000,-785.000000,-589.000000
-200.000000,200.000000,0.000000,0.000000,-10059.000000,-981.000000,-589.000000
300.000000,-300.000000,0.000000,0.000000,-10101.000000,-785.000000,-392.000000
400.000000,0.000000,0.000000,0.000000,-10180.000000,-785.000000,-392.000000
-100.000000,0.000000,0.000000,0.000000,-10245.000000,-981.000000,-589.000000
-200.000000,0.000000,0.000000,0.000000,-10342.000000,-785.000000,-392.000000
-100.000000,0.000000,0.000000,0.000000,-10444.000000,-785.000000,-785.000000
100.000000,-100.000000,0.000000,0.000000,-10538.000000,-981.000000,-785.000000
100.000000,100.000000,0.000000,0.000000,-10636.000000,-785.000000,-589.000000
0.000000,0.000000,0.000000,0.000000,-10760.000000,-785.000000,-589.000000
0.000000,200.000000,0.000000,0.000000,-10853.000000,-981.000000,-589.000000
100.000000,300.000000,0.000000,0.000000,-10976.000000,-785.000000,-589.000000
100.000000,100.000000,0.000000,0.000000,-11107.000000,-785.000000,-589.000000
200.000000,0.000000,0.000000,0.000000,-11248.000000,-785.000000,-589.000000
100.000000,100.000000,0.000000,0.000000,-11372.000000,-785.000000,-785.000000
0.000000,0.000000,0.000000,0.000000,-11510.000000,-785.000000,-785.000000
100.000000,-100.000000,0.000000,0.000000,-11618.000000,-785.000000,-785.000000
200.000000,0.000000,0.000000,0.000000,-11733.000000,-785.000000,-589.000000
100.000000,100.000000,0.000000,0.000000,-11827.000000,-785.000000,-785.000000
0.000000,0.000000,0.000000,0.000000,-11956.000000,-589.000000,-589.000000
100.000000,0.000000,0.000000,0.000000,-12059.000000,-589.000000,-785.000000
-100.000000,-100.000000,0.000000,0.000000,-12140.000000,-785.000000,-785.000000
0.000000,0.000000,0.000000,0.000000,-12250.000000,-589.000000,-589.000000
200.000000,0.000000,0.000000,0.000000,-12342.000000,-392.000000,-785.000000
100.000000,200.000000,0.000000,0.000000,-12398.000000,-589.000000,-589.000000
-300.000000,200.000000,0.000000,0.000000,-12457.000000,-589.000000,-785.000000
0.000000,-100.000000,0.000000,0.000000,-12523.000000,-392.000000,-392.000000
-500.000000,0.000000,0.000000,0.000000,-12583.000000,-392.000000,-589.000000
0.000000,-100.000000,0.000000,0.000000,-12614.000000,-392.000000,-589.000000
0.000000,0.000000,0.000000,0.000000,-12653.000000,-392.000000,-589.000000
-100.000000,0.000000,0.000000,0.000000,-12693.000000,-392.000000,-589.000000
100.000000,0.000000,0.000000,0.000000,-12718.000000,-196.000000,-589.000000
200.000000,0.000000,0.000000,0.000000,-12691.000000,-196.000000,-589.000000
200.000000,0.000000,0.000000,0.000000,-12676.000000,0.000000,-392.000000
0.000000,-100.000000,0.000000,0.000000,-12642.000000,-196.000000,-392.000000
100.000000,200.000000,0.000000,0.000000,-12584.000000,-196.000000,-392.000000
0.000000,200.000000,0.000000,0.000000,-12536.000000,0.000000,-392.000000
-100.000000,0.000000,0.000000,0.000000,-12467.000000,-196.000000,-589.000000
0.000000,-100.000000,0.000000,0.000000,-12404.000000,0.000000,-196.000000
0.000000,-100.000000,0.000000,0.000000,-12350.000000,0.000000,-392.000000
200.000000,0.000000,0.000000,0.000000,-12239.000000,0.000000,-392.000000
100.000000,0.000000,0.000000,0.000000,-12146.000000,0.000000,-392.000000
300.000000,200.000000,0.000000,0.000000,-12061.000000,0.000000,-392.000000
-300.000000,-100.000000,0.000000,0.000000,-11983.000000,0.000000,-196.000000
100.000000,0.000000,0.000000,0.000000,-11857.000000,0.000000,-196.000000
0.000000,-100.000000,0.000000,0.000000,-11768.000000,0.000000,-196.000000
100.000000,100.000000,0.000000,0.000000,-11687.000000,0.000000,-392.000000
-200.000000,200.000000,0.000000,0.000000,-11588.000000,0.000000,-392.000000
-200.000000,100.000000,0.000000,0.000000,-11469.000000,0.000000,-589.000000
-100.000000,0.000000,0.000000,0.000000,-11365.000000,0.000000,-196.000000
0.000000,100.000000,0.000000,0.000000,-11277.000000,0.000000,-392.000000
300.000000,0.000000,0.000000,0.000000,-11178.000000,0.000000,-196.000000
300.000000,-100.000000,0.000000,0.000000,-11047.000000,0.000000,-196.000000
-200.000000,0.000000,0.000000,0.000000,-10967.000000,0.000000,-392.000000
100.000000,0.000000,0.000000,0.000000,-10887.000000,0.000000,-589.000000
0.000000,-100.000000,0.000000,0.000000,-10806.000000,0.000000,-392.000000
-100.000000,-100.000000,0.000000,0.000000,-10707.000000,0.000000,-392.000000
-200.000000,0.000000,0.000000,0.000000,-10647.000000,0.000000,-392.000000
-100.000000,0.000000,0.000000,0.000000,-10635.000000,0.000000,-392.000000
300.000000,-100.000000,0.000000,0.000000,-10606.000000,0.000000,-392.000000
0.000000,100.000000,0.000000,0.000000,-10565.000000,0.000000,-392.000000
300.000000,-100.000000,0.000000,0.000000,-10549.000000,0.000000,-589.000000
200.000000,200.000000,0.000000,0.000000,-10529.000000,-196.000000,-589.000000
300.000000,100.000000,0.000000,0.000000,-10480.000000,-196.000000,-589.000000
-100.000000,0.000000,0.000000,0.000000,-10467.000000,-196.000000,-392.000000
100.000000,0.000000,0.000000,0.000000,-10492.000000,-392.000000,-589.000000
0.000000,100.000000,0.000000,0.000000,-10523.000000,-196.000000,-589.000000
100.000000,0.000000,0.000000,0.000000,-10530.000000,-196.000000,-589.000000
0.000000,100.000000,0.000000,0.000000,-10552.000000,-196.000000,-589.000000
0.000000,-300.000000,0.000000,0.000000,-10591.000000,-196.000000,-392.000000
0.000000,0.000000,0.000000,0.000000,-10621.000000,-196.000000,-785.000000
200.000000,0.000000,0.000000,0.000000,-10669.000000,-392.000000,-589.000000
-100.000000,200.000000,0.000000,0.000000,-10740.000000,-589.000000,-589.000000
0.000000,0.000000,0.000000,0.000000,-10836.000000,-196.000000,-785.000000
-200.000000,100.000000,0.000000,0.000000,-10887.000000,-196.000000,-589.000000
100.000000,200.000000,0.000000,0.000000,-10952.000000,-196.000000,-392.000000
200.000000,0.000000,0.000000,0.000000,-11054.000000,-196.000000,-589.000000
100.000000,-100.000000,0.000000,0.000000,-11137.000000,-196.000000,-785.000000
-100.000000,0.000000,0.000000,0.000000,-11189.000000,-392.000000,-589.000000
0.000000,0.000000,0.000000,0.000000,-11309.000000,-589.000000,-589.000000
100.000000,-200.000000,0.000000,0.000000,-11455.000000,-392.000000,-589.000000
-200.000000,100.000000,0.000000,0.000000,-11554.000000,-196.000000,-589.000000
300.000000,0.000000,0.000000,0.000000,-11629.000000,-196.000000,-392.000000
200.000000,0.000000,0.000000,0.000000,-11742.000000,0.000000,-589.000000
-200.000000,-300.000000,0.000000,0.000000,-11841.000000,-196.000000,-589.000000
200.000000,100.000000,0.000000,0.000000,-11890.000000,-392.000000,-392.000000
300.000000,100.000000,0.000000,0.000000,-11981.000000,-392.000000,-589.000000
100.000000,0.000000,0.000000,0.000000,-12082.000000,-196.000000,-392.000000
100.000000,100.000000,0.000000,0.000000,-12167.000000,-392.000000,-392.000000
-100.000000,0.000000,0.000000,0.000000,-12229.000000,0.000000,-392.000000
100.000000,0.000000,0.000000,0.000000,-12301.000000,0.000000,-196.000000
0.000000,200.000000,0.000000,0.000000,-12351.000000,0.000000,-196.000000
200.000000,-100.000000,0.000000,0.000000,-12405.000000,-196.000000,-196.000000
-300.000000,100.000000,0.000000,0.000000,-12437.000000,0.000000,-196.000000
-300.000000,0.000000,0.000000,0.000000,-12456.000000,-196.000000,-392.000000
0.000000,0.000000,0.000000,0.000000,-12462.000000,-196.000000,-392.000000
-200.000000,400.000000,0.000000,0.000000,-12522.000000,0.000000,0.000000
-300.000000,100.000000,0.000000,0.000000,-12549.000000,0.000000,-196.000000
-200.000000,-100.000000,0.000000,0.000000,-12518.000000,0.000000,0.000000
-100.000000,-100.000000,0.000000,0.000000,-12519.000000,0.000000,0.000000
0.000000,0.000000,0.000000,0.000000,-12543.000000,0.000000,0.000000
-100.000000,200.000000,0.000000,0.000000,-12509.000000,0.000000,0.000000
0.000000,-100.000000,0.000000,0.000000,-12464.000000,0.000000,0.000000
-200.000000,-200.000000,0.000000,0.000000,-12490.000000,0.000000,0.000000
100.000000,0.000000,0.000000,0.000000,-12498.000000,0.000000,0.000000
-100.000000,200.000000,156.000000,156.000000,-12447.000000,0.000000,196.000000
0.000000,-300.000000,0.000000,0.000000,-12423.000000,0.000000,0.000000
-100.000000,0.000000,0.000000,0.000000,-12411.000000,0.000000,0.000000
0.000000,0.000000,0.000000,0.000000,-12369.000000,0.000000,196.000000
0.000000,0.000000,0.000000,0.000000,-12316.000000,0.000000,0.000000
0.000000,100.000000,0.000000,0.000000,-12273.000000,0.000000,0.000000
-200.000000,100.000000,78.000000,78.000000,-12241.000000,0.000000,0.000000
-100.000000,0.000000,0.000000,0.000000,-12200.000000,0.000000,0.000000
0.000000,-100.000000,0.000000,0.000000,-12147.000000,0.000000,0.000000
0.000000,0.000000,0.000000,0.000000,-12109.000000,0.000000,0.000000
-100.000000,0.000000,0.000000,0.000000,-12090.000000,0.000000,0.000000
0.000000,0.000000,0.000000,0.000000,-12045.000000,0.000000,0.000000
-300.000000,-100.000000,0.000000,0.000000,-12008.000000,0.000000,0.000000
-100.000000,0.000000,0.000000,0.000000,-11977.000000,0.000000,0.000000
0.000000,-100.000000,0.000000,0.000000,-11959.000000,0.000000,0.000000
0.000000,100.000000,0.000000,0.000000,-11926.000000,0.000000,0.000000
0.000000,0.000000,0.000000,0.000000,-11908.000000,0.000000,0.000000
0.000000,0.000000,156.000000,156.000000,-11905.000000,0.000000,0.000000
-300.000000,100.000000,0.000000,0.000000,-11907.000000,0.000000,0.000000
-100.000000,0.000000,0.000000,0.000000,-11897.000000,0.000000,0.000000
-300.000000,100.000000,0.000000,0.000000,-11886.000000,0.000000,0.000000
-100.000000,-200.000000,0.000000,0.000000,-11905.000000,0.000000,0.000000
100.000000,0.000000,0.000000,0.000000,-11912.000000,0.000000,0.000000
-300.000000,-100.000000,0.000000,0.000000,-11921.000000,0.000000,0.000000
-200.000000,100.000000,0.000000,0.000000,-11933.000000,0.000000,0.000000
100.000000,200.000000,0.000000,0.000000,-11973.000000,0.000000,0.000000
0.000000,0.000000,0.000000,0.000000,-11997.000000,0.000000,0.000000
-100.000000,-100.000000,0.000000,0.000000,-11995.000000,0.000000,0.000000
0.000000,0.000000,0.000000,0.000000,-12014.000000,0.000000,0.000000
0.000000,100.000000,0.000000,0.000000,-12038.000000,0.000000,0.000000
-700.000000,100.000000,0.000000,0.000000,-12068.000000,-196.000000,0.000000
0.000000,100.000000,0.000000,0.000000,-12086.000000,0.000000,-196.000000
-100.000000,100.000000,0.000000,0.000000,-12098.000000,0.000000,0.000000
0.000000,200.000000,0.000000,0.000000,-12124.000000,0.000000,0.000000
-200.000000,-100.000000,0.000000,0.000000,-12139.000000,0.000000,0.000000
-400.000000,0.000000,0.000000,0.000000,-12164.000000,0.000000,0.000000
0.000000,-200.000000,0.000000,0.000000,-12168.000000,0.000000,0.000000
-100.000000,0.000000,0.000000,0.000000,-12210.000000,0.000000,0.000000
-200.000000,0.000000,0.000000,0.000000,-12216.000000,0.000000,0.000000
-300.000000,-100.000000,0.000000,0.000000,-12228.000000,0.000000,-196.000000
-100.000000,100.000000,0.000000,0.000000,-12228.000000,0.000000,0.000000
-100.000000,0.000000,0.000000,0.000000,-12247.000000,196.000000,0.000000
0.000000,-300.000000,0.000000,0.000000,-12238.000000,0.000000,0.000000
0.000000,0.000000,0.000000,0.000000,-12253.000000,0.000000,0.000000
0.000000,0.000000,0.000000,0.000000,-12251.000000,0.000000,196.000000
0.000000,400.000000,0.000000,0.000000,-12259.000000,0.000000,0.000000
0.000000,0.000000,0.000000,0.000000,-12256.000000,0.000000,0.000000
-100.000000,200.000000,0.000000,0.000000,-12238.000000,0.000000,0.000000
-100.000000,400.000000,0.000000,0.000000,-12246.000000,0.000000,0.000000
0.000000,0.000000,0.000000,0.000000,-12230.000000,0.000000,0.000000
-100.000000,-100.000000,0.000000,0.000000,-12238.000000,0.000000,0.000000
0.000000,100.000000,0.000000,0.000000,-12242.000000,0.000000,0.000000
200.000000,0.000000,78.000000,78.000000,-12245.000000,0.000000,196.000000
-300.000000,200.000000,0.000000,0.000000,-12253.000000,0.000000,0.000000
0.000000,-300.000000,0.000000,0.000000,-12245.000000,0.000000,0.000000
-200.000000,-100.000000,0.000000,0.000000,-12243.000000,0.000000,0.000000
-200.000000,-100.000000,0.000000,0.000000,-12261.000000,0.000000,0.000000
0.000000,-200.000000,0.000000,0.000000,-12237.000000,0.000000,0.000000
0.000000,0.000000,0.000000,0.000000,-12220.000000,0.000000,0.000000
-200.000000,-200.000000,0.000000,0.000000,-12229.000000,0.000000,0.000000
-200.000000,-100.000000,0.000000,0.000000,-12223.000000,0.000000,0.000000
-100.000000,-100.000000,0.000000,0.000000,-12199.000000,0.000000,0.000000
0.000000,-100.000000,0.000000,0.000000,-12202.000000,0.000000,0.000000
-100.000000,0.000000,0.000000,0.000000,-12223.000000,0.000000,0.000000
-200.000000,-200.000000,0.000000,0.000000,-12217.000000,0.000000,0.000000
-200.000000,-100.000000,0.000000,0.000000,-12211.000000,0.000000,0.000000
-100.000000,-300.000000,0.000000,0.000000,-12207.000000,0.000000,0.000000
0.000000,-100.000000,0.000000,0.000000,-12231.000000,0.000000,0.000000
-300.000000,100.000000,0.000000,0.000000,-12242.000000,0.000000,0.000000
0.000000,-200.000000,0.000000,0.000000,-12248.000000,0.000000,0.000000
-100.000000,-200.000000,0.000000,0.000000,-12257.000000,0.000000,0.000000
0.000000,-100.000000,0.000000,0.000000,-12283.000000,0.000000,0.000000
-200.000000,0.000000,0.000000,0.000000,-12291.000000,0.000000,0.000000
0.000000,0.000000,0.000000,0.000000,-12293.000000,0.000000,0.000000
-100.000000,-200.000000,0.000000,0.000000,-12305.000000,0.000000,0.000000
0.000000,-100.000000,0.000000,0.000000,-12319.000000,0.000000,0.000000
-100.000000,0.000000,0.000000,0.000000,-12334.000000,0.000000,0.000000
-200.000000,0.000000,0.000000,0.000000,-12324.000000,0.000000,0.000000
200.000000,-200.000000,0.000000,0.000000,-12319.000000,0.000000,0.000000
-300.000000,-200.000000,0.000000,0.000000,-12343.000000,0.000000,0.000000
200.000000,-300.000000,0.000000,0.000000,-12346.000000,0.000000,0.000000
0.000000,-200.000000,0.000000,0.000000,-12324.000000,0.000000,0.000000
-100.000000,0.000000,0.000000,0.000000,-12341.000000,0.000000,0.000000
-100.000000,-200.000000,0.000000,0.000000,-12350.000000,0.000000,0.000000
0.000000,0.000000,0.000000,0.000000,-12356.000000,0.000000,0.000000
-100.000000,-100.000000,0.000000,0.000000,-12344.000000,0.000000,0.000000
0.000000,-100.000000,0.000000,0.000000,-12350.000000,0.000000,0.000000
-100.000000,-100.000000,0.000000,0.000000,-12369.000000,0.000000,-196.000000
-200.000000,-200.000000,0.000000,0.000000,-12370.000000,0.000000,0.000000
0.000000,-100.000000,0.000000,0.000000,-12383.000000,0.000000,0.000000
-200.000000,200.000000,0.000000,0.000000,-12376.000000,0.000000,0.000000
0.000000,0.000000,0.000000,0.000000,-12364.000000,0.000000,0.000000
0.000000,-100.000000,156.000000,156.000000,-12358.000000,0.000000,0.000000
-100.000000,100.000000,0.000000,0.000000,-12336.000000,0.000000,0.000000
0.000000,0.000000,0.000000,0.000000,-12334.000000,0.000000,0.000000
0.000000,100.000000,0.000000,0.000000,-12351.000000,0.000000,0.000000
0.000000,-100.000000,0.000000,0.000000,-12327.000000,0.000000,0.000000
0.000000,-100.000000,0.000000,0.000000,-12314.000000,0.000000,0.000000
-200.000000,100.000000,0.000000,0.000000,-12314.000000,0.000000,0.000000
0.000000,-100.000000,0.000000,0.000000,-12317.000000,0.000000,0.000000
-200.000000,-100.000000,0.000000,0.000000,-12295.000000,0.000000,0.000000
-200.000000,-100.000000,0.000000,0.000000,-12299.000000,0.000000,0.000000
-200.000000,100.000000,0.000000,0.000000,-12273.000000,0.000000,0.000000
0.000000,200.000000,0.000000,0.000000,-12287.000000,0.000000,0.000000
100.000000,-100.000000,0.000000,0.000000,-12265.000000,0.000000,0.000000
0.000000,-100.000000,0.000000,0.000000,-12264.000000,0.000000,0.000000
0.000000,0.000000,0.000000,0.000000,-12233.000000,0.000000,0.000000
0.000000,300.000000,0.000000,0.000000,-12224.000000,0.000000,0.000000
0.000000,-100.000000,0.000000,0.000000,-12218.000000,0.000000,0.000000
-100.000000,-100.000000,0.000000,0.000000,-12243.000000,0.000000,0.000000
-100.000000,0.000000,0.000000,0.000000,-12239.000000,0.000000,196.000000
0.000000,0.000000,0.000000,0.000000,-12211.000000,0.000000,0.000000
-200.000000,0.000000,0.000000,0.000000,-12189.000000,0.000000,0.000000
-300.000000,0.000000,0.000000,0.000000,-12190.000000,0.000000,0.000000
-200.000000,200.000000,0.000000,0.000000,-12183.000000,0.000000,0.000000
-100.000000,200.000000,0.000000,0.000000,-12194.000000,0.000000,0.000000
0.000000,0.000000,0.000000,0.000000,-12185.000000,0.000000,0.000000
-100.000000,0.000000,0.000000,0.000000,-12192.000000,0.000000,0.000000
-100.000000,0.000000,0.000000,0.000000,-12210.000000,0.000000,0.000000
0.000000,-100.000000,0.000000,0.000000,-12203.000000,0.000000,0.000000
100.000000,200.000000,0.000000,0.000000,-12195.000000,0.000000,0.000000
-100.000000,200.000000,0.000000,0.000000,-12191.000000,0.000000,0.000000
-100.000000,100.000000,0.000000,0.000000,-12202.000000,0.000000,0.000000
-100.000000,100.000000,0.000000,0.000000,-12179.000000,0.000000,0.000000
0.000000,0.000000,0.000000,0.000000,-12186.000000,0.000000,0.000000
-100.000000,0.000000,0.000000,0.000000,-12173.000000,0.000000,0.000000
0.000000,0.000000,0.000000,0.000000,-12190.000000,0.000000,0.000000
0.000000,0.000000,0.000000,0.000000,-12192.000000,0.000000,0.000000
0.000000,-100.000000,0.000000,0.000000,-12199.000000,0.000000,0.000000
-100.000000,0.000000,78.000000,78.000000,-12196.000000,0.000000,0.000000
-100.000000,-100.000000,0.000000,0.000000,-12191.000000,0.000000,0.000000
-100.000000,-100.000000,0.000000,0.000000,-12185.000000,0.000000,0.000000
0.000000,-200.000000,0.000000,0.000000,-12218.000000,0.000000,0.000000
100.000000,0.000000,0.000000,0.000000,-12215.000000,0.000000,0.000000
-100.000000,0.000000,0.000000,0.000000,-12232.000000,0.000000,0.000000
-200.000000,0.000000,0.000000,0.000000,-12249.000000,0.000000,0.000000
0.000000,0.000000,0.000000,0.000000,-12253.000000,0.000000,0.000000
-100.000000,0.000000,0.000000,0.000000,-12235.000000,0.000000,0.000000
-200.000000,0.000000,0.000000,0.000000,-12260.000000,0.000000,0.000000
0.000000,200.000000,0.000000,0.000000,-12280.000000,0.000000,0.000000
-100.000000,-300.000000,0.000000,0.000000,-12257.000000,0.000000,0.000000
-200.000000,0.000000,0.000000,0.000000,-12270.000000,0.000000,0.000000
-300.000000,0.000000,0.000000,0.000000,-12278.000000,0.000000,0.000000
-100.000000,-300.000000,0.000000,0.000000,-12283.000000,0.000000,0.000000
0.000000,200.000000,0.000000,0.000000,-12269.000000,0.000000,0.000000
0.000000,0.000000,0.000000,0.000000,-12249.000000,0.000000,0.000000
0.000000,0.000000,0.000000,0.000000,-12258.000000,0.000000,0.000000
-200.000000,-200.000000,0.000000,0.000000,-12270.000000,0.000000,0.000000
-200.000000,-200.000000,0.000000,0.000000,-12265.000000,0.000000,0.000000
0.000000,0.000000,0.000000,0.000000,-12260.000000,0.000000,0.000000
-100.000000,-300.000000,0.000000,0.000000,-12249.000000,0.000000,0.000000
0.000000,-200.000000,0.000000,0.000000,-12234.000000,0.000000,0.000000
200.000000,0.000000,0.000000,0.000000,-12228.000000,0.000000,0.000000
0.000000,-100.000000,0.000000,0.000000,-12215.000000,0.000000,0.000000
-100.000000,-200.000000,0.000000,0.000000,-12220.000000,0.000000,0.000000
0.000000,-200.000000,0.000000,0.000000,-12226.000000,0.000000,0.000000
0.000000,-400.000000,0.000000,0.000000,-12237.000000,0.000000,0.000000
-100.000000,0.000000,0.000000,0.000000,-12248.000000,0.000000,0.000000
100.000000,100.000000,0.000000,0.000000,-12237.000000,0.000000,0.000000
0.000000,-200.000000,0.000000,0.000000,-12243.000000,0.000000,0.000000
100.000000,100.000000,0.000000,0.000000,-12229.000000,0.000000,0.000000
-200.000000,0.000000,0.000000,0.000000,-12233.000000,0.000000,0.000000
0.000000,0.000000,0.000000,0.000000,-12258.000000,0.000000,0.000000
100.000000,-300.000000,0.000000,0.000000,-12282.000000,0.000000,0.000000
0.000000,0.000000,0.000000,0.000000,-12261.000000,0.000000,0.000000
-300.000000,0.000000,0.000000,0.000000,-12237.000000,0.000000,0.000000
-100.000000,0.000000,0.000000,0.000000,-12230.000000,0.000000,0.000000
0.000000,0.000000,0.000000,0.000000,-12230.000000,0.000000,0.000000
-300.000000,0.000000,0.000000,0.000000,-12221.000000,0.000000,-196.000000
-200.000000,0.000000,0.000000,0.000000,-12228.000000,0.000000,0.000000
0.000000,-200.000000,0.000000,0.000000,-12242.000000,0.000000,0.000000
-100.000000,100.000000,0.000000,0.000000,-12250.000000,0.000000,0.000000
-200.000000,100.000000,0.000000,0.000000,-12274.000000,0.000000,0.000000
100.000000,200.000000,0.000000,0.000000,-12276.000000,0.000000,0.000000
-200.000000,-100.000000,0.000000,0.000000,-12272.000000,0.000000,0.000000
-200.000000,-200.000000,0.000000,0.000000,-12274.000000,0.000000,0.000000
0.000000,-300.000000,0.000000,0.000000,-12274.000000,0.000000,0.000000
-300.000000,0.000000,0.000000,0.000000,-12277.000000,0.000000,0.000000
0.000000,-200.000000,0.000000,0.000000,-12274.000000,0.000000,0.000000
0.000000,0.000000,0.000000,0.000000,-12264.000000,0.000000,0.000000
-200.000000,-300.000000,0.000000,0.000000,-12279.000000,0.000000,0.000000
-100.000000,-200.000000,0.000000,0.000000,-12280.000000,0.000000,0.000000
-100.000000,-200.000000,0.000000,0.000000,-12268.000000,0.000000,0.000000
0.000000,-300.000000,0.000000,0.000000,-12281.000000,0.000000,0.000000
-200.000000,100.000000,0.000000,0.000000,-12292.000000,0.000000,0.000000
-100.000000,-200.000000,0.000000,0.000000,-12313.000000,0.000000,0.000000
-200.000000,-200.000000,0.000000,0.000000,-12321.000000,0.000000,0.000000
-100.000000,0.000000,0.000000,0.000000,-12307.000000,0.000000,0.000000
-100.000000,0.000000,0.000000,0.000000,-12311.000000,0.000000,0.000000
0.000000,-200.000000,0.000000,0.000000,-12300.000000,0.000000,0.000000
-100.000000,-200.000000,0.000000,0.000000,-12295.000000,0.000000,0.000000
-200.000000,0.000000,0.000000,0.000000,-12275.000000,0.000000,0.000000
0.000000,0.000000,0.000000,0.000000,-12293.000000,0.000000,0.000000
-300.000000,0.000000,0.000000,0.000000,-12307.000000,0.000000,0.000000
0.000000,0.000000,0.000000,0.000000,-12336.000000,0.000000,0.000000
0.000000,-100.000000,0.000000,0.000000,-12336.000000,0.000000,0.000000
-200.000000,0.000000,0.000000,0.000000,-12355.000000,0.000000,0.000000
0.000000,-100.000000,0.000000,0.000000,-12350.000000,0.000000,0.000000
0.000000,-400.000000,0.000000,0.000000,-12351.000000,0.000000,0.000000
0.000000,-100.000000,0.000000,0.000000,-12353.000000,0.000000,0.000000
-100.000000,0.000000,0.000000,0.000000,-12335.000000,0.000000,0.000000
-200.000000,0.000000,0.000000,0.000000,-12337.000000,0.000000,0.000000
-300.000000,0.000000,0.000000,0.000000,-12351.000000,0.000000,0.000000
100.000000,0.000000,156.000000,156.000000,-12342.000000,0.000000,0.000000
100.000000,100.000000,0.000000,0.000000,-12347.000000,0.000000,0.000000
-100.000000,100.000000,0.000000,0.000000,-12366.000000,0.000000,0.000000
0.000000,400.000000,0.000000,0.000000,-12374.000000,0.000000,0.000000
-100.000000,100.000000,0.000000,0.000000,-12382.000000,0.000000,0.000000
-100.000000,100.000000,0.000000,0.000000,-12381.000000,0.000000,0.000000
0.000000,0.000000,0.000000,0.000000,-12379.000000,0.000000,0.000000
-200.000000,-100.000000,0.000000,0.000000,-12397.000000,0.000000,0.000000
200.000000,0.000000,0.000000,0.000000,-12393.000000,0.000000,0.000000
0.000000,200.000000,0.000000,0.000000,-12401.000000,0.000000,0.000000
-100.000000,300.000000,0.000000,0.000000,-12404.000000,0.000000,0.000000
-200.000000,-100.000000,0.000000,0.000000,-12392.000000,0.000000,0.000000
0.000000,0.000000,0.000000,0.000000,-12388.000000,0.000000,0.000000
-200.000000,0.000000,0.000000,0.000000,-12400.000000,0.000000,0.000000
-100.000000,100.000000,0.000000,0.000000,-12396.000000,0.000000,0.000000
0.000000,0.000000,0.000000,0.000000,-12383.000000,0.000000,0.000000
100.000000,0.000000,0.000000,0.000000,-12398.000000,0.000000,0.000000
100.000000,100.000000,0.000000,0.000000,-12393.000000,0.000000,0.000000
0.000000,0.000000,0.000000,0.000000,-12379.000000,0.000000,0.000000
0.000000,200.000000,0.000000,0.000000,-12376.000000,0.000000,0.000000
0.000000,300.000000,0.000000,0.000000,-12379.000000,0.000000,0.000000
0.000000,0.000000,78.000000,78.000000,-12368.000000,0.000000,0.000000
-300.000000,0.000000,0.000000,0.000000,-12368.000000,0.000000,0.000000
-100.000000,100.000000,0.000000,0.000000,-12373.000000,0.000000,0.000000
-100.000000,0.000000,0.000000,0.000000,-12382.000000,0.000000,0.000000
100.000000,0.000000,0.000000,0.000000,-12399.000000,0.000000,0.000000
0.000000,-100.000000,0.000000,0.000000,-12404.000000,0.000000,0.000000
-300.000000,-200.000000,0.000000,0.000000,-12402.000000,0.000000,0.000000
-100.000000,100.000000,0.000000,0.000000,-12403.000000,0.000000,0.000000
-200.000000,0.000000,0.000000,0.000000,-12405.000000,0.000000,0.000000
-200.000000,100.000000,0.000000,0.000000,-12385.000000,0.000000,0.000000
