Channel 1,Channel 2,Channel 3,Channel 4,Channel 5,Channel 6,Channel 7
0.000000,-300.000000,0.000000,0.000000,-5090.000000,0.000000,0.000000
100.000000,0.000000,0.000000,0.000000,-5087.000000,0.000000,0.000000
100.000000,-100.000000,0.000000,0.000000,-5092.000000,0.000000,0.000000
100.000000,-100.000000,0.000000,0.000000,-5107.000000,0.000000,0.000000
200.000000,100.000000,0.000000,0.000000,-5111.000000,0.000000,0.000000
100.000000,-100.000000,0.000000,0.000000,-5117.000000,0.000000,0.000000
300.000000,0.000000,0.000000,0.000000,-5122.000000,0.000000,0.000000
-100.000000,0.000000,0.000000,0.000000,-5123.000000,0.000000,0.000000
100.000000,-200.000000,0.000000,0.000000,-5128.000000,0.000000,0.000000
100.000000,0.000000,0.000000,0.000000,-5124.000000,0.000000,0.000000
0.000000,0.000000,0.000000,0.000000,-5112.000000,0.000000,0.000000
0.000000,-200.000000,0.000000,0.000000,-5110.000000,0.000000,0.000000
200.000000,-100.000000,0.000000,0.000000,-5110.000000,0.000000,0.000000
-200.000000,0.000000,0.000000,0.000000,-5116.000000,0.000000,0.000000
200.000000,-100.000000,0.000000,0.000000,-5117.000000,0.000000,0.000000
0.000000,0.000000,0.000000,0.000000,-5108.000000,0.000000,0.000000
0.000000,-100.000000,0.000000,0.000000,-5107.000000,0.000000,0.000000
100.000000,-200.000000,0.000000,0.000000,-5105.000000,0.000000,0.000000
100.000000,0.000000,0.000000,0.000000,-5101.000000,0.000000,0.000000
100.000000,-100.000000,0.000000,0.000000,-5113.000000,0.000000,0.000000
0.000000,0.000000,0.000000,0.000000,-5123.000000,0.000000,0.000000
0.000000,-200.000000,0.000000,0.000000,-5118.000000,0.000000,0.000000
100.000000,-300.000000,0.000000,0.000000,-5116.000000,0.000000,0.000000
0.000000,0.000000,0.000000,0.000000,-5098.000000,0.000000,0.000000
0.000000,-200.000000,0.000000,0.000000,-5109.000000,0.000000,0.000000
0.000000,0.000000,0.000000,0.000000,-5112.000000,0.000000,0.000000
0.000000,0.000000,0.000000,0.000000,-5118.000000,0.000000,0.000000
-100.000000,0.000000,0.000000,0.000000,-5115.000000,0.000000,0.000000
200.000000,0.000000,0.000000,0.000000,-5116.000000,0.000000,0.000000
0.000000,-200.000000,0.000000,0.000000,-5119.000000,0.000000,0.000000
0.000000,-200.000000,0.000000,0.000000,-5128.000000,0.000000,0.000000
0.000000,0.000000,0.000000,0.000000,-5124.000000,0.000000,0.000000
0.000000,0.000000,0.000000,0.000000,-5119.000000,0.000000,0.000000
100.000000,0.000000,0.000000,0.000000,-5115.000000,0.000000,0.000000
0.000000,-200.000000,0.000000,0.000000,-5117.000000,0.000000,0.000000
0.000000,0.000000,0.000000,0.000000,-5108.000000,0.000000,0.000000
0.000000,0.000000,0.000000,0.000000,-5094.000000,0.000000,0.000000
-100.000000,0.000000,0.000000,0.000000,-5089.000000,0.000000,0.000000
0.000000,-100.000000,0.000000,0.000000,-5078.000000,0.000000,0.000000
100.000000,0.000000,0.000000,0.000000,-5089.000000,0.000000,0.000000
0.000000,0.000000,0.000000,0.000000,-5077.000000,0.000000,0.000000
0.000000,0.000000,0.000000,0.000000,-5077.000000,0.000000,0.000000
0.000000,-100.000000,0.000000,0.000000,-5079.000000,0.000000,0.000000
0.000000,-100.000000,0.000000,0.000000,-5078.000000,0.000000,0.000000
-200.000000,-200.000000,0.000000,0.000000,-5095.000000,0.000000,0.000000
-100.000000,-300.000000,0.000000,0.000000,-5102.000000,0.000000,0.000000
0.000000,0.000000,0.000000,0.000000,-5096.000000,0.000000,0.000000
0.000000,-100.000000,0.000000,0.000000,-5098.000000,0.000000,0.000000
0.000000,-100.000000,0.000000,0.000000,-5095.000000,0.000000,0.000000
-400.000000,0.000000,0.000000,0.000000,-5094.000000,0.000000,0.000000
0.000000,-100.000000,0.000000,0.000000,-5098.000000,0.000000,0.000000
0.000000,0.000000,0.000000,0.000000,-5098.000000,0.000000,0.000000
100.000000,-200.000000,0.000000,0.000000,-5097.000000,0.000000,0.000000
0.000000,0.000000,0.000000,0.000000,-5091.000000,0.000000,0.000000
-100.000000,-100.000000,0.000000,0.000000,-5091.000000,0.000000,0.000000
0.000000,0.000000,0.000000,0.000000,-5088.000000,0.000000,0.000000
300.000000,0.000000,0.000000,0.000000,-5074.000000,0.000000,0.000000
0.000000,0.000000,0.000000,0.000000,-5057.000000,0.000000,0.000000
0.000000,-200.000000,0.000000,0.000000,-5068.000000,0.000000,0.000000
200.000000,0.000000,0.000000,0.000000,-5055.000000,0.000000,0.000000
100.000000,-300.000000,0.000000,0.000000,-5073.000000,0.000000,0.000000
-100.000000,-200.000000,0.000000,0.000000,-5076.000000,0.000000,0.000000
0.000000,0.000000,0.000000,0.000000,-5077.000000,0.000000,0.000000
0.000000,-100.000000,0.000000,0.000000,-5077.000000,0.000000,0.000000
0.000000,-300.000000,0.000000,0.000000,-5069.000000,0.000000,0.000000
200.000000,-300.000000,0.000000,0.000000,-5071.000000,0.000000,0.000000
100.000000,-300.000000,0.000000,0.000000,-5072.000000,0.000000,0.000000
100.000000,200.000000,78.000000,78.000000,-5077.000000,0.000000,0.000000
-100.000000,0.000000,0.000000,0.000000,-5070.000000,0.000000,0.000000
-100.000000,-300.000000,0.000000,0.000000,-5078.000000,0.000000,0.000000
-300.000000,-300.000000,0.000000,0.000000,-5077.000000,0.000000,0.000000
-100.000000,-100.000000,0.000000,0.000000,-5088.000000,0.000000,0.000000
-300.000000,100.000000,0.000000,0.000000,-5092.000000,0.000000,0.000000
0.000000,0.000000,0.000000,0.000000,-5089.000000,0.000000,0.000000
-100.000000,-200.000000,0.000000,0.000000,-5079.000000,0.000000,0.000000
0.000000,100.000000,0.000000,0.000000,-5089.000000,0.000000,0.000000
0.000000,-100.000000,0.000000,0.000000,-5081.000000,0.000000,0.000000
-100.000000,0.000000,0.000000,0.000000,-5084.000000,0.000000,0.000000
-200.000000,0.000000,0.000000,0.000000,-5081.000000,0.000000,0.000000
-300.000000,-100.000000,0.000000,0.000000,-5077.000000,0.000000,0.000000
-400.000000,-100.000000,0.000000,0.000000,-5067.000000,0.000000,0.000000
0.000000,0.000000,0.000000,0.000000,-5065.000000,0.000000,0.000000
0.000000,-100.000000,0.000000,0.000000,-5055.000000,0.000000,0.000000
1400.000000,3200.000000,10000.000000,10000.000000,-5041.000000,0.000000,0.000000
9500.000000,8600.000000,10000.000000,10000.000000,-5115.000000,1178.000000,1178.000000
11300.000000,9500.000000,10000.000000,10000.000000,-5067.000000,1963.000000,2552.000000
11400.000000,9500.000000,10000.000000,10000.000000,-4765.000000,1178.000000,1570.000000
10500.000000,10300.000000,10000.000000,10000.000000,-4484.000000,0.000000,196.000000
9200.000000,9600.000000,10000.000000,10000.000000,-4416.000000,0.000000,-392.000000
10000.000000,9800.000000,10000.000000,10000.000000,-4432.000000,392.000000,392.000000
9600.000000,9700.000000,10000.000000,10000.000000,-4325.000000,1570.000000,1178.000000
8800.000000,8500.000000,10000.000000,10000.000000,-3934.000000,1963.000000,1767.000000
9500.000000,8400.000000,10000.000000,10000.000000,-3402.000000,1963.000000,2159.000000
9600.000000,8800.000000,10000.000000,10000.000000,-3086.000000,1374.000000,1767.000000
9600.000000,10900.000000,10000.000000,10000.000000,-2903.000000,981.000000,981.000000
9400.000000,10100.000000,10000.000000,10000.000000,-2600.000000,1570.000000,785.000000
9700.000000,8700.000000,10000.000000,10000.000000,-2182.000000,2159.000000,1767.000000
8900.000000,8600.000000,10000.000000,10000.000000,-1771.000000,2748.000000,2356.000000
8700.000000,8900.000000,10000.000000,10000.000000,-1248.000000,2356.000000,2945.000000
11000.000000,10800.000000,10000.000000,10000.000000,-714.000000,1963.000000,2356.000000
9400.000000,10200.000000,10000.000000,10000.000000,-399.000000,1767.000000,1767.000000
9700.000000,9400.000000,10000.000000,10000.000000,-56.000000,2159.000000,1767.000000
10000.000000,8800.000000,10000.000000,10000.000000,354.000000,2356.000000,1963.000000
10200.000000,11300.000000,10000.000000,10000.000000,746.000000,2748.000000,2552.000000
9300.000000,9000.000000,10000.000000,10000.000000,1200.000000,2748.000000,2945.000000
9000.000000,9300.000000,10000.000000,10000.000000,1699.000000,2159.000000,2748.000000
10400.000000,9500.000000,10000.000000,10000.000000,2012.000000,2159.000000,2552.000000
9200.000000,9900.000000,10000.000000,10000.000000,2246.000000,2159.000000,2159.000000
9700.000000,11100.000000,10000.000000,10000.000000,2684.000000,2748.000000,1963.000000
9200.000000,9400.000000,10000.000000,10000.000000,3127.000000,2748.000000,2356.000000
9400.000000,9000.000000,0.000000,0.000000,3512.000000,2356.000000,1963.000000
-100.000000,200.000000,0.000000,0.000000,3904.000000,196.000000,589.000000
0.000000,200.000000,0.000000,0.000000,4048.000000,0.000000,196.000000
-100.000000,-200.000000,0.000000,0.000000,4020.000000,392.000000,196.000000
0.000000,0.000000,0.000000,0.000000,4260.000000,196.000000,0.000000
-200.000000,-200.000000,0.000000,0.000000,4524.000000,-392.000000,589.000000
-100.000000,200.000000,0.000000,0.000000,4468.000000,392.000000,1374.000000
-200.000000,-100.000000,0.000000,0.000000,4289.000000,0.000000,1570.000000
-100.000000,-400.000000,0.000000,0.000000,4227.000000,0.000000,1374.000000
-100.000000,0.000000,0.000000,0.000000,4064.000000,196.000000,1374.000000
0.000000,100.000000,0.000000,0.000000,3839.000000,392.000000,981.000000
-300.000000,100.000000,0.000000,0.000000,3567.000000,196.000000,785.000000
200.000000,-200.000000,0.000000,0.000000,3102.000000,196.000000,196.000000
100.000000,-100.000000,0.000000,0.000000,2638.000000,0.000000,-785.000000
200.000000,-100.000000,0.000000,0.000000,2250.000000,0.000000,-785.000000
100.000000,600.000000,0.000000,0.000000,1810.000000,-196.000000,-981.000000
200.000000,0.000000,0.000000,0.000000,1214.000000,0.000000,-785.000000
0.000000,-100.000000,0.000000,0.000000,586.000000,0.000000,-589.000000
-100.000000,0.000000,0.000000,0.000000,106.000000,0.000000,-785.000000
100.000000,-100.000000,0.000000,0.000000,-420.000000,-196.000000,-785.000000
100.000000,-200.000000,0.000000,0.000000,-1165.000000,-196.000000,-981.000000
300.000000,-100.000000,0.000000,0.000000,-1906.000000,0.000000,-1374.000000
0.000000,100.000000,0.000000,0.000000,-2470.000000,-392.000000,-1374.000000
100.000000,-100.000000,0.000000,0.000000,-2949.000000,-981.000000,-1178.000000
0.000000,0.000000,0.000000,0.000000,-3523.000000,-1767.000000,-1178.000000
-100.000000,0.000000,0.000000,0.000000,-4355.000000,-1963.000000,-981.000000
100.000000,0.000000,0.000000,0.000000,-5039.000000,-1374.000000,-981.000000
300.000000,200.000000,0.000000,0.000000,-5560.000000,-1767.000000,-785.000000
100.000000,200.000000,0.000000,0.000000,-6165.000000,-1767.000000,-785.000000
0.000000,0.000000,0.000000,0.000000,-6861.000000,-1178.000000,-981.000000
300.000000,0.000000,0.000000,0.000000,-7458.000000,-785.000000,-785.000000
100.000000,200.000000,0.000000,0.000000,-7919.000000,-785.000000,-589.000000
100.000000,100.000000,0.000000,0.000000,-8520.000000,-785.000000,-589.000000
0.000000,200.000000,0.000000,0.000000,-9081.000000,-589.000000,-392.000000
0.000000,0.000000,0.000000,0.000000,-9445.000000,-392.000000,-196.000000
0.000000,0.000000,0.000000,0.000000,-9774.000000,-196.000000,-196.000000
0.000000,0.000000,0.000000,0.000000,-10181.000000,0.000000,196.000000
-300.000000,0.000000,0.000000,0.000000,-10453.000000,0.000000,196.000000
-500.000000,0.000000,0.000000,0.000000,-10614.000000,196.000000,0.000000
-100.000000,0.000000,0.000000,0.000000,-10824.000000,196.000000,196.000000
-100.000000,0.000000,0.000000,0.000000,-11016.000000,589.000000,0.000000
0.000000,0.000000,0.000000,0.000000,-11148.000000,1178.000000,0.000000
-200.000000,-100.000000,0.000000,0.000000,-11167.000000,1767.000000,196.000000
-400.000000,-200.000000,0.000000,0.000000,-11159.000000,1963.000000,392.000000
-400.000000,-100.000000,0.000000,0.000000,-11124.000000,1963.000000,1178.000000
-300.000000,0.000000,0.000000,0.000000,-11031.000000,1767.000000,1767.000000
-200.000000,0.000000,0.000000,0.000000,-10879.000000,1767.000000,1963.000000
-300.000000,0.000000,0.000000,0.000000,-10766.000000,1963.000000,1767.000000
-200.000000,0.000000,0.000000,0.000000,-10620.000000,2159.000000,1570.000000
-200.000000,0.000000,0.000000,0.000000,-10356.000000,2552.000000,1374.000000
0.000000,0.000000,0.000000,0.000000,-10059.000000,2945.000000,1374.000000
0.000000,-100.000000,0.000000,0.000000,-9793.000000,2748.000000,1374.000000
-200.000000,-100.000000,0.000000,0.000000,-9400.000000,2748.000000,1178.000000
-200.000000,-100.000000,0.000000,0.000000,-8928.000000,2748.000000,1570.000000
-100.000000,0.000000,0.000000,0.000000,-8515.000000,2552.000000,1963.000000
-300.000000,0.000000,0.000000,0.000000,-8153.000000,2552.000000,1963.000000
-100.000000,100.000000,0.000000,0.000000,-7681.000000,2552.000000,1963.000000
-200.000000,-100.000000,0.000000,0.000000,-7173.000000,2748.000000,1963.000000
-200.000000,0.000000,0.000000,0.000000,-6746.000000,2945.000000,1570.000000
-100.000000,0.000000,0.000000,0.000000,-6260.000000,2945.000000,1767.000000
0.000000,-100.000000,0.000000,0.000000,-5736.000000,2945.000000,1767.000000
-300.000000,0.000000,0.000000,0.000000,-5246.000000,2945.000000,1767.000000
-100.000000,-100.000000,0.000000,0.000000,-4790.000000,2748.000000,1767.000000
-200.000000,0.000000,0.000000,0.000000,-4305.000000,2748.000000,1963.000000
0.000000,0.000000,0.000000,0.000000,-3869.000000,2552.000000,1767.000000
-400.000000,-100.000000,0.000000,0.000000,-3445.000000,2552.000000,1963.000000
-300.000000,0.000000,0.000000,0.000000,-3030.000000,2356.000000,1767.000000
-100.000000,0.000000,0.000000,0.000000,-2643.000000,2159.000000,1570.000000
-200.000000,0.000000,0.000000,0.000000,-2302.000000,1963.000000,1570.000000
100.000000,100.000000,0.000000,0.000000,-1961.000000,1963.000000,1374.000000
-200.000000,-100.000000,0.000000,0.000000,-1654.000000,1767.000000,1178.000000
-400.000000,-100.000000,0.000000,0.000000,-1379.000000,1767.000000,785.000000
-300.000000,0.000000,0.000000,0.000000,-1100.000000,1374.000000,981.000000
-200.000000,0.000000,0.000000,0.000000,-872.000000,1374.000000,589.000000
0.000000,0.000000,0.000000,0.000000,-727.000000,1374.000000,589.000000
0.000000,200.000000,0.000000,0.000000,-602.000000,981.000000,196.000000
-100.000000,100.000000,0.000000,0.000000,-459.000000,981.000000,392.000000
-200.000000,0.000000,0.000000,0.000000,-404.000000,981.000000,196.000000
-100.000000,0.000000,0.000000,0.000000,-423.000000,589.000000,0.000000
-100.000000,0.000000,0.000000,0.000000,-460.000000,589.000000,-196.000000
0.000000,0.000000,0.000000,0.000000,-504.000000,392.000000,0.000000
0.000000,0.000000,0.000000,0.000000,-616.000000,392.000000,0.000000
0.000000,0.000000,0.000000,0.000000,-770.000000,196.000000,0.000000
0.000000,0.000000,0.000000,0.000000,-955.000000,0.000000,-196.000000
-200.000000,200.000000,0.000000,0.000000,-1167.000000,0.000000,0.000000
0.000000,100.000000,0.000000,0.000000,-1431.000000,-196.000000,0.000000
200.000000,0.000000,0.000000,0.000000,-1715.000000,0.000000,-196.000000
300.000000,-200.000000,0.000000,0.000000,-2024.000000,0.000000,-785.000000
0.000000,-100.000000,0.000000,0.000000,-2376.000000,0.000000,-1374.000000
100.000000,0.000000,0.000000,0.000000,-2674.000000,-196.000000,-1570.000000
0.000000,0.000000,0.000000,0.000000,-2984.000000,0.000000,-1570.000000
200.000000,-200.000000,0.000000,0.000000,-3401.000000,-196.000000,-1374.000000
0.000000,0.000000,0.000000,0.000000,-3818.000000,0.000000,-1178.000000
0.000000,200.000000,0.000000,0.000000,-4116.000000,-392.000000,-1178.000000
0.000000,100.000000,0.000000,0.000000,-4442.000000,-785.000000,-785.000000
200.000000,0.000000,0.000000,0.000000,-4836.000000,-1178.000000,-981.000000
0.000000,100.000000,0.000000,0.000000,-5279.000000,-1178.000000,-785.000000
0.000000,100.000000,0.000000,0.000000,-5667.000000,-785.000000,-1178.000000
200.000000,0.000000,0.000000,0.000000,-6012.000000,-981.000000,-1374.000000
200.000000,-100.000000,0.000000,0.000000,-6397.000000,-981.000000,-1374.000000
100.000000,0.000000,0.000000,0.000000,-6767.000000,-589.000000,-1374.000000
-100.000000,-200.000000,0.000000,0.000000,-7123.000000,-392.000000,-1178.000000
0.000000,100.000000,0.000000,0.000000,-7449.000000,-196.000000,-981.000000
100.000000,0.000000,0.000000,0.000000,-7766.000000,-196.000000,-785.000000
0.000000,100.000000,0.000000,0.000000,-8047.000000,-196.000000,-785.000000
300.000000,0.000000,0.000000,0.000000,-8319.000000,-196.000000,-392.000000
0.000000,0.000000,0.000000,0.000000,-8513.000000,0.000000,-589.000000
0.000000,-100.000000,0.000000,0.000000,-8714.000000,196.000000,-392.000000
200.000000,-300.000000,0.000000,0.000000,-8894.000000,196.000000,-196.000000
-500.000000,-200.000000,0.000000,0.000000,-9023.000000,0.000000,-392.000000
-200.000000,-100.000000,0.000000,0.000000,-9113.000000,0.000000,-196.000000
0.000000,-500.000000,0.000000,0.000000,-9188.000000,0.000000,0.000000
-300.000000,-100.000000,0.000000,0.000000,-9208.000000,0.000000,0.000000
-100.000000,0.000000,0.000000,0.000000,-9205.000000,0.000000,0.000000
-300.000000,0.000000,0.000000,0.000000,-9182.000000,0.000000,196.000000
-100.000000,0.000000,0.000000,0.000000,-9147.000000,0.000000,196.000000
0.000000,0.000000,0.000000,0.000000,-9081.000000,0.000000,0.000000
-300.000000,100.000000,0.000000,0.000000,-8964.000000,392.000000,0.000000
0.000000,100.000000,0.000000,0.000000,-8867.000000,1178.000000,0.000000
0.000000,0.000000,0.000000,0.000000,-8702.000000,1767.000000,0.000000
-300.000000,100.000000,0.000000,0.000000,-8545.000000,1963.000000,196.000000
-200.000000,0.000000,0.000000,0.000000,-8513.000000,1767.000000,392.000000
-100.000000,0.000000,0.000000,0.000000,-8215.000000,1570.000000,785.000000
-300.000000,100.000000,0.000000,0.000000,-7970.000000,1374.000000,1374.000000
-400.000000,-100.000000,0.000000,0.000000,-7727.000000,1570.000000,1178.000000
-200.000000,0.000000,0.000000,0.000000,-7371.000000,1374.000000,981.000000
0.000000,100.000000,0.000000,0.000000,-7027.000000,1178.000000,1178.000000
-300.000000,-100.000000,0.000000,0.000000,-6703.000000,785.000000,785.000000
0.000000,0.000000,0.000000,0.000000,-6389.000000,981.000000,785.000000
-200.000000,0.000000,0.000000,0.000000,-6081.000000,785.000000,785.000000
0.000000,0.000000,0.000000,0.000000,-5766.000000,589.000000,785.000000
-100.000000,0.000000,0.000000,0.000000,-5440.000000,785.000000,589.000000
0.000000,0.000000,0.000000,0.000000,-5145.000000,785.000000,981.000000
0.000000,0.000000,0.000000,0.000000,-4876.000000,981.000000,785.000000
-200.000000,100.000000,0.000000,0.000000,-4567.000000,1178.000000,785.000000
-400.000000,-100.000000,0.000000,0.000000,-4297.000000,1178.000000,785.000000
0.000000,0.000000,0.000000,0.000000,-4050.000000,981.000000,785.000000
0.000000,0.000000,0.000000,0.000000,-3796.000000,981.000000,392.000000
0.000000,100.000000,0.000000,0.000000,-3576.000000,785.000000,589.000000
-100.000000,-200.000000,0.000000,0.000000,-3387.000000,785.000000,392.000000
-200.000000,0.000000,0.000000,0.000000,-3209.000000,589.000000,196.000000
-200.000000,0.000000,0.000000,0.000000,-3045.000000,392.000000,0.000000
-500.000000,0.000000,0.000000,0.000000,-2909.000000,392.000000,-196.000000
-200.000000,0.000000,0.000000,0.000000,-2802.000000,196.000000,0.000000
-200.000000,100.000000,0.000000,0.000000,-2700.000000,196.000000,0.000000
-300.000000,0.000000,0.000000,0.000000,-2615.000000,0.000000,0.000000
-300.000000,-100.000000,0.000000,0.000000,-2582.000000,0.000000,0.000000
0.000000,0.000000,0.000000,0.000000,-2571.000000,0.000000,0.000000
-300.000000,0.000000,0.000000,0.000000,-2574.000000,0.000000,0.000000
-100.000000,-100.000000,0.000000,0.000000,-2614.000000,0.000000,0.000000
-300.000000,-100.000000,0.000000,0.000000,-2705.000000,0.000000,-196.000000
0.000000,0.000000,0.000000,0.000000,-2816.000000,-196.000000,0.000000
100.000000,0.000000,0.000000,0.000000,-2937.000000,-196.000000,-196.000000
0.000000,100.000000,0.000000,0.000000,-3096.000000,0.000000,-392.000000
0.000000,-200.000000,0.000000,0.000000,-3276.000000,0.000000,-785.000000
200.000000,100.000000,0.000000,0.000000,-3450.000000,-196.000000,-1178.000000
0.000000,100.000000,0.000000,0.000000,-3557.000000,-589.000000,-1374.000000
100.000000,200.000000,0.000000,0.000000,-3643.000000,-981.000000,-1178.000000
0.000000,0.000000,0.000000,0.000000,-3883.000000,-1570.000000,-1178.000000
100.000000,0.000000,0.000000,0.000000,-4188.000000,-1374.000000,-981.000000
0.000000,0.000000,0.000000,0.000000,-4381.000000,-981.000000,-785.000000
200.000000,0.000000,0.000000,0.000000,-4517.000000,-1374.000000,-589.000000
200.000000,0.000000,0.000000,0.000000,-4811.000000,-981.000000,-785.000000
0.000000,0.000000,0.000000,0.000000,-5099.000000,-785.000000,-785.000000
0.000000,0.000000,0.000000,0.000000,-5323.000000,-785.000000,-981.000000
-100.000000,200.000000,0.000000,0.000000,-5571.000000,-589.000000,-1178.000000
-300.000000,0.000000,0.000000,0.000000,-5803.000000,-589.000000,-1178.000000
0.000000,0.000000,0.000000,0.000000,-5950.000000,-785.000000,-981.000000
100.000000,200.000000,0.000000,0.000000,-6127.000000,-785.000000,-785.000000
300.000000,0.000000,0.000000,0.000000,-6323.000000,-1178.000000,-589.000000
0.000000,0.000000,0.000000,0.000000,-6508.000000,-981.000000,-785.000000
200.000000,100.000000,0.000000,0.000000,-6698.000000,-981.000000,-392.000000
100.000000,100.000000,0.000000,0.000000,-6840.000000,-785.000000,-196.000000
300.000000,0.000000,0.000000,0.000000,-6959.000000,-785.000000,-392.000000
300.000000,0.000000,0.000000,0.000000,-7083.000000,-589.000000,-392.000000
100.000000,100.000000,0.000000,0.000000,-7201.000000,-392.000000,-392.000000
100.000000,200.000000,0.000000,0.000000,-7277.000000,-196.000000,-589.000000
200.000000,0.000000,0.000000,0.000000,-7326.000000,-196.000000,-196.000000
200.000000,100.000000,0.000000,0.000000,-7374.000000,-196.000000,-392.000000
0.000000,0.000000,0.000000,0.000000,-7389.000000,0.000000,-196.000000
300.000000,0.000000,0.000000,0.000000,-7347.000000,-196.000000,0.000000
100.000000,200.000000,0.000000,0.000000,-7349.000000,-392.000000,-196.000000
0.000000,200.000000,0.000000,0.000000,-7347.000000,-196.000000,0.000000
-100.000000,100.000000,0.000000,0.000000,-7266.000000,-196.000000,0.000000
0.000000,200.000000,0.000000,0.000000,-7168.000000,0.000000,0.000000
-300.000000,-200.000000,0.000000,0.000000,-7072.000000,0.000000,196.000000
-200.000000,0.000000,0.000000,0.000000,-6970.000000,196.000000,0.000000
0.000000,-200.000000,0.000000,0.000000,-6838.000000,196.000000,0.000000
-100.000000,-200.000000,0.000000,0.000000,-6720.000000,0.000000,0.000000
-300.000000,0.000000,0.000000,0.000000,-6594.000000,0.000000,196.000000
-200.000000,-100.000000,0.000000,0.000000,-6447.000000,0.000000,0.000000
-200.000000,-200.000000,0.000000,0.000000,-6274.000000,0.000000,0.000000
-300.000000,-200.000000,0.000000,0.000000,-6113.000000,0.000000,0.000000
-200.000000,0.000000,0.000000,0.000000,-5949.000000,0.000000,0.000000
0.000000,0.000000,0.000000,0.000000,-5762.000000,0.000000,0.000000
-500.000000,-100.000000,0.000000,0.000000,-5573.000000,0.000000,0.000000
-100.000000,-100.000000,0.000000,0.000000,-5379.000000,0.000000,0.000000
-300.000000,-300.000000,0.000000,0.000000,-5183.000000,0.000000,0.000000
-300.000000,0.000000,0.000000,0.000000,-5006.000000,0.000000,0.000000
-300.000000,-100.000000,0.000000,0.000000,-4818.000000,0.000000,0.000000
-100.000000,0.000000,0.000000,0.000000,-4642.000000,0.000000,0.000000
0.000000,-100.000000,0.000000,0.000000,-4464.000000,0.000000,0.000000
-100.000000,-200.000000,0.000000,0.000000,-4312.000000,0.000000,0.000000
-100.000000,-100.000000,0.000000,0.000000,-4139.000000,0.000000,0.000000
-200.000000,-300.000000,0.000000,0.000000,-4005.000000,0.000000,0.000000
-100.000000,0.000000,0.000000,0.000000,-3892.000000,0.000000,0.000000
0.000000,0.000000,0.000000,0.000000,-3788.000000,0.000000,0.000000
-200.000000,0.000000,0.000000,0.000000,-3670.000000,0.000000,0.000000
-100.000000,0.000000,0.000000,0.000000,-3609.000000,0.000000,0.000000
0.000000,-100.000000,0.000000,0.000000,-3562.000000,0.000000,0.000000
0.000000,0.000000,0.000000,0.000000,-3502.000000,0.000000,0.000000
-300.000000,-100.000000,0.000000,0.000000,-3479.000000,0.000000,-196.000000
0.000000,100.000000,0.000000,0.000000,-3467.000000,0.000000,0.000000
-300.000000,0.000000,0.000000,0.000000,-3467.000000,0.000000,0.000000
-100.000000,-100.000000,0.000000,0.000000,-3488.000000,0.000000,-196.000000
200.000000,100.000000,0.000000,0.000000,-3530.000000,0.000000,-392.000000
0.000000,-200.000000,0.000000,0.000000,-3567.000000,0.000000,-589.000000
100.000000,-200.000000,0.000000,0.000000,-3619.000000,0.000000,-981.000000
0.000000,-100.000000,0.000000,0.000000,-3662.000000,0.000000,-981.000000
200.000000,-100.000000,0.000000,0.000000,-3743.000000,0.000000,-785.000000
0.000000,-200.000000,0.000000,0.000000,-3852.000000,0.000000,-589.000000
200.000000,0.000000,0.000000,0.000000,-3931.000000,0.000000,-589.000000
-200.000000,0.000000,0.000000,0.000000,-4027.000000,0.000000,-392.000000
-100.000000,-300.000000,0.000000,0.000000,-4161.000000,0.000000,-392.000000
100.000000,-200.000000,0.000000,0.000000,-4297.000000,0.000000,-589.000000
100.000000,0.000000,0.000000,0.000000,-4411.000000,0.000000,-589.000000
200.000000,-200.000000,0.000000,0.000000,-4517.000000,-196.000000,-785.000000
300.000000,-100.000000,0.000000,0.000000,-4668.000000,-196.000000,-785.000000
200.000000,0.000000,0.000000,0.000000,-4828.000000,0.000000,-589.000000
100.000000,-800.000000,0.000000,0.000000,-4945.000000,0.000000,-589.000000
100.000000,200.000000,0.000000,0.000000,-5049.000000,-196.000000,-589.000000
0.000000,100.000000,0.000000,0.000000,-5145.000000,-392.000000,-392.000000
0.000000,0.000000,0.000000,0.000000,-5253.000000,-785.000000,-392.000000
100.000000,100.000000,0.000000,0.000000,-5395.000000,-785.000000,-392.000000
0.000000,0.000000,0.000000,0.000000,-5531.000000,-785.000000,-392.000000
200.000000,0.000000,0.000000,0.000000,-5635.000000,-589.000000,-392.000000
-200.000000,200.000000,0.000000,0.000000,-5721.000000,-589.000000,-392.000000
0.000000,0.000000,0.000000,0.000000,-5811.000000,-392.000000,-392.000000
0.000000,0.000000,0.000000,0.000000,-5892.000000,-196.000000,-196.000000
100.000000,0.000000,0.000000,0.000000,-5992.000000,-196.000000,-196.000000
100.000000,0.000000,0.000000,0.000000,-6068.000000,0.000000,-196.000000
-200.000000,100.000000,0.000000,0.000000,-6087.000000,0.000000,0.000000
-200.000000,0.000000,0.000000,0.000000,-6128.000000,0.000000,0.000000
0.000000,100.000000,0.000000,0.000000,-6177.000000,0.000000,0.000000
-400.000000,0.000000,0.000000,0.000000,-6175.000000,-196.000000,0.000000
-300.000000,0.000000,0.000000,0.000000,-6149.000000,0.000000,0.000000
0.000000,0.000000,0.000000,0.000000,-6148.000000,0.000000,0.000000
-100.000000,300.000000,0.000000,0.000000,-6126.000000,-196.000000,196.000000
-200.000000,-100.000000,0.000000,0.000000,-6074.000000,0.000000,0.000000
0.000000,-100.000000,0.000000,0.000000,-6022.000000,0.000000,0.000000
-200.000000,-200.000000,0.000000,0.000000,-5964.000000,0.000000,0.000000
-400.000000,0.000000,0.000000,0.000000,-5909.000000,196.000000,0.000000
-200.000000,-100.000000,0.000000,0.000000,-5836.000000,0.000000,196.000000
100.000000,0.000000,0.000000,0.000000,-5778.000000,0.000000,0.000000
-100.000000,-100.000000,0.000000,0.000000,-5685.000000,0.000000,0.000000
-300.000000,0.000000,0.000000,0.000000,-5580.000000,0.000000,0.000000
-300.000000,-300.000000,0.000000,0.000000,-5491.000000,0.000000,0.000000
-200.000000,0.000000,0.000000,0.000000,-5410.000000,0.000000,0.000000
0.000000,0.000000,0.000000,0.000000,-5301.000000,196.000000,0.000000
-300.000000,-200.000000,0.000000,0.000000,-5197.000000,0.000000,196.000000
0.000000,-100.000000,0.000000,0.000000,-5105.000000,0.000000,0.000000
0.000000,-200.000000,0.000000,0.000000,-5004.000000,0.000000,392.000000
-300.000000,0.000000,0.000000,0.000000,-4913.000000,0.000000,196.000000
-200.000000,-100.000000,0.000000,0.000000,-4828.000000,0.000000,392.000000
-200.000000,0.000000,0.000000,0.000000,-4728.000000,0.000000,196.000000
-300.000000,0.000000,0.000000,0.000000,-4661.000000,0.000000,196.000000
0.000000,0.000000,0.000000,0.000000,-4588.000000,0.000000,196.000000
100.000000,200.000000,156.000000,156.000000,-4517.000000,0.000000,0.000000
0.000000,-300.000000,0.000000,0.000000,-4447.000000,0.000000,196.000000
0.000000,-200.000000,0.000000,0.000000,-4402.000000,0.000000,196.000000
100.000000,0.000000,0.000000,0.000000,-4351.000000,0.000000,0.000000
0.000000,-200.000000,0.000000,0.000000,-4301.000000,0.000000,0.000000
0.000000,0.000000,0.000000,0.000000,-4263.000000,0.000000,0.000000
0.000000,0.000000,78.000000,78.000000,-4244.000000,0.000000,0.000000
-100.000000,-100.000000,0.000000,0.000000,-4232.000000,0.000000,0.000000
200.000000,-100.000000,0.000000,0.000000,-4218.000000,0.000000,0.000000
-100.000000,300.000000,0.000000,0.000000,-4225.000000,0.000000,0.000000
0.000000,100.000000,78.000000,78.000000,-4244.000000,0.000000,0.000000
-100.000000,-200.000000,0.000000,0.000000,-4259.000000,0.000000,0.000000
-200.000000,-100.000000,0.000000,0.000000,-4289.000000,0.000000,0.000000
-100.000000,-200.000000,0.000000,0.000000,-4332.000000,0.000000,0.000000
-200.000000,-200.000000,0.000000,0.000000,-4368.000000,0.000000,0.000000
0.000000,-100.000000,0.000000,0.000000,-4403.000000,0.000000,0.000000
0.000000,400.000000,156.000000,156.000000,-4448.000000,0.000000,0.000000
0.000000,400.000000,0.000000,0.000000,-4506.000000,0.000000,0.000000
200.000000,-100.000000,0.000000,0.000000,-4562.000000,0.000000,-196.000000
-100.000000,0.000000,0.000000,0.000000,-4620.000000,0.000000,0.000000
-100.000000,-200.000000,0.000000,0.000000,-4691.000000,0.000000,-196.000000
-100.000000,-200.000000,0.000000,0.000000,-4775.000000,0.000000,0.000000
0.000000,0.000000,0.000000,0.000000,-4864.000000,0.000000,0.000000
0.000000,-200.000000,0.000000,0.000000,-4931.000000,0.000000,0.000000
-200.000000,-100.000000,0.000000,0.000000,-5006.000000,0.000000,0.000000
-200.000000,-100.000000,0.000000,0.000000,-5104.000000,0.000000,0.000000
200.000000,-100.000000,156.000000,156.000000,-5189.000000,0.000000,0.000000
500.000000,-100.000000,0.000000,0.000000,-5254.000000,0.000000,-196.000000
-100.000000,0.000000,0.000000,0.000000,-5328.000000,0.000000,0.000000
-200.000000,-600.000000,0.000000,0.000000,-5394.000000,0.000000,-196.000000
300.000000,-300.000000,0.000000,0.000000,-5439.000000,0.000000,0.000000
0.000000,0.000000,0.000000,0.000000,-5487.000000,0.000000,-196.000000
0.000000,-100.000000,0.000000,0.000000,-5529.000000,0.000000,0.000000
-300.000000,0.000000,0.000000,0.000000,-5568.000000,0.000000,0.000000
-100.000000,-100.000000,0.000000,0.000000,-5608.000000,0.000000,0.000000
0.000000,0.000000,0.000000,0.000000,-5633.000000,0.000000,0.000000
0.000000,-100.000000,0.000000,0.000000,-5650.000000,0.000000,0.000000
0.000000,0.000000,0.000000,0.000000,-5671.000000,0.000000,0.000000
-100.000000,-100.000000,0.000000,0.000000,-5678.000000,0.000000,0.000000
-100.000000,0.000000,0.000000,0.000000,-5676.000000,0.000000,0.000000
100.000000,-100.000000,0.000000,0.000000,-5683.000000,0.000000,0.000000
100.000000,0.000000,0.000000,0.000000,-5666.000000,0.000000,0.000000
-200.000000,-100.000000,156.000000,156.000000,-5652.000000,0.000000,196.000000
0.000000,-300.000000,0.000000,0.000000,-5610.000000,0.000000,0.000000
-100.000000,-300.000000,0.000000,0.000000,-5578.000000,0.000000,196.000000
0.000000,0.000000,0.000000,0.000000,-5543.000000,0.000000,-196.000000
-100.000000,100.000000,0.000000,0.000000,-5516.000000,0.000000,196.000000
0.000000,-100.000000,0.000000,0.000000,-5482.000000,0.000000,0.000000
-100.000000,0.000000,0.000000,0.000000,-5444.000000,0.000000,0.000000
0.000000,-200.000000,0.000000,0.000000,-5393.000000,0.000000,0.000000
-300.000000,-100.000000,0.000000,0.000000,-5355.000000,0.000000,0.000000
-100.000000,-200.000000,0.000000,0.000000,-5305.000000,0.000000,0.000000
0.000000,-100.000000,0.000000,0.000000,-5245.000000,0.000000,0.000000
-100.000000,0.000000,0.000000,0.000000,-5197.000000,0.000000,0.000000
-100.000000,0.000000,0.000000,0.000000,-5158.000000,0.000000,0.000000
100.000000,100.000000,0.000000,0.000000,-5119.000000,0.000000,0.000000
-100.000000,0.000000,0.000000,0.000000,-5070.000000,0.000000,0.000000
0.000000,-100.000000,0.000000,0.000000,-5017.000000,0.000000,0.000000
0.000000,0.000000,0.000000,0.000000,-4971.000000,0.000000,196.000000
-200.000000,-200.000000,0.000000,0.000000,-4927.000000,0.000000,0.000000
-500.000000,-100.000000,0.000000,0.000000,-4900.000000,0.000000,196.000000
-100.000000,0.000000,0.000000,0.000000,-4868.000000,0.000000,0.000000
0.000000,-400.000000,0.000000,0.000000,-4826.000000,0.000000,0.000000
0.000000,-100.000000,0.000000,0.000000,-4800.000000,0.000000,0.000000
-100.000000,0.000000,0.000000,0.000000,-4775.000000,0.000000,0.000000
0.000000,-200.000000,0.000000,0.000000,-4768.000000,0.000000,0.000000
0.000000,-100.000000,0.000000,0.000000,-4748.000000,0.000000,0.000000
100.000000,-200.000000,0.000000,0.000000,-4746.000000,0.000000,0.000000
-100.000000,-100.000000,0.000000,0.000000,-4754.000000,0.000000,0.000000
0.000000,-200.000000,0.000000,0.000000,-4768.000000,0.000000,0.000000
100.000000,0.000000,0.000000,0.000000,-4770.000000,0.000000,0.000000
-100.000000,-100.000000,0.000000,0.000000,-4781.000000,0.000000,0.000000
0.000000,0.000000,0.000000,0.000000,-4783.000000,0.000000,0.000000
0.000000,-300.000000,0.000000,0.000000,-4782.000000,0.000000,0.000000
-300.000000,-100.000000,0.000000,0.000000,-4826.000000,0.000000,0.000000
100.000000,0.000000,0.000000,0.000000,-4864.000000,0.000000,0.000000
0.000000,-200.000000,0.000000,0.000000,-4883.000000,0.000000,0.000000
0.000000,0.000000,0.000000,0.000000,-4915.000000,0.000000,0.000000
-100.000000,-200.000000,0.000000,0.000000,-4951.000000,0.000000,0.000000
0.000000,-100.000000,0.000000,0.000000,-4995.000000,0.000000,0.000000
-100.000000,100.000000,0.000000,0.000000,-5039.000000,0.000000,0.000000
0.000000,-100.000000,0.000000,0.000000,-5080.000000,0.000000,0.000000
0.000000,-300.000000,0.000000,0.000000,-5129.000000,0.000000,0.000000
300.000000,0.000000,0.000000,0.000000,-5185.000000,0.000000,-196.000000
0.000000,-100.000000,0.000000,0.000000,-5221.000000,0.000000,0.000000
0.000000,0.000000,0.000000,0.000000,-5265.000000,0.000000,0.000000
0.000000,-200.000000,0.000000,0.000000,-5303.000000,0.000000,0.000000
0.000000,100.000000,0.000000,0.000000,-5355.000000,0.000000,0.000000
100.000000,-100.000000,0.000000,0.000000,-5394.000000,0.000000,0.000000
0.000000,0.000000,0.000000,0.000000,-5432.000000,0.000000,0.000000
100.000000,-200.000000,0.000000,0.000000,-5471.000000,0.000000,0.000000
100.000000,0.000000,0.000000,0.000000,-5501.000000,0.000000,0.000000
-100.000000,-400.000000,0.000000,0.000000,-5528.000000,0.000000,0.000000
0.000000,0.000000,0.000000,0.000000,-5553.000000,0.000000,0.000000
-100.000000,-100.000000,0.000000,0.000000,-5583.000000,0.000000,0.000000
0.000000,-200.000000,0.000000,0.000000,-5593.000000,0.000000,0.000000
100.000000,-100.000000,0.000000,0.000000,-5604.000000,0.000000,0.000000
0.000000,-200.000000,0.000000,0.000000,-5615.000000,0.000000,0.000000
0.000000,-100.000000,0.000000,0.000000,-5600.000000,0.000000,0.000000
0.000000,-300.000000,0.000000,0.000000,-5585.000000,0.000000,0.000000
-100.000000,-400.000000,0.000000,0.000000,-5584.000000,0.000000,0.000000
-100.000000,-100.000000,0.000000,0.000000,-5574.000000,0.000000,0.000000
-100.000000,0.000000,0.000000,0.000000,-5557.000000,0.000000,0.000000
-100.000000,-100.000000,0.000000,0.000000,-5541.000000,0.000000,0.000000
-100.000000,0.000000,0.000000,0.000000,-5522.000000,0.000000,0.000000
0.000000,0.000000,0.000000,0.000000,-5505.000000,0.000000,0.000000
-100.000000,-300.000000,0.000000,0.000000,-5488.000000,0.000000,0.000000
0.000000,0.000000,0.000000,0.000000,-5450.000000,0.000000,0.000000
0.000000,-200.000000,0.000000,0.000000,-5422.000000,0.000000,196.000000
-200.000000,-400.000000,0.000000,0.000000,-5378.000000,0.000000,0.000000
0.000000,-400.000000,0.000000,0.000000,-5335.000000,0.000000,0.000000
0.000000,-100.000000,0.000000,0.000000,-5306.000000,0.000000,0.000000
0.000000,100.000000,0.000000,0.000000,-5263.000000,0.000000,0.000000
0.000000,-200.000000,0.000000,0.000000,-5222.000000,0.000000,0.000000
-100.000000,-100.000000,0.000000,0.000000,-5173.000000,0.000000,0.000000
0.000000,-100.000000,0.000000,0.000000,-5133.000000,0.000000,0.000000
100.000000,-100.000000,0.000000,0.000000,-5089.000000,0.000000,0.000000
0.000000,-100.000000,0.000000,0.000000,-5053.000000,0.000000,0.000000
300.000000,-300.000000,0.000000,0.000000,-5025.000000,0.000000,0.000000
0.000000,-200.000000,0.000000,0.000000,-5000.000000,0.000000,0.000000
-200.000000,0.000000,0.000000,0.000000,-4980.000000,0.000000,0.000000
200.000000,-100.000000,0.000000,0.000000,-4962.000000,0.000000,0.000000
0.000000,-100.000000,0.000000,0.000000,-4948.000000,0.000000,0.000000
0.000000,0.000000,0.000000,0.000000,-4933.000000,0.000000,0.000000
200.000000,-300.000000,0.000000,0.000000,-4909.000000,0.000000,0.000000
0.000000,-100.000000,0.000000,0.000000,-4897.000000,0.000000,0.000000
0.000000,0.000000,0.000000,0.000000,-4881.000000,0.000000,0.000000
0.000000,100.000000,0.000000,0.000000,-4874.000000,0.000000,0.000000
0.000000,-300.000000,0.000000,0.000000,-4890.000000,0.000000,0.000000
0.000000,-200.000000,0.000000,0.000000,-4872.000000,0.000000,0.000000
100.000000,-100.000000,0.000000,0.000000,-4880.000000,0.000000,0.000000
-100.000000,-200.000000,0.000000,0.000000,-4891.000000,0.000000,0.000000
100.000000,-200.000000,0.000000,0.000000,-4891.000000,0.000000,0.000000
-400.000000,-200.000000,0.000000,0.000000,-4893.000000,0.000000,0.000000
-100.000000,0.000000,0.000000,0.000000,-4910.000000,0.000000,0.000000
-100.000000,0.000000,0.000000,0.000000,-4936.000000,0.000000,0.000000
0.000000,0.000000,0.000000,0.000000,-4949.000000,0.000000,0.000000
100.000000,-200.000000,0.000000,0.000000,-4985.000000,0.000000,0.000000
0.000000,-200.000000,0.000000,0.000000,-5011.000000,0.000000,0.000000
0.000000,-100.000000,0.000000,0.000000,-5025.000000,0.000000,-196.000000
0.000000,200.000000,0.000000,0.000000,-5050.000000,0.000000,0.000000
300.000000,-300.000000,0.000000,0.000000,-5067.000000,0.000000,0.000000
-200.000000,0.000000,0.000000,0.000000,-5087.000000,0.000000,0.000000
-100.000000,-100.000000,0.000000,0.000000,-5106.000000,0.000000,0.000000
0.000000,-200.000000,0.000000,0.000000,-5130.000000,0.000000,0.000000
0.000000,-300.000000,0.000000,0.000000,-5156.000000,0.000000,0.000000
0.000000,0.000000,0.000000,0.000000,-5183.000000,0.000000,0.000000
100.000000,0.000000,0.000000,0.000000,-5220.000000,0.000000,0.000000
0.000000,100.000000,78.000000,78.000000,-5250.000000,0.000000,0.000000
100.000000,-100.000000,0.000000,0.000000,-5291.000000,0.000000,0.000000
-100.000000,0.000000,0.000000,0.000000,-5301.000000,0.000000,0.000000
-100.000000,-100.000000,0.000000,0.000000,-5324.000000,0.000000,0.000000
0.000000,0.000000,0.000000,0.000000,-5355.000000,0.000000,0.000000
-200.000000,0.000000,0.000000,0.000000,-5368.000000,0.000000,0.000000
-200.000000,-100.000000,0.000000,0.000000,-5398.000000,0.000000,0.000000
-100.000000,-100.000000,0.000000,0.000000,-5399.000000,0.000000,0.000000
0.000000,0.000000,0.000000,0.000000,-5392.000000,0.000000,0.000000
0.000000,-300.000000,0.000000,0.000000,-5389.000000,0.000000,0.000000
0.000000,-100.000000,0.000000,0.000000,-5404.000000,0.000000,0.000000
-100.000000,0.000000,0.000000,0.000000,-5398.000000,0.000000,0.000000
-200.000000,0.000000,0.000000,0.000000,-5389.000000,0.000000,0.000000
-200.000000,0.000000,0.000000,0.000000,-5393.000000,0.000000,0.000000
0.000000,0.000000,0.000000,0.000000,-5384.000000,0.000000,0.000000
0.000000,-200.000000,0.000000,0.000000,-5379.000000,0.000000,0.000000
-100.000000,-200.000000,0.000000,0.000000,-5372.000000,0.000000,0.000000
100.000000,0.000000,0.000000,0.000000,-5347.000000,0.000000,0.000000
-100.000000,-100.000000,0.000000,0.000000,-5327.000000,0.000000,0.000000
-100.000000,-300.000000,0.000000,0.000000,-5335.000000,0.000000,196.000000
-200.000000,200.000000,0.000000,0.000000,-5319.000000,0.000000,0.000000
100.000000,-200.000000,0.000000,0.000000,-5299.000000,0.000000,0.000000
0.000000,-200.000000,78.000000,78.000000,-5266.000000,0.000000,0.000000
200.000000,-200.000000,0.000000,0.000000,-5246.000000,0.000000,0.000000
-100.000000,0.000000,0.000000,0.000000,-5206.000000,0.000000,0.000000
-100.000000,0.000000,0.000000,0.000000,-5185.000000,0.000000,0.000000
100.000000,0.000000,0.000000,0.000000,-5150.000000,0.000000,0.000000
100.000000,100.000000,0.000000,0.000000,-5134.000000,0.000000,0.000000
100.000000,0.000000,0.000000,0.000000,-5113.000000,0.000000,0.000000
-200.000000,-200.000000,0.000000,0.000000,-5078.000000,0.000000,0.000000
-100.000000,-200.000000,0.000000,0.000000,-5050.000000,0.000000,0.000000
-100.000000,-100.000000,0.000000,0.000000,-5041.000000,0.000000,0.000000
200.000000,-300.000000,0.000000,0.000000,-5030.000000,0.000000,0.000000
0.000000,-200.000000,0.000000,0.000000,-5029.000000,0.000000,0.000000
100.000000,-100.000000,0.000000,0.000000,-5016.000000,0.000000,0.000000
0.000000,-200.000000,0.000000,0.000000,-5006.000000,0.000000,0.000000
0.000000,0.000000,0.000000,0.000000,-4983.000000,0.000000,0.000000
-100.000000,-400.000000,0.000000,0.000000,-4985.000000,0.000000,0.000000
0.000000,-200.000000,0.000000,0.000000,-4982.000000,0.000000,0.000000
0.000000,100.000000,0.000000,0.000000,-4994.000000,0.000000,0.000000
-200.000000,0.000000,0.000000,0.000000,-4998.000000,0.000000,0.000000
-100.000000,0.000000,0.000000,0.000000,-5007.000000,0.000000,0.000000
0.000000,100.000000,0.000000,0.000000,-5021.000000,0.000000,0.000000
-100.000000,-100.000000,0.000000,0.000000,-5040.000000,0.000000,0.000000
0.000000,-400.000000,0.000000,0.000000,-5028.000000,0.000000,0.000000
0.000000,0.000000,78.000000,78.000000,-5051.000000,0.000000,0.000000
0.000000,100.000000,0.000000,0.000000,-5071.000000,0.000000,0.000000
-100.000000,-200.000000,0.000000,0.000000,-5090.000000,0.000000,0.000000
0.000000,-100.000000,0.000000,0.000000,-5110.000000,0.000000,0.000000
-200.000000,-300.000000,0.000000,0.000000,-5132.000000,0.000000,0.000000
0.000000,0.000000,0.000000,0.000000,-5139.000000,0.000000,0.000000
0.000000,-200.000000,0.000000,0.000000,-5148.000000,0.000000,0.000000
-100.000000,-100.000000,0.000000,0.000000,-5181.000000,0.000000,0.000000
0.000000,-200.000000,0.000000,0.000000,-5210.000000,0.000000,0.000000
-100.000000,0.000000,0.000000,0.000000,-5215.000000,0.000000,-196.000000
-100.000000,-200.000000,0.000000,0.000000,-5229.000000,0.000000,0.000000
-100.000000,0.000000,0.000000,0.000000,-5243.000000,0.000000,0.000000
0.000000,-100.000000,0.000000,0.000000,-5261.000000,0.000000,0.000000
0.000000,-200.000000,0.000000,0.000000,-5276.000000,0.000000,0.000000
