Channel 1,Channel 2,Channel 3,Channel 4,Channel 5,Channel 6,Channel 7
100.000000,-100.000000,0.000000,0.000000,-5092.000000,0.000000,0.000000
-100.000000,-200.000000,0.000000,0.000000,-5095.000000,0.000000,0.000000
0.000000,0.000000,0.000000,0.000000,-5093.000000,0.000000,0.000000
-200.000000,0.000000,0.000000,0.000000,-5111.000000,0.000000,0.000000
100.000000,-100.000000,156.000000,156.000000,-5115.000000,0.000000,0.000000
0.000000,0.000000,0.000000,0.000000,-5131.000000,0.000000,0.000000
100.000000,-200.000000,0.000000,0.000000,-5137.000000,0.000000,0.000000
0.000000,0.000000,0.000000,0.000000,-5149.000000,-196.000000,0.000000
0.000000,100.000000,0.000000,0.000000,-5140.000000,0.000000,0.000000
0.000000,-100.000000,0.000000,0.000000,-5142.000000,0.000000,0.000000
0.000000,0.000000,0.000000,0.000000,-5152.000000,0.000000,0.000000
200.000000,-500.000000,156.000000,156.000000,-5144.000000,-196.000000,0.000000
-100.000000,-200.000000,0.000000,0.000000,-5153.000000,0.000000,-196.000000
0.000000,-100.000000,0.000000,0.000000,-5146.000000,0.000000,0.000000
-200.000000,-200.000000,0.000000,0.000000,-5148.000000,0.000000,0.000000
0.000000,-100.000000,0.000000,0.000000,-5141.000000,0.000000,0.000000
0.000000,-100.000000,0.000000,0.000000,-5140.000000,0.000000,0.000000
200.000000,-200.000000,0.000000,0.000000,-5139.000000,0.000000,0.000000
0.000000,-300.000000,0.000000,0.000000,-5139.000000,0.000000,0.000000
0.000000,0.000000,0.000000,0.000000,-5129.000000,0.000000,0.000000
-100.000000,-200.000000,0.000000,0.000000,-5118.000000,0.000000,0.000000
0.000000,-200.000000,0.000000,0.000000,-5133.000000,0.000000,0.000000
100.000000,0.000000,0.000000,0.000000,-5138.000000,0.000000,0.000000
0.000000,-300.000000,0.000000,0.000000,-5148.000000,0.000000,0.000000
-200.000000,-200.000000,0.000000,0.000000,-5147.000000,0.000000,0.000000
-100.000000,100.000000,0.000000,0.000000,-5153.000000,0.000000,0.000000
-100.000000,0.000000,0.000000,0.000000,-5163.000000,0.000000,0.000000
0.000000,-100.000000,156.000000,156.000000,-5154.000000,0.000000,0.000000
0.000000,0.000000,0.000000,0.000000,-5151.000000,0.000000,0.000000
0.000000,-300.000000,0.000000,0.000000,-5144.000000,0.000000,0.000000
0.000000,-200.000000,0.000000,0.000000,-5136.000000,0.000000,0.000000
-200.000000,0.000000,0.000000,0.000000,-5116.000000,0.000000,0.000000
0.000000,0.000000,0.000000,0.000000,-5101.000000,0.000000,0.000000
200.000000,0.000000,0.000000,0.000000,-5091.000000,0.000000,0.000000
200.000000,-200.000000,0.000000,0.000000,-5068.000000,0.000000,0.000000
0.000000,-100.000000,0.000000,0.000000,-5059.000000,0.000000,0.000000
-200.000000,100.000000,156.000000,156.000000,-5051.000000,0.000000,0.000000
100.000000,-100.000000,0.000000,0.000000,-5034.000000,0.000000,0.000000
-200.000000,-200.000000,0.000000,0.000000,-5005.000000,0.000000,0.000000
-100.000000,-100.000000,0.000000,0.000000,-4997.000000,0.000000,0.000000
0.000000,-200.000000,0.000000,0.000000,-4975.000000,0.000000,0.000000
0.000000,100.000000,78.000000,78.000000,-4964.000000,0.000000,0.000000
0.000000,-400.000000,0.000000,0.000000,-4959.000000,0.000000,0.000000
-200.000000,-300.000000,0.000000,0.000000,-4965.000000,0.000000,0.000000
0.000000,-200.000000,0.000000,0.000000,-4961.000000,0.000000,0.000000
100.000000,-100.000000,0.000000,0.000000,-4967.000000,0.000000,0.000000
0.000000,0.000000,0.000000,0.000000,-4961.000000,0.000000,0.000000
-200.000000,-300.000000,0.000000,0.000000,-4953.000000,0.000000,0.000000
-300.000000,100.000000,0.000000,0.000000,-4945.000000,0.000000,0.000000
0.000000,-300.000000,0.000000,0.000000,-4944.000000,0.000000,0.000000
-100.000000,0.000000,0.000000,0.000000,-4954.000000,0.000000,0.000000
-200.000000,-400.000000,0.000000,0.000000,-4956.000000,0.000000,0.000000
-100.000000,200.000000,0.000000,0.000000,-4955.000000,0.000000,0.000000
0.000000,-200.000000,0.000000,0.000000,-4973.000000,0.000000,0.000000
-100.000000,-200.000000,0.000000,0.000000,-4983.000000,0.000000,0.000000
-100.000000,-200.000000,0.000000,0.000000,-4995.000000,0.000000,0.000000
-100.000000,-300.000000,0.000000,0.000000,-5010.000000,0.000000,0.000000
-300.000000,-100.000000,0.000000,0.000000,-5028.000000,0.000000,0.000000
-100.000000,-400.000000,0.000000,0.000000,-5048.000000,0.000000,0.000000
-100.000000,-300.000000,0.000000,0.000000,-5064.000000,0.000000,0.000000
-300.000000,-100.000000,0.000000,0.000000,-5065.000000,0.000000,0.000000
200.000000,-200.000000,0.000000,0.000000,-5046.000000,0.000000,0.000000
-200.000000,-200.000000,0.000000,0.000000,-5041.000000,0.000000,0.000000
-100.000000,-200.000000,0.000000,0.000000,-5031.000000,0.000000,0.000000
-100.000000,0.000000,0.000000,0.000000,-5038.000000,0.000000,0.000000
-400.000000,-300.000000,0.000000,0.000000,-5041.000000,0.000000,0.000000
-100.000000,-400.000000,0.000000,0.000000,-5048.000000,0.000000,0.000000
-100.000000,0.000000,0.000000,0.000000,-5059.000000,0.000000,0.000000
-100.000000,0.000000,0.000000,0.000000,-5054.000000,0.000000,0.000000
-200.000000,0.000000,0.000000,0.000000,-5053.000000,0.000000,0.000000
-100.000000,-200.000000,0.000000,0.000000,-5047.000000,0.000000,0.000000
0.000000,0.000000,0.000000,0.000000,-5058.000000,0.000000,0.000000
0.000000,-200.000000,0.000000,0.000000,-5084.000000,0.000000,0.000000
0.000000,-100.000000,0.000000,0.000000,-5116.000000,0.000000,0.000000
-100.000000,-300.000000,0.000000,0.000000,-5106.000000,0.000000,0.000000
-200.000000,-200.000000,0.000000,0.000000,-5113.000000,0.000000,0.000000
-300.000000,-200.000000,0.000000,0.000000,-5114.000000,0.000000,0.000000
0.000000,-100.000000,0.000000,0.000000,-5115.000000,0.000000,0.000000
-400.000000,-100.000000,0.000000,0.000000,-5127.000000,0.000000,0.000000
0.000000,0.000000,0.000000,0.000000,-5120.000000,0.000000,0.000000
-100.000000,0.000000,0.000000,0.000000,-5137.000000,0.000000,0.000000
-100.000000,-100.000000,10000.000000,10000.000000,-5165.000000,392.000000,196.000000
8600.000000,8600.000000,10000.000000,10000.000000,-5221.000000,1767.000000,1570.000000
9400.000000,9700.000000,10000.000000,10000.000000,-5101.000000,2159.000000,1570.000000
9800.000000,9100.000000,10000.000000,10000.000000,-4765.000000,785.000000,392.000000
10400.000000,10100.000000,10000.000000,10000.000000,-4456.000000,-196.000000,-392.000000
10100.000000,10700.000000,10000.000000,10000.000000,-4464.000000,196.000000,0.000000
9200.000000,11300.000000,10000.000000,10000.000000,-4489.000000,785.000000,981.000000
9800.000000,10300.000000,10000.000000,10000.000000,-4205.000000,1570.000000,1767.000000
9300.000000,9800.000000,10000.000000,10000.000000,-3801.000000,1963.000000,1963.000000
9600.000000,10300.000000,10000.000000,10000.000000,-3521.000000,1963.000000,1570.000000
9600.000000,10900.000000,10000.000000,10000.000000,-3226.000000,1374.000000,981.000000
10600.000000,10100.000000,10000.000000,10000.000000,-2926.000000,1374.000000,981.000000
9200.000000,8300.000000,10000.000000,10000.000000,-2675.000000,1570.000000,1767.000000
8600.000000,11400.000000,10000.000000,10000.000000,-2303.000000,2159.000000,2356.000000
8800.000000,10700.000000,10000.000000,10000.000000,-1861.000000,2552.000000,2552.000000
10700.000000,8600.000000,10000.000000,10000.000000,-1348.000000,2356.000000,2356.000000
11000.000000,9500.000000,10000.000000,10000.000000,-870.000000,1963.000000,1963.000000
10900.000000,9000.000000,10000.000000,10000.000000,-474.000000,1963.000000,1963.000000
10500.000000,9300.000000,10000.000000,10000.000000,-136.000000,2159.000000,2159.000000
10800.000000,8900.000000,10000.000000,10000.000000,265.000000,2552.000000,2552.000000
9000.000000,10800.000000,10000.000000,10000.000000,726.000000,2748.000000,2748.000000
9200.000000,9100.000000,10000.000000,10000.000000,1262.000000,2552.000000,2552.000000
11500.000000,9300.000000,10000.000000,10000.000000,1731.000000,2356.000000,1963.000000
11000.000000,9300.000000,10000.000000,10000.000000,2119.000000,2159.000000,2159.000000
11300.000000,9700.000000,10000.000000,10000.000000,2465.000000,2552.000000,2159.000000
10300.000000,11100.000000,10000.000000,10000.000000,2813.000000,2552.000000,2748.000000
8800.000000,9200.000000,10000.000000,10000.000000,3265.000000,2748.000000,2552.000000
9900.000000,9000.000000,10000.000000,10000.000000,3667.000000,2356.000000,2356.000000
11200.000000,11200.000000,10000.000000,10000.000000,4004.000000,1963.000000,2159.000000
11000.000000,10900.000000,10000.000000,10000.000000,4313.000000,1963.000000,1963.000000
10300.000000,11200.000000,10000.000000,10000.000000,4539.000000,2159.000000,1963.000000
8900.000000,11500.000000,10000.000000,10000.000000,4780.000000,2159.000000,2356.000000
8900.000000,10700.000000,10000.000000,10000.000000,5066.000000,2356.000000,2356.000000
10400.000000,9100.000000,10000.000000,10000.000000,5287.000000,2159.000000,2159.000000
10900.000000,9100.000000,10000.000000,10000.000000,5399.000000,1767.000000,1963.000000
11500.000000,10000.000000,10000.000000,10000.000000,5496.000000,1570.000000,1570.000000
10200.000000,11200.000000,10000.000000,10000.000000,5604.000000,1767.000000,1963.000000
10200.000000,9800.000000,10000.000000,10000.000000,5687.000000,1767.000000,1963.000000
10200.000000,9200.000000,10000.000000,10000.000000,5747.000000,1963.000000,2159.000000
10600.000000,9400.000000,10000.000000,10000.000000,5765.000000,1570.000000,1767.000000
10000.000000,9700.000000,10000.000000,10000.000000,5820.000000,1570.000000,1767.000000
9500.000000,9700.000000,10000.000000,10000.000000,5770.000000,1374.000000,1570.000000
8900.000000,10400.000000,10000.000000,10000.000000,5705.000000,1374.000000,1570.000000
9400.000000,9800.000000,10000.000000,10000.000000,5654.000000,1570.000000,1570.000000
10400.000000,9000.000000,10000.000000,10000.000000,5601.000000,1570.000000,1767.000000
11600.000000,9600.000000,10000.000000,10000.000000,5435.000000,1374.000000,1767.000000
10000.000000,9800.000000,10000.000000,10000.000000,5218.000000,1374.000000,1570.000000
9700.000000,10000.000000,10000.000000,10000.000000,4976.000000,981.000000,1374.000000
8800.000000,10900.000000,10000.000000,10000.000000,4742.000000,1374.000000,1374.000000
10300.000000,9800.000000,10000.000000,10000.000000,4461.000000,1374.000000,1767.000000
10200.000000,9100.000000,10000.000000,10000.000000,4143.000000,1178.000000,1767.000000
9900.000000,11200.000000,10000.000000,10000.000000,3862.000000,1374.000000,1767.000000
9700.000000,9500.000000,10000.000000,10000.000000,3525.000000,1178.000000,1767.000000
300.000000,0.000000,0.000000,0.000000,3202.000000,785.000000,981.000000
100.000000,100.000000,0.000000,0.000000,2777.000000,-589.000000,-392.000000
100.000000,0.000000,0.000000,0.000000,2304.000000,-589.000000,-196.000000
300.000000,-200.000000,0.000000,0.000000,1771.000000,-392.000000,-196.000000
-200.000000,-200.000000,0.000000,0.000000,1437.000000,-392.000000,392.000000
-100.000000,100.000000,0.000000,0.000000,1114.000000,-392.000000,1178.000000
0.000000,0.000000,0.000000,0.000000,520.000000,196.000000,1767.000000
0.000000,0.000000,0.000000,0.000000,-79.000000,0.000000,1570.000000
0.000000,100.000000,0.000000,0.000000,-576.000000,196.000000,1570.000000
-100.000000,-100.000000,0.000000,0.000000,-1034.000000,196.000000,1570.000000
0.000000,300.000000,0.000000,0.000000,-1674.000000,196.000000,1178.000000
-200.000000,0.000000,0.000000,0.000000,-2349.000000,392.000000,785.000000
300.000000,100.000000,0.000000,0.000000,-2955.000000,589.000000,785.000000
-200.000000,0.000000,0.000000,0.000000,-3539.000000,589.000000,589.000000
-200.000000,0.000000,0.000000,0.000000,-4128.000000,785.000000,589.000000
-100.000000,0.000000,0.000000,0.000000,-4703.000000,785.000000,0.000000
100.000000,-400.000000,0.000000,0.000000,-5241.000000,785.000000,392.000000
-200.000000,0.000000,0.000000,0.000000,-5831.000000,589.000000,0.000000
-200.000000,200.000000,0.000000,0.000000,-6408.000000,785.000000,0.000000
0.000000,0.000000,0.000000,0.000000,-6900.000000,785.000000,196.000000
0.000000,-100.000000,0.000000,0.000000,-7403.000000,1178.000000,785.000000
-100.000000,0.000000,0.000000,0.000000,-7966.000000,1374.000000,1374.000000
0.000000,100.000000,0.000000,0.000000,-8455.000000,1374.000000,1178.000000
100.000000,0.000000,0.000000,0.000000,-8822.000000,1374.000000,1374.000000
-200.000000,200.000000,0.000000,0.000000,-9160.000000,1570.000000,1178.000000
0.000000,500.000000,0.000000,0.000000,-9534.000000,1767.000000,981.000000
0.000000,0.000000,0.000000,0.000000,-9816.000000,1767.000000,1178.000000
-100.000000,100.000000,0.000000,0.000000,-10019.000000,1963.000000,1178.000000
-300.000000,0.000000,0.000000,0.000000,-10233.000000,2356.000000,1570.000000
200.000000,0.000000,0.000000,0.000000,-10426.000000,2552.000000,2159.000000
-100.000000,100.000000,0.000000,0.000000,-10552.000000,2552.000000,2159.000000
-100.000000,100.000000,0.000000,0.000000,-10617.000000,2748.000000,2159.000000
-100.000000,100.000000,0.000000,0.000000,-10676.000000,2945.000000,2356.000000
0.000000,0.000000,0.000000,0.000000,-10695.000000,2748.000000,2159.000000
100.000000,0.000000,0.000000,0.000000,-10683.000000,2945.000000,2159.000000
-100.000000,-100.000000,0.000000,0.000000,-10537.000000,3141.000000,2356.000000
200.000000,600.000000,0.000000,0.000000,-10435.000000,3141.000000,2748.000000
0.000000,-100.000000,0.000000,0.000000,-10261.000000,3337.000000,2748.000000
100.000000,0.000000,0.000000,0.000000,-9982.000000,3534.000000,2945.000000
-100.000000,0.000000,0.000000,0.000000,-9627.000000,3337.000000,2748.000000
-200.000000,200.000000,0.000000,0.000000,-9313.000000,3730.000000,2748.000000
0.000000,0.000000,0.000000,0.000000,-8970.000000,3730.000000,2945.000000
0.000000,0.000000,0.000000,0.000000,-8510.000000,3926.000000,2748.000000
0.000000,100.000000,0.000000,0.000000,-8085.000000,3926.000000,2945.000000
0.000000,-100.000000,0.000000,0.000000,-7698.000000,3926.000000,3141.000000
0.000000,300.000000,0.000000,0.000000,-7280.000000,3730.000000,3141.000000
0.000000,300.000000,0.000000,0.000000,-6826.000000,3730.000000,3141.000000
-300.000000,-100.000000,0.000000,0.000000,-6367.000000,3534.000000,2945.000000
0.000000,0.000000,0.000000,0.000000,-5903.000000,3534.000000,2945.000000
0.000000,0.000000,0.000000,0.000000,-5444.000000,3730.000000,2748.000000
100.000000,200.000000,0.000000,0.000000,-4982.000000,3730.000000,2748.000000
100.000000,500.000000,0.000000,0.000000,-4575.000000,3926.000000,2748.000000
0.000000,100.000000,0.000000,0.000000,-4125.000000,3730.000000,2748.000000
100.000000,100.000000,0.000000,0.000000,-3713.000000,3534.000000,2356.000000
300.000000,0.000000,0.000000,0.000000,-3326.000000,3534.000000,2356.000000
0.000000,0.000000,0.000000,0.000000,-2970.000000,3337.000000,2356.000000
0.000000,200.000000,0.000000,0.000000,-2636.000000,3141.000000,2356.000000
100.000000,0.000000,0.000000,0.000000,-2306.000000,2945.000000,2356.000000
0.000000,-400.000000,0.000000,0.000000,-2007.000000,2945.000000,2159.000000
100.000000,300.000000,0.000000,0.000000,-1751.000000,2552.000000,2159.000000
100.000000,0.000000,0.000000,0.000000,-1555.000000,2552.000000,1963.000000
-200.000000,400.000000,0.000000,0.000000,-1383.000000,2356.000000,1767.000000
0.000000,0.000000,0.000000,0.000000,-1210.000000,2159.000000,1570.000000
-100.000000,300.000000,0.000000,0.000000,-1080.000000,2159.000000,1570.000000
-100.000000,200.000000,0.000000,0.000000,-987.000000,1767.000000,1178.000000
-100.000000,0.000000,0.000000,0.000000,-915.000000,1767.000000,1178.000000
-200.000000,0.000000,0.000000,0.000000,-887.000000,1570.000000,981.000000
-100.000000,0.000000,0.000000,0.000000,-926.000000,1374.000000,785.000000
-200.000000,100.000000,0.000000,0.000000,-981.000000,1178.000000,785.000000
0.000000,-100.000000,0.000000,0.000000,-1060.000000,1178.000000,392.000000
0.000000,100.000000,0.000000,0.000000,-1168.000000,785.000000,392.000000
-100.000000,200.000000,0.000000,0.000000,-1342.000000,785.000000,0.000000
-200.000000,300.000000,0.000000,0.000000,-1531.000000,785.000000,0.000000
200.000000,300.000000,0.000000,0.000000,-1737.000000,392.000000,0.000000
-100.000000,-100.000000,0.000000,0.000000,-2002.000000,392.000000,-196.000000
100.000000,0.000000,0.000000,0.000000,-2290.000000,196.000000,0.000000
0.000000,400.000000,0.000000,0.000000,-2621.000000,0.000000,0.000000
200.000000,0.000000,0.000000,0.000000,-2976.000000,0.000000,0.000000
100.000000,0.000000,0.000000,0.000000,-3351.000000,-196.000000,-196.000000
0.000000,0.000000,0.000000,0.000000,-3737.000000,196.000000,0.000000
0.000000,100.000000,0.000000,0.000000,-4150.000000,0.000000,-589.000000
-100.000000,0.000000,0.000000,0.000000,-4586.000000,0.000000,-785.000000
400.000000,100.000000,0.000000,0.000000,-4998.000000,0.000000,-785.000000
0.000000,0.000000,0.000000,0.000000,-5390.000000,0.000000,-981.000000
200.000000,-200.000000,0.000000,0.000000,-5816.000000,0.000000,-589.000000
0.000000,0.000000,0.000000,0.000000,-6233.000000,0.000000,-589.000000
300.000000,-200.000000,0.000000,0.000000,-6637.000000,0.000000,-392.000000
300.000000,0.000000,0.000000,0.000000,-7021.000000,0.000000,-392.000000
100.000000,0.000000,0.000000,0.000000,-7447.000000,0.000000,-196.000000
-200.000000,0.000000,0.000000,0.000000,-7854.000000,0.000000,-196.000000
0.000000,100.000000,0.000000,0.000000,-8230.000000,0.000000,-196.000000
0.000000,0.000000,0.000000,0.000000,-8571.000000,0.000000,-196.000000
0.000000,-100.000000,0.000000,0.000000,-8906.000000,392.000000,-392.000000
300.000000,-100.000000,0.000000,0.000000,-9238.000000,589.000000,-196.000000
300.000000,300.000000,0.000000,0.000000,-9476.000000,981.000000,0.000000
0.000000,0.000000,0.000000,0.000000,-9709.000000,981.000000,0.000000
-200.000000,0.000000,0.000000,0.000000,-9910.000000,785.000000,0.000000
-100.000000,0.000000,0.000000,0.000000,-10056.000000,981.000000,392.000000
-100.000000,100.000000,0.000000,0.000000,-10176.000000,981.000000,0.000000
0.000000,200.000000,0.000000,0.000000,-10308.000000,981.000000,0.000000
-100.000000,-100.000000,0.000000,0.000000,-10371.000000,1374.000000,0.000000
0.000000,100.000000,0.000000,0.000000,-10350.000000,1570.000000,0.000000
-300.000000,-100.000000,0.000000,0.000000,-10359.000000,1570.000000,196.000000
0.000000,-100.000000,0.000000,0.000000,-10357.000000,1767.000000,785.000000
-100.000000,0.000000,0.000000,0.000000,-10317.000000,1767.000000,1374.000000
0.000000,100.000000,0.000000,0.000000,-10228.000000,1767.000000,1767.000000
0.000000,0.000000,0.000000,0.000000,-10119.000000,1767.000000,1570.000000
-100.000000,0.000000,0.000000,0.000000,-10021.000000,1963.000000,1374.000000
-100.000000,-200.000000,0.000000,0.000000,-9843.000000,1963.000000,1374.000000
-400.000000,0.000000,0.000000,0.000000,-9604.000000,2159.000000,1178.000000
-300.000000,100.000000,0.000000,0.000000,-9367.000000,2159.000000,981.000000
-100.000000,200.000000,0.000000,0.000000,-9139.000000,2159.000000,1178.000000
0.000000,100.000000,0.000000,0.000000,-8837.000000,2159.000000,1178.000000
100.000000,-300.000000,0.000000,0.000000,-8531.000000,2159.000000,1374.000000
0.000000,0.000000,0.000000,0.000000,-8243.000000,1963.000000,1767.000000
0.000000,-100.000000,0.000000,0.000000,-7919.000000,2159.000000,1570.000000
0.000000,400.000000,0.000000,0.000000,-7587.000000,2159.000000,1963.000000
0.000000,200.000000,0.000000,0.000000,-7245.000000,2159.000000,1570.000000
-100.000000,100.000000,156.000000,156.000000,-6929.000000,2159.000000,1570.000000
0.000000,0.000000,0.000000,0.000000,-6565.000000,2159.000000,1570.000000
-100.000000,0.000000,0.000000,0.000000,-6203.000000,2159.000000,1374.000000
100.000000,0.000000,0.000000,0.000000,-5897.000000,2159.000000,1570.000000
400.000000,0.000000,0.000000,0.000000,-5551.000000,1963.000000,1374.000000
-100.000000,0.000000,0.000000,0.000000,-5215.000000,1963.000000,1570.000000
0.000000,100.000000,0.000000,0.000000,-4895.000000,1963.000000,1570.000000
100.000000,0.000000,0.000000,0.000000,-4591.000000,1767.000000,1374.000000
-200.000000,100.000000,0.000000,0.000000,-4332.000000,1570.000000,1570.000000
0.000000,200.000000,0.000000,0.000000,-4078.000000,1570.000000,1374.000000
100.000000,0.000000,0.000000,0.000000,-3827.000000,1374.000000,1178.000000
0.000000,100.000000,0.000000,0.000000,-3611.000000,1374.000000,1178.000000
200.000000,100.000000,0.000000,0.000000,-3392.000000,1178.000000,981.000000
0.000000,-100.000000,0.000000,0.000000,-3209.000000,1178.000000,785.000000
-400.000000,0.000000,0.000000,0.000000,-3052.000000,981.000000,785.000000
-100.000000,-100.000000,78.000000,78.000000,-2913.000000,785.000000,589.000000
100.000000,0.000000,0.000000,0.000000,-2809.000000,785.000000,392.000000
0.000000,200.000000,0.000000,0.000000,-2720.000000,589.000000,392.000000
-100.000000,100.000000,0.000000,0.000000,-2657.000000,589.000000,196.000000
0.000000,0.000000,0.000000,0.000000,-2655.000000,392.000000,196.000000
-100.000000,100.000000,0.000000,0.000000,-2642.000000,196.000000,0.000000
0.000000,300.000000,0.000000,0.000000,-2652.000000,196.000000,0.000000
-100.000000,-100.000000,0.000000,0.000000,-2694.000000,0.000000,0.000000
-200.000000,100.000000,0.000000,0.000000,-2798.000000,0.000000,0.000000
-100.000000,0.000000,0.000000,0.000000,-2905.000000,0.000000,0.000000
0.000000,-200.000000,0.000000,0.000000,-3051.000000,0.000000,0.000000
0.000000,300.000000,0.000000,0.000000,-3198.000000,0.000000,-196.000000
100.000000,100.000000,0.000000,0.000000,-3370.000000,0.000000,0.000000
-100.000000,0.000000,0.000000,0.000000,-3564.000000,0.000000,0.000000
400.000000,-100.000000,0.000000,0.000000,-3817.000000,0.000000,-196.000000
200.000000,100.000000,0.000000,0.000000,-4073.000000,-196.000000,-589.000000
300.000000,0.000000,0.000000,0.000000,-4328.000000,-196.000000,-981.000000
200.000000,-200.000000,0.000000,0.000000,-4557.000000,0.000000,-981.000000
100.000000,0.000000,0.000000,0.000000,-4838.000000,-196.000000,-981.000000
300.000000,0.000000,0.000000,0.000000,-5127.000000,0.000000,-785.000000
-200.000000,-100.000000,0.000000,0.000000,-5375.000000,-392.000000,-785.000000
100.000000,300.000000,0.000000,0.000000,-5600.000000,-589.000000,-589.000000
100.000000,100.000000,0.000000,0.000000,-5851.000000,-589.000000,-392.000000
100.000000,0.000000,0.000000,0.000000,-6168.000000,-589.000000,-392.000000
0.000000,200.000000,0.000000,0.000000,-6453.000000,-392.000000,-392.000000
200.000000,200.000000,0.000000,0.000000,-6696.000000,-392.000000,-392.000000
0.000000,0.000000,0.000000,0.000000,-6963.000000,-196.000000,-589.000000
-200.000000,100.000000,0.000000,0.000000,-7216.000000,0.000000,-589.000000
200.000000,0.000000,0.000000,0.000000,-7445.000000,0.000000,-589.000000
100.000000,0.000000,0.000000,0.000000,-7673.000000,196.000000,-196.000000
0.000000,-100.000000,0.000000,0.000000,-7859.000000,0.000000,-392.000000
0.000000,0.000000,0.000000,0.000000,-8004.000000,0.000000,-196.000000
0.000000,100.000000,0.000000,0.000000,-8158.000000,0.000000,0.000000
-100.000000,300.000000,0.000000,0.000000,-8301.000000,0.000000,0.000000
-100.000000,-100.000000,0.000000,0.000000,-8411.000000,196.000000,196.000000
-400.000000,-100.000000,0.000000,0.000000,-8478.000000,196.000000,0.000000
0.000000,0.000000,0.000000,0.000000,-8527.000000,0.000000,196.000000
0.000000,0.000000,0.000000,0.000000,-8544.000000,0.000000,0.000000
200.000000,-100.000000,0.000000,0.000000,-8545.000000,0.000000,0.000000
-100.000000,200.000000,0.000000,0.000000,-8550.000000,0.000000,0.000000
0.000000,0.000000,0.000000,0.000000,-8524.000000,589.000000,0.000000
0.000000,100.000000,0.000000,0.000000,-8467.000000,981.000000,0.000000
0.000000,200.000000,0.000000,0.000000,-8370.000000,1374.000000,196.000000
300.000000,100.000000,0.000000,0.000000,-8303.000000,1570.000000,589.000000
-100.000000,200.000000,0.000000,0.000000,-8258.000000,1374.000000,981.000000
-100.000000,0.000000,0.000000,0.000000,-8070.000000,1374.000000,1178.000000
100.000000,0.000000,0.000000,0.000000,-7909.000000,1178.000000,981.000000
100.000000,0.000000,0.000000,0.000000,-7801.000000,981.000000,1178.000000
100.000000,0.000000,0.000000,0.000000,-7643.000000,981.000000,785.000000
-100.000000,100.000000,0.000000,0.000000,-7389.000000,981.000000,785.000000
200.000000,0.000000,0.000000,0.000000,-7230.000000,1178.000000,785.000000
-100.000000,100.000000,0.000000,0.000000,-7106.000000,1374.000000,589.000000
0.000000,0.000000,0.000000,0.000000,-6876.000000,1570.000000,785.000000
0.000000,300.000000,0.000000,0.000000,-6626.000000,1570.000000,589.000000
0.000000,0.000000,0.000000,0.000000,-6445.000000,1570.000000,1178.000000
200.000000,0.000000,0.000000,0.000000,-6232.000000,1570.000000,981.000000
0.000000,0.000000,0.000000,0.000000,-5960.000000,1374.000000,981.000000
200.000000,0.000000,0.000000,0.000000,-5744.000000,1178.000000,1178.000000
0.000000,-100.000000,0.000000,0.000000,-5578.000000,1178.000000,981.000000
0.000000,100.000000,0.000000,0.000000,-5360.000000,1178.000000,785.000000
0.000000,-100.000000,0.000000,0.000000,-5153.000000,981.000000,785.000000
100.000000,0.000000,0.000000,0.000000,-4967.000000,981.000000,589.000000
-100.000000,100.000000,0.000000,0.000000,-4762.000000,981.000000,785.000000
300.000000,300.000000,0.000000,0.000000,-4586.000000,981.000000,589.000000
0.000000,0.000000,0.000000,0.000000,-4412.000000,981.000000,589.000000
0.000000,0.000000,0.000000,0.000000,-4267.000000,981.000000,785.000000
-100.000000,200.000000,0.000000,0.000000,-4156.000000,981.000000,785.000000
0.000000,0.000000,0.000000,0.000000,-4035.000000,785.000000,589.000000
200.000000,200.000000,0.000000,0.000000,-3903.000000,589.000000,589.000000
200.000000,0.000000,0.000000,0.000000,-3818.000000,785.000000,589.000000
0.000000,-100.000000,0.000000,0.000000,-3759.000000,392.000000,392.000000
100.000000,0.000000,0.000000,0.000000,-3698.000000,589.000000,196.000000
0.000000,0.000000,0.000000,0.000000,-3634.000000,392.000000,392.000000
100.000000,0.000000,0.000000,0.000000,-3609.000000,196.000000,196.000000
-100.000000,0.000000,0.000000,0.000000,-3604.000000,0.000000,196.000000
0.000000,0.000000,0.000000,0.000000,-3602.000000,196.000000,0.000000
0.000000,0.000000,0.000000,0.000000,-3627.000000,196.000000,0.000000
0.000000,200.000000,0.000000,0.000000,-3679.000000,0.000000,0.000000
0.000000,0.000000,0.000000,0.000000,-3739.000000,196.000000,0.000000
0.000000,0.000000,0.000000,0.000000,-3816.000000,0.000000,0.000000
100.000000,0.000000,0.000000,0.000000,-3885.000000,196.000000,0.000000
-100.000000,200.000000,156.000000,156.000000,-3993.000000,0.000000,0.000000
100.000000,-100.000000,0.000000,0.000000,-4125.000000,0.000000,0.000000
0.000000,-100.000000,0.000000,0.000000,-4223.000000,0.000000,0.000000
0.000000,-100.000000,0.000000,0.000000,-4360.000000,0.000000,0.000000
0.000000,-200.000000,0.000000,0.000000,-4503.000000,0.000000,-196.000000
0.000000,-300.000000,0.000000,0.000000,-4630.000000,0.000000,0.000000
0.000000,-200.000000,0.000000,0.000000,-4751.000000,0.000000,0.000000
-200.000000,-200.000000,0.000000,0.000000,-4910.000000,0.000000,0.000000
200.000000,-200.000000,0.000000,0.000000,-5072.000000,0.000000,-196.000000
0.000000,-100.000000,0.000000,0.000000,-5224.000000,0.000000,-392.000000
0.000000,-300.000000,0.000000,0.000000,-5376.000000,0.000000,-392.000000
0.000000,-300.000000,0.000000,0.000000,-5530.000000,0.000000,-392.000000
0.000000,0.000000,0.000000,0.000000,-5673.000000,0.000000,-589.000000
200.000000,-100.000000,0.000000,0.000000,-5812.000000,0.000000,-392.000000
0.000000,-100.000000,0.000000,0.000000,-5958.000000,0.000000,-196.000000
0.000000,-300.000000,0.000000,0.000000,-6070.000000,0.000000,-196.000000
0.000000,-100.000000,0.000000,0.000000,-6190.000000,0.000000,0.000000
-100.000000,0.000000,0.000000,0.000000,-6298.000000,0.000000,0.000000
-200.000000,0.000000,0.000000,0.000000,-6413.000000,0.000000,0.000000
0.000000,-300.000000,0.000000,0.000000,-6492.000000,0.000000,0.000000
100.000000,-300.000000,0.000000,0.000000,-6557.000000,0.000000,-196.000000
0.000000,0.000000,0.000000,0.000000,-6610.000000,0.000000,0.000000
-100.000000,-200.000000,0.000000,0.000000,-6652.000000,0.000000,0.000000
-100.000000,0.000000,0.000000,0.000000,-6708.000000,0.000000,0.000000
-100.000000,-300.000000,0.000000,0.000000,-6732.000000,0.000000,0.000000
0.000000,-200.000000,0.000000,0.000000,-6708.000000,0.000000,0.000000
-100.000000,0.000000,0.000000,0.000000,-6731.000000,196.000000,196.000000
0.000000,-400.000000,0.000000,0.000000,-6745.000000,392.000000,0.000000
-100.000000,0.000000,0.000000,0.000000,-6717.000000,785.000000,196.000000
0.000000,100.000000,0.000000,0.000000,-6666.000000,785.000000,0.000000
0.000000,100.000000,0.000000,0.000000,-6626.000000,785.000000,0.000000
0.000000,0.000000,0.000000,0.000000,-6567.000000,785.000000,0.000000
0.000000,0.000000,0.000000,0.000000,-6474.000000,589.000000,0.000000
0.000000,300.000000,0.000000,0.000000,-6414.000000,589.000000,0.000000
0.000000,100.000000,0.000000,0.000000,-6332.000000,392.000000,196.000000
-200.000000,-100.000000,0.000000,0.000000,-6203.000000,392.000000,196.000000
-100.000000,-300.000000,0.000000,0.000000,-6107.000000,392.000000,392.000000
0.000000,0.000000,0.000000,0.000000,-6036.000000,589.000000,589.000000
0.000000,0.000000,0.000000,0.000000,-5929.000000,785.000000,589.000000
100.000000,0.000000,0.000000,0.000000,-5793.000000,785.000000,392.000000
100.000000,200.000000,156.000000,156.000000,-5704.000000,589.000000,392.000000
0.000000,0.000000,0.000000,0.000000,-5609.000000,785.000000,589.000000
-200.000000,0.000000,0.000000,0.000000,-5472.000000,589.000000,196.000000
-100.000000,0.000000,0.000000,0.000000,-5361.000000,589.000000,196.000000
200.000000,0.000000,0.000000,0.000000,-5268.000000,392.000000,196.000000
0.000000,-100.000000,0.000000,0.000000,-5156.000000,589.000000,392.000000
100.000000,100.000000,0.000000,0.000000,-5074.000000,392.000000,392.000000
-200.000000,0.000000,0.000000,0.000000,-4975.000000,392.000000,392.000000
0.000000,0.000000,0.000000,0.000000,-4895.000000,392.000000,196.000000
0.000000,-100.000000,0.000000,0.000000,-4818.000000,392.000000,196.000000
200.000000,-100.000000,0.000000,0.000000,-4761.000000,392.000000,196.000000
-100.000000,100.000000,0.000000,0.000000,-4691.000000,392.000000,196.000000
200.000000,-200.000000,0.000000,0.000000,-4643.000000,392.000000,0.000000
0.000000,0.000000,0.000000,0.000000,-4614.000000,196.000000,196.000000
0.000000,0.000000,156.000000,156.000000,-4569.000000,196.000000,196.000000
100.000000,0.000000,0.000000,0.000000,-4559.000000,0.000000,196.000000
0.000000,100.000000,0.000000,0.000000,-4543.000000,0.000000,196.000000
100.000000,-300.000000,0.000000,0.000000,-4555.000000,0.000000,0.000000
0.000000,-100.000000,0.000000,0.000000,-4544.000000,0.000000,0.000000
-400.000000,0.000000,0.000000,0.000000,-4559.000000,0.000000,-196.000000
0.000000,-200.000000,0.000000,0.000000,-4584.000000,0.000000,196.000000
-100.000000,-100.000000,0.000000,0.000000,-4609.000000,0.000000,0.000000
0.000000,-100.000000,0.000000,0.000000,-4649.000000,0.000000,0.000000
0.000000,100.000000,0.000000,0.000000,-4684.000000,0.000000,0.000000
-100.000000,100.000000,0.000000,0.000000,-4748.000000,0.000000,0.000000
0.000000,-100.000000,0.000000,0.000000,-4794.000000,0.000000,0.000000
-100.000000,-100.000000,0.000000,0.000000,-4862.000000,0.000000,-196.000000
-100.000000,-300.000000,0.000000,0.000000,-4924.000000,0.000000,0.000000
0.000000,0.000000,0.000000,0.000000,-4993.000000,0.000000,0.000000
0.000000,-100.000000,0.000000,0.000000,-5055.000000,0.000000,-196.000000
0.000000,-300.000000,0.000000,0.000000,-5111.000000,0.000000,0.000000
-100.000000,-200.000000,0.000000,0.000000,-5185.000000,0.000000,0.000000
100.000000,-100.000000,0.000000,0.000000,-5242.000000,0.000000,0.000000
100.000000,-200.000000,0.000000,0.000000,-5324.000000,0.000000,0.000000
0.000000,-100.000000,0.000000,0.000000,-5414.000000,0.000000,0.000000
100.000000,-200.000000,0.000000,0.000000,-5499.000000,-196.000000,-196.000000
100.000000,-300.000000,0.000000,0.000000,-5570.000000,-196.000000,-196.000000
0.000000,0.000000,0.000000,0.000000,-5624.000000,0.000000,-196.000000
200.000000,-100.000000,0.000000,0.000000,-5667.000000,0.000000,-196.000000
0.000000,-300.000000,0.000000,0.000000,-5721.000000,0.000000,-196.000000
0.000000,100.000000,0.000000,0.000000,-5750.000000,0.000000,-196.000000
0.000000,-200.000000,0.000000,0.000000,-5776.000000,0.000000,0.000000
100.000000,-100.000000,0.000000,0.000000,-5809.000000,0.000000,-196.000000
200.000000,-100.000000,0.000000,0.000000,-5827.000000,0.000000,0.000000
-300.000000,0.000000,0.000000,0.000000,-5838.000000,0.000000,0.000000
0.000000,-200.000000,0.000000,0.000000,-5855.000000,0.000000,0.000000
0.000000,-200.000000,0.000000,0.000000,-5849.000000,0.000000,0.000000
0.000000,-100.000000,0.000000,0.000000,-5850.000000,0.000000,0.000000
100.000000,-200.000000,0.000000,0.000000,-5834.000000,0.000000,0.000000
0.000000,0.000000,0.000000,0.000000,-5824.000000,0.000000,0.000000
-200.000000,-200.000000,0.000000,0.000000,-5814.000000,0.000000,0.000000
0.000000,0.000000,0.000000,0.000000,-5800.000000,0.000000,0.000000
0.000000,-100.000000,0.000000,0.000000,-5766.000000,196.000000,0.000000
0.000000,0.000000,0.000000,0.000000,-5730.000000,196.000000,0.000000
0.000000,0.000000,0.000000,0.000000,-5684.000000,0.000000,0.000000
0.000000,-100.000000,0.000000,0.000000,-5645.000000,0.000000,0.000000
0.000000,-200.000000,0.000000,0.000000,-5591.000000,0.000000,196.000000
100.000000,-300.000000,0.000000,0.000000,-5546.000000,0.000000,0.000000
-100.000000,-300.000000,0.000000,0.000000,-5505.000000,0.000000,0.000000
100.000000,-200.000000,0.000000,0.000000,-5464.000000,0.000000,0.000000
-100.000000,-100.000000,0.000000,0.000000,-5397.000000,0.000000,0.000000
-100.000000,-100.000000,0.000000,0.000000,-5343.000000,0.000000,0.000000
-100.000000,0.000000,0.000000,0.000000,-5295.000000,0.000000,0.000000
0.000000,-200.000000,0.000000,0.000000,-5252.000000,0.000000,0.000000
100.000000,-100.000000,0.000000,0.000000,-5201.000000,0.000000,0.000000
-300.000000,100.000000,0.000000,0.000000,-5163.000000,0.000000,0.000000
-100.000000,400.000000,0.000000,0.000000,-5127.000000,0.000000,0.000000
-100.000000,-200.000000,0.000000,0.000000,-5090.000000,0.000000,0.000000
100.000000,100.000000,0.000000,0.000000,-5064.000000,0.000000,0.000000
0.000000,0.000000,0.000000,0.000000,-5047.000000,196.000000,0.000000
0.000000,0.000000,0.000000,0.000000,-5023.000000,196.000000,0.000000
0.000000,-100.000000,0.000000,0.000000,-5009.000000,0.000000,0.000000
0.000000,200.000000,0.000000,0.000000,-4998.000000,196.000000,0.000000
0.000000,100.000000,0.000000,0.000000,-4976.000000,196.000000,0.000000
0.000000,0.000000,0.000000,0.000000,-4962.000000,0.000000,0.000000
0.000000,-100.000000,0.000000,0.000000,-4964.000000,196.000000,0.000000
0.000000,200.000000,0.000000,0.000000,-4969.000000,0.000000,0.000000
-100.000000,100.000000,0.000000,0.000000,-4965.000000,0.000000,0.000000
0.000000,-100.000000,0.000000,0.000000,-4972.000000,0.000000,0.000000
100.000000,-200.000000,0.000000,0.000000,-4985.000000,0.000000,0.000000
0.000000,100.000000,0.000000,0.000000,-4997.000000,0.000000,0.000000
-200.000000,0.000000,0.000000,0.000000,-5008.000000,0.000000,0.000000
-200.000000,0.000000,0.000000,0.000000,-5031.000000,0.000000,0.000000
0.000000,-200.000000,0.000000,0.000000,-5065.000000,0.000000,0.000000
-100.000000,-100.000000,0.000000,0.000000,-5110.000000,0.000000,0.000000
100.000000,-300.000000,0.000000,0.000000,-5139.000000,0.000000,0.000000
-200.000000,0.000000,0.000000,0.000000,-5164.000000,0.000000,0.000000
-200.000000,-300.000000,0.000000,0.000000,-5201.000000,0.000000,0.000000
200.000000,100.000000,0.000000,0.000000,-5242.000000,0.000000,0.000000
0.000000,0.000000,0.000000,0.000000,-5270.000000,0.000000,0.000000
0.000000,0.000000,0.000000,0.000000,-5310.000000,0.000000,0.000000
300.000000,-100.000000,0.000000,0.000000,-5328.000000,0.000000,0.000000
0.000000,-100.000000,0.000000,0.000000,-5361.000000,0.000000,-196.000000
100.000000,0.000000,0.000000,0.000000,-5399.000000,0.000000,0.000000
0.000000,-200.000000,0.000000,0.000000,-5436.000000,0.000000,0.000000
0.000000,-100.000000,0.000000,0.000000,-5451.000000,0.000000,0.000000
0.000000,0.000000,0.000000,0.000000,-5479.000000,-196.000000,0.000000
-100.000000,-200.000000,0.000000,0.000000,-5503.000000,0.000000,0.000000
0.000000,0.000000,0.000000,0.000000,-5524.000000,-196.000000,0.000000
0.000000,-100.000000,0.000000,0.000000,-5536.000000,0.000000,0.000000
0.000000,0.000000,0.000000,0.000000,-5556.000000,0.000000,0.000000
-100.000000,100.000000,0.000000,0.000000,-5572.000000,0.000000,0.000000
-200.000000,0.000000,0.000000,0.000000,-5572.000000,0.000000,0.000000
100.000000,100.000000,0.000000,0.000000,-5570.000000,0.000000,0.000000
100.000000,-100.000000,0.000000,0.000000,-5570.000000,0.000000,0.000000
0.000000,-100.000000,0.000000,0.000000,-5563.000000,0.000000,0.000000
-200.000000,-200.000000,0.000000,0.000000,-5562.000000,0.000000,0.000000
-200.000000,-200.000000,0.000000,0.000000,-5546.000000,196.000000,0.000000
0.000000,-100.000000,0.000000,0.000000,-5542.000000,0.000000,0.000000
0.000000,-100.000000,0.000000,0.000000,-5525.000000,0.000000,0.000000
-100.000000,-100.000000,0.000000,0.000000,-5509.000000,196.000000,0.000000
0.000000,-300.000000,0.000000,0.000000,-5481.000000,0.000000,0.000000
0.000000,0.000000,0.000000,0.000000,-5445.000000,0.000000,0.000000
0.000000,100.000000,0.000000,0.000000,-5415.000000,0.000000,0.000000
0.000000,-100.000000,0.000000,0.000000,-5391.000000,0.000000,0.000000
0.000000,-200.000000,0.000000,0.000000,-5358.000000,0.000000,196.000000
0.000000,0.000000,0.000000,0.000000,-5323.000000,0.000000,0.000000
0.000000,-400.000000,78.000000,78.000000,-5304.000000,0.000000,0.000000
100.000000,0.000000,0.000000,0.000000,-5270.000000,0.000000,0.000000
0.000000,0.000000,0.000000,0.000000,-5246.000000,0.000000,0.000000
100.000000,-200.000000,0.000000,0.000000,-5220.000000,0.000000,0.000000
200.000000,0.000000,0.000000,0.000000,-5197.000000,0.000000,0.000000
100.000000,-100.000000,0.000000,0.000000,-5163.000000,0.000000,0.000000
0.000000,200.000000,0.000000,0.000000,-5137.000000,0.000000,0.000000
-100.000000,-300.000000,0.000000,0.000000,-5099.000000,0.000000,0.000000
0.000000,0.000000,0.000000,0.000000,-5073.000000,0.000000,0.000000
0.000000,0.000000,0.000000,0.000000,-5050.000000,0.000000,0.000000
0.000000,100.000000,0.000000,0.000000,-5040.000000,0.000000,0.000000
0.000000,100.000000,0.000000,0.000000,-5024.000000,0.000000,0.000000
0.000000,0.000000,0.000000,0.000000,-5009.000000,0.000000,0.000000
0.000000,100.000000,0.000000,0.000000,-5006.000000,0.000000,0.000000
200.000000,-100.000000,0.000000,0.000000,-5019.000000,0.000000,0.000000
0.000000,0.000000,0.000000,0.000000,-5019.000000,0.000000,0.000000
300.000000,-300.000000,0.000000,0.000000,-5015.000000,0.000000,0.000000
-100.000000,100.000000,0.000000,0.000000,-5024.000000,0.000000,0.000000
-100.000000,-300.000000,0.000000,0.000000,-5013.000000,0.000000,0.000000
0.000000,-200.000000,0.000000,0.000000,-5034.000000,0.000000,0.000000
200.000000,100.000000,0.000000,0.000000,-5033.000000,0.000000,0.000000
0.000000,0.000000,0.000000,0.000000,-5027.000000,0.000000,0.000000
100.000000,-300.000000,0.000000,0.000000,-5038.000000,0.000000,0.000000
0.000000,0.000000,0.000000,0.000000,-5046.000000,0.000000,0.000000
0.000000,-100.000000,0.000000,0.000000,-5072.000000,0.000000,0.000000
-100.000000,0.000000,0.000000,0.000000,-5097.000000,0.000000,0.000000
300.000000,0.000000,0.000000,0.000000,-5118.000000,0.000000,0.000000
0.000000,0.000000,0.000000,0.000000,-5128.000000,0.000000,0.000000
0.000000,-200.000000,0.000000,0.000000,-5142.000000,0.000000,0.000000
300.000000,-200.000000,0.000000,0.000000,-5165.000000,0.000000,0.000000
200.000000,-200.000000,0.000000,0.000000,-5194.000000,0.000000,0.000000
0.000000,-300.000000,0.000000,0.000000,-5230.000000,0.000000,0.000000
0.000000,100.000000,0.000000,0.000000,-5252.000000,0.000000,0.000000
-100.000000,-100.000000,0.000000,0.000000,-5259.000000,0.000000,0.000000
-100.000000,-100.000000,0.000000,0.000000,-5268.000000,0.000000,-196.000000
0.000000,0.000000,0.000000,0.000000,-5292.000000,0.000000,0.000000
0.000000,-200.000000,0.000000,0.000000,-5320.000000,0.000000,0.000000
0.000000,-300.000000,0.000000,0.000000,-5328.000000,0.000000,0.000000
0.000000,0.000000,0.000000,0.000000,-5351.000000,0.000000,0.000000
-100.000000,0.000000,0.000000,0.000000,-5368.000000,0.000000,0.000000
-100.000000,-200.000000,0.000000,0.000000,-5390.000000,0.000000,0.000000
200.000000,-300.000000,0.000000,0.000000,-5409.000000,0.000000,0.000000
0.000000,-100.000000,0.000000,0.000000,-5418.000000,0.000000,0.000000
0.000000,-200.000000,0.000000,0.000000,-5428.000000,0.000000,0.000000
-100.000000,-200.000000,0.000000,0.000000,-5441.000000,0.000000,0.000000
-100.000000,-200.000000,0.000000,0.000000,-5446.000000,0.000000,0.000000
0.000000,0.000000,0.000000,0.000000,-5443.000000,0.000000,0.000000
0.000000,-100.000000,0.000000,0.000000,-5432.000000,0.000000,0.000000
0.000000,-100.000000,0.000000,0.000000,-5421.000000,0.000000,0.000000
100.000000,-300.000000,0.000000,0.000000,-5419.000000,0.000000,0.000000
500.000000,-100.000000,0.000000,0.000000,-5402.000000,0.000000,0.000000
0.000000,-100.000000,0.000000,0.000000,-5385.000000,0.000000,0.000000
-100.000000,0.000000,0.000000,0.000000,-5381.000000,0.000000,0.000000
0.000000,-100.000000,0.000000,0.000000,-5370.000000,0.000000,0.000000
0.000000,-300.000000,0.000000,0.000000,-5356.000000,0.000000,196.000000
0.000000,-100.000000,0.000000,0.000000,-5352.000000,0.000000,0.000000
0.000000,-200.000000,0.000000,0.000000,-5323.000000,0.000000,0.000000
100.000000,-100.000000,0.000000,0.000000,-5310.000000,0.000000,0.000000
0.000000,-100.000000,0.000000,0.000000,-5291.000000,0.000000,0.000000
0.000000,-200.000000,0.000000,0.000000,-5272.000000,0.000000,0.000000
0.000000,0.000000,0.000000,0.000000,-5253.000000,0.000000,0.000000
100.000000,-300.000000,0.000000,0.000000,-5237.000000,0.000000,0.000000
0.000000,0.000000,0.000000,0.000000,-5231.000000,0.000000,0.000000
0.000000,100.000000,0.000000,0.000000,-5214.000000,0.000000,0.000000
100.000000,-400.000000,0.000000,0.000000,-5189.000000,0.000000,0.000000
0.000000,-200.000000,0.000000,0.000000,-5167.000000,0.000000,0.000000
-100.000000,-200.000000,0.000000,0.000000,-5156.000000,0.000000,0.000000
-200.000000,-300.000000,0.000000,0.000000,-5139.000000,0.000000,0.000000
0.000000,-300.000000,0.000000,0.000000,-5129.000000,0.000000,0.000000
-200.000000,0.000000,156.000000,156.000000,-5122.000000,0.000000,0.000000
100.000000,-200.000000,0.000000,0.000000,-5122.000000,0.000000,0.000000
0.000000,0.000000,0.000000,0.000000,-5116.000000,0.000000,0.000000
200.000000,-100.000000,0.000000,0.000000,-5113.000000,0.000000,0.000000
200.000000,-200.000000,0.000000,0.000000,-5106.000000,0.000000,0.000000
100.000000,-200.000000,0.000000,0.000000,-5097.000000,0.000000,0.000000
0.000000,-100.000000,0.000000,0.000000,-5111.000000,0.000000,0.000000
-100.000000,-100.000000,0.000000,0.000000,-5114.000000,0.000000,0.000000
200.000000,-400.000000,0.000000,0.000000,-5134.000000,0.000000,0.000000
-100.000000,-100.000000,0.000000,0.000000,-5134.000000,0.000000,0.000000
-100.000000,-100.000000,0.000000,0.000000,-5141.000000,0.000000,0.000000
0.000000,-100.000000,0.000000,0.000000,-5154.000000,0.000000,0.000000
0.000000,-200.000000,0.000000,0.000000,-5162.000000,0.000000,0.000000
100.000000,-100.000000,0.000000,0.000000,-5160.000000,0.000000,0.000000
0.000000,-300.000000,0.000000,0.000000,-5164.000000,0.000000,0.000000
0.000000,-200.000000,0.000000,0.000000,-5173.000000,0.000000,0.000000
0.000000,-100.000000,0.000000,0.000000,-5194.000000,0.000000,0.000000
-100.000000,0.000000,0.000000,0.000000,-5208.000000,0.000000,0.000000
0.000000,-100.000000,0.000000,0.000000,-5233.000000,0.000000,0.000000
0.000000,-100.000000,0.000000,0.000000,-5247.000000,0.000000,0.000000
0.000000,-200.000000,0.000000,0.000000,-5262.000000,0.000000,0.000000
0.000000,0.000000,0.000000,0.000000,-5284.000000,0.000000,0.000000
0.000000,0.000000,0.000000,0.000000,-5300.000000,0.000000,0.000000
-100.000000,0.000000,0.000000,0.000000,-5305.000000,0.000000,0.000000
100.000000,-200.000000,0.000000,0.000000,-5323.000000,0.000000,-196.000000
300.000000,-200.000000,0.000000,0.000000,-5329.000000,0.000000,0.000000
100.000000,-200.000000,0.000000,0.000000,-5328.000000,0.000000,0.000000
0.000000,-200.000000,0.000000,0.000000,-5334.000000,0.000000,0.000000
0.000000,-200.000000,0.000000,0.000000,-5354.000000,0.000000,0.000000
-100.000000,-200.000000,0.000000,0.000000,-5367.000000,0.000000,0.000000
100.000000,-200.000000,0.000000,0.000000,-5355.000000,0.000000,0.000000
-200.000000,-200.000000,0.000000,0.000000,-5353.000000,0.000000,0.000000
0.000000,-100.000000,0.000000,0.000000,-5362.000000,0.000000,0.000000
100.000000,0.000000,0.000000,0.000000,-5361.000000,0.000000,0.000000
100.000000,-100.000000,0.000000,0.000000,-5351.000000,0.000000,0.000000
-100.000000,-300.000000,0.000000,0.000000,-5340.000000,0.000000,0.000000
-500.000000,0.000000,0.000000,0.000000,-5338.000000,0.000000,0.000000
-100.000000,-100.000000,0.000000,0.000000,-5330.000000,0.000000,0.000000
0.000000,0.000000,0.000000,0.000000,-5328.000000,0.000000,0.000000
-100.000000,-200.000000,0.000000,0.000000,-5318.000000,0.000000,0.000000
200.000000,-200.000000,0.000000,0.000000,-5329.000000,0.000000,0.000000
200.000000,-100.000000,0.000000,0.000000,-5332.000000,0.000000,0.000000
0.000000,0.000000,0.000000,0.000000,-5317.000000,0.000000,196.000000
0.000000,-200.000000,0.000000,0.000000,-5301.000000,0.000000,0.000000
100.000000,-300.000000,0.000000,0.000000,-5303.000000,0.000000,0.000000
100.000000,-100.000000,0.000000,0.000000,-5295.000000,0.000000,0.000000
0.000000,-100.000000,0.000000,0.000000,-5291.000000,0.000000,0.000000
300.000000,0.000000,0.000000,0.000000,-5282.000000,0.000000,0.000000
0.000000,-100.000000,0.000000,0.000000,-5262.000000,0.000000,0.000000
-100.000000,100.000000,0.000000,0.000000,-5252.000000,0.000000,0.000000
0.000000,0.000000,0.000000,0.000000,-5236.000000,0.000000,0.000000
100.000000,-300.000000,0.000000,0.000000,-5229.000000,0.000000,0.000000
0.000000,-100.000000,0.000000,0.000000,-5223.000000,0.000000,0.000000
200.000000,-200.000000,0.000000,0.000000,-5217.000000,0.000000,0.000000
-100.000000,-200.000000,0.000000,0.000000,-5207.000000,0.000000,0.000000
300.000000,-300.000000,0.000000,0.000000,-5188.000000,0.000000,0.000000
-100.000000,-100.000000,0.000000,0.000000,-5192.000000,0.000000,0.000000
-100.000000,-100.000000,0.000000,0.000000,-5194.000000,0.000000,0.000000
0.000000,-300.000000,0.000000,0.000000,-5189.000000,0.000000,0.000000
-100.000000,-100.000000,0.000000,0.000000,-5196.000000,0.000000,0.000000
300.000000,-300.000000,0.000000,0.000000,-5183.000000,0.000000,0.000000
100.000000,-500.000000,0.000000,0.000000,-5184.000000,0.000000,0.000000
0.000000,-100.000000,0.000000,0.000000,-5197.000000,0.000000,0.000000
0.000000,0.000000,0.000000,0.000000,-5199.000000,0.000000,0.000000
100.000000,-300.000000,0.000000,0.000000,-5214.000000,0.000000,0.000000
100.000000,-100.000000,0.000000,0.000000,-5220.000000,0.000000,0.000000
0.000000,-200.000000,0.000000,0.000000,-5237.000000,0.000000,0.000000
-200.000000,0.000000,0.000000,0.000000,-5251.000000,0.000000,0.000000
100.000000,0.000000,0.000000,0.000000,-5251.000000,0.000000,0.000000
-200.000000,-100.000000,0.000000,0.000000,-5257.000000,0.000000,0.000000
200.000000,0.000000,0.000000,0.000000,-5262.000000,0.000000,0.000000
0.000000,0.000000,0.000000,0.000000,-5269.000000,0.000000,0.000000
0.000000,-100.000000,0.000000,0.000000,-5286.000000,0.000000,0.000000
-100.000000,-100.000000,0.000000,0.000000,-5275.000000,0.000000,0.000000
0.000000,-300.000000,0.000000,0.000000,-5270.000000,0.000000,0.000000
100.000000,0.000000,0.000000,0.000000,-5270.000000,0.000000,0.000000
0.000000,-300.000000,0.000000,0.000000,-5260.000000,0.000000,0.000000
0.000000,-200.000000,0.000000,0.000000,-5279.000000,0.000000,0.000000
-100.000000,0.000000,0.000000,0.000000,-5294.000000,0.000000,0.000000
100.000000,0.000000,0.000000,0.000000,-5319.000000,0.000000,0.000000
200.000000,-100.000000,0.000000,0.000000,-5327.000000,0.000000,0.000000
0.000000,-100.000000,0.000000,0.000000,-5327.000000,0.000000,0.000000
0.000000,-400.000000,0.000000,0.000000,-5332.000000,0.000000,0.000000
-100.000000,-200.000000,0.000000,0.000000,-5348.000000,0.000000,0.000000
0.000000,-300.000000,0.000000,0.000000,-5364.000000,0.000000,0.000000
0.000000,-200.000000,0.000000,0.000000,-5366.000000,0.000000,0.000000
0.000000,0.000000,0.000000,0.000000,-5369.000000,0.000000,0.000000
0.000000,-200.000000,0.000000,0.000000,-5373.000000,0.000000,0.000000
0.000000,0.000000,0.000000,0.000000,-5378.000000,0.000000,0.000000
100.000000,0.000000,0.000000,0.000000,-5392.000000,0.000000,0.000000
0.000000,-200.000000,0.000000,0.000000,-5385.000000,0.000000,0.000000
-100.000000,0.000000,0.000000,0.000000,-5396.000000,0.000000,0.000000
0.000000,0.000000,0.000000,0.000000,-5385.000000,0.000000,0.000000
0.000000,0.000000,0.000000,0.000000,-5369.000000,0.000000,0.000000
-100.000000,-100.000000,0.000000,0.000000,-5359.000000,0.000000,0.000000
0.000000,-200.000000,0.000000,0.000000,-5357.000000,0.000000,0.000000
100.000000,-200.000000,0.000000,0.000000,-5359.000000,0.000000,0.000000
-100.000000,100.000000,0.000000,0.000000,-5358.000000,0.000000,0.000000
0.000000,-200.000000,0.000000,0.000000,-5355.000000,0.000000,0.000000
0.000000,-100.000000,0.000000,0.000000,-5357.000000,0.000000,0.000000
0.000000,-300.000000,0.000000,0.000000,-5361.000000,0.000000,0.000000
0.000000,-100.000000,0.000000,0.000000,-5367.000000,0.000000,0.000000
0.000000,0.000000,0.000000,0.000000,-5365.000000,0.000000,0.000000
0.000000,0.000000,0.000000,0.000000,-5363.000000,0.000000,0.000000
-100.000000,-300.000000,0.000000,0.000000,-5357.000000,0.000000,0.000000
0.000000,-100.000000,0.000000,0.000000,-5351.000000,0.000000,0.000000
200.000000,-200.000000,0.000000,0.000000,-5355.000000,0.000000,0.000000
0.000000,-200.000000,0.000000,0.000000,-5350.000000,0.000000,0.000000
-200.000000,-200.000000,0.000000,0.000000,-5351.000000,0.000000,0.000000
0.000000,-200.000000,0.000000,0.000000,-5339.000000,0.000000,0.000000
100.000000,-300.000000,0.000000,0.000000,-5347.000000,0.000000,0.000000
0.000000,-300.000000,0.000000,0.000000,-5332.000000,0.000000,0.000000
0.000000,-200.000000,0.000000,0.000000,-5314.000000,0.000000,0.000000
100.000000,-200.000000,0.000000,0.000000,-5309.000000,0.000000,0.000000
-100.000000,-100.000000,0.000000,0.000000,-5303.000000,0.000000,0.000000
-100.000000,0.000000,0.000000,0.000000,-5290.000000,0.000000,0.000000
200.000000,-200.000000,78.000000,78.000000,-5289.000000,0.000000,0.000000
100.000000,100.000000,0.000000,0.000000,-5280.000000,0.000000,0.000000
-100.000000,-100.000000,0.000000,0.000000,-5277.000000,0.000000,0.000000
0.000000,-300.000000,0.000000,0.000000,-5274.000000,0.000000,0.000000
0.000000,0.000000,0.000000,0.000000,-5269.000000,0.000000,0.000000
-100.000000,-200.000000,0.000000,0.000000,-5256.000000,0.000000,0.000000
0.000000,-100.000000,0.000000,0.000000,-5279.000000,0.000000,0.000000
-100.000000,100.000000,0.000000,0.000000,-5293.000000,0.000000,0.000000
0.000000,-300.000000,156.000000,156.000000,-5299.000000,0.000000,0.000000
200.000000,0.000000,0.000000,0.000000,-5312.000000,0.000000,0.000000
-200.000000,-100.000000,0.000000,0.000000,-5295.000000,0.000000,0.000000
-100.000000,0.000000,0.000000,0.000000,-5281.000000,0.000000,0.000000
0.000000,0.000000,0.000000,0.000000,-5296.000000,0.000000,0.000000
0.000000,-100.000000,0.000000,0.000000,-5306.000000,0.000000,0.000000
-100.000000,-100.000000,0.000000,0.000000,-5305.000000,0.000000,0.000000
-100.000000,-300.000000,0.000000,0.000000,-5318.000000,0.000000,0.000000
0.000000,-100.000000,0.000000,0.000000,-5327.000000,0.000000,0.000000
-100.000000,-200.000000,0.000000,0.000000,-5329.000000,0.000000,0.000000
0.000000,0.000000,0.000000,0.000000,-5323.000000,0.000000,0.000000
-100.000000,0.000000,0.000000,0.000000,-5328.000000,0.000000,0.000000
-100.000000,-200.000000,0.000000,0.000000,-5331.000000,0.000000,0.000000
-100.000000,-300.000000,0.000000,0.000000,-5331.000000,0.000000,0.000000
-400.000000,-100.000000,0.000000,0.000000,-5327.000000,0.000000,0.000000
0.000000,0.000000,0.000000,0.000000,-5322.000000,0.000000,0.000000
0.000000,-300.000000,0.000000,0.000000,-5314.000000,0.000000,0.000000
0.000000,-200.000000,0.000000,0.000000,-5307.000000,0.000000,0.000000
0.000000,0.000000,0.000000,0.000000,-5311.000000,0.000000,0.000000
0.000000,-100.000000,0.000000,0.000000,-5317.000000,0.000000,0.000000
-100.000000,0.000000,0.000000,0.000000,-5310.000000,0.000000,0.000000
-200.000000,-200.000000,0.000000,0.000000,-5321.000000,0.000000,0.000000
0.000000,-300.000000,0.000000,0.000000,-5336.000000,0.000000,0.000000
-100.000000,-200.000000,0.000000,0.000000,-5339.000000,0.000000,0.000000
0.000000,100.000000,0.000000,0.000000,-5342.000000,0.000000,0.000000
0.000000,-300.000000,0.000000,0.000000,-5331.000000,0.000000,0.000000
100.000000,-200.000000,0.000000,0.000000,-5326.000000,0.000000,0.000000
-100.000000,0.000000,0.000000,0.000000,-5315.000000,0.000000,0.000000
-200.000000,-100.000000,0.000000,0.000000,-5317.000000,0.000000,0.000000
-100.000000,-200.000000,0.000000,0.000000,-5330.000000,0.000000,0.000000
-200.000000,100.000000,0.000000,0.000000,-5332.000000,0.000000,0.000000
100.000000,-200.000000,0.000000,0.000000,-5328.000000,0.000000,0.000000
0.000000,-200.000000,0.000000,0.000000,-5331.000000,0.000000,0.000000
-100.000000,-300.000000,0.000000,0.000000,-5314.000000,0.000000,0.000000
0.000000,-200.000000,0.000000,0.000000,-5311.000000,0.000000,0.000000
0.000000,-100.000000,0.000000,0.000000,-5314.000000,0.000000,0.000000
-100.000000,-300.000000,0.000000,0.000000,-5313.000000,0.000000,0.000000
0.000000,-400.000000,0.000000,0.000000,-5314.000000,0.000000,0.000000
0.000000,-200.000000,0.000000,0.000000,-5299.000000,0.000000,0.000000
-100.000000,-200.000000,0.000000,0.000000,-5311.000000,0.000000,0.000000
-200.000000,-200.000000,0.000000,0.000000,-5306.000000,0.000000,0.000000
0.000000,-100.000000,0.000000,0.000000,-5326.000000,0.000000,0.000000
0.000000,200.000000,156.000000,156.000000,-5329.000000,0.000000,0.000000
200.000000,0.000000,0.000000,0.000000,-5336.000000,0.000000,0.000000
100.000000,100.000000,0.000000,0.000000,-5335.000000,0.000000,0.000000
0.000000,0.000000,0.000000,0.000000,-5325.000000,0.000000,0.000000
0.000000,-300.000000,0.000000,0.000000,-5310.000000,0.000000,0.000000
0.000000,-300.000000,0.000000,0.000000,-5309.000000,0.000000,0.000000
0.000000,-200.000000,0.000000,0.000000,-5325.000000,0.000000,0.000000
-100.000000,-400.000000,0.000000,0.000000,-5326.000000,0.000000,0.000000
200.000000,0.000000,0.000000,0.000000,-5334.000000,0.000000,0.000000
0.000000,-100.000000,0.000000,0.000000,-5342.000000,0.000000,0.000000
100.000000,-200.000000,0.000000,0.000000,-5340.000000,0.000000,0.000000
0.000000,-300.000000,0.000000,0.000000,-5339.000000,0.000000,0.000000
0.000000,-300.000000,0.000000,0.000000,-5323.000000,0.000000,0.000000
0.000000,-100.000000,0.000000,0.000000,-5326.000000,0.000000,0.000000
100.000000,-300.000000,0.000000,0.000000,-5330.000000,0.000000,0.000000
0.000000,-300.000000,0.000000,0.000000,-5327.000000,0.000000,0.000000
0.000000,0.000000,0.000000,0.000000,-5312.000000,0.000000,0.000000
100.000000,-200.000000,0.000000,0.000000,-5319.000000,0.000000,0.000000
-100.000000,0.000000,0.000000,0.000000,-5328.000000,0.000000,0.000000
