Channel 1,Channel 2,Channel 3,Channel 4,Channel 5,Channel 6,Channel 7
-100.000000,0.000000,0.000000,0.000000,-5943.000000,0.000000,0.000000
0.000000,0.000000,0.000000,0.000000,-5952.000000,0.000000,0.000000
100.000000,-200.000000,78.000000,78.000000,-5962.000000,0.000000,0.000000
0.000000,-100.000000,0.000000,0.000000,-5955.000000,0.000000,0.000000
200.000000,-100.000000,0.000000,0.000000,-5954.000000,0.000000,0.000000
-100.000000,0.000000,0.000000,0.000000,-5956.000000,0.000000,0.000000
0.000000,0.000000,0.000000,0.000000,-5963.000000,0.000000,0.000000
-100.000000,-300.000000,0.000000,0.000000,-5960.000000,0.000000,0.000000
-100.000000,-100.000000,0.000000,0.000000,-5948.000000,0.000000,0.000000
0.000000,-100.000000,0.000000,0.000000,-5953.000000,0.000000,0.000000
100.000000,-200.000000,0.000000,0.000000,-5965.000000,0.000000,0.000000
0.000000,-500.000000,0.000000,0.000000,-5986.000000,0.000000,0.000000
0.000000,-300.000000,0.000000,0.000000,-5989.000000,0.000000,0.000000
0.000000,0.000000,0.000000,0.000000,-5986.000000,0.000000,0.000000
200.000000,-400.000000,0.000000,0.000000,-5998.000000,0.000000,0.000000
-100.000000,-200.000000,0.000000,0.000000,-5990.000000,0.000000,0.000000
-100.000000,0.000000,0.000000,0.000000,-6004.000000,0.000000,0.000000
0.000000,100.000000,0.000000,0.000000,-6014.000000,0.000000,0.000000
0.000000,-300.000000,0.000000,0.000000,-6025.000000,0.000000,0.000000
0.000000,0.000000,0.000000,0.000000,-6021.000000,0.000000,0.000000
0.000000,-300.000000,0.000000,0.000000,-6006.000000,0.000000,0.000000
200.000000,-200.000000,0.000000,0.000000,-6022.000000,0.000000,0.000000
0.000000,-300.000000,0.000000,0.000000,-6018.000000,0.000000,0.000000
-200.000000,-200.000000,0.000000,0.000000,-6021.000000,0.000000,0.000000
0.000000,-200.000000,0.000000,0.000000,-6019.000000,0.000000,0.000000
-100.000000,200.000000,0.000000,0.000000,-6013.000000,0.000000,0.000000
0.000000,-200.000000,0.000000,0.000000,-6008.000000,0.000000,0.000000
0.000000,-400.000000,78.000000,78.000000,-6015.000000,0.000000,0.000000
-200.000000,100.000000,0.000000,0.000000,-6022.000000,0.000000,0.000000
0.000000,-200.000000,0.000000,0.000000,-6032.000000,0.000000,0.000000
0.000000,-300.000000,0.000000,0.000000,-6033.000000,0.000000,0.000000
0.000000,0.000000,0.000000,0.000000,-6024.000000,0.000000,0.000000
-100.000000,-200.000000,0.000000,0.000000,-6023.000000,0.000000,0.000000
0.000000,0.000000,0.000000,0.000000,-6016.000000,0.000000,0.000000
0.000000,0.000000,0.000000,0.000000,-6003.000000,0.000000,0.000000
-100.000000,-200.000000,0.000000,0.000000,-5990.000000,0.000000,0.000000
200.000000,0.000000,0.000000,0.000000,-5988.000000,0.000000,0.000000
0.000000,-100.000000,0.000000,0.000000,-5984.000000,0.000000,0.000000
-200.000000,0.000000,0.000000,0.000000,-5992.000000,0.000000,0.000000
0.000000,-300.000000,0.000000,0.000000,-5986.000000,0.000000,0.000000
-100.000000,-200.000000,0.000000,0.000000,-5977.000000,0.000000,0.000000
0.000000,-300.000000,0.000000,0.000000,-5979.000000,0.000000,0.000000
-100.000000,-100.000000,0.000000,0.000000,-5973.000000,0.000000,0.000000
0.000000,-100.000000,0.000000,0.000000,-5975.000000,0.000000,0.000000
-100.000000,-400.000000,0.000000,0.000000,-5961.000000,0.000000,0.000000
100.000000,-400.000000,0.000000,0.000000,-5981.000000,0.000000,0.000000
-100.000000,-100.000000,0.000000,0.000000,-5984.000000,0.000000,0.000000
200.000000,-200.000000,0.000000,0.000000,-5978.000000,0.000000,0.000000
0.000000,0.000000,0.000000,0.000000,-5991.000000,0.000000,0.000000
0.000000,0.000000,0.000000,0.000000,-6001.000000,0.000000,0.000000
-100.000000,-200.000000,0.000000,0.000000,-6016.000000,0.000000,0.000000
0.000000,-100.000000,0.000000,0.000000,-6030.000000,0.000000,0.000000
-100.000000,0.000000,0.000000,0.000000,-6030.000000,0.000000,0.000000
0.000000,-100.000000,0.000000,0.000000,-6001.000000,0.000000,0.000000
-100.000000,-100.000000,0.000000,0.000000,-5998.000000,0.000000,0.000000
-100.000000,0.000000,0.000000,0.000000,-5995.000000,0.000000,0.000000
0.000000,-200.000000,0.000000,0.000000,-5989.000000,0.000000,0.000000
-100.000000,0.000000,0.000000,0.000000,-5975.000000,0.000000,0.000000
0.000000,100.000000,0.000000,0.000000,-5934.000000,0.000000,0.000000
0.000000,-300.000000,0.000000,0.000000,-5928.000000,0.000000,-196.000000
0.000000,-200.000000,0.000000,0.000000,-5906.000000,0.000000,0.000000
0.000000,-200.000000,0.000000,0.000000,-5887.000000,0.000000,0.000000
300.000000,-200.000000,0.000000,0.000000,-5868.000000,0.000000,0.000000
-300.000000,0.000000,0.000000,0.000000,-5864.000000,0.000000,0.000000
0.000000,0.000000,0.000000,0.000000,-5864.000000,0.000000,0.000000
0.000000,200.000000,0.000000,0.000000,-5872.000000,0.000000,0.000000
0.000000,-300.000000,0.000000,0.000000,-5876.000000,0.000000,0.000000
-100.000000,-300.000000,0.000000,0.000000,-5878.000000,0.000000,-196.000000
-100.000000,-200.000000,0.000000,0.000000,-5887.000000,0.000000,0.000000
0.000000,0.000000,0.000000,0.000000,-5885.000000,0.000000,0.000000
100.000000,-100.000000,0.000000,0.000000,-5894.000000,0.000000,-196.000000
-100.000000,-100.000000,0.000000,0.000000,-5883.000000,0.000000,0.000000
0.000000,-100.000000,0.000000,0.000000,-5888.000000,0.000000,-196.000000
-300.000000,-300.000000,0.000000,0.000000,-5910.000000,0.000000,0.000000
0.000000,-100.000000,0.000000,0.000000,-5937.000000,0.000000,0.000000
300.000000,-200.000000,0.000000,0.000000,-5988.000000,0.000000,0.000000
0.000000,-300.000000,0.000000,0.000000,-6021.000000,0.000000,-196.000000
0.000000,-200.000000,0.000000,0.000000,-6056.000000,0.000000,0.000000
-100.000000,-200.000000,0.000000,0.000000,-6078.000000,0.000000,0.000000
-100.000000,-200.000000,0.000000,0.000000,-6096.000000,0.000000,0.000000
-400.000000,0.000000,0.000000,0.000000,-6121.000000,0.000000,0.000000
0.000000,100.000000,0.000000,0.000000,-6139.000000,0.000000,0.000000
0.000000,-300.000000,0.000000,0.000000,-6167.000000,0.000000,0.000000
-200.000000,100.000000,0.000000,0.000000,-6205.000000,0.000000,0.000000
0.000000,-200.000000,0.000000,0.000000,-6225.000000,0.000000,0.000000
-100.000000,-200.000000,0.000000,0.000000,-6244.000000,0.000000,-196.000000
-100.000000,0.000000,0.000000,0.000000,-6274.000000,0.000000,0.000000
100.000000,-400.000000,0.000000,0.000000,-6293.000000,0.000000,0.000000
100.000000,-300.000000,0.000000,0.000000,-6312.000000,0.000000,0.000000
0.000000,-100.000000,0.000000,0.000000,-6325.000000,0.000000,0.000000
200.000000,0.000000,0.000000,0.000000,-6347.000000,0.000000,0.000000
0.000000,-100.000000,0.000000,0.000000,-6370.000000,0.000000,0.000000
0.000000,-400.000000,0.000000,0.000000,-6374.000000,0.000000,0.000000
-100.000000,-300.000000,0.000000,0.000000,-6379.000000,0.000000,0.000000
-100.000000,-400.000000,0.000000,0.000000,-6382.000000,0.000000,0.000000
0.000000,-200.000000,0.000000,0.000000,-6391.000000,0.000000,0.000000
300.000000,0.000000,0.000000,0.000000,-6388.000000,0.000000,0.000000
100.000000,200.000000,0.000000,0.000000,-6409.000000,0.000000,0.000000
0.000000,0.000000,0.000000,0.000000,-6411.000000,196.000000,196.000000
100.000000,-100.000000,0.000000,0.000000,-6437.000000,0.000000,0.000000
0.000000,100.000000,0.000000,0.000000,-6423.000000,0.000000,0.000000
0.000000,0.000000,0.000000,0.000000,-6432.000000,196.000000,0.000000
0.000000,-100.000000,0.000000,0.000000,-6423.000000,0.000000,0.000000
0.000000,-100.000000,0.000000,0.000000,-6433.000000,0.000000,0.000000
100.000000,400.000000,0.000000,0.000000,-6427.000000,196.000000,0.000000
-100.000000,0.000000,0.000000,0.000000,-6407.000000,0.000000,0.000000
100.000000,0.000000,0.000000,0.000000,-6394.000000,0.000000,0.000000
0.000000,0.000000,0.000000,0.000000,-6392.000000,0.000000,0.000000
0.000000,-100.000000,0.000000,0.000000,-6396.000000,196.000000,0.000000
-100.000000,-200.000000,0.000000,0.000000,-6387.000000,0.000000,0.000000
0.000000,200.000000,0.000000,0.000000,-6377.000000,0.000000,0.000000
0.000000,500.000000,0.000000,0.000000,-6368.000000,196.000000,0.000000
-100.000000,0.000000,0.000000,0.000000,-6373.000000,0.000000,0.000000
100.000000,200.000000,156.000000,156.000000,-6372.000000,196.000000,0.000000
100.000000,-100.000000,0.000000,0.000000,-6352.000000,0.000000,0.000000
0.000000,0.000000,0.000000,0.000000,-6343.000000,0.000000,0.000000
0.000000,0.000000,0.000000,0.000000,-6356.000000,0.000000,0.000000
-100.000000,-100.000000,0.000000,0.000000,-6351.000000,0.000000,0.000000
0.000000,-100.000000,0.000000,0.000000,-6354.000000,0.000000,0.000000
0.000000,0.000000,0.000000,0.000000,-6353.000000,0.000000,0.000000
100.000000,-200.000000,0.000000,0.000000,-6342.000000,196.000000,0.000000
0.000000,8700.000000,12000.000000,12000.000000,-6318.000000,0.000000,196.000000
12000.000000,12000.000000,12000.000000,12000.000000,-6404.000000,2159.000000,1963.000000
10400.000000,11900.000000,12000.000000,12000.000000,-6584.000000,4908.000000,2748.000000
13500.000000,12900.000000,12000.000000,12000.000000,-6845.000000,5890.000000,981.000000
12300.000000,12500.000000,12000.000000,12000.000000,-5830.000000,3141.000000,-392.000000
12100.000000,11500.000000,12000.000000,12000.000000,-4470.000000,-981.000000,-589.000000
11200.000000,10600.000000,12000.000000,12000.000000,-4517.000000,-1963.000000,981.000000
10700.000000,9300.000000,12000.000000,12000.000000,-5293.000000,-196.000000,2552.000000
10400.000000,10400.000000,12000.000000,12000.000000,-4766.000000,2552.000000,2945.000000
12800.000000,11900.000000,12000.000000,12000.000000,-3944.000000,4516.000000,2159.000000
10600.000000,12900.000000,12000.000000,12000.000000,-3657.000000,4123.000000,1374.000000
13000.000000,11700.000000,12000.000000,12000.000000,-2775.000000,1570.000000,1374.000000
11300.000000,11000.000000,12000.000000,12000.000000,-2145.000000,196.000000,1374.000000
10900.000000,11100.000000,12000.000000,12000.000000,-2485.000000,1178.000000,2552.000000
11300.000000,11100.000000,12000.000000,12000.000000,-1785.000000,3337.000000,3141.000000
11100.000000,11500.000000,12000.000000,12000.000000,-710.000000,4516.000000,2356.000000
13300.000000,11000.000000,12000.000000,12000.000000,-3.000000,3926.000000,1374.000000
13100.000000,11200.000000,12000.000000,12000.000000,819.000000,2159.000000,1963.000000
13100.000000,13700.000000,12000.000000,12000.000000,1553.000000,1570.000000,2552.000000
10700.000000,11400.000000,12000.000000,12000.000000,1576.000000,2552.000000,2552.000000
13100.000000,10600.000000,12000.000000,12000.000000,2016.000000,3730.000000,3337.000000
12400.000000,10400.000000,12000.000000,12000.000000,2937.000000,4516.000000,2945.000000
10700.000000,11700.000000,12000.000000,12000.000000,3260.000000,3926.000000,2552.000000
10800.000000,13800.000000,12000.000000,12000.000000,3827.000000,2356.000000,2748.000000
13200.000000,10900.000000,12000.000000,12000.000000,4600.000000,1767.000000,2945.000000
10900.000000,11900.000000,12000.000000,12000.000000,4669.000000,2748.000000,3141.000000
13300.000000,10300.000000,12000.000000,12000.000000,4781.000000,3534.000000,3141.000000
11000.000000,11100.000000,12000.000000,12000.000000,5750.000000,3926.000000,2748.000000
13300.000000,11900.000000,12000.000000,12000.000000,6448.000000,3534.000000,2356.000000
10800.000000,14400.000000,12000.000000,12000.000000,6648.000000,2356.000000,2552.000000
10600.000000,10700.000000,12000.000000,12000.000000,6970.000000,2159.000000,2748.000000
13300.000000,10200.000000,12000.000000,12000.000000,7284.000000,2945.000000,2748.000000
10700.000000,10700.000000,12000.000000,12000.000000,7289.000000,3337.000000,2748.000000
11100.000000,10800.000000,12000.000000,12000.000000,7661.000000,3534.000000,2356.000000
13000.000000,12100.000000,12000.000000,12000.000000,8171.000000,2748.000000,2159.000000
13700.000000,11800.000000,12000.000000,12000.000000,8106.000000,2159.000000,2356.000000
12100.000000,12100.000000,12000.000000,12000.000000,8116.000000,1963.000000,2159.000000
10900.000000,11500.000000,12000.000000,12000.000000,8178.000000,2356.000000,2159.000000
10700.000000,13500.000000,12000.000000,12000.000000,8179.000000,2748.000000,1963.000000
10500.000000,10600.000000,12000.000000,12000.000000,8269.000000,2748.000000,1767.000000
11900.000000,11700.000000,12000.000000,12000.000000,8422.000000,2356.000000,1570.000000
13100.000000,13800.000000,12000.000000,12000.000000,8289.000000,1767.000000,1570.000000
11400.000000,12700.000000,12000.000000,12000.000000,8122.000000,1963.000000,1570.000000
11300.000000,11700.000000,12000.000000,12000.000000,8009.000000,2159.000000,1767.000000
10600.000000,12200.000000,0.000000,0.000000,7845.000000,2159.000000,981.000000
-200.000000,-500.000000,0.000000,0.000000,7763.000000,392.000000,-392.000000
-400.000000,100.000000,0.000000,0.000000,7524.000000,-196.000000,-785.000000
0.000000,100.000000,0.000000,0.000000,7042.000000,0.000000,-981.000000
100.000000,0.000000,0.000000,0.000000,6613.000000,0.000000,-589.000000
0.000000,200.000000,0.000000,0.000000,6489.000000,-392.000000,-196.000000
0.000000,100.000000,0.000000,0.000000,6005.000000,196.000000,196.000000
-100.000000,-100.000000,0.000000,0.000000,5029.000000,196.000000,392.000000
-100.000000,100.000000,0.000000,0.000000,4226.000000,196.000000,589.000000
200.000000,100.000000,0.000000,0.000000,3673.000000,196.000000,196.000000
0.000000,0.000000,0.000000,0.000000,2927.000000,196.000000,0.000000
-100.000000,-100.000000,0.000000,0.000000,1945.000000,392.000000,-196.000000
100.000000,-100.000000,0.000000,0.000000,1053.000000,196.000000,0.000000
0.000000,0.000000,0.000000,0.000000,226.000000,196.000000,-392.000000
200.000000,100.000000,0.000000,0.000000,-758.000000,0.000000,-589.000000
0.000000,-300.000000,0.000000,0.000000,-1769.000000,-196.000000,-981.000000
100.000000,100.000000,0.000000,0.000000,-2753.000000,0.000000,-1178.000000
100.000000,-100.000000,0.000000,0.000000,-3740.000000,0.000000,-1178.000000
100.000000,0.000000,0.000000,0.000000,-4783.000000,0.000000,-981.000000
100.000000,-100.000000,0.000000,0.000000,-5711.000000,0.000000,-981.000000
100.000000,-200.000000,0.000000,0.000000,-6620.000000,0.000000,-785.000000
100.000000,300.000000,0.000000,0.000000,-7518.000000,196.000000,-589.000000
0.000000,-100.000000,0.000000,0.000000,-8411.000000,0.000000,-196.000000
-100.000000,-200.000000,0.000000,0.000000,-9270.000000,392.000000,-196.000000
0.000000,-100.000000,0.000000,0.000000,-9955.000000,785.000000,0.000000
-100.000000,-300.000000,0.000000,0.000000,-10631.000000,1178.000000,0.000000
-100.000000,-100.000000,0.000000,0.000000,-11390.000000,1374.000000,0.000000
100.000000,-100.000000,0.000000,0.000000,-12067.000000,1374.000000,0.000000
-100.000000,0.000000,0.000000,0.000000,-12646.000000,1570.000000,0.000000
0.000000,0.000000,0.000000,0.000000,-13154.000000,1570.000000,196.000000
-200.000000,-100.000000,0.000000,0.000000,-13639.000000,1767.000000,785.000000
0.000000,-100.000000,0.000000,0.000000,-14048.000000,2159.000000,1963.000000
-100.000000,-200.000000,0.000000,0.000000,-14386.000000,2552.000000,2356.000000
100.000000,0.000000,0.000000,0.000000,-14695.000000,2748.000000,2356.000000
-100.000000,100.000000,0.000000,0.000000,-14877.000000,2945.000000,2356.000000
0.000000,-200.000000,0.000000,0.000000,-14942.000000,2945.000000,1963.000000
0.000000,-300.000000,0.000000,0.000000,-14976.000000,3337.000000,1963.000000
0.000000,-200.000000,0.000000,0.000000,-14966.000000,3534.000000,1963.000000
-100.000000,0.000000,0.000000,0.000000,-14841.000000,3926.000000,2748.000000
-200.000000,100.000000,0.000000,0.000000,-14658.000000,4123.000000,3337.000000
200.000000,0.000000,0.000000,0.000000,-14461.000000,4319.000000,3534.000000
-100.000000,0.000000,0.000000,0.000000,-14161.000000,4516.000000,3534.000000
0.000000,-300.000000,0.000000,0.000000,-13834.000000,4516.000000,3926.000000
0.000000,0.000000,0.000000,0.000000,-13411.000000,4516.000000,3730.000000
-100.000000,300.000000,0.000000,0.000000,-12925.000000,4516.000000,3926.000000
0.000000,0.000000,0.000000,0.000000,-12436.000000,4908.000000,3926.000000
0.000000,0.000000,0.000000,0.000000,-11958.000000,5105.000000,4516.000000
-200.000000,-100.000000,0.000000,0.000000,-11390.000000,5497.000000,4908.000000
0.000000,0.000000,0.000000,0.000000,-10683.000000,5301.000000,4516.000000
100.000000,0.000000,0.000000,0.000000,-9989.000000,5301.000000,4516.000000
100.000000,-100.000000,0.000000,0.000000,-9315.000000,5105.000000,4516.000000
-100.000000,-100.000000,0.000000,0.000000,-8558.000000,5105.000000,4516.000000
200.000000,0.000000,0.000000,0.000000,-7748.000000,4908.000000,4123.000000
-100.000000,-200.000000,0.000000,0.000000,-6965.000000,4712.000000,3926.000000
-100.000000,0.000000,0.000000,0.000000,-6183.000000,4712.000000,4123.000000
-200.000000,-700.000000,0.000000,0.000000,-5393.000000,4908.000000,4123.000000
-100.000000,0.000000,0.000000,0.000000,-4668.000000,5105.000000,3926.000000
0.000000,-200.000000,0.000000,0.000000,-4017.000000,5105.000000,3926.000000
0.000000,-300.000000,0.000000,0.000000,-3395.000000,4712.000000,3926.000000
-200.000000,300.000000,0.000000,0.000000,-2742.000000,4712.000000,3730.000000
0.000000,-100.000000,0.000000,0.000000,-2142.000000,4516.000000,3730.000000
-200.000000,-200.000000,0.000000,0.000000,-1605.000000,4319.000000,3534.000000
-100.000000,100.000000,0.000000,0.000000,-1101.000000,4123.000000,3141.000000
-100.000000,-100.000000,0.000000,0.000000,-565.000000,3730.000000,2945.000000
-100.000000,0.000000,0.000000,0.000000,-129.000000,3730.000000,2552.000000
-100.000000,0.000000,0.000000,0.000000,237.000000,3534.000000,2356.000000
-100.000000,0.000000,0.000000,0.000000,603.000000,3141.000000,2159.000000
0.000000,0.000000,0.000000,0.000000,902.000000,2945.000000,2159.000000
0.000000,0.000000,0.000000,0.000000,1121.000000,2748.000000,1767.000000
100.000000,100.000000,0.000000,0.000000,1263.000000,2552.000000,1767.000000
100.000000,0.000000,0.000000,0.000000,1392.000000,2356.000000,1374.000000
0.000000,-300.000000,0.000000,0.000000,1426.000000,2159.000000,1178.000000
-200.000000,0.000000,0.000000,0.000000,1384.000000,1767.000000,785.000000
0.000000,-300.000000,0.000000,0.000000,1291.000000,1570.000000,589.000000
0.000000,0.000000,0.000000,0.000000,1148.000000,1374.000000,392.000000
-100.000000,0.000000,0.000000,0.000000,945.000000,981.000000,196.000000
0.000000,0.000000,0.000000,0.000000,655.000000,589.000000,0.000000
-100.000000,100.000000,0.000000,0.000000,335.000000,589.000000,-196.000000
100.000000,0.000000,0.000000,0.000000,-46.000000,392.000000,0.000000
0.000000,0.000000,0.000000,0.000000,-475.000000,196.000000,-196.000000
0.000000,0.000000,0.000000,0.000000,-1002.000000,196.000000,-196.000000
100.000000,-200.000000,0.000000,0.000000,-1562.000000,0.000000,-589.000000
100.000000,100.000000,0.000000,0.000000,-2123.000000,196.000000,-785.000000
100.000000,0.000000,0.000000,0.000000,-2698.000000,0.000000,-981.000000
100.000000,-100.000000,0.000000,0.000000,-3332.000000,0.000000,-1178.000000
100.000000,-200.000000,0.000000,0.000000,-4001.000000,0.000000,-1178.000000
0.000000,-100.000000,0.000000,0.000000,-4620.000000,0.000000,-981.000000
100.000000,-200.000000,0.000000,0.000000,-5290.000000,0.000000,-785.000000
0.000000,-100.000000,0.000000,0.000000,-5964.000000,0.000000,-981.000000
200.000000,0.000000,0.000000,0.000000,-6635.000000,0.000000,-785.000000
-100.000000,-100.000000,0.000000,0.000000,-7344.000000,0.000000,-785.000000
0.000000,-100.000000,0.000000,0.000000,-8049.000000,0.000000,-981.000000
0.000000,-100.000000,0.000000,0.000000,-8740.000000,0.000000,-785.000000
200.000000,0.000000,0.000000,0.000000,-9387.000000,0.000000,-589.000000
0.000000,-100.000000,0.000000,0.000000,-9975.000000,0.000000,-589.000000
100.000000,-100.000000,0.000000,0.000000,-10546.000000,196.000000,-392.000000
100.000000,0.000000,0.000000,0.000000,-11062.000000,392.000000,-196.000000
200.000000,0.000000,0.000000,0.000000,-11535.000000,981.000000,196.000000
-300.000000,100.000000,0.000000,0.000000,-11996.000000,1374.000000,0.000000
0.000000,0.000000,0.000000,0.000000,-12432.000000,1374.000000,392.000000
-200.000000,0.000000,0.000000,0.000000,-12843.000000,1570.000000,0.000000
0.000000,0.000000,0.000000,0.000000,-13167.000000,1374.000000,0.000000
-100.000000,0.000000,0.000000,0.000000,-13449.000000,1570.000000,392.000000
100.000000,0.000000,0.000000,0.000000,-13718.000000,1767.000000,785.000000
100.000000,-100.000000,0.000000,0.000000,-13910.000000,1963.000000,1178.000000
-200.000000,0.000000,0.000000,0.000000,-14032.000000,2552.000000,1767.000000
-300.000000,0.000000,0.000000,0.000000,-14087.000000,2552.000000,1570.000000
-300.000000,-100.000000,0.000000,0.000000,-14141.000000,2552.000000,1570.000000
0.000000,100.000000,0.000000,0.000000,-14141.000000,2748.000000,1570.000000
200.000000,-100.000000,0.000000,0.000000,-14015.000000,2945.000000,1767.000000
0.000000,0.000000,0.000000,0.000000,-13870.000000,2945.000000,2159.000000
-200.000000,-100.000000,0.000000,0.000000,-13704.000000,3337.000000,2356.000000
-100.000000,0.000000,0.000000,0.000000,-13454.000000,3534.000000,2552.000000
0.000000,-100.000000,0.000000,0.000000,-13124.000000,3534.000000,2552.000000
-100.000000,-100.000000,0.000000,0.000000,-12833.000000,3337.000000,2552.000000
-100.000000,0.000000,0.000000,0.000000,-12521.000000,3534.000000,2552.000000
-100.000000,100.000000,0.000000,0.000000,-12117.000000,3534.000000,2552.000000
0.000000,-100.000000,0.000000,0.000000,-11654.000000,3534.000000,2552.000000
0.000000,-100.000000,0.000000,0.000000,-11206.000000,3730.000000,2945.000000
0.000000,0.000000,0.000000,0.000000,-10706.000000,3926.000000,2945.000000
0.000000,0.000000,0.000000,0.000000,-10110.000000,3926.000000,3141.000000
-200.000000,0.000000,0.000000,0.000000,-9528.000000,4123.000000,2945.000000
0.000000,-200.000000,0.000000,0.000000,-8945.000000,3926.000000,2748.000000
-200.000000,-200.000000,0.000000,0.000000,-8301.000000,3730.000000,2748.000000
-200.000000,100.000000,0.000000,0.000000,-7656.000000,3730.000000,2552.000000
-100.000000,-100.000000,0.000000,0.000000,-7037.000000,3534.000000,2552.000000
-200.000000,0.000000,0.000000,0.000000,-6409.000000,3337.000000,2356.000000
0.000000,-100.000000,0.000000,0.000000,-5784.000000,3337.000000,2356.000000
-200.000000,100.000000,0.000000,0.000000,-5201.000000,3141.000000,2356.000000
0.000000,0.000000,0.000000,0.000000,-4680.000000,3141.000000,2552.000000
0.000000,0.000000,0.000000,0.000000,-4157.000000,3141.000000,2356.000000
0.000000,100.000000,0.000000,0.000000,-3691.000000,2945.000000,2356.000000
100.000000,-300.000000,0.000000,0.000000,-3260.000000,2748.000000,2159.000000
0.000000,0.000000,0.000000,0.000000,-2833.000000,2748.000000,2159.000000
-200.000000,-300.000000,0.000000,0.000000,-2450.000000,2748.000000,1963.000000
-100.000000,-200.000000,0.000000,0.000000,-2056.000000,2356.000000,1767.000000
-100.000000,200.000000,0.000000,0.000000,-1724.000000,2159.000000,1570.000000
0.000000,100.000000,0.000000,0.000000,-1452.000000,1963.000000,1570.000000
0.000000,0.000000,0.000000,0.000000,-1228.000000,1767.000000,1374.000000
0.000000,300.000000,0.000000,0.000000,-1042.000000,1570.000000,1178.000000
-100.000000,-100.000000,0.000000,0.000000,-899.000000,1374.000000,981.000000
-100.000000,-300.000000,0.000000,0.000000,-782.000000,981.000000,785.000000
0.000000,0.000000,0.000000,0.000000,-711.000000,589.000000,589.000000
-100.000000,-200.000000,0.000000,0.000000,-691.000000,392.000000,392.000000
200.000000,0.000000,0.000000,0.000000,-769.000000,-196.000000,196.000000
100.000000,0.000000,156.000000,156.000000,-918.000000,0.000000,196.000000
100.000000,-200.000000,0.000000,0.000000,-1065.000000,0.000000,0.000000
-300.000000,-100.000000,0.000000,0.000000,-1234.000000,0.000000,-196.000000
200.000000,-200.000000,0.000000,0.000000,-1453.000000,0.000000,0.000000
-200.000000,0.000000,0.000000,0.000000,-1699.000000,-392.000000,-392.000000
100.000000,100.000000,0.000000,0.000000,-1962.000000,-589.000000,-589.000000
100.000000,200.000000,0.000000,0.000000,-2279.000000,-981.000000,-1178.000000
300.000000,100.000000,0.000000,0.000000,-2669.000000,-981.000000,-1178.000000
0.000000,0.000000,0.000000,0.000000,-3098.000000,-1178.000000,-1178.000000
100.000000,0.000000,0.000000,0.000000,-3495.000000,-785.000000,-1178.000000
100.000000,100.000000,0.000000,0.000000,-3889.000000,-981.000000,-1178.000000
0.000000,100.000000,0.000000,0.000000,-4324.000000,-785.000000,-981.000000
100.000000,200.000000,0.000000,0.000000,-4811.000000,-981.000000,-981.000000
0.000000,100.000000,0.000000,0.000000,-5283.000000,-981.000000,-1178.000000
0.000000,0.000000,0.000000,0.000000,-5763.000000,-1178.000000,-1374.000000
0.000000,0.000000,0.000000,0.000000,-6266.000000,-1178.000000,-1374.000000
-200.000000,200.000000,0.000000,0.000000,-6771.000000,-981.000000,-1374.000000
100.000000,300.000000,0.000000,0.000000,-7260.000000,-785.000000,-1178.000000
0.000000,0.000000,0.000000,0.000000,-7782.000000,-981.000000,-981.000000
100.000000,100.000000,0.000000,0.000000,-8310.000000,-589.000000,-785.000000
300.000000,100.000000,0.000000,0.000000,-8783.000000,-589.000000,-785.000000
-100.000000,200.000000,0.000000,0.000000,-9253.000000,-589.000000,-589.000000
200.000000,0.000000,0.000000,0.000000,-9721.000000,-589.000000,-589.000000
200.000000,0.000000,0.000000,0.000000,-10151.000000,-392.000000,-392.000000
0.000000,0.000000,0.000000,0.000000,-10477.000000,-196.000000,-392.000000
-100.000000,100.000000,0.000000,0.000000,-10791.000000,-196.000000,-392.000000
0.000000,300.000000,0.000000,0.000000,-11113.000000,0.000000,-196.000000
300.000000,200.000000,0.000000,0.000000,-11383.000000,0.000000,0.000000
100.000000,200.000000,0.000000,0.000000,-11619.000000,392.000000,196.000000
100.000000,-400.000000,0.000000,0.000000,-11800.000000,0.000000,196.000000
100.000000,-200.000000,0.000000,0.000000,-11978.000000,0.000000,0.000000
0.000000,-200.000000,0.000000,0.000000,-12093.000000,0.000000,196.000000
100.000000,0.000000,0.000000,0.000000,-12154.000000,196.000000,392.000000
0.000000,300.000000,0.000000,0.000000,-12160.000000,196.000000,392.000000
0.000000,100.000000,0.000000,0.000000,-12218.000000,981.000000,981.000000
-100.000000,200.000000,0.000000,0.000000,-12189.000000,1570.000000,1374.000000
0.000000,100.000000,0.000000,0.000000,-12124.000000,1767.000000,1570.000000
0.000000,-100.000000,0.000000,0.000000,-12009.000000,1767.000000,1374.000000
200.000000,0.000000,0.000000,0.000000,-11876.000000,1570.000000,1374.000000
300.000000,300.000000,0.000000,0.000000,-11618.000000,1570.000000,1178.000000
0.000000,0.000000,0.000000,0.000000,-11384.000000,1374.000000,1374.000000
0.000000,400.000000,0.000000,0.000000,-11158.000000,1374.000000,1570.000000
0.000000,-300.000000,0.000000,0.000000,-10881.000000,1374.000000,1767.000000
0.000000,0.000000,0.000000,0.000000,-10557.000000,1767.000000,2159.000000
0.000000,-200.000000,0.000000,0.000000,-10214.000000,2159.000000,2159.000000
0.000000,100.000000,0.000000,0.000000,-9856.000000,2356.000000,1963.000000
0.000000,0.000000,0.000000,0.000000,-9460.000000,2159.000000,1963.000000
100.000000,0.000000,0.000000,0.000000,-9010.000000,2159.000000,1767.000000
100.000000,-200.000000,0.000000,0.000000,-8540.000000,1963.000000,1767.000000
0.000000,100.000000,0.000000,0.000000,-8104.000000,1963.000000,1570.000000
-200.000000,-100.000000,0.000000,0.000000,-7703.000000,1767.000000,1570.000000
0.000000,-200.000000,0.000000,0.000000,-7231.000000,1767.000000,1767.000000
0.000000,0.000000,0.000000,0.000000,-6738.000000,1767.000000,1767.000000
100.000000,0.000000,0.000000,0.000000,-6301.000000,1767.000000,1963.000000
0.000000,0.000000,0.000000,0.000000,-5880.000000,1570.000000,1767.000000
100.000000,0.000000,0.000000,0.000000,-5429.000000,1570.000000,1767.000000
200.000000,-400.000000,0.000000,0.000000,-5002.000000,1767.000000,1570.000000
200.000000,0.000000,0.000000,0.000000,-4646.000000,1570.000000,1570.000000
0.000000,0.000000,0.000000,0.000000,-4292.000000,1374.000000,1374.000000
0.000000,100.000000,0.000000,0.000000,-3924.000000,1374.000000,1374.000000
-100.000000,100.000000,0.000000,0.000000,-3594.000000,1178.000000,1178.000000
-100.000000,0.000000,0.000000,0.000000,-3331.000000,1178.000000,1178.000000
0.000000,0.000000,0.000000,0.000000,-3072.000000,981.000000,1178.000000
-100.000000,-300.000000,0.000000,0.000000,-2817.000000,785.000000,981.000000
300.000000,-100.000000,0.000000,0.000000,-2611.000000,785.000000,785.000000
-300.000000,0.000000,0.000000,0.000000,-2467.000000,589.000000,785.000000
200.000000,0.000000,0.000000,0.000000,-2336.000000,392.000000,589.000000
0.000000,0.000000,0.000000,0.000000,-2257.000000,392.000000,392.000000
0.000000,0.000000,0.000000,0.000000,-2209.000000,196.000000,392.000000
100.000000,200.000000,0.000000,0.000000,-2211.000000,0.000000,196.000000
-100.000000,-100.000000,0.000000,0.000000,-2238.000000,-196.000000,196.000000
0.000000,300.000000,0.000000,0.000000,-2284.000000,-196.000000,0.000000
-100.000000,0.000000,0.000000,0.000000,-2382.000000,-196.000000,0.000000
100.000000,-300.000000,0.000000,0.000000,-2516.000000,0.000000,-196.000000
0.000000,200.000000,0.000000,0.000000,-2679.000000,0.000000,0.000000
0.000000,300.000000,0.000000,0.000000,-2870.000000,0.000000,0.000000
0.000000,200.000000,0.000000,0.000000,-3092.000000,-589.000000,-196.000000
200.000000,100.000000,0.000000,0.000000,-3268.000000,-785.000000,-196.000000
100.000000,-300.000000,156.000000,156.000000,-3508.000000,-1374.000000,-589.000000
100.000000,100.000000,0.000000,0.000000,-3870.000000,-1178.000000,-785.000000
200.000000,0.000000,0.000000,0.000000,-4196.000000,-1178.000000,-1178.000000
200.000000,100.000000,0.000000,0.000000,-4423.000000,-981.000000,-981.000000
100.000000,0.000000,0.000000,0.000000,-4753.000000,-785.000000,-981.000000
-100.000000,100.000000,156.000000,156.000000,-5143.000000,-981.000000,-785.000000
0.000000,200.000000,0.000000,0.000000,-5467.000000,-785.000000,-785.000000
100.000000,0.000000,0.000000,0.000000,-5802.000000,-785.000000,-589.000000
200.000000,200.000000,0.000000,0.000000,-6166.000000,-1178.000000,-392.000000
-200.000000,0.000000,0.000000,0.000000,-6524.000000,-1178.000000,-392.000000
100.000000,0.000000,78.000000,78.000000,-6893.000000,-1178.000000,-589.000000
-100.000000,-400.000000,0.000000,0.000000,-7263.000000,-981.000000,-392.000000
0.000000,300.000000,156.000000,156.000000,-7596.000000,-981.000000,-589.000000
-200.000000,200.000000,0.000000,0.000000,-7918.000000,-785.000000,-392.000000
100.000000,0.000000,0.000000,0.000000,-8234.000000,-785.000000,-589.000000
-300.000000,200.000000,0.000000,0.000000,-8528.000000,-589.000000,-196.000000
-200.000000,100.000000,0.000000,0.000000,-8782.000000,-589.000000,-196.000000
-100.000000,-300.000000,0.000000,0.000000,-9043.000000,-785.000000,0.000000
0.000000,100.000000,0.000000,0.000000,-9272.000000,-589.000000,196.000000
-100.000000,0.000000,0.000000,0.000000,-9433.000000,-392.000000,0.000000
100.000000,300.000000,0.000000,0.000000,-9609.000000,-392.000000,196.000000
200.000000,100.000000,0.000000,0.000000,-9761.000000,-392.000000,0.000000
0.000000,300.000000,0.000000,0.000000,-9883.000000,-196.000000,0.000000
0.000000,-100.000000,0.000000,0.000000,-9949.000000,0.000000,196.000000
-200.000000,0.000000,0.000000,0.000000,-10013.000000,0.000000,0.000000
0.000000,0.000000,0.000000,0.000000,-10048.000000,196.000000,196.000000
0.000000,0.000000,0.000000,0.000000,-10024.000000,196.000000,589.000000
0.000000,0.000000,0.000000,0.000000,-9954.000000,0.000000,981.000000
0.000000,-400.000000,0.000000,0.000000,-9923.000000,0.000000,1374.000000
200.000000,0.000000,78.000000,78.000000,-9835.000000,0.000000,1178.000000
0.000000,300.000000,155.000000,156.000000,-9714.000000,0.000000,1178.000000
300.000000,-100.000000,76.000000,78.000000,-9614.000000,196.000000,1178.000000
-200.000000,-300.000000,0.000000,0.000000,-9491.000000,392.000000,981.000000
0.000000,500.000000,156.000000,156.000000,-9305.000000,785.000000,981.000000
100.000000,0.000000,0.000000,0.000000,-9116.000000,1178.000000,785.000000
-300.000000,0.000000,0.000000,0.000000,-8906.000000,1178.000000,1178.000000
100.000000,0.000000,0.000000,0.000000,-8679.000000,1178.000000,1178.000000
-100.000000,0.000000,0.000000,0.000000,-8405.000000,981.000000,1374.000000
-300.000000,0.000000,0.000000,0.000000,-8145.000000,981.000000,1374.000000
-100.000000,200.000000,0.000000,0.000000,-7913.000000,785.000000,1178.000000
-200.000000,0.000000,0.000000,0.000000,-7639.000000,785.000000,1178.000000
0.000000,-100.000000,0.000000,0.000000,-7333.000000,981.000000,1178.000000
0.000000,0.000000,0.000000,0.000000,-7052.000000,785.000000,981.000000
0.000000,0.000000,0.000000,0.000000,-6774.000000,981.000000,981.000000
0.000000,-100.000000,0.000000,0.000000,-6488.000000,1178.000000,981.000000
-200.000000,100.000000,0.000000,0.000000,-6198.000000,981.000000,981.000000
100.000000,0.000000,0.000000,0.000000,-5936.000000,1178.000000,981.000000
-400.000000,100.000000,0.000000,0.000000,-5678.000000,785.000000,785.000000
-100.000000,0.000000,0.000000,0.000000,-5415.000000,981.000000,981.000000
100.000000,0.000000,0.000000,0.000000,-5170.000000,785.000000,785.000000
-400.000000,0.000000,0.000000,0.000000,-4951.000000,589.000000,785.000000
100.000000,100.000000,0.000000,0.000000,-4754.000000,785.000000,589.000000
-200.000000,0.000000,0.000000,0.000000,-4575.000000,392.000000,392.000000
-200.000000,0.000000,0.000000,0.000000,-4411.000000,589.000000,589.000000
-100.000000,0.000000,0.000000,0.000000,-4278.000000,196.000000,392.000000
-200.000000,0.000000,0.000000,0.000000,-4178.000000,392.000000,196.000000
0.000000,100.000000,0.000000,0.000000,-4071.000000,392.000000,196.000000
0.000000,100.000000,0.000000,0.000000,-3983.000000,196.000000,196.000000
-100.000000,0.000000,0.000000,0.000000,-3939.000000,196.000000,0.000000
0.000000,100.000000,0.000000,0.000000,-3918.000000,0.000000,0.000000
-100.000000,0.000000,0.000000,0.000000,-3894.000000,0.000000,0.000000
0.000000,-300.000000,0.000000,0.000000,-3908.000000,0.000000,0.000000
200.000000,0.000000,0.000000,0.000000,-3976.000000,0.000000,0.000000
-200.000000,-300.000000,0.000000,0.000000,-4036.000000,0.000000,0.000000
0.000000,-300.000000,156.000000,156.000000,-4100.000000,0.000000,0.000000
100.000000,0.000000,0.000000,0.000000,-4226.000000,0.000000,-196.000000
-300.000000,100.000000,0.000000,0.000000,-4347.000000,-196.000000,0.000000
-200.000000,100.000000,0.000000,0.000000,-4471.000000,-196.000000,0.000000
0.000000,-200.000000,0.000000,0.000000,-4624.000000,0.000000,0.000000
600.000000,200.000000,0.000000,0.000000,-4831.000000,-196.000000,-392.000000
0.000000,300.000000,0.000000,0.000000,-5005.000000,-196.000000,-589.000000
0.000000,-200.000000,0.000000,0.000000,-5163.000000,-392.000000,-981.000000
300.000000,0.000000,0.000000,0.000000,-5314.000000,-785.000000,-981.000000
100.000000,-100.000000,0.000000,0.000000,-5525.000000,-785.000000,-785.000000
0.000000,200.000000,0.000000,0.000000,-5767.000000,-785.000000,-785.000000
0.000000,-200.000000,0.000000,0.000000,-5946.000000,-589.000000,-589.000000
100.000000,0.000000,0.000000,0.000000,-6101.000000,-589.000000,-392.000000
0.000000,-100.000000,0.000000,0.000000,-6297.000000,-392.000000,-392.000000
0.000000,100.000000,0.000000,0.000000,-6531.000000,-392.000000,-392.000000
200.000000,0.000000,0.000000,0.000000,-6721.000000,-392.000000,-196.000000
100.000000,0.000000,0.000000,0.000000,-6869.000000,-392.000000,-589.000000
-100.000000,200.000000,0.000000,0.000000,-7028.000000,-392.000000,-392.000000
0.000000,0.000000,0.000000,0.000000,-7189.000000,-589.000000,-589.000000
0.000000,100.000000,0.000000,0.000000,-7350.000000,-392.000000,-589.000000
-100.000000,0.000000,0.000000,0.000000,-7508.000000,-392.000000,-392.000000
0.000000,0.000000,0.000000,0.000000,-7612.000000,-392.000000,-196.000000
-200.000000,0.000000,0.000000,0.000000,-7702.000000,-196.000000,0.000000
0.000000,100.000000,0.000000,0.000000,-7815.000000,-196.000000,-196.000000
100.000000,0.000000,0.000000,0.000000,-7903.000000,-196.000000,0.000000
0.000000,100.000000,0.000000,0.000000,-7954.000000,0.000000,0.000000
0.000000,100.000000,0.000000,0.000000,-7975.000000,0.000000,0.000000
0.000000,-300.000000,0.000000,0.000000,-7984.000000,0.000000,0.000000
0.000000,0.000000,0.000000,0.000000,-8009.000000,0.000000,0.000000
0.000000,0.000000,0.000000,0.000000,-8015.000000,0.000000,0.000000
0.000000,0.000000,0.000000,0.000000,-7975.000000,0.000000,0.000000
-100.000000,100.000000,0.000000,0.000000,-7922.000000,0.000000,196.000000
0.000000,0.000000,0.000000,0.000000,-7853.000000,196.000000,196.000000
-100.000000,0.000000,0.000000,0.000000,-7780.000000,0.000000,0.000000
0.000000,100.000000,0.000000,0.000000,-7704.000000,0.000000,0.000000
-100.000000,-200.000000,0.000000,0.000000,-7612.000000,196.000000,0.000000
0.000000,0.000000,0.000000,0.000000,-7492.000000,0.000000,0.000000
0.000000,-200.000000,0.000000,0.000000,-7361.000000,0.000000,0.000000
0.000000,100.000000,0.000000,0.000000,-7225.000000,0.000000,196.000000
100.000000,0.000000,0.000000,0.000000,-7075.000000,0.000000,196.000000
0.000000,0.000000,0.000000,0.000000,-6936.000000,0.000000,392.000000
-100.000000,200.000000,0.000000,0.000000,-6826.000000,196.000000,589.000000
-200.000000,0.000000,0.000000,0.000000,-6697.000000,0.000000,589.000000
0.000000,0.000000,0.000000,0.000000,-6539.000000,196.000000,392.000000
0.000000,-100.000000,0.000000,0.000000,-6426.000000,196.000000,392.000000
400.000000,0.000000,0.000000,0.000000,-6292.000000,392.000000,392.000000
0.000000,0.000000,0.000000,0.000000,-6133.000000,392.000000,196.000000
0.000000,0.000000,0.000000,0.000000,-6015.000000,392.000000,196.000000
-100.000000,0.000000,0.000000,0.000000,-5898.000000,392.000000,196.000000
0.000000,-100.000000,0.000000,0.000000,-5762.000000,196.000000,0.000000
0.000000,0.000000,0.000000,0.000000,-5673.000000,196.000000,0.000000
200.000000,100.000000,0.000000,0.000000,-5604.000000,0.000000,0.000000
400.000000,0.000000,0.000000,0.000000,-5511.000000,-196.000000,0.000000
100.000000,-100.000000,0.000000,0.000000,-5428.000000,0.000000,0.000000
0.000000,-100.000000,0.000000,0.000000,-5379.000000,0.000000,0.000000
-100.000000,0.000000,0.000000,0.000000,-5328.000000,0.000000,0.000000
0.000000,-200.000000,0.000000,0.000000,-5281.000000,0.000000,0.000000
0.000000,0.000000,156.000000,156.000000,-5251.000000,0.000000,0.000000
0.000000,600.000000,0.000000,0.000000,-5243.000000,0.000000,0.000000
0.000000,-200.000000,0.000000,0.000000,-5237.000000,0.000000,0.000000
-200.000000,-300.000000,0.000000,0.000000,-5239.000000,0.000000,0.000000
-100.000000,-200.000000,0.000000,0.000000,-5263.000000,0.000000,0.000000
-100.000000,-200.000000,0.000000,0.000000,-5295.000000,0.000000,-196.000000
400.000000,100.000000,0.000000,0.000000,-5347.000000,-196.000000,0.000000
-200.000000,-200.000000,0.000000,0.000000,-5402.000000,-196.000000,-196.000000
0.000000,100.000000,0.000000,0.000000,-5464.000000,0.000000,0.000000
-100.000000,200.000000,0.000000,0.000000,-5523.000000,-196.000000,0.000000
0.000000,0.000000,0.000000,0.000000,-5599.000000,-196.000000,-196.000000
200.000000,0.000000,0.000000,0.000000,-5677.000000,-196.000000,-196.000000
0.000000,200.000000,0.000000,0.000000,-5741.000000,-392.000000,-589.000000
100.000000,0.000000,0.000000,0.000000,-5813.000000,-589.000000,-589.000000
200.000000,100.000000,0.000000,0.000000,-5885.000000,-392.000000,-589.000000
200.000000,100.000000,0.000000,0.000000,-5982.000000,-589.000000,-589.000000
0.000000,200.000000,0.000000,0.000000,-6051.000000,-196.000000,-196.000000
-100.000000,0.000000,78.000000,78.000000,-6134.000000,-392.000000,-392.000000
0.000000,100.000000,0.000000,0.000000,-6214.000000,-196.000000,0.000000
0.000000,0.000000,0.000000,0.000000,-6296.000000,-196.000000,-196.000000
100.000000,100.000000,0.000000,0.000000,-6391.000000,-196.000000,-392.000000
200.000000,0.000000,0.000000,0.000000,-6450.000000,-392.000000,-196.000000
100.000000,300.000000,0.000000,0.000000,-6506.000000,-392.000000,-392.000000
200.000000,200.000000,0.000000,0.000000,-6587.000000,-196.000000,-196.000000
300.000000,100.000000,0.000000,0.000000,-6644.000000,-196.000000,0.000000
200.000000,-400.000000,0.000000,0.000000,-6693.000000,0.000000,-196.000000
100.000000,100.000000,0.000000,0.000000,-6756.000000,0.000000,0.000000
0.000000,0.000000,0.000000,0.000000,-6791.000000,0.000000,-196.000000
-100.000000,-100.000000,0.000000,0.000000,-6827.000000,0.000000,0.000000
0.000000,0.000000,0.000000,0.000000,-6845.000000,-196.000000,0.000000
0.000000,100.000000,0.000000,0.000000,-6854.000000,0.000000,0.000000
-200.000000,-100.000000,0.000000,0.000000,-6846.000000,0.000000,0.000000
0.000000,200.000000,0.000000,0.000000,-6858.000000,0.000000,0.000000
-100.000000,-100.000000,0.000000,0.000000,-6856.000000,0.000000,0.000000
0.000000,200.000000,0.000000,0.000000,-6851.000000,196.000000,0.000000
0.000000,0.000000,0.000000,0.000000,-6827.000000,0.000000,0.000000
0.000000,0.000000,0.000000,0.000000,-6788.000000,0.000000,0.000000
0.000000,0.000000,0.000000,0.000000,-6751.000000,0.000000,0.000000
0.000000,-200.000000,0.000000,0.000000,-6693.000000,0.000000,0.000000
100.000000,0.000000,0.000000,0.000000,-6642.000000,196.000000,196.000000
0.000000,0.000000,0.000000,0.000000,-6565.000000,0.000000,0.000000
0.000000,0.000000,0.000000,0.000000,-6508.000000,0.000000,0.000000
0.000000,0.000000,0.000000,0.000000,-6456.000000,196.000000,0.000000
0.000000,0.000000,0.000000,0.000000,-6379.000000,0.000000,0.000000
300.000000,0.000000,0.000000,0.000000,-6307.000000,0.000000,0.000000
-200.000000,0.000000,0.000000,0.000000,-6255.000000,0.000000,0.000000
0.000000,300.000000,0.000000,0.000000,-6195.000000,0.000000,196.000000
-100.000000,0.000000,0.000000,0.000000,-6131.000000,196.000000,0.000000
200.000000,-100.000000,0.000000,0.000000,-6044.000000,0.000000,196.000000
-100.000000,100.000000,0.000000,0.000000,-5979.000000,0.000000,196.000000
0.000000,100.000000,0.000000,0.000000,-5918.000000,196.000000,196.000000
0.000000,0.000000,0.000000,0.000000,-5867.000000,0.000000,196.000000
0.000000,0.000000,0.000000,0.000000,-5826.000000,0.000000,196.000000
-100.000000,0.000000,0.000000,0.000000,-5796.000000,196.000000,196.000000
200.000000,0.000000,0.000000,0.000000,-5747.000000,196.000000,0.000000
100.000000,100.000000,0.000000,0.000000,-5732.000000,0.000000,0.000000
0.000000,0.000000,0.000000,0.000000,-5715.000000,0.000000,0.000000
-100.000000,-100.000000,0.000000,0.000000,-5697.000000,0.000000,0.000000
0.000000,-200.000000,0.000000,0.000000,-5685.000000,0.000000,0.000000
100.000000,200.000000,0.000000,0.000000,-5688.000000,0.000000,0.000000
100.000000,-100.000000,0.000000,0.000000,-5678.000000,0.000000,0.000000
-100.000000,0.000000,0.000000,0.000000,-5699.000000,0.000000,0.000000
0.000000,-100.000000,0.000000,0.000000,-5709.000000,0.000000,0.000000
0.000000,-100.000000,0.000000,0.000000,-5719.000000,0.000000,0.000000
0.000000,100.000000,0.000000,0.000000,-5738.000000,0.000000,0.000000
0.000000,-100.000000,0.000000,0.000000,-5749.000000,0.000000,0.000000
0.000000,100.000000,0.000000,0.000000,-5782.000000,0.000000,0.000000
0.000000,-100.000000,0.000000,0.000000,-5825.000000,0.000000,0.000000
-100.000000,0.000000,0.000000,0.000000,-5870.000000,0.000000,0.000000
0.000000,0.000000,0.000000,0.000000,-5921.000000,0.000000,0.000000
0.000000,-200.000000,0.000000,0.000000,-5977.000000,0.000000,0.000000
0.000000,-100.000000,0.000000,0.000000,-6028.000000,0.000000,0.000000
100.000000,0.000000,0.000000,0.000000,-6088.000000,0.000000,0.000000
300.000000,-200.000000,0.000000,0.000000,-6123.000000,0.000000,0.000000
100.000000,0.000000,156.000000,156.000000,-6171.000000,-196.000000,0.000000
100.000000,0.000000,0.000000,0.000000,-6223.000000,-196.000000,-196.000000
0.000000,-200.000000,0.000000,0.000000,-6260.000000,0.000000,0.000000
0.000000,-100.000000,0.000000,0.000000,-6303.000000,0.000000,-196.000000
100.000000,0.000000,0.000000,0.000000,-6352.000000,0.000000,0.000000
0.000000,100.000000,0.000000,0.000000,-6394.000000,0.000000,0.000000
0.000000,0.000000,0.000000,0.000000,-6434.000000,0.000000,0.000000
0.000000,-300.000000,0.000000,0.000000,-6479.000000,0.000000,0.000000
0.000000,-300.000000,0.000000,0.000000,-6510.000000,0.000000,0.000000
0.000000,-200.000000,78.000000,78.000000,-6543.000000,0.000000,0.000000
300.000000,0.000000,0.000000,0.000000,-6571.000000,0.000000,0.000000
300.000000,-300.000000,0.000000,0.000000,-6609.000000,0.000000,0.000000
-100.000000,0.000000,0.000000,0.000000,-6610.000000,0.000000,0.000000
0.000000,0.000000,0.000000,0.000000,-6611.000000,0.000000,0.000000
200.000000,0.000000,0.000000,0.000000,-6620.000000,0.000000,0.000000
0.000000,0.000000,0.000000,0.000000,-6605.000000,0.000000,0.000000
0.000000,0.000000,0.000000,0.000000,-6605.000000,0.000000,0.000000
100.000000,0.000000,0.000000,0.000000,-6586.000000,0.000000,0.000000
0.000000,-100.000000,0.000000,0.000000,-6559.000000,0.000000,0.000000
100.000000,100.000000,0.000000,0.000000,-6543.000000,0.000000,0.000000
0.000000,0.000000,0.000000,0.000000,-6516.000000,196.000000,0.000000
200.000000,-300.000000,0.000000,0.000000,-6501.000000,0.000000,196.000000
100.000000,300.000000,0.000000,0.000000,-6482.000000,196.000000,0.000000
0.000000,0.000000,0.000000,0.000000,-6442.000000,0.000000,196.000000
0.000000,0.000000,0.000000,0.000000,-6408.000000,0.000000,0.000000
0.000000,0.000000,0.000000,0.000000,-6361.000000,0.000000,0.000000
200.000000,100.000000,0.000000,0.000000,-6316.000000,0.000000,0.000000
-100.000000,-100.000000,0.000000,0.000000,-6290.000000,0.000000,0.000000
0.000000,-100.000000,0.000000,0.000000,-6250.000000,0.000000,0.000000
-100.000000,100.000000,156.000000,156.000000,-6202.000000,0.000000,0.000000
0.000000,-100.000000,0.000000,0.000000,-6172.000000,0.000000,0.000000
100.000000,0.000000,0.000000,0.000000,-6142.000000,0.000000,0.000000
-100.000000,-300.000000,78.000000,78.000000,-6110.000000,0.000000,0.000000
0.000000,-200.000000,0.000000,0.000000,-6068.000000,0.000000,0.000000
0.000000,0.000000,0.000000,0.000000,-6055.000000,0.000000,0.000000
0.000000,-300.000000,0.000000,0.000000,-6022.000000,0.000000,0.000000
0.000000,-100.000000,0.000000,0.000000,-5989.000000,0.000000,0.000000
0.000000,-100.000000,0.000000,0.000000,-5974.000000,0.000000,0.000000
0.000000,-200.000000,0.000000,0.000000,-5962.000000,0.000000,0.000000
0.000000,-200.000000,0.000000,0.000000,-5965.000000,0.000000,0.000000
-100.000000,-200.000000,0.000000,0.000000,-5970.000000,0.000000,0.000000
0.000000,0.000000,0.000000,0.000000,-5965.000000,0.000000,0.000000
200.000000,0.000000,0.000000,0.000000,-5954.000000,0.000000,0.000000
0.000000,-300.000000,0.000000,0.000000,-5967.000000,0.000000,0.000000
0.000000,-300.000000,0.000000,0.000000,-5971.000000,0.000000,0.000000
300.000000,-400.000000,0.000000,0.000000,-5990.000000,0.000000,0.000000
300.000000,100.000000,0.000000,0.000000,-6011.000000,0.000000,0.000000
0.000000,0.000000,0.000000,0.000000,-6029.000000,0.000000,0.000000
0.000000,0.000000,0.000000,0.000000,-6044.000000,0.000000,0.000000
0.000000,-200.000000,0.000000,0.000000,-6080.000000,0.000000,0.000000
0.000000,0.000000,0.000000,0.000000,-6112.000000,0.000000,0.000000
100.000000,-200.000000,0.000000,0.000000,-6138.000000,0.000000,0.000000
-100.000000,-100.000000,0.000000,0.000000,-6161.000000,0.000000,0.000000
-100.000000,-400.000000,0.000000,0.000000,-6202.000000,0.000000,0.000000
0.000000,0.000000,0.000000,0.000000,-6243.000000,0.000000,0.000000
-100.000000,-100.000000,0.000000,0.000000,-6260.000000,0.000000,0.000000
-200.000000,-300.000000,0.000000,0.000000,-6284.000000,0.000000,0.000000
200.000000,-100.000000,0.000000,0.000000,-6310.000000,0.000000,0.000000
0.000000,0.000000,0.000000,0.000000,-6349.000000,-196.000000,0.000000
200.000000,-200.000000,0.000000,0.000000,-6381.000000,0.000000,-196.000000
-100.000000,-100.000000,0.000000,0.000000,-6415.000000,-196.000000,0.000000
0.000000,-300.000000,0.000000,0.000000,-6436.000000,0.000000,-196.000000
200.000000,-100.000000,0.000000,0.000000,-6453.000000,0.000000,0.000000
100.000000,-200.000000,0.000000,0.000000,-6497.000000,0.000000,0.000000
0.000000,0.000000,0.000000,0.000000,-6523.000000,0.000000,0.000000
100.000000,-200.000000,0.000000,0.000000,-6546.000000,0.000000,0.000000
0.000000,-200.000000,0.000000,0.000000,-6556.000000,0.000000,0.000000
0.000000,100.000000,0.000000,0.000000,-6560.000000,0.000000,0.000000
0.000000,0.000000,0.000000,0.000000,-6566.000000,0.000000,0.000000
100.000000,0.000000,156.000000,156.000000,-6557.000000,0.000000,0.000000
0.000000,0.000000,0.000000,0.000000,-6559.000000,0.000000,0.000000
0.000000,0.000000,0.000000,0.000000,-6558.000000,0.000000,0.000000
-100.000000,100.000000,0.000000,0.000000,-6550.000000,0.000000,0.000000
-200.000000,-100.000000,0.000000,0.000000,-6547.000000,0.000000,0.000000
0.000000,-100.000000,0.000000,0.000000,-6546.000000,0.000000,0.000000
200.000000,-100.000000,156.000000,156.000000,-6518.000000,0.000000,0.000000
0.000000,-100.000000,0.000000,0.000000,-6488.000000,196.000000,0.000000
0.000000,0.000000,0.000000,0.000000,-6474.000000,0.000000,196.000000
0.000000,0.000000,0.000000,0.000000,-6450.000000,0.000000,0.000000
-100.000000,0.000000,0.000000,0.000000,-6429.000000,196.000000,196.000000
0.000000,0.000000,0.000000,0.000000,-6408.000000,0.000000,0.000000
-100.000000,0.000000,0.000000,0.000000,-6379.000000,0.000000,0.000000
300.000000,-200.000000,0.000000,0.000000,-6350.000000,0.000000,0.000000
0.000000,-200.000000,0.000000,0.000000,-6314.000000,0.000000,0.000000
-100.000000,0.000000,0.000000,0.000000,-6296.000000,0.000000,0.000000
-100.000000,-200.000000,0.000000,0.000000,-6273.000000,0.000000,0.000000
-100.000000,-100.000000,0.000000,0.000000,-6253.000000,0.000000,0.000000
0.000000,-200.000000,0.000000,0.000000,-6215.000000,0.000000,0.000000
200.000000,-200.000000,0.000000,0.000000,-6187.000000,0.000000,0.000000
100.000000,-200.000000,0.000000,0.000000,-6149.000000,0.000000,0.000000
-200.000000,-100.000000,0.000000,0.000000,-6122.000000,0.000000,0.000000
0.000000,-200.000000,0.000000,0.000000,-6096.000000,0.000000,0.000000
0.000000,0.000000,0.000000,0.000000,-6063.000000,0.000000,0.000000
0.000000,-100.000000,0.000000,0.000000,-6028.000000,0.000000,0.000000
200.000000,-200.000000,0.000000,0.000000,-6005.000000,0.000000,0.000000
0.000000,-200.000000,0.000000,0.000000,-5987.000000,0.000000,0.000000
0.000000,-100.000000,0.000000,0.000000,-5983.000000,0.000000,0.000000
0.000000,0.000000,0.000000,0.000000,-5960.000000,0.000000,0.000000
-100.000000,-200.000000,0.000000,0.000000,-5969.000000,0.000000,0.000000
0.000000,-100.000000,0.000000,0.000000,-5960.000000,0.000000,0.000000
0.000000,100.000000,0.000000,0.000000,-5955.000000,0.000000,0.000000
0.000000,0.000000,0.000000,0.000000,-5961.000000,0.000000,0.000000
-200.000000,0.000000,0.000000,0.000000,-5963.000000,0.000000,0.000000
-200.000000,-100.000000,0.000000,0.000000,-5979.000000,0.000000,0.000000
0.000000,-300.000000,0.000000,0.000000,-6010.000000,0.000000,0.000000
0.000000,-200.000000,0.000000,0.000000,-6012.000000,0.000000,0.000000
300.000000,0.000000,0.000000,0.000000,-6028.000000,0.000000,0.000000
-100.000000,-200.000000,0.000000,0.000000,-6052.000000,0.000000,0.000000
0.000000,100.000000,0.000000,0.000000,-6070.000000,0.000000,0.000000
-100.000000,0.000000,0.000000,0.000000,-6094.000000,0.000000,0.000000
100.000000,-100.000000,0.000000,0.000000,-6105.000000,0.000000,0.000000
0.000000,0.000000,0.000000,0.000000,-6129.000000,0.000000,0.000000
300.000000,-100.000000,0.000000,0.000000,-6150.000000,0.000000,0.000000
0.000000,-200.000000,0.000000,0.000000,-6172.000000,0.000000,0.000000
200.000000,-200.000000,0.000000,0.000000,-6203.000000,0.000000,0.000000
0.000000,-100.000000,0.000000,0.000000,-6234.000000,-196.000000,0.000000
0.000000,0.000000,0.000000,0.000000,-6250.000000,0.000000,0.000000
-100.000000,0.000000,0.000000,0.000000,-6273.000000,0.000000,-196.000000
-100.000000,0.000000,0.000000,0.000000,-6307.000000,0.000000,0.000000
0.000000,-300.000000,0.000000,0.000000,-6320.000000,0.000000,0.000000
200.000000,-100.000000,0.000000,0.000000,-6325.000000,0.000000,-196.000000
-200.000000,-200.000000,0.000000,0.000000,-6350.000000,-196.000000,0.000000
0.000000,-200.000000,0.000000,0.000000,-6359.000000,0.000000,0.000000
0.000000,-200.000000,0.000000,0.000000,-6364.000000,0.000000,0.000000
200.000000,0.000000,0.000000,0.000000,-6373.000000,0.000000,0.000000
0.000000,0.000000,0.000000,0.000000,-6376.000000,0.000000,0.000000
0.000000,0.000000,0.000000,0.000000,-6383.000000,0.000000,0.000000
100.000000,-300.000000,0.000000,0.000000,-6382.000000,196.000000,0.000000
-100.000000,-100.000000,0.000000,0.000000,-6393.000000,0.000000,0.000000
0.000000,-200.000000,0.000000,0.000000,-6384.000000,0.000000,196.000000
0.000000,100.000000,0.000000,0.000000,-6387.000000,0.000000,0.000000
0.000000,-300.000000,0.000000,0.000000,-6381.000000,0.000000,0.000000
0.000000,100.000000,0.000000,0.000000,-6379.000000,0.000000,0.000000
-100.000000,0.000000,0.000000,0.000000,-6356.000000,196.000000,0.000000
300.000000,-100.000000,0.000000,0.000000,-6323.000000,0.000000,196.000000
0.000000,0.000000,0.000000,0.000000,-6295.000000,0.000000,0.000000
200.000000,0.000000,0.000000,0.000000,-6285.000000,0.000000,0.000000
0.000000,0.000000,0.000000,0.000000,-6265.000000,0.000000,0.000000
-100.000000,-100.000000,0.000000,0.000000,-6249.000000,0.000000,0.000000
0.000000,-100.000000,0.000000,0.000000,-6246.000000,0.000000,0.000000
0.000000,-100.000000,0.000000,0.000000,-6237.000000,0.000000,0.000000
0.000000,-100.000000,0.000000,0.000000,-6239.000000,0.000000,0.000000
-100.000000,0.000000,0.000000,0.000000,-6226.000000,0.000000,0.000000
0.000000,100.000000,0.000000,0.000000,-6207.000000,0.000000,0.000000
-200.000000,0.000000,0.000000,0.000000,-6191.000000,0.000000,0.000000
-100.000000,-100.000000,0.000000,0.000000,-6169.000000,0.000000,0.000000
100.000000,-100.000000,0.000000,0.000000,-6161.000000,0.000000,0.000000
0.000000,0.000000,0.000000,0.000000,-6143.000000,0.000000,0.000000
0.000000,-200.000000,0.000000,0.000000,-6130.000000,0.000000,0.000000
0.000000,-200.000000,0.000000,0.000000,-6119.000000,0.000000,0.000000
0.000000,0.000000,0.000000,0.000000,-6098.000000,0.000000,0.000000
-200.000000,-300.000000,0.000000,0.000000,-6093.000000,0.000000,0.000000
-100.000000,-100.000000,0.000000,0.000000,-6081.000000,0.000000,0.000000
300.000000,-300.000000,0.000000,0.000000,-6082.000000,0.000000,0.000000
0.000000,-100.000000,0.000000,0.000000,-6067.000000,0.000000,0.000000
-100.000000,-100.000000,0.000000,0.000000,-6080.000000,0.000000,0.000000
100.000000,-100.000000,0.000000,0.000000,-6075.000000,0.000000,0.000000
-100.000000,-100.000000,0.000000,0.000000,-6075.000000,0.000000,0.000000
0.000000,-100.000000,0.000000,0.000000,-6094.000000,0.000000,0.000000
-100.000000,-200.000000,0.000000,0.000000,-6091.000000,0.000000,0.000000
-200.000000,0.000000,0.000000,0.000000,-6105.000000,0.000000,0.000000
-200.000000,-100.000000,0.000000,0.000000,-6123.000000,0.000000,0.000000
200.000000,200.000000,156.000000,156.000000,-6143.000000,0.000000,0.000000
0.000000,-100.000000,0.000000,0.000000,-6154.000000,0.000000,0.000000
300.000000,0.000000,0.000000,0.000000,-6167.000000,0.000000,0.000000
0.000000,-300.000000,0.000000,0.000000,-6179.000000,0.000000,0.000000
-200.000000,-200.000000,0.000000,0.000000,-6197.000000,0.000000,0.000000
0.000000,-200.000000,0.000000,0.000000,-6210.000000,0.000000,0.000000
-100.000000,-200.000000,0.000000,0.000000,-6219.000000,0.000000,0.000000
0.000000,-300.000000,0.000000,0.000000,-6232.000000,0.000000,0.000000
200.000000,200.000000,0.000000,0.000000,-6251.000000,0.000000,0.000000
400.000000,0.000000,0.000000,0.000000,-6280.000000,0.000000,0.000000
0.000000,-100.000000,0.000000,0.000000,-6301.000000,0.000000,0.000000
-100.000000,-200.000000,0.000000,0.000000,-6317.000000,-196.000000,0.000000
-100.000000,0.000000,0.000000,0.000000,-6322.000000,0.000000,-196.000000
0.000000,0.000000,0.000000,0.000000,-6335.000000,0.000000,0.000000
0.000000,0.000000,0.000000,0.000000,-6342.000000,0.000000,0.000000
100.000000,-200.000000,0.000000,0.000000,-6366.000000,0.000000,0.000000
100.000000,0.000000,0.000000,0.000000,-6366.000000,0.000000,0.000000
200.000000,-100.000000,0.000000,0.000000,-6376.000000,0.000000,0.000000
300.000000,-100.000000,0.000000,0.000000,-6375.000000,0.000000,0.000000
0.000000,-200.000000,0.000000,0.000000,-6378.000000,0.000000,0.000000
300.000000,0.000000,0.000000,0.000000,-6389.000000,0.000000,0.000000
0.000000,-300.000000,0.000000,0.000000,-6401.000000,0.000000,0.000000
0.000000,0.000000,0.000000,0.000000,-6393.000000,0.000000,0.000000
-100.000000,-200.000000,0.000000,0.000000,-6385.000000,0.000000,0.000000
0.000000,-100.000000,0.000000,0.000000,-6382.000000,0.000000,0.000000
0.000000,-300.000000,0.000000,0.000000,-6391.000000,0.000000,0.000000
100.000000,-100.000000,0.000000,0.000000,-6381.000000,196.000000,196.000000
-100.000000,-400.000000,78.000000,78.000000,-6356.000000,0.000000,0.000000
0.000000,0.000000,0.000000,0.000000,-6338.000000,0.000000,0.000000
100.000000,-600.000000,0.000000,0.000000,-6323.000000,0.000000,0.000000
0.000000,-200.000000,0.000000,0.000000,-6312.000000,0.000000,0.000000
0.000000,0.000000,0.000000,0.000000,-6312.000000,0.000000,0.000000
0.000000,-200.000000,0.000000,0.000000,-6298.000000,0.000000,0.000000
-200.000000,-100.000000,0.000000,0.000000,-6280.000000,0.000000,0.000000
200.000000,-100.000000,0.000000,0.000000,-6268.000000,0.000000,0.000000
0.000000,-300.000000,0.000000,0.000000,-6251.000000,0.000000,0.000000
0.000000,0.000000,0.000000,0.000000,-6238.000000,0.000000,0.000000
0.000000,-100.000000,0.000000,0.000000,-6220.000000,0.000000,0.000000
0.000000,0.000000,0.000000,0.000000,-6205.000000,0.000000,0.000000
-100.000000,0.000000,0.000000,0.000000,-6196.000000,0.000000,0.000000
-200.000000,-300.000000,0.000000,0.000000,-6185.000000,0.000000,0.000000
-100.000000,-300.000000,0.000000,0.000000,-6173.000000,0.000000,0.000000
0.000000,-200.000000,0.000000,0.000000,-6166.000000,0.000000,0.000000
-100.000000,-100.000000,0.000000,0.000000,-6171.000000,0.000000,0.000000
-100.000000,0.000000,0.000000,0.000000,-6162.000000,0.000000,0.000000
-200.000000,-100.000000,0.000000,0.000000,-6149.000000,0.000000,0.000000
-100.000000,-100.000000,0.000000,0.000000,-6139.000000,0.000000,0.000000
-100.000000,-100.000000,0.000000,0.000000,-6142.000000,0.000000,0.000000
-100.000000,100.000000,0.000000,0.000000,-6157.000000,0.000000,0.000000
-100.000000,0.000000,0.000000,0.000000,-6160.000000,0.000000,0.000000
0.000000,0.000000,0.000000,0.000000,-6157.000000,0.000000,0.000000
0.000000,0.000000,0.000000,0.000000,-6166.000000,0.000000,0.000000
0.000000,0.000000,0.000000,0.000000,-6155.000000,0.000000,0.000000
200.000000,-100.000000,0.000000,0.000000,-6163.000000,0.000000,0.000000
-100.000000,-500.000000,0.000000,0.000000,-6182.000000,0.000000,0.000000
100.000000,-100.000000,0.000000,0.000000,-6195.000000,0.000000,0.000000
-100.000000,-100.000000,0.000000,0.000000,-6197.000000,0.000000,0.000000
-200.000000,0.000000,0.000000,0.000000,-6204.000000,0.000000,0.000000
-200.000000,-200.000000,0.000000,0.000000,-6211.000000,0.000000,0.000000
0.000000,-300.000000,0.000000,0.000000,-6230.000000,0.000000,0.000000
0.000000,0.000000,0.000000,0.000000,-6248.000000,0.000000,0.000000
100.000000,-200.000000,0.000000,0.000000,-6258.000000,0.000000,0.000000
-100.000000,100.000000,0.000000,0.000000,-6265.000000,0.000000,0.000000
0.000000,-100.000000,0.000000,0.000000,-6280.000000,0.000000,0.000000
-200.000000,0.000000,0.000000,0.000000,-6279.000000,0.000000,0.000000
-100.000000,-200.000000,0.000000,0.000000,-6307.000000,0.000000,0.000000
0.000000,-100.000000,0.000000,0.000000,-6320.000000,0.000000,0.000000
-200.000000,0.000000,0.000000,0.000000,-6324.000000,0.000000,0.000000
100.000000,0.000000,0.000000,0.000000,-6325.000000,0.000000,0.000000
0.000000,0.000000,0.000000,0.000000,-6339.000000,0.000000,0.000000
0.000000,-200.000000,0.000000,0.000000,-6344.000000,0.000000,0.000000
-200.000000,0.000000,0.000000,0.000000,-6353.000000,0.000000,0.000000
100.000000,-100.000000,0.000000,0.000000,-6349.000000,0.000000,0.000000
-200.000000,300.000000,0.000000,0.000000,-6355.000000,0.000000,0.000000
-300.000000,-200.000000,0.000000,0.000000,-6366.000000,0.000000,0.000000
-200.000000,0.000000,0.000000,0.000000,-6371.000000,0.000000,0.000000
-100.000000,0.000000,0.000000,0.000000,-6376.000000,0.000000,0.000000
-100.000000,-200.000000,0.000000,0.000000,-6365.000000,0.000000,0.000000
0.000000,-200.000000,0.000000,0.000000,-6348.000000,0.000000,0.000000
0.000000,-200.000000,0.000000,0.000000,-6337.000000,0.000000,0.000000
-100.000000,-200.000000,0.000000,0.000000,-6336.000000,0.000000,0.000000
0.000000,-200.000000,0.000000,0.000000,-6330.000000,0.000000,0.000000
0.000000,-100.000000,0.000000,0.000000,-6327.000000,0.000000,0.000000
-100.000000,-100.000000,0.000000,0.000000,-6322.000000,0.000000,0.000000
-100.000000,-200.000000,0.000000,0.000000,-6311.000000,0.000000,0.000000
0.000000,-100.000000,0.000000,0.000000,-6317.000000,0.000000,0.000000
0.000000,0.000000,78.000000,78.000000,-6313.000000,0.000000,0.000000
-100.000000,0.000000,0.000000,0.000000,-6291.000000,0.000000,0.000000
0.000000,-200.000000,0.000000,0.000000,-6287.000000,0.000000,0.000000
-100.000000,-100.000000,0.000000,0.000000,-6281.000000,0.000000,0.000000
0.000000,0.000000,0.000000,0.000000,-6282.000000,0.000000,0.000000
0.000000,-100.000000,0.000000,0.000000,-6280.000000,0.000000,0.000000
0.000000,-100.000000,0.000000,0.000000,-6271.000000,0.000000,0.000000
-100.000000,-200.000000,0.000000,0.000000,-6265.000000,0.000000,0.000000
0.000000,0.000000,0.000000,0.000000,-6258.000000,0.000000,0.000000
0.000000,0.000000,0.000000,0.000000,-6247.000000,0.000000,0.000000
-300.000000,0.000000,0.000000,0.000000,-6233.000000,0.000000,0.000000
-300.000000,-100.000000,0.000000,0.000000,-6226.000000,0.000000,0.000000
-100.000000,100.000000,0.000000,0.000000,-6232.000000,0.000000,0.000000
0.000000,-100.000000,0.000000,0.000000,-6233.000000,0.000000,0.000000
0.000000,100.000000,0.000000,0.000000,-6228.000000,0.000000,0.000000
-100.000000,0.000000,0.000000,0.000000,-6232.000000,0.000000,0.000000
-200.000000,100.000000,0.000000,0.000000,-6226.000000,0.000000,0.000000
-100.000000,100.000000,0.000000,0.000000,-6225.000000,0.000000,0.000000
-200.000000,0.000000,0.000000,0.000000,-6232.000000,0.000000,0.000000
0.000000,0.000000,78.000000,78.000000,-6233.000000,0.000000,0.000000
-100.000000,-200.000000,0.000000,0.000000,-6238.000000,0.000000,0.000000
200.000000,-300.000000,0.000000,0.000000,-6246.000000,0.000000,0.000000
0.000000,0.000000,0.000000,0.000000,-6252.000000,0.000000,0.000000
-100.000000,-200.000000,0.000000,0.000000,-6250.000000,0.000000,0.000000
0.000000,-100.000000,0.000000,0.000000,-6248.000000,0.000000,0.000000
0.000000,0.000000,0.000000,0.000000,-6262.000000,0.000000,0.000000
-100.000000,100.000000,78.000000,78.000000,-6269.000000,0.000000,0.000000
0.000000,0.000000,0.000000,0.000000,-6261.000000,0.000000,0.000000
100.000000,-100.000000,0.000000,0.000000,-6271.000000,0.000000,0.000000
0.000000,0.000000,0.000000,0.000000,-6262.000000,0.000000,0.000000
100.000000,-200.000000,0.000000,0.000000,-6278.000000,0.000000,0.000000
0.000000,-100.000000,0.000000,0.000000,-6276.000000,0.000000,0.000000
0.000000,-200.000000,0.000000,0.000000,-6270.000000,0.000000,0.000000
0.000000,-300.000000,0.000000,0.000000,-6261.000000,0.000000,0.000000
0.000000,0.000000,0.000000,0.000000,-6262.000000,0.000000,0.000000
-200.000000,0.000000,0.000000,0.000000,-6268.000000,0.000000,0.000000
200.000000,-200.000000,0.000000,0.000000,-6274.000000,0.000000,0.000000
-200.000000,-200.000000,0.000000,0.000000,-6280.000000,0.000000,0.000000
0.000000,-400.000000,0.000000,0.000000,-6282.000000,0.000000,0.000000
0.000000,-200.000000,0.000000,0.000000,-6270.000000,0.000000,0.000000
0.000000,0.000000,0.000000,0.000000,-6271.000000,0.000000,0.000000
0.000000,-200.000000,0.000000,0.000000,-6266.000000,0.000000,0.000000
100.000000,-200.000000,0.000000,0.000000,-6270.000000,0.000000,0.000000
200.000000,0.000000,0.000000,0.000000,-6287.000000,0.000000,0.000000
0.000000,0.000000,0.000000,0.000000,-6283.000000,0.000000,0.000000
100.000000,-300.000000,0.000000,0.000000,-6258.000000,0.000000,0.000000
100.000000,-300.000000,0.000000,0.000000,-6259.000000,0.000000,0.000000
-100.000000,0.000000,0.000000,0.000000,-6263.000000,0.000000,0.000000
0.000000,-100.000000,0.000000,0.000000,-6268.000000,0.000000,0.000000
0.000000,-200.000000,0.000000,0.000000,-6275.000000,0.000000,0.000000
-200.000000,-100.000000,0.000000,0.000000,-6274.000000,0.000000,0.000000
200.000000,0.000000,0.000000,0.000000,-6271.000000,0.000000,0.000000
0.000000,-300.000000,0.000000,0.000000,-6255.000000,0.000000,0.000000
0.000000,-100.000000,0.000000,0.000000,-6240.000000,0.000000,0.000000
0.000000,-100.000000,0.000000,0.000000,-6244.000000,0.000000,0.000000
