Channel 1,Channel 2,Channel 3,Channel 4,Channel 5,Channel 6,Channel 7
0.000000,0.000000,0.000000,0.000000,-7112.000000,0.000000,0.000000
0.000000,0.000000,0.000000,0.000000,-7105.000000,0.000000,0.000000
0.000000,-100.000000,0.000000,0.000000,-7099.000000,0.000000,0.000000
100.000000,-200.000000,0.000000,0.000000,-7103.000000,0.000000,0.000000
-100.000000,0.000000,0.000000,0.000000,-7098.000000,0.000000,0.000000
0.000000,0.000000,0.000000,0.000000,-7092.000000,0.000000,0.000000
100.000000,-100.000000,0.000000,0.000000,-7100.000000,0.000000,0.000000
200.000000,-200.000000,78.000000,78.000000,-7089.000000,0.000000,0.000000
100.000000,100.000000,0.000000,0.000000,-7077.000000,0.000000,0.000000
0.000000,-500.000000,0.000000,0.000000,-7087.000000,0.000000,0.000000
-100.000000,-200.000000,0.000000,0.000000,-7084.000000,0.000000,0.000000
-100.000000,0.000000,0.000000,0.000000,-7084.000000,0.000000,0.000000
0.000000,0.000000,0.000000,0.000000,-7086.000000,0.000000,0.000000
0.000000,-200.000000,0.000000,0.000000,-7089.000000,0.000000,0.000000
-100.000000,0.000000,0.000000,0.000000,-7086.000000,0.000000,0.000000
-100.000000,-200.000000,0.000000,0.000000,-7086.000000,0.000000,0.000000
-100.000000,0.000000,0.000000,0.000000,-7078.000000,0.000000,0.000000
0.000000,0.000000,0.000000,0.000000,-7088.000000,0.000000,0.000000
0.000000,-300.000000,0.000000,0.000000,-7093.000000,0.000000,0.000000
-100.000000,-300.000000,0.000000,0.000000,-7099.000000,0.000000,0.000000
-100.000000,-200.000000,0.000000,0.000000,-7082.000000,0.000000,0.000000
-200.000000,0.000000,0.000000,0.000000,-7076.000000,0.000000,0.000000
100.000000,-200.000000,0.000000,0.000000,-7089.000000,0.000000,0.000000
0.000000,0.000000,0.000000,0.000000,-7092.000000,0.000000,0.000000
-100.000000,-100.000000,0.000000,0.000000,-7104.000000,0.000000,0.000000
0.000000,-200.000000,0.000000,0.000000,-7114.000000,0.000000,0.000000
-300.000000,300.000000,78.000000,78.000000,-7129.000000,0.000000,0.000000
-200.000000,200.000000,0.000000,0.000000,-7126.000000,0.000000,0.000000
-100.000000,-200.000000,0.000000,0.000000,-7138.000000,0.000000,0.000000
-100.000000,-200.000000,0.000000,0.000000,-7151.000000,0.000000,0.000000
-200.000000,0.000000,0.000000,0.000000,-7148.000000,0.000000,0.000000
0.000000,0.000000,0.000000,0.000000,-7159.000000,0.000000,0.000000
-200.000000,0.000000,0.000000,0.000000,-7170.000000,0.000000,0.000000
0.000000,-100.000000,0.000000,0.000000,-7181.000000,0.000000,0.000000
-100.000000,0.000000,0.000000,0.000000,-7182.000000,0.000000,0.000000
0.000000,-300.000000,0.000000,0.000000,-7196.000000,0.000000,0.000000
-100.000000,200.000000,0.000000,0.000000,-7190.000000,0.000000,0.000000
-100.000000,-100.000000,0.000000,0.000000,-7190.000000,0.000000,0.000000
100.000000,-200.000000,0.000000,0.000000,-7199.000000,0.000000,0.000000
0.000000,-100.000000,0.000000,0.000000,-7212.000000,0.000000,0.000000
-100.000000,-300.000000,0.000000,0.000000,-7226.000000,0.000000,0.000000
-100.000000,-300.000000,0.000000,0.000000,-7213.000000,0.000000,0.000000
-200.000000,-200.000000,0.000000,0.000000,-7224.000000,0.000000,0.000000
0.000000,-300.000000,0.000000,0.000000,-7233.000000,0.000000,0.000000
-200.000000,-100.000000,0.000000,0.000000,-7237.000000,0.000000,0.000000
-200.000000,-200.000000,0.000000,0.000000,-7224.000000,0.000000,0.000000
300.000000,-200.000000,0.000000,0.000000,-7222.000000,0.000000,0.000000
-100.000000,0.000000,0.000000,0.000000,-7230.000000,0.000000,0.000000
0.000000,-300.000000,0.000000,0.000000,-7225.000000,0.000000,0.000000
0.000000,0.000000,0.000000,0.000000,-7213.000000,0.000000,0.000000
0.000000,-200.000000,0.000000,0.000000,-7198.000000,0.000000,0.000000
0.000000,100.000000,0.000000,0.000000,-7195.000000,0.000000,0.000000
-100.000000,-100.000000,0.000000,0.000000,-7189.000000,0.000000,0.000000
0.000000,0.000000,0.000000,0.000000,-7177.000000,0.000000,0.000000
0.000000,0.000000,0.000000,0.000000,-7188.000000,0.000000,0.000000
0.000000,0.000000,0.000000,0.000000,-7178.000000,0.000000,-196.000000
-100.000000,0.000000,0.000000,0.000000,-7172.000000,0.000000,0.000000
0.000000,0.000000,78.000000,78.000000,-7184.000000,0.000000,0.000000
100.000000,-100.000000,0.000000,0.000000,-7193.000000,0.000000,0.000000
-200.000000,-300.000000,0.000000,0.000000,-7210.000000,0.000000,0.000000
-100.000000,-400.000000,0.000000,0.000000,-7223.000000,0.000000,0.000000
-100.000000,0.000000,0.000000,0.000000,-7238.000000,0.000000,0.000000
0.000000,0.000000,0.000000,0.000000,-7252.000000,0.000000,0.000000
0.000000,-100.000000,0.000000,0.000000,-7268.000000,0.000000,0.000000
0.000000,-200.000000,0.000000,0.000000,-7288.000000,0.000000,0.000000
-100.000000,0.000000,0.000000,0.000000,-7316.000000,0.000000,0.000000
100.000000,-200.000000,0.000000,0.000000,-7333.000000,0.000000,0.000000
0.000000,-200.000000,0.000000,0.000000,-7361.000000,0.000000,0.000000
0.000000,0.000000,0.000000,0.000000,-7367.000000,0.000000,0.000000
-100.000000,0.000000,0.000000,0.000000,-7386.000000,0.000000,196.000000
0.000000,-100.000000,0.000000,0.000000,-7410.000000,0.000000,0.000000
0.000000,-200.000000,0.000000,0.000000,-7441.000000,0.000000,0.000000
0.000000,-300.000000,0.000000,0.000000,-7460.000000,0.000000,0.000000
0.000000,-100.000000,0.000000,0.000000,-7469.000000,0.000000,0.000000
-200.000000,100.000000,0.000000,0.000000,-7484.000000,0.000000,0.000000
100.000000,-200.000000,15000.000000,15000.000000,-7482.000000,0.000000,0.000000
14100.000000,14200.000000,15000.000000,15000.000000,-7456.000000,1963.000000,1767.000000
16400.000000,13200.000000,15000.000000,15000.000000,-7692.000000,5105.000000,3534.000000
14600.000000,14100.000000,15000.000000,15000.000000,-7662.000000,4908.000000,2159.000000
14900.000000,15300.000000,15000.000000,15000.000000,-6789.000000,981.000000,-196.000000
14500.000000,15300.000000,15000.000000,15000.000000,-5968.000000,-1570.000000,-196.000000
13900.000000,14200.000000,15000.000000,15000.000000,-6348.000000,-785.000000,1178.000000
16600.000000,12900.000000,15000.000000,15000.000000,-6640.000000,1767.000000,2159.000000
13500.000000,12500.000000,15000.000000,15000.000000,-5639.000000,4123.000000,2748.000000
14100.000000,15400.000000,15000.000000,15000.000000,-4768.000000,4712.000000,2552.000000
16900.000000,16400.000000,15000.000000,15000.000000,-4070.000000,2552.000000,2159.000000
16800.000000,15100.000000,15000.000000,15000.000000,-3225.000000,785.000000,1767.000000
16299.000000,13900.000000,15000.000000,15000.000000,-3092.000000,1178.000000,1963.000000
13100.000000,15400.000000,15000.000000,15000.000000,-2844.000000,2945.000000,2945.000000
14200.000000,14200.000000,15000.000000,15000.000000,-2025.000000,4908.000000,3141.000000
17000.000000,16800.000000,15000.000000,15000.000000,-1013.000000,4908.000000,2748.000000
13100.000000,16600.000000,15000.000000,15000.000000,-162.000000,3337.000000,2748.000000
14000.000000,13800.000000,15000.000000,15000.000000,609.000000,2356.000000,3337.000000
16299.000000,13500.000000,15000.000000,15000.000000,904.000000,2945.000000,3730.000000
16100.000000,13100.000000,15000.000000,15000.000000,1270.000000,3926.000000,3926.000000
16500.000000,14600.000000,15000.000000,15000.000000,2156.000000,5105.000000,3926.000000
16900.000000,14500.000000,15000.000000,15000.000000,3052.000000,4712.000000,3730.000000
14200.000000,14300.000000,15000.000000,15000.000000,3698.000000,3337.000000,3337.000000
13100.000000,14900.000000,15000.000000,15000.000000,4407.000000,2748.000000,3534.000000
13300.000000,13100.000000,15000.000000,15000.000000,4917.000000,3337.000000,3926.000000
13200.000000,13500.000000,15000.000000,15000.000000,5283.000000,4712.000000,4123.000000
13400.000000,16800.000000,15000.000000,15000.000000,5984.000000,5105.000000,3926.000000
13800.000000,14300.000000,15000.000000,15000.000000,6892.000000,4319.000000,3730.000000
15600.000000,14000.000000,15000.000000,15000.000000,7439.000000,3534.000000,3534.000000
16200.000000,14600.000000,15000.000000,15000.000000,7869.000000,2748.000000,3534.000000
13100.000000,13600.000000,15000.000000,15000.000000,8317.000000,3337.000000,3534.000000
13800.000000,13700.000000,15000.000000,15000.000000,8683.000000,4123.000000,3141.000000
16500.000000,13600.000000,15000.000000,15000.000000,9123.000000,4123.000000,3141.000000
13600.000000,13600.000000,15000.000000,15000.000000,9790.000000,3926.000000,3141.000000
17000.000000,15800.000000,15000.000000,15000.000000,10235.000000,3141.000000,2945.000000
13400.000000,13500.000000,15000.000000,15000.000000,10267.000000,2945.000000,2748.000000
0.000000,0.000000,0.000000,0.000000,10432.000000,2356.000000,1767.000000
0.000000,-200.000000,0.000000,0.000000,10559.000000,589.000000,-196.000000
100.000000,100.000000,0.000000,0.000000,10650.000000,589.000000,-196.000000
400.000000,0.000000,0.000000,0.000000,10297.000000,0.000000,0.000000
0.000000,0.000000,0.000000,0.000000,10232.000000,0.000000,392.000000
0.000000,0.000000,0.000000,0.000000,10231.000000,196.000000,981.000000
0.000000,-100.000000,0.000000,0.000000,9950.000000,785.000000,1374.000000
200.000000,-200.000000,0.000000,0.000000,9394.000000,1570.000000,981.000000
0.000000,-100.000000,0.000000,0.000000,8808.000000,1374.000000,1374.000000
100.000000,0.000000,0.000000,0.000000,8305.000000,1570.000000,981.000000
-100.000000,-100.000000,0.000000,0.000000,7592.000000,1178.000000,392.000000
0.000000,300.000000,0.000000,0.000000,6546.000000,1178.000000,-589.000000
400.000000,-200.000000,0.000000,0.000000,5488.000000,785.000000,-1767.000000
400.000000,200.000000,0.000000,0.000000,4633.000000,0.000000,-2159.000000
300.000000,200.000000,0.000000,0.000000,3808.000000,-981.000000,-1963.000000
300.000000,200.000000,0.000000,0.000000,2603.000000,-1767.000000,-1963.000000
400.000000,100.000000,0.000000,0.000000,1166.000000,-1963.000000,-1374.000000
400.000000,200.000000,0.000000,0.000000,26.000000,-1570.000000,-1374.000000
0.000000,300.000000,0.000000,0.000000,-1028.000000,-1570.000000,-1374.000000
100.000000,100.000000,0.000000,0.000000,-2279.000000,-1374.000000,-981.000000
200.000000,0.000000,0.000000,0.000000,-3645.000000,-981.000000,-981.000000
400.000000,0.000000,0.000000,0.000000,-4915.000000,-1178.000000,-1178.000000
200.000000,200.000000,0.000000,0.000000,-6116.000000,-785.000000,-1767.000000
500.000000,0.000000,0.000000,0.000000,-7330.000000,-785.000000,-1767.000000
500.000000,100.000000,0.000000,0.000000,-8484.000000,-785.000000,-1570.000000
-100.000000,0.000000,0.000000,0.000000,-9613.000000,-392.000000,-1570.000000
0.000000,200.000000,0.000000,0.000000,-10747.000000,-392.000000,-1374.000000
400.000000,200.000000,0.000000,0.000000,-11836.000000,0.000000,-981.000000
100.000000,-100.000000,0.000000,0.000000,-12823.000000,392.000000,-785.000000
200.000000,0.000000,0.000000,0.000000,-13782.000000,196.000000,-589.000000
200.000000,-200.000000,0.000000,0.000000,-14710.000000,0.000000,-196.000000
400.000000,-200.000000,0.000000,0.000000,-15528.000000,0.000000,196.000000
0.000000,-100.000000,0.000000,0.000000,-16274.000000,0.000000,589.000000
0.000000,100.000000,0.000000,0.000000,-16886.000000,0.000000,981.000000
200.000000,0.000000,0.000000,0.000000,-17449.000000,589.000000,1374.000000
0.000000,-200.000000,0.000000,0.000000,-18081.000000,1767.000000,1570.000000
0.000000,-100.000000,0.000000,0.000000,-18603.000000,3337.000000,1767.000000
0.000000,-200.000000,0.000000,0.000000,-18942.000000,3926.000000,1963.000000
0.000000,-200.000000,0.000000,0.000000,-19121.000000,3730.000000,1963.000000
-100.000000,0.000000,0.000000,0.000000,-19196.000000,3730.000000,2356.000000
0.000000,0.000000,0.000000,0.000000,-19257.000000,3730.000000,2945.000000
-100.000000,0.000000,0.000000,0.000000,-19189.000000,3534.000000,3337.000000
200.000000,0.000000,0.000000,0.000000,-19029.000000,3337.000000,3337.000000
-100.000000,0.000000,0.000000,0.000000,-18753.000000,3534.000000,3534.000000
0.000000,0.000000,0.000000,0.000000,-18476.000000,4319.000000,3534.000000
0.000000,100.000000,0.000000,0.000000,-18029.000000,5694.000000,4319.000000
100.000000,-200.000000,0.000000,0.000000,-17613.000000,6283.000000,4712.000000
0.000000,400.000000,0.000000,0.000000,-17046.000000,6283.000000,4516.000000
100.000000,-100.000000,0.000000,0.000000,-16349.000000,6283.000000,4712.000000
0.000000,100.000000,0.000000,0.000000,-15548.000000,5890.000000,4908.000000
100.000000,0.000000,0.000000,0.000000,-14822.000000,5694.000000,5105.000000
200.000000,0.000000,0.000000,0.000000,-14019.000000,5497.000000,5301.000000
0.000000,100.000000,0.000000,0.000000,-13069.000000,5301.000000,5497.000000
0.000000,200.000000,0.000000,0.000000,-12131.000000,5301.000000,5497.000000
0.000000,0.000000,0.000000,0.000000,-11200.000000,5890.000000,4908.000000
300.000000,-100.000000,0.000000,0.000000,-10287.000000,6479.000000,4908.000000
0.000000,-100.000000,0.000000,0.000000,-9263.000000,6675.000000,5105.000000
0.000000,0.000000,0.000000,0.000000,-8235.000000,6479.000000,4712.000000
100.000000,0.000000,0.000000,0.000000,-7226.000000,6479.000000,4908.000000
0.000000,0.000000,0.000000,0.000000,-6156.000000,6086.000000,5105.000000
100.000000,-100.000000,0.000000,0.000000,-5196.000000,5890.000000,5105.000000
0.000000,-100.000000,0.000000,0.000000,-4291.000000,5890.000000,4908.000000
100.000000,-300.000000,0.000000,0.000000,-3428.000000,5497.000000,4712.000000
0.000000,0.000000,0.000000,0.000000,-2610.000000,5301.000000,4123.000000
0.000000,-100.000000,0.000000,0.000000,-1806.000000,5301.000000,3926.000000
0.000000,100.000000,0.000000,0.000000,-1044.000000,4908.000000,3926.000000
0.000000,-300.000000,0.000000,0.000000,-392.000000,4712.000000,3926.000000
100.000000,-300.000000,0.000000,0.000000,255.000000,4516.000000,3534.000000
0.000000,-200.000000,0.000000,0.000000,878.000000,4123.000000,2945.000000
0.000000,-200.000000,0.000000,0.000000,1377.000000,3926.000000,2945.000000
0.000000,0.000000,0.000000,0.000000,1801.000000,3926.000000,2356.000000
0.000000,0.000000,0.000000,0.000000,2152.000000,3534.000000,1963.000000
0.000000,0.000000,0.000000,0.000000,2477.000000,3141.000000,1767.000000
100.000000,0.000000,0.000000,0.000000,2721.000000,2748.000000,1570.000000
200.000000,0.000000,0.000000,0.000000,2925.000000,1963.000000,1178.000000
0.000000,0.000000,0.000000,0.000000,3005.000000,1570.000000,981.000000
0.000000,-100.000000,0.000000,0.000000,2932.000000,1178.000000,785.000000
0.000000,-100.000000,0.000000,0.000000,2785.000000,981.000000,392.000000
0.000000,0.000000,0.000000,0.000000,2658.000000,785.000000,392.000000
-100.000000,0.000000,0.000000,0.000000,2404.000000,589.000000,-196.000000
600.000000,200.000000,0.000000,0.000000,2005.000000,589.000000,0.000000
400.000000,-200.000000,0.000000,0.000000,1560.000000,196.000000,-392.000000
500.000000,0.000000,0.000000,0.000000,1065.000000,196.000000,-785.000000
600.000000,-200.000000,0.000000,0.000000,495.000000,0.000000,-981.000000
300.000000,0.000000,0.000000,0.000000,-167.000000,0.000000,-1374.000000
200.000000,0.000000,0.000000,0.000000,-866.000000,0.000000,-1374.000000
400.000000,-100.000000,0.000000,0.000000,-1608.000000,-196.000000,-1570.000000
300.000000,-200.000000,0.000000,0.000000,-2398.000000,0.000000,-1374.000000
300.000000,100.000000,0.000000,0.000000,-3214.000000,-196.000000,-1570.000000
500.000000,0.000000,0.000000,0.000000,-4022.000000,-589.000000,-1570.000000
400.000000,100.000000,0.000000,0.000000,-4824.000000,-785.000000,-1767.000000
400.000000,200.000000,0.000000,0.000000,-5772.000000,-981.000000,-1767.000000
500.000000,100.000000,0.000000,0.000000,-6773.000000,-785.000000,-1767.000000
400.000000,100.000000,0.000000,0.000000,-7681.000000,-589.000000,-1570.000000
100.000000,200.000000,0.000000,0.000000,-8591.000000,-785.000000,-1767.000000
300.000000,-100.000000,0.000000,0.000000,-9527.000000,-392.000000,-1374.000000
300.000000,0.000000,0.000000,0.000000,-10383.000000,-196.000000,-1374.000000
200.000000,100.000000,0.000000,0.000000,-11175.000000,0.000000,-1374.000000
200.000000,100.000000,0.000000,0.000000,-11943.000000,0.000000,-1178.000000
300.000000,-200.000000,0.000000,0.000000,-12709.000000,196.000000,-1178.000000
200.000000,0.000000,0.000000,0.000000,-13427.000000,0.000000,-785.000000
100.000000,0.000000,0.000000,0.000000,-14103.000000,0.000000,-589.000000
200.000000,-100.000000,0.000000,0.000000,-14786.000000,0.000000,-392.000000
200.000000,100.000000,0.000000,0.000000,-15417.000000,196.000000,-392.000000
400.000000,200.000000,0.000000,0.000000,-15939.000000,392.000000,0.000000
0.000000,-100.000000,0.000000,0.000000,-16472.000000,1374.000000,196.000000
0.000000,0.000000,0.000000,0.000000,-16880.000000,2356.000000,196.000000
0.000000,0.000000,0.000000,0.000000,-17273.000000,2552.000000,589.000000
100.000000,-100.000000,0.000000,0.000000,-17497.000000,2552.000000,785.000000
-100.000000,0.000000,0.000000,0.000000,-17593.000000,2356.000000,1570.000000
100.000000,0.000000,0.000000,0.000000,-17643.000000,2356.000000,1963.000000
0.000000,100.000000,0.000000,0.000000,-17701.000000,2159.000000,1963.000000
200.000000,-300.000000,0.000000,0.000000,-17710.000000,2552.000000,1963.000000
0.000000,0.000000,0.000000,0.000000,-17675.000000,3337.000000,1963.000000
0.000000,0.000000,0.000000,0.000000,-17516.000000,3926.000000,2159.000000
200.000000,-200.000000,0.000000,0.000000,-17356.000000,4123.000000,2552.000000
0.000000,100.000000,0.000000,0.000000,-17099.000000,3926.000000,2748.000000
0.000000,-100.000000,0.000000,0.000000,-16709.000000,3926.000000,3141.000000
300.000000,0.000000,0.000000,0.000000,-16222.000000,3730.000000,3337.000000
200.000000,0.000000,0.000000,0.000000,-15797.000000,3534.000000,3141.000000
0.000000,0.000000,0.000000,0.000000,-15330.000000,3730.000000,3337.000000
-200.000000,-100.000000,0.000000,0.000000,-14728.000000,4123.000000,3534.000000
0.000000,-400.000000,0.000000,0.000000,-14118.000000,4516.000000,3534.000000
200.000000,100.000000,0.000000,0.000000,-13472.000000,4908.000000,3534.000000
0.000000,100.000000,0.000000,0.000000,-12737.000000,4712.000000,3534.000000
100.000000,100.000000,0.000000,0.000000,-11953.000000,4908.000000,3534.000000
-400.000000,0.000000,156.000000,156.000000,-11107.000000,4516.000000,3141.000000
0.000000,100.000000,0.000000,0.000000,-10375.000000,4319.000000,3534.000000
0.000000,-100.000000,0.000000,0.000000,-9535.000000,4123.000000,3534.000000
0.000000,0.000000,0.000000,0.000000,-8649.000000,3926.000000,3730.000000
-100.000000,0.000000,0.000000,0.000000,-7851.000000,3926.000000,3730.000000
0.000000,0.000000,0.000000,0.000000,-7118.000000,3730.000000,3926.000000
-100.000000,0.000000,0.000000,0.000000,-6332.000000,3534.000000,3730.000000
100.000000,-100.000000,0.000000,0.000000,-5540.000000,3337.000000,3730.000000
200.000000,-100.000000,0.000000,0.000000,-4855.000000,3337.000000,3534.000000
-100.000000,0.000000,0.000000,0.000000,-4228.000000,3337.000000,3337.000000
0.000000,200.000000,0.000000,0.000000,-3595.000000,3141.000000,3141.000000
-100.000000,0.000000,0.000000,0.000000,-2987.000000,3141.000000,2945.000000
-100.000000,0.000000,0.000000,0.000000,-2435.000000,2945.000000,2748.000000
100.000000,200.000000,0.000000,0.000000,-1977.000000,2748.000000,2552.000000
0.000000,200.000000,0.000000,0.000000,-1498.000000,2552.000000,2356.000000
0.000000,0.000000,0.000000,0.000000,-1044.000000,2356.000000,2159.000000
100.000000,0.000000,0.000000,0.000000,-707.000000,1963.000000,1963.000000
0.000000,0.000000,0.000000,0.000000,-442.000000,1963.000000,1767.000000
-100.000000,-100.000000,78.000000,78.000000,-205.000000,1570.000000,1374.000000
100.000000,0.000000,0.000000,0.000000,19.000000,981.000000,1374.000000
-100.000000,0.000000,0.000000,0.000000,165.000000,392.000000,981.000000
0.000000,100.000000,0.000000,0.000000,151.000000,0.000000,981.000000
0.000000,100.000000,0.000000,0.000000,109.000000,0.000000,589.000000
0.000000,0.000000,0.000000,0.000000,59.000000,0.000000,589.000000
100.000000,100.000000,0.000000,0.000000,-77.000000,-196.000000,0.000000
-100.000000,300.000000,0.000000,0.000000,-317.000000,0.000000,0.000000
200.000000,200.000000,0.000000,0.000000,-577.000000,-392.000000,-392.000000
200.000000,100.000000,0.000000,0.000000,-853.000000,-589.000000,-392.000000
0.000000,0.000000,0.000000,0.000000,-1183.000000,-981.000000,-589.000000
100.000000,300.000000,0.000000,0.000000,-1641.000000,-1178.000000,-785.000000
200.000000,0.000000,0.000000,0.000000,-2161.000000,-1178.000000,-1178.000000
0.000000,100.000000,0.000000,0.000000,-2660.000000,-1374.000000,-1374.000000
-200.000000,100.000000,0.000000,0.000000,-3198.000000,-1178.000000,-1374.000000
100.000000,0.000000,0.000000,0.000000,-3796.000000,-1178.000000,-1374.000000
-400.000000,0.000000,0.000000,0.000000,-4434.000000,-1374.000000,-1374.000000
-300.000000,200.000000,0.000000,0.000000,-5067.000000,-1570.000000,-1178.000000
300.000000,100.000000,0.000000,0.000000,-5721.000000,-1767.000000,-1374.000000
-100.000000,300.000000,0.000000,0.000000,-6439.000000,-1570.000000,-1178.000000
-200.000000,-100.000000,0.000000,0.000000,-7194.000000,-1570.000000,-1374.000000
0.000000,0.000000,0.000000,0.000000,-7894.000000,-1374.000000,-1374.000000
200.000000,100.000000,0.000000,0.000000,-8593.000000,-1374.000000,-1178.000000
0.000000,100.000000,0.000000,0.000000,-9337.000000,-1374.000000,-981.000000
0.000000,100.000000,0.000000,0.000000,-10047.000000,-1178.000000,-981.000000
0.000000,100.000000,0.000000,0.000000,-10697.000000,-1178.000000,-981.000000
100.000000,0.000000,0.000000,0.000000,-11300.000000,-981.000000,-589.000000
-100.000000,0.000000,0.000000,0.000000,-11910.000000,-785.000000,-589.000000
100.000000,-100.000000,0.000000,0.000000,-12493.000000,-785.000000,-392.000000
100.000000,400.000000,0.000000,0.000000,-13020.000000,-589.000000,-196.000000
-200.000000,0.000000,0.000000,0.000000,-13522.000000,-392.000000,0.000000
0.000000,100.000000,0.000000,0.000000,-13988.000000,-392.000000,196.000000
0.000000,0.000000,0.000000,0.000000,-14408.000000,0.000000,196.000000
100.000000,300.000000,0.000000,0.000000,-14783.000000,0.000000,0.000000
100.000000,0.000000,0.000000,0.000000,-15100.000000,196.000000,0.000000
200.000000,0.000000,156.000000,156.000000,-15317.000000,0.000000,392.000000
100.000000,0.000000,0.000000,0.000000,-15483.000000,196.000000,785.000000
200.000000,0.000000,0.000000,0.000000,-15592.000000,0.000000,1570.000000
0.000000,200.000000,0.000000,0.000000,-15715.000000,589.000000,1963.000000
0.000000,0.000000,0.000000,0.000000,-15727.000000,1570.000000,1963.000000
100.000000,0.000000,0.000000,0.000000,-15619.000000,2159.000000,1963.000000
0.000000,-100.000000,0.000000,0.000000,-15559.000000,2159.000000,1767.000000
-300.000000,0.000000,0.000000,0.000000,-15423.000000,2159.000000,1767.000000
-100.000000,-100.000000,0.000000,0.000000,-15100.000000,1963.000000,1963.000000
100.000000,0.000000,0.000000,0.000000,-14817.000000,1963.000000,2552.000000
-100.000000,0.000000,0.000000,0.000000,-14560.000000,1767.000000,2945.000000
0.000000,-300.000000,0.000000,0.000000,-14142.000000,1963.000000,2945.000000
-100.000000,0.000000,0.000000,0.000000,-13676.000000,2159.000000,2945.000000
300.000000,0.000000,0.000000,0.000000,-13271.000000,2945.000000,2748.000000
0.000000,0.000000,0.000000,0.000000,-12718.000000,3141.000000,2748.000000
0.000000,0.000000,0.000000,0.000000,-12094.000000,2945.000000,2552.000000
200.000000,0.000000,0.000000,0.000000,-11558.000000,2945.000000,2552.000000
-200.000000,300.000000,0.000000,0.000000,-10953.000000,2748.000000,2748.000000
0.000000,-100.000000,0.000000,0.000000,-10314.000000,2748.000000,2945.000000
0.000000,0.000000,0.000000,0.000000,-9680.000000,2552.000000,2945.000000
300.000000,100.000000,0.000000,0.000000,-9019.000000,2356.000000,3141.000000
100.000000,-100.000000,0.000000,0.000000,-8319.000000,2356.000000,3141.000000
-300.000000,300.000000,0.000000,0.000000,-7669.000000,2552.000000,3141.000000
0.000000,0.000000,0.000000,0.000000,-7019.000000,2748.000000,3141.000000
-200.000000,-100.000000,78.000000,78.000000,-6367.000000,2748.000000,2748.000000
-100.000000,500.000000,0.000000,0.000000,-5710.000000,2748.000000,2356.000000
-100.000000,200.000000,0.000000,0.000000,-5148.000000,2748.000000,2159.000000
200.000000,200.000000,0.000000,0.000000,-4596.000000,2552.000000,1963.000000
100.000000,0.000000,0.000000,0.000000,-4014.000000,2356.000000,2159.000000
0.000000,0.000000,0.000000,0.000000,-3556.000000,2159.000000,1963.000000
200.000000,0.000000,0.000000,0.000000,-3133.000000,1963.000000,1963.000000
0.000000,0.000000,0.000000,0.000000,-2684.000000,1570.000000,1570.000000
0.000000,0.000000,0.000000,0.000000,-2264.000000,1570.000000,1570.000000
0.000000,-300.000000,0.000000,0.000000,-1953.000000,1374.000000,1178.000000
100.000000,200.000000,0.000000,0.000000,-1680.000000,1178.000000,1178.000000
0.000000,200.000000,0.000000,0.000000,-1402.000000,785.000000,981.000000
0.000000,100.000000,0.000000,0.000000,-1240.000000,392.000000,785.000000
100.000000,-100.000000,0.000000,0.000000,-1143.000000,392.000000,785.000000
200.000000,0.000000,0.000000,0.000000,-1044.000000,0.000000,392.000000
200.000000,-100.000000,0.000000,0.000000,-989.000000,0.000000,196.000000
100.000000,100.000000,0.000000,0.000000,-1046.000000,0.000000,0.000000
100.000000,0.000000,0.000000,0.000000,-1146.000000,-196.000000,196.000000
-100.000000,0.000000,0.000000,0.000000,-1275.000000,-196.000000,-196.000000
200.000000,-100.000000,0.000000,0.000000,-1428.000000,-196.000000,0.000000
-100.000000,0.000000,0.000000,0.000000,-1610.000000,-981.000000,-392.000000
300.000000,200.000000,0.000000,0.000000,-1876.000000,-1178.000000,-981.000000
0.000000,200.000000,0.000000,0.000000,-2245.000000,-1178.000000,-1570.000000
-200.000000,0.000000,0.000000,0.000000,-2588.000000,-1178.000000,-1767.000000
-100.000000,100.000000,0.000000,0.000000,-2951.000000,-1178.000000,-1570.000000
0.000000,0.000000,0.000000,0.000000,-3360.000000,-981.000000,-1570.000000
0.000000,0.000000,0.000000,0.000000,-3775.000000,-1178.000000,-1178.000000
100.000000,100.000000,0.000000,0.000000,-4174.000000,-1374.000000,-1374.000000
200.000000,100.000000,0.000000,0.000000,-4633.000000,-1570.000000,-1178.000000
300.000000,0.000000,0.000000,0.000000,-5129.000000,-1767.000000,-1374.000000
100.000000,0.000000,0.000000,0.000000,-5640.000000,-1570.000000,-1767.000000
0.000000,0.000000,0.000000,0.000000,-6129.000000,-1570.000000,-1767.000000
300.000000,-100.000000,0.000000,0.000000,-6625.000000,-1374.000000,-1767.000000
0.000000,0.000000,0.000000,0.000000,-7133.000000,-1570.000000,-1767.000000
0.000000,200.000000,0.000000,0.000000,-7673.000000,-1374.000000,-1570.000000
0.000000,0.000000,0.000000,0.000000,-8160.000000,-1374.000000,-1570.000000
100.000000,0.000000,0.000000,0.000000,-8653.000000,-1570.000000,-1374.000000
100.000000,200.000000,0.000000,0.000000,-9117.000000,-1374.000000,-1374.000000
200.000000,300.000000,0.000000,0.000000,-9554.000000,-1374.000000,-1374.000000
100.000000,0.000000,0.000000,0.000000,-9969.000000,-1178.000000,-1374.000000
-100.000000,300.000000,0.000000,0.000000,-10354.000000,-1178.000000,-1178.000000
0.000000,200.000000,78.000000,78.000000,-10716.000000,-981.000000,-1178.000000
-200.000000,300.000000,0.000000,0.000000,-11063.000000,-785.000000,-1178.000000
200.000000,200.000000,0.000000,0.000000,-11372.000000,-589.000000,-785.000000
200.000000,100.000000,0.000000,0.000000,-11640.000000,-392.000000,-589.000000
200.000000,0.000000,0.000000,0.000000,-11877.000000,-392.000000,-589.000000
200.000000,200.000000,0.000000,0.000000,-12094.000000,-196.000000,-589.000000
100.000000,300.000000,0.000000,0.000000,-12253.000000,-196.000000,-196.000000
0.000000,0.000000,0.000000,0.000000,-12376.000000,196.000000,-196.000000
200.000000,100.000000,0.000000,0.000000,-12469.000000,196.000000,0.000000
0.000000,300.000000,0.000000,0.000000,-12527.000000,0.000000,0.000000
-300.000000,-200.000000,0.000000,0.000000,-12524.000000,0.000000,0.000000
0.000000,-100.000000,0.000000,0.000000,-12503.000000,0.000000,196.000000
100.000000,-200.000000,0.000000,0.000000,-12458.000000,0.000000,0.000000
100.000000,100.000000,0.000000,0.000000,-12356.000000,196.000000,0.000000
0.000000,0.000000,0.000000,0.000000,-12212.000000,785.000000,0.000000
-100.000000,0.000000,0.000000,0.000000,-12023.000000,1178.000000,196.000000
-100.000000,0.000000,0.000000,0.000000,-11781.000000,1374.000000,0.000000
100.000000,0.000000,0.000000,0.000000,-11536.000000,1374.000000,589.000000
100.000000,-100.000000,0.000000,0.000000,-11277.000000,1374.000000,981.000000
-100.000000,-200.000000,0.000000,0.000000,-10959.000000,1178.000000,1178.000000
0.000000,0.000000,0.000000,0.000000,-10632.000000,1178.000000,1374.000000
-100.000000,0.000000,0.000000,0.000000,-10316.000000,981.000000,1178.000000
-200.000000,0.000000,0.000000,0.000000,-9958.000000,1178.000000,1178.000000
100.000000,200.000000,0.000000,0.000000,-9565.000000,1178.000000,981.000000
-100.000000,0.000000,0.000000,0.000000,-9198.000000,1374.000000,981.000000
0.000000,100.000000,0.000000,0.000000,-8813.000000,1374.000000,785.000000
-400.000000,0.000000,0.000000,0.000000,-8408.000000,1374.000000,785.000000
-100.000000,0.000000,0.000000,0.000000,-7996.000000,1374.000000,785.000000
-100.000000,0.000000,0.000000,0.000000,-7571.000000,1178.000000,981.000000
0.000000,300.000000,0.000000,0.000000,-7187.000000,1178.000000,981.000000
0.000000,200.000000,0.000000,0.000000,-6801.000000,981.000000,785.000000
-100.000000,0.000000,0.000000,0.000000,-6388.000000,981.000000,981.000000
0.000000,200.000000,0.000000,0.000000,-6010.000000,785.000000,785.000000
-100.000000,0.000000,0.000000,0.000000,-5703.000000,589.000000,785.000000
-100.000000,0.000000,0.000000,0.000000,-5377.000000,589.000000,785.000000
-200.000000,200.000000,0.000000,0.000000,-5055.000000,589.000000,392.000000
-300.000000,100.000000,78.000000,78.000000,-4794.000000,392.000000,392.000000
-100.000000,0.000000,0.000000,0.000000,-4566.000000,196.000000,392.000000
0.000000,-200.000000,0.000000,0.000000,-4357.000000,0.000000,196.000000
100.000000,0.000000,0.000000,0.000000,-4160.000000,0.000000,0.000000
0.000000,200.000000,0.000000,0.000000,-4023.000000,0.000000,0.000000
0.000000,-200.000000,0.000000,0.000000,-3914.000000,0.000000,0.000000
0.000000,0.000000,0.000000,0.000000,-3782.000000,0.000000,0.000000
0.000000,-300.000000,0.000000,0.000000,-3715.000000,-196.000000,0.000000
0.000000,400.000000,78.000000,78.000000,-3673.000000,-196.000000,0.000000
100.000000,-200.000000,0.000000,0.000000,-3690.000000,0.000000,-196.000000
0.000000,100.000000,0.000000,0.000000,-3682.000000,-392.000000,-196.000000
-200.000000,0.000000,0.000000,0.000000,-3675.000000,-981.000000,0.000000
0.000000,0.000000,0.000000,0.000000,-3763.000000,-1374.000000,-392.000000
300.000000,300.000000,0.000000,0.000000,-3948.000000,-1374.000000,-785.000000
-100.000000,0.000000,0.000000,0.000000,-4128.000000,-1570.000000,-1374.000000
0.000000,200.000000,0.000000,0.000000,-4216.000000,-1178.000000,-1374.000000
100.000000,100.000000,0.000000,0.000000,-4348.000000,-1178.000000,-1374.000000
200.000000,0.000000,0.000000,0.000000,-4574.000000,-1178.000000,-1374.000000
100.000000,300.000000,0.000000,0.000000,-4814.000000,-1178.000000,-1178.000000
0.000000,300.000000,0.000000,0.000000,-5003.000000,-1374.000000,-981.000000
0.000000,100.000000,0.000000,0.000000,-5270.000000,-1570.000000,-981.000000
200.000000,200.000000,0.000000,0.000000,-5612.000000,-1963.000000,-1178.000000
0.000000,200.000000,0.000000,0.000000,-5938.000000,-1767.000000,-1178.000000
-200.000000,0.000000,0.000000,0.000000,-6198.000000,-1570.000000,-1570.000000
500.000000,200.000000,0.000000,0.000000,-6477.000000,-1570.000000,-1570.000000
-400.000000,100.000000,0.000000,0.000000,-6797.000000,-1570.000000,-1570.000000
-100.000000,100.000000,0.000000,0.000000,-7120.000000,-1570.000000,-1570.000000
200.000000,100.000000,0.000000,0.000000,-7400.000000,-1374.000000,-1178.000000
0.000000,300.000000,0.000000,0.000000,-7680.000000,-1374.000000,-1178.000000
400.000000,0.000000,0.000000,0.000000,-8004.000000,-1374.000000,-1178.000000
600.000000,200.000000,0.000000,0.000000,-8322.000000,-1374.000000,-785.000000
0.000000,300.000000,0.000000,0.000000,-8575.000000,-1570.000000,-981.000000
-100.000000,100.000000,0.000000,0.000000,-8824.000000,-1178.000000,-981.000000
-200.000000,100.000000,0.000000,0.000000,-9087.000000,-1178.000000,-981.000000
0.000000,300.000000,156.000000,156.000000,-9290.000000,-981.000000,-981.000000
300.000000,200.000000,0.000000,0.000000,-9470.000000,-981.000000,-981.000000
400.000000,100.000000,0.000000,0.000000,-9668.000000,-785.000000,-785.000000
400.000000,-100.000000,0.000000,0.000000,-9840.000000,-785.000000,-785.000000
400.000000,0.000000,0.000000,0.000000,-9971.000000,-785.000000,-589.000000
600.000000,100.000000,0.000000,0.000000,-10103.000000,-589.000000,-392.000000
0.000000,-100.000000,0.000000,0.000000,-10222.000000,-589.000000,-589.000000
200.000000,0.000000,0.000000,0.000000,-10291.000000,-589.000000,-392.000000
100.000000,0.000000,0.000000,0.000000,-10323.000000,-392.000000,-196.000000
300.000000,0.000000,0.000000,0.000000,-10330.000000,-196.000000,-392.000000
400.000000,-400.000000,0.000000,0.000000,-10326.000000,-196.000000,-196.000000
0.000000,0.000000,0.000000,0.000000,-10299.000000,0.000000,-196.000000
100.000000,0.000000,0.000000,0.000000,-10244.000000,0.000000,-196.000000
-400.000000,0.000000,0.000000,0.000000,-10171.000000,0.000000,0.000000
-200.000000,0.000000,0.000000,0.000000,-10087.000000,0.000000,0.000000
0.000000,0.000000,0.000000,0.000000,-9962.000000,196.000000,0.000000
0.000000,-100.000000,0.000000,0.000000,-9800.000000,0.000000,196.000000
100.000000,200.000000,0.000000,0.000000,-9650.000000,0.000000,0.000000
0.000000,0.000000,0.000000,0.000000,-9468.000000,196.000000,0.000000
0.000000,-100.000000,0.000000,0.000000,-9250.000000,0.000000,196.000000
0.000000,-100.000000,0.000000,0.000000,-9014.000000,196.000000,0.000000
100.000000,0.000000,0.000000,0.000000,-8820.000000,0.000000,0.000000
0.000000,100.000000,0.000000,0.000000,-8580.000000,0.000000,0.000000
0.000000,-100.000000,0.000000,0.000000,-8335.000000,0.000000,196.000000
0.000000,0.000000,0.000000,0.000000,-8115.000000,196.000000,196.000000
0.000000,-100.000000,0.000000,0.000000,-7891.000000,196.000000,196.000000
100.000000,100.000000,0.000000,0.000000,-7664.000000,392.000000,589.000000
300.000000,0.000000,0.000000,0.000000,-7434.000000,392.000000,392.000000
0.000000,-100.000000,0.000000,0.000000,-7200.000000,392.000000,589.000000
100.000000,0.000000,0.000000,0.000000,-6973.000000,392.000000,392.000000
0.000000,300.000000,78.000000,78.000000,-6770.000000,392.000000,196.000000
0.000000,-200.000000,0.000000,0.000000,-6578.000000,196.000000,392.000000
100.000000,0.000000,0.000000,0.000000,-6382.000000,196.000000,196.000000
-100.000000,100.000000,0.000000,0.000000,-6203.000000,0.000000,196.000000
0.000000,0.000000,0.000000,0.000000,-6036.000000,0.000000,0.000000
0.000000,200.000000,0.000000,0.000000,-5891.000000,0.000000,196.000000
-100.000000,-100.000000,0.000000,0.000000,-5779.000000,0.000000,0.000000
0.000000,0.000000,0.000000,0.000000,-5688.000000,0.000000,0.000000
0.000000,-200.000000,0.000000,0.000000,-5611.000000,-196.000000,0.000000
0.000000,0.000000,0.000000,0.000000,-5531.000000,-196.000000,0.000000
0.000000,-100.000000,0.000000,0.000000,-5485.000000,0.000000,0.000000
-100.000000,-100.000000,0.000000,0.000000,-5449.000000,-196.000000,0.000000
100.000000,300.000000,0.000000,0.000000,-5384.000000,-196.000000,0.000000
-300.000000,-100.000000,0.000000,0.000000,-5348.000000,-392.000000,-196.000000
0.000000,0.000000,0.000000,0.000000,-5347.000000,-785.000000,0.000000
0.000000,0.000000,0.000000,0.000000,-5379.000000,-981.000000,-196.000000
0.000000,100.000000,0.000000,0.000000,-5453.000000,-981.000000,0.000000
-100.000000,100.000000,0.000000,0.000000,-5548.000000,-785.000000,0.000000
0.000000,300.000000,0.000000,0.000000,-5606.000000,-785.000000,0.000000
-100.000000,100.000000,0.000000,0.000000,-5658.000000,-589.000000,-196.000000
100.000000,0.000000,0.000000,0.000000,-5791.000000,-589.000000,-392.000000
0.000000,0.000000,0.000000,0.000000,-5902.000000,-785.000000,-785.000000
0.000000,200.000000,0.000000,0.000000,-5990.000000,-785.000000,-785.000000
100.000000,200.000000,78.000000,78.000000,-6063.000000,-981.000000,-785.000000
0.000000,0.000000,0.000000,0.000000,-6232.000000,-981.000000,-589.000000
0.000000,0.000000,0.000000,0.000000,-6393.000000,-981.000000,-392.000000
0.000000,0.000000,0.000000,0.000000,-6516.000000,-785.000000,-392.000000
100.000000,0.000000,0.000000,0.000000,-6664.000000,-785.000000,-196.000000
-100.000000,-100.000000,0.000000,0.000000,-6866.000000,-785.000000,-196.000000
200.000000,100.000000,0.000000,0.000000,-7035.000000,-785.000000,-589.000000
0.000000,0.000000,0.000000,0.000000,-7168.000000,-785.000000,-589.000000
-100.000000,0.000000,0.000000,0.000000,-7312.000000,-589.000000,-589.000000
-300.000000,0.000000,0.000000,0.000000,-7453.000000,-785.000000,-589.000000
0.000000,0.000000,0.000000,0.000000,-7606.000000,-589.000000,-589.000000
0.000000,0.000000,0.000000,0.000000,-7727.000000,-589.000000,-392.000000
0.000000,-100.000000,0.000000,0.000000,-7841.000000,-589.000000,-196.000000
300.000000,100.000000,0.000000,0.000000,-7956.000000,-392.000000,-196.000000
0.000000,0.000000,0.000000,0.000000,-8084.000000,-392.000000,-196.000000
0.000000,-100.000000,0.000000,0.000000,-8180.000000,-392.000000,-196.000000
0.000000,0.000000,0.000000,0.000000,-8265.000000,-196.000000,-392.000000
100.000000,0.000000,0.000000,0.000000,-8324.000000,-196.000000,-392.000000
0.000000,100.000000,0.000000,0.000000,-8393.000000,0.000000,0.000000
0.000000,0.000000,0.000000,0.000000,-8458.000000,-196.000000,0.000000
0.000000,0.000000,0.000000,0.000000,-8503.000000,-196.000000,0.000000
-200.000000,0.000000,0.000000,0.000000,-8530.000000,0.000000,0.000000
-200.000000,0.000000,0.000000,0.000000,-8557.000000,0.000000,0.000000
100.000000,-100.000000,0.000000,0.000000,-8550.000000,0.000000,0.000000
0.000000,-100.000000,0.000000,0.000000,-8553.000000,196.000000,0.000000
200.000000,-100.000000,0.000000,0.000000,-8534.000000,0.000000,0.000000
300.000000,0.000000,0.000000,0.000000,-8487.000000,196.000000,0.000000
100.000000,300.000000,0.000000,0.000000,-8449.000000,0.000000,196.000000
200.000000,100.000000,0.000000,0.000000,-8409.000000,0.000000,0.000000
-100.000000,-100.000000,0.000000,0.000000,-8313.000000,0.000000,0.000000
100.000000,0.000000,156.000000,156.000000,-8239.000000,0.000000,0.000000
0.000000,-100.000000,0.000000,0.000000,-8157.000000,0.000000,196.000000
0.000000,-100.000000,0.000000,0.000000,-8076.000000,196.000000,0.000000
0.000000,0.000000,0.000000,0.000000,-7989.000000,392.000000,0.000000
0.000000,200.000000,0.000000,0.000000,-7885.000000,785.000000,196.000000
100.000000,200.000000,0.000000,0.000000,-7785.000000,785.000000,196.000000
0.000000,-100.000000,0.000000,0.000000,-7681.000000,785.000000,196.000000
-100.000000,0.000000,0.000000,0.000000,-7571.000000,589.000000,392.000000
0.000000,0.000000,0.000000,0.000000,-7424.000000,589.000000,392.000000
-100.000000,0.000000,0.000000,0.000000,-7343.000000,392.000000,392.000000
0.000000,100.000000,0.000000,0.000000,-7256.000000,392.000000,589.000000
200.000000,300.000000,0.000000,0.000000,-7124.000000,392.000000,196.000000
0.000000,100.000000,0.000000,0.000000,-7016.000000,196.000000,392.000000
0.000000,100.000000,0.000000,0.000000,-6927.000000,392.000000,196.000000
-100.000000,-200.000000,0.000000,0.000000,-6840.000000,0.000000,196.000000
-100.000000,0.000000,0.000000,0.000000,-6745.000000,196.000000,0.000000
0.000000,0.000000,0.000000,0.000000,-6648.000000,392.000000,392.000000
0.000000,0.000000,0.000000,0.000000,-6587.000000,392.000000,196.000000
0.000000,0.000000,0.000000,0.000000,-6530.000000,392.000000,196.000000
100.000000,100.000000,78.000000,78.000000,-6491.000000,392.000000,196.000000
100.000000,200.000000,0.000000,0.000000,-6443.000000,196.000000,0.000000
100.000000,0.000000,0.000000,0.000000,-6413.000000,196.000000,196.000000
0.000000,0.000000,0.000000,0.000000,-6421.000000,0.000000,0.000000
-100.000000,0.000000,0.000000,0.000000,-6407.000000,0.000000,0.000000
0.000000,-100.000000,0.000000,0.000000,-6394.000000,0.000000,0.000000
0.000000,-100.000000,0.000000,0.000000,-6407.000000,0.000000,0.000000
0.000000,-100.000000,0.000000,0.000000,-6426.000000,0.000000,0.000000
200.000000,-200.000000,0.000000,0.000000,-6444.000000,0.000000,0.000000
0.000000,-100.000000,0.000000,0.000000,-6483.000000,0.000000,0.000000
0.000000,-200.000000,0.000000,0.000000,-6531.000000,0.000000,0.000000
100.000000,300.000000,0.000000,0.000000,-6572.000000,0.000000,0.000000
0.000000,0.000000,0.000000,0.000000,-6633.000000,0.000000,0.000000
-100.000000,0.000000,0.000000,0.000000,-6696.000000,0.000000,-196.000000
200.000000,0.000000,0.000000,0.000000,-6771.000000,0.000000,0.000000
100.000000,0.000000,0.000000,0.000000,-6842.000000,0.000000,0.000000
0.000000,0.000000,0.000000,0.000000,-6902.000000,0.000000,0.000000
100.000000,0.000000,0.000000,0.000000,-6988.000000,0.000000,0.000000
-100.000000,-200.000000,0.000000,0.000000,-7063.000000,-196.000000,0.000000
0.000000,-200.000000,0.000000,0.000000,-7141.000000,-196.000000,0.000000
0.000000,-100.000000,0.000000,0.000000,-7221.000000,0.000000,0.000000
0.000000,-200.000000,0.000000,0.000000,-7297.000000,0.000000,0.000000
0.000000,0.000000,0.000000,0.000000,-7361.000000,0.000000,0.000000
0.000000,100.000000,0.000000,0.000000,-7431.000000,0.000000,-196.000000
-100.000000,200.000000,0.000000,0.000000,-7503.000000,-196.000000,0.000000
0.000000,-200.000000,0.000000,0.000000,-7569.000000,0.000000,0.000000
0.000000,100.000000,0.000000,0.000000,-7641.000000,0.000000,0.000000
0.000000,100.000000,0.000000,0.000000,-7700.000000,-196.000000,0.000000
0.000000,-300.000000,0.000000,0.000000,-7751.000000,0.000000,0.000000
-100.000000,-100.000000,0.000000,0.000000,-7792.000000,0.000000,0.000000
0.000000,-100.000000,0.000000,0.000000,-7822.000000,0.000000,0.000000
100.000000,-200.000000,0.000000,0.000000,-7845.000000,0.000000,0.000000
-100.000000,0.000000,0.000000,0.000000,-7878.000000,0.000000,0.000000
-100.000000,-300.000000,0.000000,0.000000,-7888.000000,0.000000,0.000000
-100.000000,-100.000000,0.000000,0.000000,-7905.000000,0.000000,0.000000
0.000000,-200.000000,0.000000,0.000000,-7908.000000,196.000000,0.000000
0.000000,0.000000,0.000000,0.000000,-7905.000000,0.000000,196.000000
0.000000,100.000000,0.000000,0.000000,-7889.000000,196.000000,0.000000
100.000000,0.000000,0.000000,0.000000,-7888.000000,0.000000,0.000000
100.000000,-100.000000,0.000000,0.000000,-7876.000000,0.000000,0.000000
0.000000,0.000000,0.000000,0.000000,-7861.000000,0.000000,0.000000
200.000000,100.000000,0.000000,0.000000,-7819.000000,0.000000,0.000000
0.000000,-200.000000,0.000000,0.000000,-7778.000000,0.000000,0.000000
0.000000,-300.000000,0.000000,0.000000,-7751.000000,0.000000,0.000000
0.000000,0.000000,0.000000,0.000000,-7696.000000,0.000000,0.000000
0.000000,100.000000,0.000000,0.000000,-7643.000000,0.000000,0.000000
-100.000000,0.000000,0.000000,0.000000,-7615.000000,196.000000,196.000000
0.000000,200.000000,0.000000,0.000000,-7575.000000,0.000000,0.000000
0.000000,100.000000,0.000000,0.000000,-7515.000000,196.000000,196.000000
0.000000,0.000000,0.000000,0.000000,-7478.000000,196.000000,196.000000
0.000000,0.000000,0.000000,0.000000,-7437.000000,196.000000,392.000000
0.000000,100.000000,0.000000,0.000000,-7406.000000,392.000000,196.000000
0.000000,0.000000,0.000000,0.000000,-7362.000000,196.000000,196.000000
0.000000,0.000000,0.000000,0.000000,-7323.000000,392.000000,196.000000
0.000000,-100.000000,0.000000,0.000000,-7284.000000,196.000000,196.000000
-100.000000,100.000000,0.000000,0.000000,-7244.000000,0.000000,0.000000
-100.000000,0.000000,0.000000,0.000000,-7204.000000,196.000000,0.000000
-200.000000,-200.000000,0.000000,0.000000,-7177.000000,0.000000,0.000000
0.000000,0.000000,0.000000,0.000000,-7145.000000,0.000000,0.000000
0.000000,0.000000,0.000000,0.000000,-7128.000000,0.000000,0.000000
0.000000,0.000000,0.000000,0.000000,-7108.000000,0.000000,0.000000
0.000000,-200.000000,0.000000,0.000000,-7087.000000,0.000000,196.000000
0.000000,0.000000,0.000000,0.000000,-7079.000000,0.000000,0.000000
0.000000,-100.000000,0.000000,0.000000,-7089.000000,0.000000,0.000000
0.000000,-100.000000,0.000000,0.000000,-7084.000000,0.000000,-196.000000
0.000000,-100.000000,0.000000,0.000000,-7075.000000,0.000000,0.000000
0.000000,0.000000,0.000000,0.000000,-7073.000000,0.000000,0.000000
-100.000000,-100.000000,0.000000,0.000000,-7093.000000,0.000000,0.000000
-100.000000,100.000000,0.000000,0.000000,-7095.000000,-196.000000,0.000000
0.000000,0.000000,0.000000,0.000000,-7114.000000,0.000000,0.000000
0.000000,0.000000,0.000000,0.000000,-7139.000000,0.000000,0.000000
0.000000,0.000000,0.000000,0.000000,-7163.000000,0.000000,0.000000
100.000000,0.000000,0.000000,0.000000,-7197.000000,0.000000,0.000000
0.000000,0.000000,0.000000,0.000000,-7218.000000,0.000000,0.000000
0.000000,-100.000000,0.000000,0.000000,-7254.000000,0.000000,0.000000
0.000000,-100.000000,0.000000,0.000000,-7283.000000,0.000000,0.000000
-100.000000,-100.000000,156.000000,156.000000,-7316.000000,0.000000,0.000000
-100.000000,400.000000,0.000000,0.000000,-7340.000000,0.000000,0.000000
-100.000000,-200.000000,0.000000,0.000000,-7376.000000,0.000000,0.000000
0.000000,0.000000,0.000000,0.000000,-7406.000000,0.000000,0.000000
0.000000,0.000000,0.000000,0.000000,-7430.000000,-196.000000,-196.000000
0.000000,-300.000000,0.000000,0.000000,-7452.000000,0.000000,0.000000
-100.000000,0.000000,0.000000,0.000000,-7491.000000,0.000000,0.000000
0.000000,-100.000000,0.000000,0.000000,-7523.000000,0.000000,-196.000000
0.000000,-200.000000,0.000000,0.000000,-7556.000000,0.000000,0.000000
0.000000,-200.000000,0.000000,0.000000,-7591.000000,0.000000,0.000000
0.000000,-100.000000,0.000000,0.000000,-7619.000000,0.000000,0.000000
200.000000,-200.000000,0.000000,0.000000,-7632.000000,0.000000,0.000000
-100.000000,0.000000,0.000000,0.000000,-7634.000000,0.000000,0.000000
100.000000,0.000000,0.000000,0.000000,-7645.000000,0.000000,0.000000
0.000000,0.000000,0.000000,0.000000,-7636.000000,0.000000,0.000000
-100.000000,100.000000,78.000000,78.000000,-7637.000000,0.000000,0.000000
-100.000000,0.000000,0.000000,0.000000,-7633.000000,0.000000,0.000000
-100.000000,-400.000000,0.000000,0.000000,-7637.000000,0.000000,0.000000
0.000000,-200.000000,0.000000,0.000000,-7635.000000,0.000000,0.000000
0.000000,0.000000,0.000000,0.000000,-7625.000000,0.000000,0.000000
0.000000,-200.000000,0.000000,0.000000,-7606.000000,0.000000,196.000000
0.000000,-100.000000,0.000000,0.000000,-7587.000000,0.000000,0.000000
-100.000000,-200.000000,0.000000,0.000000,-7563.000000,0.000000,0.000000
-100.000000,-100.000000,0.000000,0.000000,-7535.000000,0.000000,0.000000
0.000000,-200.000000,0.000000,0.000000,-7503.000000,0.000000,196.000000
0.000000,-200.000000,0.000000,0.000000,-7475.000000,196.000000,0.000000
-100.000000,-200.000000,0.000000,0.000000,-7440.000000,0.000000,0.000000
0.000000,-200.000000,0.000000,0.000000,-7403.000000,0.000000,0.000000
-100.000000,-100.000000,0.000000,0.000000,-7372.000000,0.000000,0.000000
0.000000,-400.000000,0.000000,0.000000,-7344.000000,0.000000,0.000000
-100.000000,-200.000000,0.000000,0.000000,-7311.000000,0.000000,0.000000
0.000000,100.000000,0.000000,0.000000,-7295.000000,0.000000,0.000000
0.000000,0.000000,0.000000,0.000000,-7266.000000,0.000000,0.000000
0.000000,-100.000000,0.000000,0.000000,-7239.000000,0.000000,0.000000
-100.000000,-100.000000,0.000000,0.000000,-7197.000000,0.000000,0.000000
100.000000,0.000000,0.000000,0.000000,-7157.000000,0.000000,0.000000
0.000000,-200.000000,0.000000,0.000000,-7139.000000,0.000000,0.000000
100.000000,-100.000000,0.000000,0.000000,-7123.000000,0.000000,0.000000
200.000000,-200.000000,0.000000,0.000000,-7101.000000,0.000000,0.000000
-100.000000,-200.000000,0.000000,0.000000,-7092.000000,0.000000,0.000000
0.000000,0.000000,0.000000,0.000000,-7083.000000,0.000000,0.000000
-200.000000,-300.000000,0.000000,0.000000,-7065.000000,0.000000,0.000000
0.000000,-200.000000,0.000000,0.000000,-7059.000000,0.000000,0.000000
-100.000000,0.000000,0.000000,0.000000,-7053.000000,0.000000,0.000000
-400.000000,0.000000,0.000000,0.000000,-7058.000000,0.000000,0.000000
-200.000000,-200.000000,0.000000,0.000000,-7080.000000,0.000000,0.000000
0.000000,-100.000000,0.000000,0.000000,-7096.000000,0.000000,0.000000
-100.000000,-300.000000,0.000000,0.000000,-7120.000000,0.000000,0.000000
-100.000000,0.000000,0.000000,0.000000,-7136.000000,0.000000,0.000000
0.000000,0.000000,0.000000,0.000000,-7146.000000,0.000000,0.000000
0.000000,-100.000000,0.000000,0.000000,-7160.000000,0.000000,0.000000
-100.000000,-200.000000,0.000000,0.000000,-7176.000000,0.000000,0.000000
-100.000000,-200.000000,0.000000,0.000000,-7191.000000,0.000000,0.000000
0.000000,0.000000,0.000000,0.000000,-7204.000000,0.000000,0.000000
0.000000,0.000000,0.000000,0.000000,-7224.000000,0.000000,0.000000
-200.000000,-200.000000,0.000000,0.000000,-7253.000000,0.000000,0.000000
0.000000,0.000000,156.000000,156.000000,-7266.000000,0.000000,0.000000
0.000000,100.000000,0.000000,0.000000,-7285.000000,0.000000,0.000000
200.000000,0.000000,0.000000,0.000000,-7304.000000,0.000000,0.000000
-100.000000,-200.000000,0.000000,0.000000,-7327.000000,0.000000,0.000000
0.000000,0.000000,0.000000,0.000000,-7348.000000,0.000000,0.000000
0.000000,0.000000,0.000000,0.000000,-7379.000000,0.000000,0.000000
0.000000,0.000000,0.000000,0.000000,-7401.000000,0.000000,0.000000
0.000000,-100.000000,0.000000,0.000000,-7418.000000,0.000000,0.000000
0.000000,-100.000000,0.000000,0.000000,-7428.000000,0.000000,0.000000
0.000000,-100.000000,0.000000,0.000000,-7456.000000,0.000000,0.000000
0.000000,0.000000,0.000000,0.000000,-7469.000000,0.000000,0.000000
0.000000,-200.000000,0.000000,0.000000,-7476.000000,0.000000,0.000000
-200.000000,0.000000,0.000000,0.000000,-7482.000000,0.000000,0.000000
0.000000,-100.000000,0.000000,0.000000,-7489.000000,0.000000,0.000000
0.000000,-100.000000,0.000000,0.000000,-7485.000000,0.000000,0.000000
0.000000,0.000000,0.000000,0.000000,-7490.000000,0.000000,0.000000
0.000000,0.000000,0.000000,0.000000,-7482.000000,0.000000,0.000000
0.000000,-200.000000,0.000000,0.000000,-7474.000000,0.000000,0.000000
0.000000,-200.000000,0.000000,0.000000,-7477.000000,0.000000,0.000000
0.000000,-100.000000,0.000000,0.000000,-7474.000000,0.000000,0.000000
0.000000,-300.000000,0.000000,0.000000,-7476.000000,0.000000,0.000000
100.000000,-100.000000,0.000000,0.000000,-7454.000000,0.000000,0.000000
100.000000,-200.000000,0.000000,0.000000,-7442.000000,0.000000,0.000000
-300.000000,-100.000000,0.000000,0.000000,-7433.000000,0.000000,0.000000
0.000000,0.000000,0.000000,0.000000,-7427.000000,0.000000,0.000000
-100.000000,-200.000000,0.000000,0.000000,-7410.000000,0.000000,0.000000
100.000000,-100.000000,0.000000,0.000000,-7398.000000,0.000000,0.000000
-100.000000,0.000000,0.000000,0.000000,-7374.000000,0.000000,0.000000
100.000000,-100.000000,0.000000,0.000000,-7349.000000,0.000000,0.000000
0.000000,-100.000000,0.000000,0.000000,-7343.000000,0.000000,0.000000
-100.000000,-200.000000,0.000000,0.000000,-7342.000000,0.000000,0.000000
-100.000000,-100.000000,0.000000,0.000000,-7323.000000,0.000000,0.000000
0.000000,-100.000000,0.000000,0.000000,-7307.000000,0.000000,0.000000
200.000000,-300.000000,0.000000,0.000000,-7282.000000,0.000000,0.000000
0.000000,-100.000000,0.000000,0.000000,-7266.000000,0.000000,0.000000
0.000000,-200.000000,0.000000,0.000000,-7246.000000,0.000000,0.000000
0.000000,0.000000,0.000000,0.000000,-7226.000000,0.000000,0.000000
100.000000,0.000000,0.000000,0.000000,-7223.000000,0.000000,0.000000
0.000000,-100.000000,0.000000,0.000000,-7219.000000,0.000000,0.000000
0.000000,-300.000000,0.000000,0.000000,-7206.000000,0.000000,0.000000
0.000000,-200.000000,0.000000,0.000000,-7194.000000,0.000000,0.000000
0.000000,-200.000000,0.000000,0.000000,-7188.000000,0.000000,0.000000
0.000000,-100.000000,0.000000,0.000000,-7185.000000,0.000000,0.000000
0.000000,-100.000000,0.000000,0.000000,-7181.000000,0.000000,0.000000
100.000000,-100.000000,0.000000,0.000000,-7185.000000,0.000000,0.000000
100.000000,-300.000000,0.000000,0.000000,-7187.000000,0.000000,0.000000
0.000000,-100.000000,0.000000,0.000000,-7187.000000,0.000000,0.000000
0.000000,0.000000,0.000000,0.000000,-7190.000000,0.000000,0.000000
100.000000,0.000000,0.000000,0.000000,-7189.000000,0.000000,0.000000
-100.000000,-200.000000,0.000000,0.000000,-7180.000000,0.000000,0.000000
-100.000000,-200.000000,0.000000,0.000000,-7190.000000,0.000000,0.000000
100.000000,-100.000000,0.000000,0.000000,-7200.000000,0.000000,0.000000
0.000000,-100.000000,0.000000,0.000000,-7213.000000,0.000000,0.000000
100.000000,-100.000000,0.000000,0.000000,-7237.000000,0.000000,0.000000
0.000000,-200.000000,0.000000,0.000000,-7231.000000,0.000000,0.000000
-100.000000,0.000000,0.000000,0.000000,-7238.000000,0.000000,0.000000
-100.000000,-100.000000,0.000000,0.000000,-7249.000000,0.000000,0.000000
-100.000000,-100.000000,0.000000,0.000000,-7270.000000,0.000000,0.000000
0.000000,200.000000,78.000000,78.000000,-7305.000000,0.000000,0.000000
100.000000,0.000000,0.000000,0.000000,-7320.000000,0.000000,0.000000
-100.000000,-200.000000,0.000000,0.000000,-7330.000000,0.000000,0.000000
0.000000,-200.000000,0.000000,0.000000,-7345.000000,0.000000,0.000000
0.000000,100.000000,0.000000,0.000000,-7350.000000,0.000000,0.000000
-100.000000,-300.000000,0.000000,0.000000,-7365.000000,0.000000,0.000000
0.000000,-100.000000,0.000000,0.000000,-7376.000000,0.000000,0.000000
0.000000,100.000000,0.000000,0.000000,-7374.000000,0.000000,0.000000
0.000000,0.000000,0.000000,0.000000,-7379.000000,0.000000,0.000000
-100.000000,0.000000,0.000000,0.000000,-7392.000000,0.000000,0.000000
200.000000,0.000000,0.000000,0.000000,-7391.000000,0.000000,0.000000
0.000000,-100.000000,0.000000,0.000000,-7390.000000,0.000000,0.000000
-100.000000,-300.000000,0.000000,0.000000,-7394.000000,0.000000,0.000000
-100.000000,-100.000000,0.000000,0.000000,-7397.000000,0.000000,0.000000
0.000000,0.000000,0.000000,0.000000,-7399.000000,0.000000,0.000000
-100.000000,0.000000,0.000000,0.000000,-7402.000000,0.000000,0.000000
0.000000,0.000000,0.000000,0.000000,-7391.000000,0.000000,0.000000
100.000000,-200.000000,0.000000,0.000000,-7392.000000,0.000000,0.000000
