Channel 1,Channel 2,Channel 3,Channel 4,Channel 5,Channel 6,Channel 7
100.000000,-100.000000,0.000000,0.000000,-6929.000000,0.000000,0.000000
0.000000,0.000000,0.000000,0.000000,-6920.000000,0.000000,0.000000
0.000000,100.000000,0.000000,0.000000,-6913.000000,0.000000,0.000000
-200.000000,0.000000,0.000000,0.000000,-6913.000000,0.000000,0.000000
0.000000,-200.000000,0.000000,0.000000,-6914.000000,0.000000,0.000000
-100.000000,-200.000000,0.000000,0.000000,-6904.000000,0.000000,0.000000
0.000000,-200.000000,0.000000,0.000000,-6908.000000,0.000000,0.000000
-100.000000,-100.000000,0.000000,0.000000,-6903.000000,0.000000,0.000000
0.000000,-300.000000,0.000000,0.000000,-6912.000000,0.000000,0.000000
0.000000,-100.000000,0.000000,0.000000,-6909.000000,0.000000,0.000000
-100.000000,-100.000000,0.000000,0.000000,-6905.000000,0.000000,0.000000
-100.000000,0.000000,0.000000,0.000000,-6894.000000,0.000000,0.000000
-200.000000,0.000000,0.000000,0.000000,-6892.000000,0.000000,0.000000
-100.000000,-400.000000,0.000000,0.000000,-6897.000000,0.000000,0.000000
0.000000,-400.000000,0.000000,0.000000,-6902.000000,0.000000,0.000000
0.000000,100.000000,0.000000,0.000000,-6913.000000,0.000000,0.000000
0.000000,0.000000,0.000000,0.000000,-6926.000000,0.000000,0.000000
-100.000000,-400.000000,0.000000,0.000000,-6929.000000,0.000000,0.000000
0.000000,-100.000000,0.000000,0.000000,-6924.000000,0.000000,0.000000
0.000000,-100.000000,78.000000,78.000000,-6915.000000,0.000000,0.000000
100.000000,100.000000,0.000000,0.000000,-6920.000000,0.000000,0.000000
0.000000,-200.000000,0.000000,0.000000,-6925.000000,0.000000,0.000000
100.000000,0.000000,0.000000,0.000000,-6929.000000,0.000000,0.000000
0.000000,-100.000000,0.000000,0.000000,-6929.000000,0.000000,0.000000
200.000000,-100.000000,0.000000,0.000000,-6935.000000,0.000000,0.000000
-100.000000,-100.000000,0.000000,0.000000,-6919.000000,0.000000,0.000000
-100.000000,0.000000,0.000000,0.000000,-6926.000000,0.000000,0.000000
100.000000,-100.000000,0.000000,0.000000,-6925.000000,0.000000,0.000000
-100.000000,100.000000,0.000000,0.000000,-6933.000000,0.000000,0.000000
0.000000,-200.000000,0.000000,0.000000,-6938.000000,0.000000,0.000000
0.000000,0.000000,0.000000,0.000000,-6951.000000,0.000000,0.000000
0.000000,-200.000000,0.000000,0.000000,-6936.000000,0.000000,0.000000
-100.000000,-200.000000,0.000000,0.000000,-6926.000000,0.000000,0.000000
0.000000,0.000000,0.000000,0.000000,-6923.000000,0.000000,0.000000
100.000000,-100.000000,0.000000,0.000000,-6928.000000,0.000000,0.000000
0.000000,-500.000000,0.000000,0.000000,-6927.000000,0.000000,0.000000
0.000000,0.000000,0.000000,0.000000,-6931.000000,0.000000,0.000000
100.000000,-300.000000,0.000000,0.000000,-6930.000000,0.000000,196.000000
0.000000,-200.000000,0.000000,0.000000,-6924.000000,0.000000,0.000000
0.000000,-200.000000,0.000000,0.000000,-6932.000000,0.000000,0.000000
100.000000,-300.000000,0.000000,0.000000,-6948.000000,0.000000,0.000000
-200.000000,0.000000,0.000000,0.000000,-6942.000000,0.000000,0.000000
0.000000,100.000000,0.000000,0.000000,-6929.000000,0.000000,-196.000000
0.000000,100.000000,0.000000,0.000000,-6914.000000,0.000000,0.000000
0.000000,-100.000000,0.000000,0.000000,-6922.000000,0.000000,0.000000
0.000000,-300.000000,0.000000,0.000000,-6911.000000,0.000000,0.000000
0.000000,-100.000000,0.000000,0.000000,-6898.000000,0.000000,0.000000
100.000000,100.000000,0.000000,0.000000,-6894.000000,0.000000,0.000000
0.000000,-100.000000,0.000000,0.000000,-6904.000000,0.000000,0.000000
200.000000,-200.000000,0.000000,0.000000,-6893.000000,0.000000,0.000000
0.000000,0.000000,0.000000,0.000000,-6885.000000,0.000000,0.000000
-100.000000,-500.000000,0.000000,0.000000,-6874.000000,0.000000,0.000000
200.000000,100.000000,0.000000,0.000000,-6868.000000,0.000000,0.000000
0.000000,-100.000000,0.000000,0.000000,-6848.000000,0.000000,0.000000
-100.000000,-100.000000,78.000000,78.000000,-6835.000000,0.000000,0.000000
300.000000,-100.000000,0.000000,0.000000,-6818.000000,0.000000,0.000000
0.000000,-200.000000,0.000000,0.000000,-6816.000000,0.000000,0.000000
-100.000000,0.000000,0.000000,0.000000,-6814.000000,0.000000,0.000000
0.000000,0.000000,0.000000,0.000000,-6796.000000,0.000000,0.000000
-100.000000,-100.000000,0.000000,0.000000,-6777.000000,0.000000,0.000000
-300.000000,0.000000,0.000000,0.000000,-6776.000000,0.000000,-196.000000
-400.000000,-200.000000,0.000000,0.000000,-6775.000000,0.000000,0.000000
0.000000,-300.000000,0.000000,0.000000,-6783.000000,0.000000,-196.000000
200.000000,-400.000000,0.000000,0.000000,-6798.000000,0.000000,0.000000
0.000000,0.000000,0.000000,0.000000,-6798.000000,0.000000,-196.000000
100.000000,-100.000000,0.000000,0.000000,-6809.000000,0.000000,-196.000000
0.000000,-300.000000,0.000000,0.000000,-6818.000000,0.000000,-196.000000
-400.000000,-200.000000,0.000000,0.000000,-6831.000000,0.000000,-196.000000
200.000000,-100.000000,0.000000,0.000000,-6814.000000,0.000000,-196.000000
200.000000,0.000000,0.000000,0.000000,-6841.000000,0.000000,0.000000
0.000000,-100.000000,0.000000,0.000000,-6877.000000,0.000000,0.000000
0.000000,-100.000000,0.000000,0.000000,-6913.000000,0.000000,0.000000
0.000000,0.000000,0.000000,0.000000,-6940.000000,0.000000,0.000000
100.000000,-300.000000,0.000000,0.000000,-6984.000000,0.000000,0.000000
200.000000,100.000000,0.000000,0.000000,-7052.000000,0.000000,0.000000
0.000000,-300.000000,0.000000,0.000000,-7108.000000,0.000000,-196.000000
-100.000000,0.000000,0.000000,0.000000,-7149.000000,0.000000,-196.000000
100.000000,0.000000,0.000000,0.000000,-7184.000000,0.000000,0.000000
200.000000,0.000000,0.000000,0.000000,-7224.000000,0.000000,-196.000000
-200.000000,-100.000000,0.000000,0.000000,-7261.000000,0.000000,0.000000
0.000000,0.000000,0.000000,0.000000,-7295.000000,0.000000,0.000000
0.000000,-200.000000,0.000000,0.000000,-7347.000000,0.000000,0.000000
300.000000,-100.000000,0.000000,0.000000,-7393.000000,0.000000,0.000000
-200.000000,0.000000,0.000000,0.000000,-7417.000000,0.000000,-196.000000
-200.000000,-200.000000,0.000000,0.000000,-7432.000000,0.000000,0.000000
100.000000,-100.000000,0.000000,0.000000,-7458.000000,0.000000,-196.000000
0.000000,-100.000000,0.000000,0.000000,-7478.000000,0.000000,0.000000
100.000000,-100.000000,0.000000,0.000000,-7502.000000,0.000000,0.000000
100.000000,-100.000000,0.000000,0.000000,-7514.000000,0.000000,0.000000
0.000000,0.000000,0.000000,0.000000,-7529.000000,0.000000,0.000000
0.000000,-300.000000,0.000000,0.000000,-7537.000000,0.000000,0.000000
100.000000,0.000000,0.000000,0.000000,-7520.000000,0.000000,0.000000
0.000000,-100.000000,0.000000,0.000000,-7506.000000,0.000000,0.000000
0.000000,-100.000000,0.000000,0.000000,-7505.000000,0.000000,0.000000
0.000000,0.000000,0.000000,0.000000,-7504.000000,0.000000,0.000000
0.000000,-100.000000,0.000000,0.000000,-7497.000000,0.000000,0.000000
100.000000,-300.000000,78.000000,78.000000,-7486.000000,0.000000,0.000000
0.000000,0.000000,0.000000,0.000000,-7467.000000,0.000000,0.000000
-100.000000,-200.000000,0.000000,0.000000,-7444.000000,0.000000,0.000000
-200.000000,-100.000000,0.000000,0.000000,-7422.000000,0.000000,0.000000
0.000000,-100.000000,0.000000,0.000000,-7403.000000,0.000000,0.000000
0.000000,-200.000000,0.000000,0.000000,-7377.000000,0.000000,0.000000
0.000000,0.000000,0.000000,0.000000,-7359.000000,0.000000,0.000000
0.000000,-100.000000,156.000000,156.000000,-7334.000000,0.000000,0.000000
0.000000,200.000000,153.000000,156.000000,-7315.000000,0.000000,0.000000
200.000000,600.000000,0.000000,0.000000,-7291.000000,0.000000,0.000000
-100.000000,-300.000000,0.000000,0.000000,-7272.000000,0.000000,0.000000
0.000000,-200.000000,0.000000,0.000000,-7248.000000,0.000000,0.000000
0.000000,-300.000000,0.000000,0.000000,-7214.000000,0.000000,0.000000
0.000000,-200.000000,0.000000,0.000000,-7201.000000,0.000000,0.000000
100.000000,0.000000,0.000000,0.000000,-7192.000000,0.000000,0.000000
0.000000,-200.000000,0.000000,0.000000,-7173.000000,0.000000,0.000000
0.000000,-100.000000,0.000000,0.000000,-7164.000000,0.000000,0.000000
0.000000,-100.000000,0.000000,0.000000,-7161.000000,0.000000,0.000000
-100.000000,-300.000000,0.000000,0.000000,-7149.000000,0.000000,0.000000
100.000000,-200.000000,0.000000,0.000000,-7143.000000,0.000000,0.000000
-100.000000,-200.000000,0.000000,0.000000,-7143.000000,0.000000,0.000000
-100.000000,100.000000,0.000000,0.000000,-7147.000000,0.000000,0.000000
0.000000,-100.000000,0.000000,0.000000,-7155.000000,0.000000,0.000000
-100.000000,-100.000000,0.000000,0.000000,-7146.000000,0.000000,-196.000000
0.000000,-100.000000,0.000000,0.000000,-7133.000000,0.000000,0.000000
-200.000000,0.000000,0.000000,0.000000,-7134.000000,0.000000,0.000000
400.000000,-100.000000,16000.000000,16000.000000,-7140.000000,0.000000,0.000000
13800.000000,7500.000000,16000.000000,16000.000000,-7187.000000,1374.000000,1374.000000
16700.000000,13300.000000,16000.000000,16000.000000,-7446.000000,4908.000000,3141.000000
14900.000000,17400.000000,16000.000000,16000.000000,-7441.000000,5105.000000,2159.000000
17300.000000,16400.000000,16000.000000,16000.000000,-6650.000000,1178.000000,-392.000000
16000.000000,16299.000000,16000.000000,16000.000000,-5693.000000,-1570.000000,-196.000000
15900.000000,14000.000000,16000.000000,16000.000000,-6168.000000,-785.000000,1178.000000
16800.000000,14500.000000,16000.000000,16000.000000,-6610.000000,1570.000000,2356.000000
17300.000000,14200.000000,16000.000000,16000.000000,-5520.000000,3926.000000,2356.000000
14100.000000,15900.000000,16000.000000,16000.000000,-4674.000000,4516.000000,1963.000000
14500.000000,19100.000000,16000.000000,16000.000000,-4216.000000,2356.000000,1963.000000
15400.000000,15600.000000,16000.000000,16000.000000,-3504.000000,589.000000,1963.000000
15100.000000,15100.000000,16000.000000,16000.000000,-3373.000000,1178.000000,2552.000000
16700.000000,17300.000000,16000.000000,16000.000000,-3009.000000,3534.000000,3337.000000
17700.000000,16400.000000,16000.000000,16000.000000,-2089.000000,5105.000000,3730.000000
17200.000000,16200.000000,16000.000000,16000.000000,-904.000000,5105.000000,3141.000000
13900.000000,16200.000000,16000.000000,16000.000000,-132.000000,3141.000000,3141.000000
18000.000000,15600.000000,16000.000000,16000.000000,561.000000,1963.000000,3337.000000
16299.000000,15100.000000,16000.000000,16000.000000,979.000000,2945.000000,3730.000000
13900.000000,14900.000000,16000.000000,16000.000000,1285.000000,4123.000000,3730.000000
13900.000000,14400.000000,16000.000000,16000.000000,2262.000000,5105.000000,3926.000000
14000.000000,15900.000000,16000.000000,16000.000000,3278.000000,4712.000000,3730.000000
14200.000000,15200.000000,16000.000000,16000.000000,3753.000000,3534.000000,3926.000000
14200.000000,17800.000000,16000.000000,16000.000000,4341.000000,2748.000000,3926.000000
14100.000000,14000.000000,16000.000000,16000.000000,4928.000000,3534.000000,3926.000000
13900.000000,13900.000000,16000.000000,16000.000000,5340.000000,5105.000000,3926.000000
14200.000000,15900.000000,16000.000000,16000.000000,5965.000000,5105.000000,3730.000000
14600.000000,15200.000000,16000.000000,16000.000000,7179.000000,4123.000000,3141.000000
17800.000000,14700.000000,16000.000000,16000.000000,7803.000000,3141.000000,3141.000000
15700.000000,16900.000000,16000.000000,16000.000000,7938.000000,2945.000000,3141.000000
15700.000000,14200.000000,16000.000000,16000.000000,8347.000000,3534.000000,3534.000000
15200.000000,14200.000000,16000.000000,16000.000000,8912.000000,4319.000000,3534.000000
13600.000000,17200.000000,16000.000000,16000.000000,9424.000000,4516.000000,3337.000000
16200.000000,16900.000000,16000.000000,16000.000000,10087.000000,3926.000000,3337.000000
100.000000,200.000000,0.000000,0.000000,10579.000000,2356.000000,2356.000000
-100.000000,0.000000,0.000000,0.000000,10416.000000,-392.000000,0.000000
100.000000,0.000000,0.000000,0.000000,10556.000000,-196.000000,0.000000
-100.000000,-100.000000,0.000000,0.000000,10709.000000,-196.000000,196.000000
0.000000,0.000000,0.000000,0.000000,10576.000000,196.000000,981.000000
200.000000,0.000000,0.000000,0.000000,10181.000000,1570.000000,2159.000000
-200.000000,200.000000,0.000000,0.000000,9930.000000,2552.000000,2356.000000
0.000000,0.000000,0.000000,0.000000,9334.000000,2356.000000,2159.000000
200.000000,0.000000,0.000000,0.000000,8597.000000,2945.000000,1767.000000
100.000000,-100.000000,0.000000,0.000000,8040.000000,1963.000000,589.000000
0.000000,200.000000,0.000000,0.000000,7317.000000,1767.000000,-785.000000
-100.000000,0.000000,0.000000,0.000000,6697.000000,196.000000,-1570.000000
0.000000,100.000000,0.000000,0.000000,6152.000000,-1570.000000,-1767.000000
0.000000,0.000000,0.000000,0.000000,5059.000000,-1767.000000,-1570.000000
100.000000,0.000000,0.000000,0.000000,3923.000000,-1963.000000,-1570.000000
100.000000,200.000000,0.000000,0.000000,3085.000000,-1570.000000,-1374.000000
200.000000,100.000000,0.000000,0.000000,2145.000000,-1374.000000,-981.000000
-200.000000,100.000000,0.000000,0.000000,709.000000,-1178.000000,-785.000000
0.000000,100.000000,0.000000,0.000000,-562.000000,-1178.000000,-981.000000
0.000000,100.000000,0.000000,0.000000,-1579.000000,-981.000000,-1374.000000
0.000000,-100.000000,0.000000,0.000000,-2854.000000,-981.000000,-1963.000000
100.000000,200.000000,0.000000,0.000000,-4297.000000,-785.000000,-2159.000000
-100.000000,200.000000,0.000000,0.000000,-5531.000000,-589.000000,-2159.000000
0.000000,0.000000,0.000000,0.000000,-6768.000000,-589.000000,-1963.000000
0.000000,100.000000,0.000000,0.000000,-8108.000000,-785.000000,-1570.000000
0.000000,0.000000,0.000000,0.000000,-9289.000000,-1374.000000,-1374.000000
100.000000,300.000000,0.000000,0.000000,-10365.000000,-1374.000000,-1178.000000
0.000000,100.000000,0.000000,0.000000,-11550.000000,-981.000000,-981.000000
100.000000,200.000000,0.000000,0.000000,-12648.000000,-981.000000,-392.000000
200.000000,300.000000,0.000000,0.000000,-13555.000000,-981.000000,-392.000000
0.000000,100.000000,0.000000,0.000000,-14480.000000,-589.000000,196.000000
0.000000,100.000000,0.000000,0.000000,-15368.000000,-392.000000,196.000000
100.000000,100.000000,0.000000,0.000000,-16144.000000,-196.000000,196.000000
0.000000,0.000000,0.000000,0.000000,-16845.000000,392.000000,392.000000
0.000000,200.000000,0.000000,0.000000,-17638.000000,1570.000000,785.000000
0.000000,100.000000,0.000000,0.000000,-18233.000000,2356.000000,1374.000000
0.000000,-100.000000,0.000000,0.000000,-18709.000000,2748.000000,1767.000000
0.000000,0.000000,0.000000,0.000000,-19165.000000,2748.000000,1963.000000
200.000000,0.000000,0.000000,0.000000,-19508.000000,2748.000000,2159.000000
100.000000,-100.000000,0.000000,0.000000,-19647.000000,2748.000000,2552.000000
0.000000,100.000000,0.000000,0.000000,-19714.000000,3141.000000,2748.000000
100.000000,-100.000000,0.000000,0.000000,-19815.000000,3730.000000,3337.000000
0.000000,-100.000000,0.000000,0.000000,-19713.000000,4319.000000,3534.000000
0.000000,0.000000,0.000000,0.000000,-19467.000000,4516.000000,3534.000000
-100.000000,0.000000,0.000000,0.000000,-19217.000000,4712.000000,3730.000000
0.000000,0.000000,0.000000,0.000000,-18870.000000,4712.000000,3926.000000
0.000000,0.000000,0.000000,0.000000,-18339.000000,5105.000000,4319.000000
0.000000,-100.000000,0.000000,0.000000,-17805.000000,5301.000000,4516.000000
100.000000,0.000000,0.000000,0.000000,-17255.000000,5890.000000,4908.000000
0.000000,0.000000,0.000000,0.000000,-16551.000000,5890.000000,5105.000000
0.000000,100.000000,0.000000,0.000000,-15769.000000,5694.000000,5105.000000
-100.000000,200.000000,0.000000,0.000000,-14953.000000,5890.000000,4712.000000
200.000000,0.000000,0.000000,0.000000,-14117.000000,6086.000000,4908.000000
0.000000,0.000000,0.000000,0.000000,-13271.000000,6479.000000,5105.000000
0.000000,-100.000000,0.000000,0.000000,-12309.000000,6479.000000,5105.000000
200.000000,-100.000000,0.000000,0.000000,-11259.000000,6479.000000,5301.000000
0.000000,0.000000,0.000000,0.000000,-10268.000000,6283.000000,5694.000000
0.000000,0.000000,0.000000,0.000000,-9218.000000,6086.000000,5694.000000
-100.000000,-100.000000,0.000000,0.000000,-8119.000000,5890.000000,5497.000000
-100.000000,0.000000,0.000000,0.000000,-7061.000000,5890.000000,4908.000000
0.000000,100.000000,0.000000,0.000000,-6096.000000,5694.000000,4712.000000
0.000000,300.000000,0.000000,0.000000,-5037.000000,5890.000000,4712.000000
0.000000,0.000000,0.000000,0.000000,-4089.000000,5694.000000,4712.000000
200.000000,0.000000,0.000000,0.000000,-3259.000000,5497.000000,4516.000000
-100.000000,100.000000,0.000000,0.000000,-2411.000000,5497.000000,4319.000000
0.000000,0.000000,0.000000,0.000000,-1583.000000,5301.000000,4123.000000
100.000000,200.000000,0.000000,0.000000,-840.000000,5105.000000,4123.000000
200.000000,0.000000,0.000000,0.000000,-100.000000,4908.000000,3926.000000
0.000000,100.000000,0.000000,0.000000,558.000000,4712.000000,3534.000000
0.000000,0.000000,0.000000,0.000000,1157.000000,4319.000000,3534.000000
0.000000,0.000000,0.000000,0.000000,1647.000000,4319.000000,2552.000000
0.000000,0.000000,0.000000,0.000000,2036.000000,3926.000000,2748.000000
0.000000,0.000000,0.000000,0.000000,2389.000000,3730.000000,2356.000000
100.000000,0.000000,0.000000,0.000000,2762.000000,3141.000000,2159.000000
0.000000,0.000000,0.000000,0.000000,3061.000000,2356.000000,1767.000000
300.000000,0.000000,0.000000,0.000000,3218.000000,1570.000000,1178.000000
0.000000,200.000000,0.000000,0.000000,3150.000000,1374.000000,785.000000
100.000000,200.000000,0.000000,0.000000,3100.000000,1374.000000,392.000000
-100.000000,0.000000,0.000000,0.000000,3065.000000,785.000000,392.000000
0.000000,-100.000000,0.000000,0.000000,2914.000000,785.000000,0.000000
0.000000,0.000000,0.000000,0.000000,2586.000000,589.000000,0.000000
100.000000,0.000000,0.000000,0.000000,2191.000000,589.000000,0.000000
100.000000,-200.000000,78.000000,78.000000,1731.000000,392.000000,0.000000
100.000000,100.000000,0.000000,0.000000,1196.000000,196.000000,-196.000000
0.000000,200.000000,0.000000,0.000000,586.000000,-196.000000,-589.000000
100.000000,100.000000,0.000000,0.000000,-65.000000,0.000000,-981.000000
100.000000,0.000000,0.000000,0.000000,-770.000000,0.000000,-1374.000000
0.000000,-400.000000,0.000000,0.000000,-1526.000000,-196.000000,-1374.000000
0.000000,0.000000,0.000000,0.000000,-2361.000000,0.000000,-1374.000000
0.000000,-200.000000,0.000000,0.000000,-3170.000000,-196.000000,-981.000000
0.000000,0.000000,0.000000,0.000000,-3989.000000,0.000000,-1178.000000
500.000000,200.000000,0.000000,0.000000,-4827.000000,-196.000000,-1178.000000
100.000000,200.000000,0.000000,0.000000,-5722.000000,-392.000000,-1570.000000
0.000000,100.000000,0.000000,0.000000,-6587.000000,-785.000000,-1570.000000
100.000000,0.000000,0.000000,0.000000,-7495.000000,-589.000000,-1767.000000
0.000000,100.000000,0.000000,0.000000,-8388.000000,-589.000000,-1570.000000
0.000000,0.000000,0.000000,0.000000,-9272.000000,-392.000000,-1374.000000
0.000000,-100.000000,0.000000,0.000000,-10059.000000,-196.000000,-1178.000000
100.000000,200.000000,0.000000,0.000000,-10822.000000,-392.000000,-981.000000
300.000000,300.000000,0.000000,0.000000,-11585.000000,196.000000,-785.000000
-100.000000,-200.000000,0.000000,0.000000,-12331.000000,392.000000,-589.000000
0.000000,0.000000,0.000000,0.000000,-13041.000000,0.000000,-589.000000
100.000000,100.000000,156.000000,156.000000,-13723.000000,0.000000,-196.000000
0.000000,0.000000,0.000000,0.000000,-14365.000000,0.000000,0.000000
0.000000,-100.000000,0.000000,0.000000,-14932.000000,392.000000,0.000000
0.000000,0.000000,0.000000,0.000000,-15460.000000,981.000000,0.000000
0.000000,100.000000,0.000000,0.000000,-15862.000000,1963.000000,196.000000
0.000000,0.000000,0.000000,0.000000,-16178.000000,2356.000000,589.000000
-200.000000,100.000000,0.000000,0.000000,-16460.000000,2356.000000,981.000000
0.000000,0.000000,0.000000,0.000000,-16696.000000,2356.000000,1767.000000
0.000000,-100.000000,0.000000,0.000000,-16831.000000,2159.000000,1767.000000
0.000000,300.000000,0.000000,0.000000,-16977.000000,2159.000000,1963.000000
-100.000000,100.000000,0.000000,0.000000,-17123.000000,2552.000000,1767.000000
0.000000,100.000000,0.000000,0.000000,-17106.000000,3141.000000,1963.000000
0.000000,0.000000,0.000000,0.000000,-17010.000000,3730.000000,2159.000000
0.000000,0.000000,0.000000,0.000000,-16933.000000,3926.000000,2552.000000
-100.000000,0.000000,0.000000,0.000000,-16784.000000,3926.000000,2748.000000
0.000000,0.000000,0.000000,0.000000,-16424.000000,3730.000000,2945.000000
0.000000,0.000000,0.000000,0.000000,-16041.000000,3534.000000,2748.000000
0.000000,0.000000,0.000000,0.000000,-15658.000000,3534.000000,3141.000000
-200.000000,0.000000,0.000000,0.000000,-15104.000000,3730.000000,3337.000000
300.000000,-200.000000,156.000000,156.000000,-14533.000000,3926.000000,3534.000000
100.000000,0.000000,0.000000,0.000000,-13965.000000,4712.000000,3926.000000
0.000000,100.000000,0.000000,0.000000,-13344.000000,4712.000000,3926.000000
200.000000,0.000000,0.000000,0.000000,-12662.000000,4516.000000,3926.000000
100.000000,200.000000,0.000000,0.000000,-11997.000000,4712.000000,4123.000000
-100.000000,0.000000,0.000000,0.000000,-11245.000000,4516.000000,4123.000000
100.000000,-200.000000,0.000000,0.000000,-10492.000000,4319.000000,3730.000000
0.000000,0.000000,0.000000,0.000000,-9738.000000,4123.000000,3534.000000
0.000000,0.000000,0.000000,0.000000,-8939.000000,3926.000000,3730.000000
100.000000,0.000000,0.000000,0.000000,-8115.000000,3730.000000,3730.000000
0.000000,200.000000,0.000000,0.000000,-7401.000000,3730.000000,3926.000000
0.000000,0.000000,0.000000,0.000000,-6668.000000,3926.000000,3926.000000
0.000000,0.000000,0.000000,0.000000,-5935.000000,3730.000000,3926.000000
300.000000,0.000000,0.000000,0.000000,-5258.000000,3926.000000,3730.000000
0.000000,0.000000,0.000000,0.000000,-4642.000000,3730.000000,3926.000000
0.000000,0.000000,0.000000,0.000000,-4037.000000,3534.000000,3534.000000
0.000000,-100.000000,0.000000,0.000000,-3399.000000,3534.000000,3534.000000
0.000000,0.000000,0.000000,0.000000,-2804.000000,3141.000000,3141.000000
0.000000,0.000000,0.000000,0.000000,-2297.000000,2945.000000,3141.000000
0.000000,0.000000,0.000000,0.000000,-1819.000000,2552.000000,2945.000000
0.000000,-100.000000,0.000000,0.000000,-1359.000000,2748.000000,2552.000000
0.000000,-100.000000,0.000000,0.000000,-984.000000,2159.000000,2552.000000
300.000000,0.000000,0.000000,0.000000,-662.000000,1963.000000,2356.000000
0.000000,0.000000,0.000000,0.000000,-354.000000,1374.000000,2159.000000
-100.000000,0.000000,0.000000,0.000000,-132.000000,981.000000,2159.000000
0.000000,200.000000,0.000000,0.000000,-14.000000,589.000000,1767.000000
0.000000,-100.000000,0.000000,0.000000,17.000000,392.000000,1570.000000
100.000000,0.000000,0.000000,0.000000,30.000000,196.000000,1178.000000
0.000000,0.000000,0.000000,0.000000,0.000000,0.000000,981.000000
-100.000000,0.000000,0.000000,0.000000,-147.000000,-196.000000,785.000000
0.000000,-300.000000,0.000000,0.000000,-360.000000,0.000000,589.000000
0.000000,0.000000,0.000000,0.000000,-627.000000,0.000000,392.000000
0.000000,-100.000000,0.000000,0.000000,-933.000000,0.000000,0.000000
0.000000,0.000000,0.000000,0.000000,-1339.000000,0.000000,0.000000
0.000000,-300.000000,78.000000,78.000000,-1741.000000,-589.000000,0.000000
-100.000000,200.000000,0.000000,0.000000,-2140.000000,-785.000000,-196.000000
0.000000,200.000000,0.000000,0.000000,-2631.000000,-1178.000000,-196.000000
0.000000,300.000000,0.000000,0.000000,-3227.000000,-1374.000000,-589.000000
0.000000,-200.000000,0.000000,0.000000,-3854.000000,-1374.000000,-589.000000
100.000000,0.000000,0.000000,0.000000,-4432.000000,-1178.000000,-981.000000
-100.000000,-200.000000,0.000000,0.000000,-5004.000000,-981.000000,-981.000000
0.000000,0.000000,0.000000,0.000000,-5691.000000,-981.000000,-1178.000000
0.000000,100.000000,0.000000,0.000000,-6379.000000,-981.000000,-785.000000
-100.000000,100.000000,0.000000,0.000000,-6990.000000,-785.000000,-785.000000
0.000000,200.000000,0.000000,0.000000,-7635.000000,-981.000000,-785.000000
100.000000,100.000000,0.000000,0.000000,-8336.000000,-1178.000000,-589.000000
0.000000,0.000000,0.000000,0.000000,-9005.000000,-981.000000,-589.000000
100.000000,0.000000,0.000000,0.000000,-9638.000000,-981.000000,-785.000000
100.000000,0.000000,0.000000,0.000000,-10233.000000,-785.000000,-589.000000
100.000000,200.000000,0.000000,0.000000,-10804.000000,-589.000000,-589.000000
300.000000,-100.000000,78.000000,78.000000,-11274.000000,-392.000000,-392.000000
200.000000,0.000000,0.000000,0.000000,-11777.000000,-392.000000,-196.000000
100.000000,200.000000,0.000000,0.000000,-12284.000000,0.000000,0.000000
0.000000,-100.000000,0.000000,0.000000,-12770.000000,0.000000,196.000000
-200.000000,100.000000,0.000000,0.000000,-13140.000000,0.000000,196.000000
0.000000,400.000000,0.000000,0.000000,-13501.000000,196.000000,0.000000
100.000000,-200.000000,0.000000,0.000000,-13810.000000,0.000000,196.000000
0.000000,-100.000000,0.000000,0.000000,-14069.000000,0.000000,0.000000
0.000000,0.000000,0.000000,0.000000,-14226.000000,196.000000,589.000000
0.000000,-100.000000,0.000000,0.000000,-14397.000000,589.000000,1178.000000
0.000000,200.000000,0.000000,0.000000,-14519.000000,1374.000000,1963.000000
-100.000000,-200.000000,0.000000,0.000000,-14533.000000,1963.000000,2159.000000
0.000000,-100.000000,0.000000,0.000000,-14503.000000,1963.000000,2159.000000
100.000000,-200.000000,0.000000,0.000000,-14473.000000,1767.000000,1963.000000
0.000000,100.000000,0.000000,0.000000,-14338.000000,1767.000000,1767.000000
-200.000000,100.000000,0.000000,0.000000,-14190.000000,1570.000000,1570.000000
0.000000,0.000000,0.000000,0.000000,-14013.000000,1570.000000,1767.000000
0.000000,-400.000000,0.000000,0.000000,-13717.000000,1767.000000,1963.000000
0.000000,0.000000,0.000000,0.000000,-13362.000000,2159.000000,2945.000000
-100.000000,0.000000,0.000000,0.000000,-13024.000000,2552.000000,2945.000000
0.000000,0.000000,0.000000,0.000000,-12636.000000,2748.000000,3141.000000
0.000000,300.000000,0.000000,0.000000,-12194.000000,2552.000000,2748.000000
0.000000,100.000000,0.000000,0.000000,-11750.000000,2552.000000,2748.000000
-100.000000,600.000000,0.000000,0.000000,-11257.000000,2356.000000,2748.000000
-200.000000,100.000000,0.000000,0.000000,-10696.000000,2552.000000,2748.000000
400.000000,100.000000,0.000000,0.000000,-10191.000000,2356.000000,2945.000000
0.000000,0.000000,0.000000,0.000000,-9660.000000,2552.000000,3337.000000
100.000000,0.000000,0.000000,0.000000,-9064.000000,2945.000000,3141.000000
-100.000000,-100.000000,0.000000,0.000000,-8483.000000,2945.000000,3141.000000
200.000000,0.000000,0.000000,0.000000,-7931.000000,2748.000000,2748.000000
0.000000,-400.000000,78.000000,78.000000,-7347.000000,2748.000000,2748.000000
200.000000,0.000000,0.000000,0.000000,-6704.000000,2748.000000,2552.000000
-100.000000,200.000000,0.000000,0.000000,-6141.000000,2356.000000,2356.000000
100.000000,0.000000,0.000000,0.000000,-5640.000000,2356.000000,2159.000000
0.000000,-100.000000,0.000000,0.000000,-5114.000000,2159.000000,1963.000000
100.000000,300.000000,0.000000,0.000000,-4624.000000,1963.000000,1963.000000
200.000000,0.000000,0.000000,0.000000,-4199.000000,1963.000000,1963.000000
200.000000,0.000000,0.000000,0.000000,-3806.000000,1767.000000,1767.000000
200.000000,100.000000,0.000000,0.000000,-3389.000000,1570.000000,1963.000000
0.000000,0.000000,0.000000,0.000000,-2993.000000,1374.000000,1570.000000
0.000000,0.000000,0.000000,0.000000,-2680.000000,1374.000000,1767.000000
-100.000000,-100.000000,0.000000,0.000000,-2386.000000,1178.000000,1374.000000
0.000000,-100.000000,0.000000,0.000000,-2139.000000,1178.000000,1374.000000
0.000000,-200.000000,0.000000,0.000000,-1953.000000,981.000000,1178.000000
100.000000,-100.000000,0.000000,0.000000,-1823.000000,785.000000,1178.000000
0.000000,0.000000,0.000000,0.000000,-1715.000000,589.000000,785.000000
200.000000,-100.000000,0.000000,0.000000,-1647.000000,589.000000,392.000000
0.000000,100.000000,0.000000,0.000000,-1627.000000,196.000000,589.000000
-100.000000,-100.000000,0.000000,0.000000,-1675.000000,196.000000,196.000000
-200.000000,0.000000,0.000000,0.000000,-1785.000000,0.000000,0.000000
100.000000,0.000000,0.000000,0.000000,-1899.000000,0.000000,-196.000000
-200.000000,0.000000,0.000000,0.000000,-2058.000000,-196.000000,0.000000
100.000000,100.000000,0.000000,0.000000,-2294.000000,-196.000000,-196.000000
0.000000,-100.000000,0.000000,0.000000,-2506.000000,-589.000000,-392.000000
100.000000,0.000000,0.000000,0.000000,-2704.000000,-785.000000,-589.000000
100.000000,0.000000,0.000000,0.000000,-3012.000000,-1374.000000,-981.000000
0.000000,-100.000000,0.000000,0.000000,-3454.000000,-1178.000000,-981.000000
0.000000,200.000000,0.000000,0.000000,-3839.000000,-1374.000000,-981.000000
0.000000,0.000000,0.000000,0.000000,-4199.000000,-981.000000,-981.000000
100.000000,0.000000,0.000000,0.000000,-4579.000000,-1178.000000,-981.000000
100.000000,-100.000000,0.000000,0.000000,-5027.000000,-981.000000,-981.000000
0.000000,0.000000,0.000000,0.000000,-5455.000000,-981.000000,-981.000000
0.000000,300.000000,0.000000,0.000000,-5852.000000,-1178.000000,-981.000000
-100.000000,200.000000,0.000000,0.000000,-6290.000000,-1374.000000,-1178.000000
100.000000,-200.000000,0.000000,0.000000,-6761.000000,-1374.000000,-1178.000000
0.000000,100.000000,0.000000,0.000000,-7218.000000,-1178.000000,-1178.000000
100.000000,0.000000,0.000000,0.000000,-7701.000000,-1178.000000,-981.000000
100.000000,100.000000,0.000000,0.000000,-8173.000000,-1178.000000,-981.000000
100.000000,0.000000,0.000000,0.000000,-8616.000000,-981.000000,-981.000000
0.000000,400.000000,0.000000,0.000000,-9049.000000,-785.000000,-785.000000
0.000000,0.000000,0.000000,0.000000,-9477.000000,-785.000000,-589.000000
400.000000,0.000000,0.000000,0.000000,-9849.000000,-785.000000,-785.000000
0.000000,-100.000000,0.000000,0.000000,-10242.000000,-785.000000,-392.000000
-200.000000,0.000000,0.000000,0.000000,-10577.000000,-589.000000,-392.000000
200.000000,0.000000,0.000000,0.000000,-10892.000000,-392.000000,-392.000000
100.000000,100.000000,0.000000,0.000000,-11184.000000,-392.000000,-196.000000
0.000000,100.000000,0.000000,0.000000,-11472.000000,-196.000000,-196.000000
200.000000,100.000000,0.000000,0.000000,-11714.000000,0.000000,0.000000
0.000000,0.000000,0.000000,0.000000,-11881.000000,196.000000,196.000000
-100.000000,0.000000,0.000000,0.000000,-12033.000000,392.000000,196.000000
0.000000,200.000000,0.000000,0.000000,-12155.000000,0.000000,0.000000
0.000000,-200.000000,0.000000,0.000000,-12210.000000,0.000000,0.000000
0.000000,0.000000,0.000000,0.000000,-12233.000000,0.000000,0.000000
0.000000,0.000000,0.000000,0.000000,-12235.000000,392.000000,0.000000
100.000000,300.000000,0.000000,0.000000,-12183.000000,589.000000,392.000000
-100.000000,0.000000,0.000000,0.000000,-12102.000000,1178.000000,785.000000
0.000000,0.000000,0.000000,0.000000,-12016.000000,1570.000000,1374.000000
0.000000,300.000000,0.000000,0.000000,-11889.000000,1570.000000,1570.000000
0.000000,100.000000,0.000000,0.000000,-11708.000000,1374.000000,1374.000000
100.000000,200.000000,0.000000,0.000000,-11468.000000,1374.000000,1374.000000
200.000000,0.000000,0.000000,0.000000,-11227.000000,1374.000000,1374.000000
100.000000,0.000000,0.000000,0.000000,-10971.000000,1178.000000,981.000000
-100.000000,0.000000,0.000000,0.000000,-10645.000000,1374.000000,1178.000000
0.000000,0.000000,0.000000,0.000000,-10295.000000,1570.000000,1178.000000
100.000000,-300.000000,78.000000,78.000000,-9971.000000,1963.000000,1570.000000
200.000000,100.000000,0.000000,0.000000,-9622.000000,1963.000000,1767.000000
0.000000,-200.000000,0.000000,0.000000,-9249.000000,1963.000000,1767.000000
0.000000,-100.000000,0.000000,0.000000,-8851.000000,1767.000000,1570.000000
300.000000,0.000000,0.000000,0.000000,-8474.000000,1767.000000,1767.000000
-100.000000,0.000000,0.000000,0.000000,-8107.000000,1570.000000,1374.000000
0.000000,0.000000,0.000000,0.000000,-7696.000000,1570.000000,1374.000000
0.000000,100.000000,0.000000,0.000000,-7269.000000,1570.000000,1374.000000
-100.000000,0.000000,0.000000,0.000000,-6893.000000,1374.000000,1178.000000
-300.000000,-100.000000,0.000000,0.000000,-6523.000000,1570.000000,1178.000000
100.000000,0.000000,0.000000,0.000000,-6138.000000,1374.000000,1178.000000
-100.000000,-100.000000,0.000000,0.000000,-5791.000000,1570.000000,1178.000000
100.000000,0.000000,0.000000,0.000000,-5506.000000,1178.000000,1374.000000
0.000000,-100.000000,0.000000,0.000000,-5206.000000,1374.000000,981.000000
100.000000,-100.000000,0.000000,0.000000,-4912.000000,1178.000000,1178.000000
0.000000,100.000000,0.000000,0.000000,-4665.000000,981.000000,785.000000
300.000000,100.000000,0.000000,0.000000,-4467.000000,785.000000,981.000000
0.000000,200.000000,0.000000,0.000000,-4256.000000,785.000000,589.000000
0.000000,0.000000,0.000000,0.000000,-4061.000000,589.000000,589.000000
0.000000,400.000000,0.000000,0.000000,-3932.000000,392.000000,392.000000
0.000000,-100.000000,0.000000,0.000000,-3852.000000,392.000000,392.000000
0.000000,0.000000,0.000000,0.000000,-3758.000000,392.000000,196.000000
0.000000,0.000000,0.000000,0.000000,-3692.000000,0.000000,0.000000
0.000000,0.000000,0.000000,0.000000,-3695.000000,-196.000000,0.000000
-100.000000,200.000000,0.000000,0.000000,-3719.000000,0.000000,0.000000
100.000000,200.000000,0.000000,0.000000,-3762.000000,0.000000,0.000000
100.000000,0.000000,0.000000,0.000000,-3831.000000,-196.000000,0.000000
0.000000,0.000000,78.000000,78.000000,-3950.000000,-196.000000,-196.000000
200.000000,0.000000,0.000000,0.000000,-4119.000000,0.000000,0.000000
0.000000,100.000000,0.000000,0.000000,-4252.000000,-196.000000,-196.000000
-300.000000,100.000000,0.000000,0.000000,-4391.000000,-196.000000,0.000000
0.000000,0.000000,0.000000,0.000000,-4585.000000,-785.000000,-196.000000
300.000000,100.000000,0.000000,0.000000,-4779.000000,-981.000000,-392.000000
200.000000,100.000000,0.000000,0.000000,-5037.000000,-981.000000,-785.000000
100.000000,100.000000,0.000000,0.000000,-5345.000000,-785.000000,-981.000000
600.000000,200.000000,0.000000,0.000000,-5591.000000,-785.000000,-1178.000000
0.000000,0.000000,0.000000,0.000000,-5836.000000,-589.000000,-981.000000
200.000000,200.000000,0.000000,0.000000,-6145.000000,-785.000000,-785.000000
300.000000,0.000000,0.000000,0.000000,-6425.000000,-589.000000,-785.000000
400.000000,100.000000,0.000000,0.000000,-6684.000000,-589.000000,-589.000000
100.000000,100.000000,0.000000,0.000000,-6948.000000,-785.000000,-589.000000
0.000000,-200.000000,0.000000,0.000000,-7212.000000,-785.000000,-589.000000
100.000000,0.000000,0.000000,0.000000,-7521.000000,-785.000000,-785.000000
300.000000,0.000000,0.000000,0.000000,-7803.000000,-589.000000,-785.000000
400.000000,100.000000,0.000000,0.000000,-8033.000000,-589.000000,-785.000000
200.000000,100.000000,0.000000,0.000000,-8272.000000,-392.000000,-785.000000
500.000000,200.000000,0.000000,0.000000,-8517.000000,-392.000000,-589.000000
300.000000,0.000000,0.000000,0.000000,-8710.000000,-196.000000,-589.000000
400.000000,200.000000,0.000000,0.000000,-8879.000000,-392.000000,-589.000000
300.000000,-100.000000,0.000000,0.000000,-9056.000000,-196.000000,-392.000000
400.000000,0.000000,0.000000,0.000000,-9235.000000,-196.000000,-196.000000
200.000000,-100.000000,0.000000,0.000000,-9378.000000,0.000000,-196.000000
0.000000,0.000000,0.000000,0.000000,-9486.000000,0.000000,-196.000000
0.000000,-200.000000,0.000000,0.000000,-9608.000000,0.000000,-196.000000
0.000000,0.000000,0.000000,0.000000,-9703.000000,196.000000,-196.000000
200.000000,0.000000,0.000000,0.000000,-9762.000000,196.000000,-196.000000
300.000000,-200.000000,0.000000,0.000000,-9789.000000,0.000000,0.000000
0.000000,100.000000,0.000000,0.000000,-9816.000000,0.000000,0.000000
0.000000,-200.000000,0.000000,0.000000,-9810.000000,196.000000,0.000000
0.000000,0.000000,0.000000,0.000000,-9754.000000,0.000000,196.000000
-100.000000,-100.000000,0.000000,0.000000,-9697.000000,196.000000,0.000000
-100.000000,-400.000000,78.000000,78.000000,-9657.000000,589.000000,0.000000
0.000000,0.000000,0.000000,0.000000,-9563.000000,785.000000,0.000000
-200.000000,-100.000000,0.000000,0.000000,-9429.000000,981.000000,0.000000
0.000000,-100.000000,0.000000,0.000000,-9309.000000,785.000000,196.000000
0.000000,100.000000,78.000000,78.000000,-9162.000000,981.000000,0.000000
0.000000,0.000000,0.000000,0.000000,-8954.000000,589.000000,392.000000
0.000000,100.000000,0.000000,0.000000,-8811.000000,589.000000,589.000000
100.000000,0.000000,0.000000,0.000000,-8678.000000,785.000000,785.000000
0.000000,0.000000,0.000000,0.000000,-8466.000000,392.000000,785.000000
-300.000000,-100.000000,0.000000,0.000000,-8239.000000,589.000000,785.000000
100.000000,200.000000,0.000000,0.000000,-8098.000000,392.000000,785.000000
0.000000,100.000000,0.000000,0.000000,-7908.000000,785.000000,392.000000
0.000000,0.000000,156.000000,156.000000,-7661.000000,785.000000,392.000000
100.000000,-400.000000,0.000000,0.000000,-7476.000000,785.000000,392.000000
0.000000,-200.000000,0.000000,0.000000,-7292.000000,589.000000,392.000000
0.000000,100.000000,0.000000,0.000000,-7053.000000,589.000000,392.000000
0.000000,-300.000000,0.000000,0.000000,-6857.000000,589.000000,196.000000
-200.000000,0.000000,0.000000,0.000000,-6694.000000,392.000000,196.000000
100.000000,-100.000000,0.000000,0.000000,-6520.000000,392.000000,392.000000
0.000000,-200.000000,0.000000,0.000000,-6359.000000,196.000000,392.000000
-200.000000,-300.000000,0.000000,0.000000,-6195.000000,0.000000,392.000000
0.000000,-200.000000,0.000000,0.000000,-6049.000000,0.000000,392.000000
200.000000,-300.000000,0.000000,0.000000,-5943.000000,196.000000,196.000000
0.000000,-100.000000,0.000000,0.000000,-5860.000000,0.000000,0.000000
-200.000000,-100.000000,0.000000,0.000000,-5762.000000,0.000000,0.000000
-100.000000,-200.000000,0.000000,0.000000,-5704.000000,0.000000,0.000000
0.000000,400.000000,156.000000,156.000000,-5675.000000,0.000000,0.000000
100.000000,0.000000,0.000000,0.000000,-5635.000000,0.000000,0.000000
0.000000,-300.000000,0.000000,0.000000,-5621.000000,0.000000,0.000000
0.000000,-500.000000,0.000000,0.000000,-5643.000000,0.000000,0.000000
100.000000,-200.000000,0.000000,0.000000,-5681.000000,0.000000,0.000000
0.000000,-200.000000,0.000000,0.000000,-5705.000000,-196.000000,0.000000
100.000000,0.000000,0.000000,0.000000,-5765.000000,-196.000000,-196.000000
100.000000,100.000000,0.000000,0.000000,-5843.000000,0.000000,0.000000
-200.000000,200.000000,0.000000,0.000000,-5896.000000,-392.000000,-196.000000
100.000000,100.000000,0.000000,0.000000,-5937.000000,-589.000000,0.000000
300.000000,0.000000,0.000000,0.000000,-6057.000000,-785.000000,-392.000000
-300.000000,200.000000,0.000000,0.000000,-6204.000000,-589.000000,-392.000000
100.000000,100.000000,0.000000,0.000000,-6319.000000,-785.000000,-392.000000
100.000000,100.000000,0.000000,0.000000,-6427.000000,-589.000000,-589.000000
200.000000,-200.000000,0.000000,0.000000,-6546.000000,-392.000000,-785.000000
0.000000,0.000000,0.000000,0.000000,-6671.000000,-392.000000,-392.000000
0.000000,0.000000,0.000000,0.000000,-6810.000000,-392.000000,-589.000000
-200.000000,100.000000,0.000000,0.000000,-6913.000000,-589.000000,-196.000000
0.000000,0.000000,0.000000,0.000000,-7022.000000,-589.000000,-392.000000
0.000000,200.000000,0.000000,0.000000,-7163.000000,-589.000000,-392.000000
200.000000,400.000000,0.000000,0.000000,-7268.000000,-589.000000,-392.000000
100.000000,0.000000,0.000000,0.000000,-7383.000000,-392.000000,-392.000000
0.000000,100.000000,0.000000,0.000000,-7486.000000,-392.000000,-392.000000
200.000000,0.000000,0.000000,0.000000,-7554.000000,-196.000000,-392.000000
0.000000,400.000000,0.000000,0.000000,-7647.000000,-392.000000,-392.000000
200.000000,300.000000,0.000000,0.000000,-7749.000000,-392.000000,-392.000000
-100.000000,0.000000,0.000000,0.000000,-7828.000000,-196.000000,-196.000000
0.000000,300.000000,0.000000,0.000000,-7887.000000,-392.000000,-196.000000
0.000000,0.000000,0.000000,0.000000,-7944.000000,0.000000,0.000000
100.000000,300.000000,0.000000,0.000000,-7999.000000,-196.000000,-196.000000
300.000000,200.000000,0.000000,0.000000,-8028.000000,0.000000,-196.000000
-100.000000,0.000000,0.000000,0.000000,-8038.000000,0.000000,-196.000000
100.000000,0.000000,0.000000,0.000000,-8047.000000,-196.000000,-196.000000
-100.000000,300.000000,0.000000,0.000000,-8067.000000,0.000000,-196.000000
0.000000,200.000000,0.000000,0.000000,-8064.000000,0.000000,0.000000
-200.000000,-100.000000,0.000000,0.000000,-8020.000000,0.000000,0.000000
0.000000,-200.000000,0.000000,0.000000,-7995.000000,0.000000,0.000000
-300.000000,-100.000000,0.000000,0.000000,-7960.000000,0.000000,0.000000
0.000000,0.000000,0.000000,0.000000,-7924.000000,196.000000,0.000000
-100.000000,-100.000000,0.000000,0.000000,-7866.000000,0.000000,196.000000
0.000000,-100.000000,0.000000,0.000000,-7796.000000,196.000000,0.000000
100.000000,-200.000000,0.000000,0.000000,-7729.000000,0.000000,0.000000
-100.000000,0.000000,0.000000,0.000000,-7658.000000,0.000000,0.000000
0.000000,-200.000000,0.000000,0.000000,-7600.000000,0.000000,0.000000
0.000000,-100.000000,0.000000,0.000000,-7518.000000,0.000000,196.000000
-100.000000,-300.000000,0.000000,0.000000,-7436.000000,0.000000,0.000000
200.000000,0.000000,0.000000,0.000000,-7372.000000,0.000000,0.000000
0.000000,0.000000,0.000000,0.000000,-7310.000000,196.000000,0.000000
0.000000,300.000000,0.000000,0.000000,-7228.000000,196.000000,0.000000
0.000000,-400.000000,0.000000,0.000000,-7167.000000,196.000000,0.000000
-100.000000,-300.000000,0.000000,0.000000,-7105.000000,196.000000,0.000000
0.000000,-500.000000,0.000000,0.000000,-7037.000000,392.000000,0.000000
-100.000000,100.000000,0.000000,0.000000,-6977.000000,196.000000,0.000000
0.000000,-100.000000,0.000000,0.000000,-6915.000000,0.000000,0.000000
100.000000,0.000000,0.000000,0.000000,-6852.000000,0.000000,196.000000
300.000000,0.000000,0.000000,0.000000,-6804.000000,0.000000,0.000000
0.000000,-300.000000,0.000000,0.000000,-6762.000000,0.000000,0.000000
100.000000,0.000000,0.000000,0.000000,-6723.000000,0.000000,196.000000
0.000000,0.000000,0.000000,0.000000,-6683.000000,0.000000,0.000000
0.000000,-400.000000,0.000000,0.000000,-6668.000000,0.000000,0.000000
-100.000000,-100.000000,0.000000,0.000000,-6650.000000,0.000000,0.000000
0.000000,0.000000,0.000000,0.000000,-6634.000000,0.000000,0.000000
-100.000000,-200.000000,0.000000,0.000000,-6612.000000,0.000000,0.000000
0.000000,-200.000000,0.000000,0.000000,-6613.000000,0.000000,0.000000
0.000000,-100.000000,0.000000,0.000000,-6615.000000,0.000000,0.000000
0.000000,0.000000,0.000000,0.000000,-6630.000000,0.000000,0.000000
0.000000,-300.000000,0.000000,0.000000,-6655.000000,0.000000,0.000000
0.000000,0.000000,0.000000,0.000000,-6672.000000,0.000000,0.000000
0.000000,-100.000000,0.000000,0.000000,-6694.000000,-196.000000,-196.000000
-100.000000,0.000000,0.000000,0.000000,-6735.000000,-196.000000,0.000000
0.000000,-100.000000,0.000000,0.000000,-6779.000000,0.000000,0.000000
-200.000000,-100.000000,0.000000,0.000000,-6809.000000,0.000000,0.000000
-100.000000,100.000000,0.000000,0.000000,-6839.000000,-196.000000,0.000000
0.000000,200.000000,0.000000,0.000000,-6902.000000,0.000000,0.000000
-200.000000,200.000000,0.000000,0.000000,-6953.000000,-196.000000,-196.000000
0.000000,200.000000,0.000000,0.000000,-6988.000000,0.000000,0.000000
-100.000000,400.000000,0.000000,0.000000,-7044.000000,-196.000000,0.000000
0.000000,0.000000,0.000000,0.000000,-7114.000000,-392.000000,0.000000
-100.000000,-100.000000,0.000000,0.000000,-7162.000000,-196.000000,0.000000
200.000000,100.000000,0.000000,0.000000,-7189.000000,0.000000,-196.000000
-100.000000,200.000000,0.000000,0.000000,-7227.000000,0.000000,0.000000
200.000000,100.000000,0.000000,0.000000,-7267.000000,-196.000000,-196.000000
200.000000,0.000000,0.000000,0.000000,-7305.000000,0.000000,0.000000
100.000000,300.000000,0.000000,0.000000,-7326.000000,0.000000,0.000000
-100.000000,-200.000000,0.000000,0.000000,-7356.000000,-196.000000,0.000000
200.000000,300.000000,0.000000,0.000000,-7379.000000,0.000000,0.000000
0.000000,200.000000,0.000000,0.000000,-7404.000000,0.000000,0.000000
0.000000,-400.000000,0.000000,0.000000,-7423.000000,0.000000,0.000000
0.000000,200.000000,0.000000,0.000000,-7424.000000,0.000000,0.000000
0.000000,-100.000000,0.000000,0.000000,-7421.000000,0.000000,0.000000
-200.000000,0.000000,0.000000,0.000000,-7422.000000,0.000000,0.000000
100.000000,0.000000,0.000000,0.000000,-7411.000000,0.000000,0.000000
0.000000,-200.000000,78.000000,78.000000,-7407.000000,0.000000,0.000000
-200.000000,0.000000,0.000000,0.000000,-7395.000000,0.000000,0.000000
-100.000000,-100.000000,0.000000,0.000000,-7370.000000,196.000000,0.000000
0.000000,0.000000,0.000000,0.000000,-7348.000000,0.000000,0.000000
0.000000,-300.000000,0.000000,0.000000,-7333.000000,196.000000,0.000000
0.000000,0.000000,0.000000,0.000000,-7317.000000,0.000000,196.000000
-100.000000,-100.000000,0.000000,0.000000,-7296.000000,0.000000,0.000000
-300.000000,-200.000000,0.000000,0.000000,-7264.000000,0.000000,0.000000
-100.000000,-100.000000,0.000000,0.000000,-7235.000000,0.000000,0.000000
-100.000000,0.000000,0.000000,0.000000,-7206.000000,0.000000,0.000000
0.000000,0.000000,0.000000,0.000000,-7179.000000,0.000000,0.000000
-100.000000,-300.000000,0.000000,0.000000,-7151.000000,0.000000,0.000000
0.000000,0.000000,0.000000,0.000000,-7137.000000,0.000000,0.000000
0.000000,-300.000000,0.000000,0.000000,-7093.000000,0.000000,0.000000
0.000000,100.000000,0.000000,0.000000,-7060.000000,196.000000,0.000000
0.000000,200.000000,0.000000,0.000000,-7026.000000,0.000000,196.000000
0.000000,0.000000,0.000000,0.000000,-7004.000000,0.000000,0.000000
0.000000,0.000000,0.000000,0.000000,-6966.000000,0.000000,0.000000
0.000000,0.000000,0.000000,0.000000,-6944.000000,0.000000,0.000000
100.000000,0.000000,0.000000,0.000000,-6950.000000,196.000000,0.000000
0.000000,300.000000,0.000000,0.000000,-6930.000000,0.000000,0.000000
0.000000,300.000000,0.000000,0.000000,-6929.000000,196.000000,0.000000
0.000000,200.000000,0.000000,0.000000,-6906.000000,0.000000,0.000000
0.000000,0.000000,0.000000,0.000000,-6914.000000,0.000000,0.000000
0.000000,0.000000,0.000000,0.000000,-6911.000000,196.000000,0.000000
0.000000,-100.000000,0.000000,0.000000,-6912.000000,0.000000,0.000000
0.000000,0.000000,0.000000,0.000000,-6917.000000,0.000000,0.000000
200.000000,-100.000000,0.000000,0.000000,-6924.000000,0.000000,0.000000
100.000000,0.000000,0.000000,0.000000,-6941.000000,0.000000,0.000000
-200.000000,-100.000000,0.000000,0.000000,-6960.000000,0.000000,0.000000
0.000000,0.000000,0.000000,0.000000,-6985.000000,0.000000,0.000000
-100.000000,-100.000000,0.000000,0.000000,-7006.000000,0.000000,0.000000
-100.000000,-200.000000,0.000000,0.000000,-7026.000000,0.000000,0.000000
0.000000,100.000000,0.000000,0.000000,-7045.000000,0.000000,0.000000
-200.000000,-100.000000,0.000000,0.000000,-7071.000000,0.000000,0.000000
0.000000,-100.000000,0.000000,0.000000,-7105.000000,0.000000,0.000000
0.000000,-100.000000,0.000000,0.000000,-7131.000000,0.000000,0.000000
-200.000000,-100.000000,0.000000,0.000000,-7149.000000,0.000000,0.000000
-200.000000,200.000000,0.000000,0.000000,-7181.000000,-196.000000,0.000000
-100.000000,0.000000,0.000000,0.000000,-7203.000000,0.000000,0.000000
-100.000000,-200.000000,0.000000,0.000000,-7238.000000,-196.000000,0.000000
-200.000000,-200.000000,0.000000,0.000000,-7271.000000,0.000000,0.000000
0.000000,-100.000000,0.000000,0.000000,-7308.000000,0.000000,0.000000
-100.000000,-100.000000,0.000000,0.000000,-7340.000000,0.000000,-196.000000
0.000000,0.000000,0.000000,0.000000,-7366.000000,0.000000,0.000000
0.000000,100.000000,0.000000,0.000000,-7363.000000,0.000000,0.000000
-100.000000,100.000000,0.000000,0.000000,-7378.000000,0.000000,0.000000
-100.000000,-100.000000,0.000000,0.000000,-7413.000000,0.000000,0.000000
-200.000000,-100.000000,0.000000,0.000000,-7433.000000,0.000000,0.000000
0.000000,-200.000000,0.000000,0.000000,-7447.000000,0.000000,0.000000
100.000000,0.000000,0.000000,0.000000,-7449.000000,0.000000,0.000000
-100.000000,-300.000000,0.000000,0.000000,-7449.000000,0.000000,0.000000
0.000000,-100.000000,0.000000,0.000000,-7434.000000,0.000000,0.000000
0.000000,-100.000000,0.000000,0.000000,-7440.000000,0.000000,0.000000
-300.000000,-100.000000,0.000000,0.000000,-7419.000000,0.000000,0.000000
-200.000000,-200.000000,0.000000,0.000000,-7409.000000,0.000000,0.000000
0.000000,-200.000000,0.000000,0.000000,-7393.000000,0.000000,0.000000
0.000000,-300.000000,0.000000,0.000000,-7378.000000,0.000000,0.000000
-100.000000,-300.000000,0.000000,0.000000,-7347.000000,0.000000,0.000000
-100.000000,-300.000000,0.000000,0.000000,-7335.000000,0.000000,196.000000
0.000000,-200.000000,0.000000,0.000000,-7326.000000,0.000000,0.000000
0.000000,-100.000000,0.000000,0.000000,-7300.000000,0.000000,0.000000
-100.000000,-200.000000,0.000000,0.000000,-7283.000000,196.000000,0.000000
-200.000000,0.000000,0.000000,0.000000,-7260.000000,0.000000,0.000000
-200.000000,0.000000,0.000000,0.000000,-7246.000000,0.000000,0.000000
0.000000,-200.000000,0.000000,0.000000,-7237.000000,196.000000,0.000000
0.000000,-200.000000,0.000000,0.000000,-7209.000000,0.000000,0.000000
0.000000,-200.000000,0.000000,0.000000,-7179.000000,0.000000,0.000000
0.000000,-200.000000,0.000000,0.000000,-7152.000000,0.000000,0.000000
0.000000,-200.000000,0.000000,0.000000,-7122.000000,0.000000,0.000000
-100.000000,200.000000,0.000000,0.000000,-7099.000000,0.000000,0.000000
0.000000,200.000000,0.000000,0.000000,-7079.000000,0.000000,0.000000
-100.000000,-100.000000,0.000000,0.000000,-7061.000000,0.000000,0.000000
0.000000,100.000000,0.000000,0.000000,-7047.000000,0.000000,0.000000
-100.000000,0.000000,0.000000,0.000000,-7020.000000,0.000000,0.000000
0.000000,-200.000000,0.000000,0.000000,-7007.000000,0.000000,0.000000
0.000000,-200.000000,0.000000,0.000000,-6999.000000,0.000000,0.000000
-300.000000,-200.000000,0.000000,0.000000,-6990.000000,0.000000,0.000000
0.000000,0.000000,0.000000,0.000000,-6980.000000,0.000000,0.000000
-100.000000,0.000000,0.000000,0.000000,-6972.000000,0.000000,0.000000
-100.000000,100.000000,0.000000,0.000000,-6981.000000,0.000000,0.000000
0.000000,-200.000000,0.000000,0.000000,-6982.000000,0.000000,0.000000
200.000000,-200.000000,0.000000,0.000000,-6990.000000,0.000000,0.000000
0.000000,-200.000000,0.000000,0.000000,-7011.000000,0.000000,0.000000
100.000000,-100.000000,0.000000,0.000000,-7014.000000,0.000000,0.000000
-100.000000,-200.000000,0.000000,0.000000,-7021.000000,0.000000,0.000000
0.000000,-200.000000,0.000000,0.000000,-7035.000000,0.000000,0.000000
-200.000000,100.000000,0.000000,0.000000,-7035.000000,0.000000,0.000000
0.000000,-200.000000,0.000000,0.000000,-7054.000000,0.000000,0.000000
-100.000000,0.000000,0.000000,0.000000,-7072.000000,0.000000,0.000000
0.000000,0.000000,0.000000,0.000000,-7094.000000,-196.000000,0.000000
100.000000,-200.000000,0.000000,0.000000,-7117.000000,0.000000,0.000000
0.000000,-100.000000,0.000000,0.000000,-7124.000000,0.000000,0.000000
-100.000000,-300.000000,0.000000,0.000000,-7130.000000,0.000000,0.000000
-100.000000,-300.000000,0.000000,0.000000,-7150.000000,-196.000000,0.000000
-200.000000,-200.000000,0.000000,0.000000,-7180.000000,0.000000,0.000000
-100.000000,-400.000000,0.000000,0.000000,-7201.000000,0.000000,0.000000
-100.000000,-100.000000,0.000000,0.000000,-7213.000000,0.000000,0.000000
0.000000,-100.000000,0.000000,0.000000,-7226.000000,0.000000,0.000000
-100.000000,100.000000,0.000000,0.000000,-7237.000000,0.000000,0.000000
-200.000000,-200.000000,0.000000,0.000000,-7271.000000,0.000000,-196.000000
-200.000000,-200.000000,0.000000,0.000000,-7281.000000,0.000000,0.000000
-100.000000,100.000000,0.000000,0.000000,-7316.000000,0.000000,0.000000
-100.000000,-100.000000,0.000000,0.000000,-7322.000000,0.000000,0.000000
-100.000000,-100.000000,0.000000,0.000000,-7331.000000,0.000000,0.000000
-100.000000,-200.000000,0.000000,0.000000,-7336.000000,0.000000,0.000000
0.000000,0.000000,0.000000,0.000000,-7325.000000,0.000000,0.000000
100.000000,-200.000000,0.000000,0.000000,-7322.000000,0.000000,0.000000
0.000000,100.000000,0.000000,0.000000,-7318.000000,0.000000,0.000000
0.000000,-300.000000,0.000000,0.000000,-7310.000000,0.000000,0.000000
-100.000000,0.000000,0.000000,0.000000,-7313.000000,0.000000,0.000000
0.000000,-200.000000,0.000000,0.000000,-7312.000000,0.000000,0.000000
0.000000,-200.000000,0.000000,0.000000,-7291.000000,0.000000,196.000000
100.000000,-200.000000,0.000000,0.000000,-7282.000000,0.000000,0.000000
100.000000,-100.000000,0.000000,0.000000,-7279.000000,0.000000,0.000000
-100.000000,-200.000000,0.000000,0.000000,-7269.000000,196.000000,0.000000
-100.000000,-100.000000,0.000000,0.000000,-7266.000000,0.000000,0.000000
-100.000000,-200.000000,0.000000,0.000000,-7251.000000,0.000000,0.000000
-400.000000,-200.000000,0.000000,0.000000,-7243.000000,0.000000,0.000000
0.000000,0.000000,0.000000,0.000000,-7234.000000,196.000000,0.000000
-200.000000,0.000000,0.000000,0.000000,-7224.000000,0.000000,0.000000
-100.000000,-100.000000,0.000000,0.000000,-7211.000000,0.000000,0.000000
0.000000,-100.000000,0.000000,0.000000,-7205.000000,0.000000,0.000000
-100.000000,0.000000,0.000000,0.000000,-7189.000000,0.000000,0.000000
100.000000,-200.000000,0.000000,0.000000,-7181.000000,0.000000,0.000000
0.000000,-300.000000,0.000000,0.000000,-7163.000000,0.000000,0.000000
-100.000000,100.000000,0.000000,0.000000,-7146.000000,0.000000,0.000000
0.000000,-200.000000,0.000000,0.000000,-7128.000000,0.000000,0.000000
-300.000000,-200.000000,0.000000,0.000000,-7117.000000,0.000000,0.000000
0.000000,-200.000000,78.000000,78.000000,-7105.000000,0.000000,0.000000
-100.000000,200.000000,0.000000,0.000000,-7095.000000,0.000000,0.000000
-100.000000,-300.000000,0.000000,0.000000,-7088.000000,0.000000,0.000000
-100.000000,0.000000,0.000000,0.000000,-7086.000000,0.000000,0.000000
0.000000,-100.000000,0.000000,0.000000,-7090.000000,0.000000,0.000000
-100.000000,-200.000000,0.000000,0.000000,-7102.000000,0.000000,0.000000
-300.000000,-100.000000,0.000000,0.000000,-7092.000000,0.000000,0.000000
0.000000,-300.000000,0.000000,0.000000,-7089.000000,0.000000,0.000000
-100.000000,0.000000,0.000000,0.000000,-7079.000000,0.000000,0.000000
-300.000000,-200.000000,0.000000,0.000000,-7071.000000,0.000000,0.000000
0.000000,-100.000000,0.000000,0.000000,-7064.000000,0.000000,0.000000
0.000000,0.000000,0.000000,0.000000,-7077.000000,0.000000,0.000000
-100.000000,-300.000000,0.000000,0.000000,-7088.000000,0.000000,0.000000
-100.000000,-200.000000,0.000000,0.000000,-7112.000000,0.000000,0.000000
-200.000000,0.000000,0.000000,0.000000,-7120.000000,0.000000,0.000000
0.000000,-200.000000,0.000000,0.000000,-7133.000000,0.000000,0.000000
0.000000,0.000000,0.000000,0.000000,-7135.000000,0.000000,0.000000
-200.000000,-100.000000,0.000000,0.000000,-7133.000000,0.000000,0.000000
-100.000000,0.000000,0.000000,0.000000,-7164.000000,-196.000000,0.000000
0.000000,0.000000,0.000000,0.000000,-7195.000000,0.000000,0.000000
200.000000,-200.000000,0.000000,0.000000,-7200.000000,0.000000,0.000000
-100.000000,-100.000000,0.000000,0.000000,-7219.000000,0.000000,0.000000
-100.000000,-100.000000,0.000000,0.000000,-7226.000000,0.000000,0.000000
-200.000000,0.000000,0.000000,0.000000,-7221.000000,0.000000,0.000000
-200.000000,-100.000000,0.000000,0.000000,-7245.000000,-196.000000,0.000000
-100.000000,0.000000,0.000000,0.000000,-7258.000000,0.000000,0.000000
0.000000,-100.000000,0.000000,0.000000,-7254.000000,0.000000,0.000000
-100.000000,-200.000000,0.000000,0.000000,-7255.000000,0.000000,0.000000
-100.000000,0.000000,0.000000,0.000000,-7278.000000,0.000000,0.000000
0.000000,-100.000000,0.000000,0.000000,-7279.000000,0.000000,0.000000
-300.000000,-200.000000,0.000000,0.000000,-7279.000000,0.000000,0.000000
0.000000,100.000000,0.000000,0.000000,-7297.000000,0.000000,0.000000
-100.000000,-200.000000,0.000000,0.000000,-7291.000000,0.000000,0.000000
-200.000000,-200.000000,0.000000,0.000000,-7298.000000,0.000000,0.000000
300.000000,-200.000000,0.000000,0.000000,-7302.000000,0.000000,0.000000
0.000000,-100.000000,0.000000,0.000000,-7298.000000,0.000000,0.000000
100.000000,-200.000000,0.000000,0.000000,-7290.000000,0.000000,0.000000
-100.000000,-100.000000,0.000000,0.000000,-7300.000000,0.000000,0.000000
-200.000000,-300.000000,0.000000,0.000000,-7283.000000,0.000000,0.000000
0.000000,100.000000,0.000000,0.000000,-7276.000000,0.000000,0.000000
-100.000000,0.000000,0.000000,0.000000,-7268.000000,0.000000,0.000000
0.000000,-400.000000,0.000000,0.000000,-7262.000000,0.000000,0.000000
-100.000000,-200.000000,0.000000,0.000000,-7266.000000,0.000000,0.000000
100.000000,-300.000000,0.000000,0.000000,-7254.000000,196.000000,0.000000
-100.000000,-300.000000,0.000000,0.000000,-7245.000000,0.000000,0.000000
-100.000000,0.000000,0.000000,0.000000,-7238.000000,0.000000,0.000000
0.000000,-200.000000,0.000000,0.000000,-7250.000000,0.000000,0.000000
100.000000,-200.000000,0.000000,0.000000,-7232.000000,0.000000,0.000000
-200.000000,-200.000000,0.000000,0.000000,-7222.000000,0.000000,0.000000
-100.000000,-100.000000,0.000000,0.000000,-7213.000000,0.000000,0.000000
-100.000000,0.000000,0.000000,0.000000,-7211.000000,0.000000,0.000000
200.000000,300.000000,78.000000,78.000000,-7199.000000,0.000000,0.000000
0.000000,0.000000,0.000000,0.000000,-7186.000000,196.000000,0.000000
300.000000,-200.000000,0.000000,0.000000,-7172.000000,0.000000,0.000000
0.000000,-200.000000,0.000000,0.000000,-7181.000000,0.000000,0.000000
0.000000,-200.000000,0.000000,0.000000,-7171.000000,0.000000,0.000000
-100.000000,200.000000,0.000000,0.000000,-7166.000000,0.000000,0.000000
0.000000,0.000000,0.000000,0.000000,-7162.000000,0.000000,0.000000
100.000000,-100.000000,0.000000,0.000000,-7155.000000,0.000000,0.000000
0.000000,-300.000000,0.000000,0.000000,-7164.000000,0.000000,0.000000
-200.000000,0.000000,0.000000,0.000000,-7152.000000,0.000000,0.000000
0.000000,-100.000000,0.000000,0.000000,-7151.000000,0.000000,0.000000
200.000000,100.000000,78.000000,78.000000,-7151.000000,0.000000,0.000000
0.000000,-100.000000,0.000000,0.000000,-7163.000000,0.000000,0.000000
100.000000,-100.000000,0.000000,0.000000,-7153.000000,0.000000,0.000000
0.000000,-200.000000,0.000000,0.000000,-7134.000000,0.000000,0.000000
-100.000000,0.000000,0.000000,0.000000,-7133.000000,0.000000,0.000000
0.000000,-400.000000,0.000000,0.000000,-7134.000000,0.000000,0.000000
0.000000,-200.000000,0.000000,0.000000,-7153.000000,0.000000,0.000000
200.000000,0.000000,0.000000,0.000000,-7171.000000,0.000000,0.000000
0.000000,100.000000,0.000000,0.000000,-7167.000000,0.000000,0.000000
200.000000,200.000000,0.000000,0.000000,-7170.000000,0.000000,0.000000
0.000000,-400.000000,0.000000,0.000000,-7189.000000,0.000000,0.000000
0.000000,-100.000000,0.000000,0.000000,-7213.000000,0.000000,0.000000
100.000000,0.000000,0.000000,0.000000,-7218.000000,-196.000000,0.000000
