Channel 1,Channel 2,Channel 3,Channel 4,Channel 5,Channel 6,Channel 7
0.000000,-200.000000,0.000000,0.000000,-7445.000000,0.000000,0.000000
300.000000,-300.000000,0.000000,0.000000,-7450.000000,0.000000,0.000000
-100.000000,-300.000000,0.000000,0.000000,-7455.000000,0.000000,0.000000
0.000000,0.000000,0.000000,0.000000,-7451.000000,0.000000,0.000000
-100.000000,-100.000000,0.000000,0.000000,-7449.000000,0.000000,0.000000
-100.000000,0.000000,0.000000,0.000000,-7445.000000,0.000000,0.000000
-200.000000,-100.000000,0.000000,0.000000,-7436.000000,0.000000,0.000000
0.000000,0.000000,0.000000,0.000000,-7441.000000,0.000000,0.000000
100.000000,-100.000000,0.000000,0.000000,-7439.000000,0.000000,0.000000
100.000000,-100.000000,0.000000,0.000000,-7436.000000,0.000000,0.000000
100.000000,-100.000000,0.000000,0.000000,-7446.000000,0.000000,0.000000
0.000000,0.000000,0.000000,0.000000,-7446.000000,0.000000,0.000000
200.000000,-100.000000,0.000000,0.000000,-7461.000000,0.000000,0.000000
-100.000000,-100.000000,0.000000,0.000000,-7458.000000,0.000000,0.000000
0.000000,-300.000000,0.000000,0.000000,-7454.000000,0.000000,0.000000
200.000000,0.000000,0.000000,0.000000,-7445.000000,0.000000,0.000000
0.000000,-200.000000,0.000000,0.000000,-7445.000000,0.000000,0.000000
0.000000,-100.000000,0.000000,0.000000,-7451.000000,0.000000,0.000000
200.000000,-100.000000,0.000000,0.000000,-7451.000000,0.000000,0.000000
0.000000,-100.000000,0.000000,0.000000,-7459.000000,0.000000,0.000000
0.000000,-100.000000,0.000000,0.000000,-7466.000000,0.000000,0.000000
0.000000,-300.000000,0.000000,0.000000,-7458.000000,0.000000,0.000000
0.000000,0.000000,0.000000,0.000000,-7465.000000,0.000000,0.000000
-100.000000,0.000000,0.000000,0.000000,-7477.000000,0.000000,0.000000
0.000000,-200.000000,0.000000,0.000000,-7460.000000,0.000000,0.000000
0.000000,0.000000,0.000000,0.000000,-7449.000000,0.000000,0.000000
-100.000000,-300.000000,0.000000,0.000000,-7448.000000,0.000000,0.000000
0.000000,-300.000000,0.000000,0.000000,-7450.000000,0.000000,0.000000
-100.000000,-300.000000,0.000000,0.000000,-7459.000000,0.000000,0.000000
0.000000,-200.000000,0.000000,0.000000,-7469.000000,0.000000,0.000000
-100.000000,-300.000000,0.000000,0.000000,-7470.000000,0.000000,0.000000
0.000000,-100.000000,0.000000,0.000000,-7473.000000,0.000000,0.000000
-100.000000,-400.000000,0.000000,0.000000,-7481.000000,0.000000,0.000000
0.000000,-300.000000,0.000000,0.000000,-7478.000000,0.000000,0.000000
0.000000,0.000000,0.000000,0.000000,-7483.000000,0.000000,0.000000
100.000000,-300.000000,0.000000,0.000000,-7471.000000,0.000000,0.000000
0.000000,-200.000000,0.000000,0.000000,-7463.000000,0.000000,0.000000
0.000000,-100.000000,0.000000,0.000000,-7452.000000,0.000000,0.000000
100.000000,0.000000,0.000000,0.000000,-7443.000000,0.000000,0.000000
-100.000000,0.000000,0.000000,0.000000,-7424.000000,0.000000,0.000000
0.000000,300.000000,156.000000,156.000000,-7422.000000,0.000000,0.000000
100.000000,-200.000000,0.000000,0.000000,-7421.000000,0.000000,0.000000
100.000000,-300.000000,0.000000,0.000000,-7415.000000,0.000000,0.000000
0.000000,-100.000000,0.000000,0.000000,-7406.000000,0.000000,0.000000
0.000000,-200.000000,0.000000,0.000000,-7419.000000,0.000000,0.000000
0.000000,-200.000000,0.000000,0.000000,-7423.000000,0.000000,0.000000
0.000000,300.000000,78.000000,78.000000,-7433.000000,0.000000,0.000000
1100.000000,11100.000000,20000.000000,20000.000000,-7460.000000,392.000000,392.000000
20600.000000,17200.000000,20000.000000,20000.000000,-7441.000000,3337.000000,3337.000000
21100.000000,19600.000000,20000.000000,20000.000000,-7110.000000,4123.000000,3926.000000
21400.000000,22600.000000,20000.000000,20000.000000,-6443.000000,1374.000000,1178.000000
18400.000000,20200.000000,20000.000000,20000.000000,-5841.000000,-589.000000,-589.000000
19000.000000,19700.000000,20000.000000,20000.000000,-5859.000000,392.000000,589.000000
17200.000000,18400.000000,20000.000000,20000.000000,-6064.000000,2159.000000,2159.000000
17600.000000,19500.000000,20000.000000,20000.000000,-5375.000000,3337.000000,3534.000000
17900.000000,20100.000000,20000.000000,20000.000000,-4396.000000,3926.000000,3730.000000
18600.000000,21900.000000,20000.000000,20000.000000,-3727.000000,3141.000000,3337.000000
22000.000000,22000.000000,20000.000000,20000.000000,-3356.000000,1963.000000,2159.000000
21600.000000,21400.000000,20000.000000,20000.000000,-2757.000000,2356.000000,2356.000000
17800.000000,19600.000000,20000.000000,20000.000000,-2044.000000,4123.000000,3534.000000
18100.000000,-100.000000,0.000000,0.000000,-1253.000000,4516.000000,3926.000000
0.000000,0.000000,0.000000,0.000000,-87.000000,1374.000000,589.000000
0.000000,200.000000,0.000000,0.000000,596.000000,196.000000,392.000000
-100.000000,0.000000,0.000000,0.000000,1165.000000,392.000000,392.000000
0.000000,100.000000,0.000000,0.000000,1522.000000,1178.000000,1767.000000
0.000000,0.000000,0.000000,0.000000,2716.000000,3141.000000,4123.000000
100.000000,300.000000,0.000000,0.000000,3340.000000,4712.000000,4516.000000
200.000000,300.000000,0.000000,0.000000,3546.000000,4516.000000,4712.000000
0.000000,0.000000,0.000000,0.000000,3588.000000,4712.000000,3730.000000
0.000000,-100.000000,0.000000,0.000000,3936.000000,3926.000000,1963.000000
-100.000000,300.000000,0.000000,0.000000,4569.000000,1963.000000,196.000000
100.000000,0.000000,0.000000,0.000000,4920.000000,196.000000,0.000000
100.000000,-100.000000,0.000000,0.000000,4474.000000,-392.000000,0.000000
200.000000,100.000000,0.000000,0.000000,4180.000000,-196.000000,196.000000
0.000000,100.000000,0.000000,0.000000,4587.000000,-589.000000,196.000000
0.000000,300.000000,0.000000,0.000000,4594.000000,196.000000,0.000000
0.000000,0.000000,0.000000,0.000000,4034.000000,196.000000,196.000000
0.000000,0.000000,0.000000,0.000000,3605.000000,0.000000,196.000000
-100.000000,0.000000,0.000000,0.000000,3469.000000,0.000000,0.000000
100.000000,100.000000,0.000000,0.000000,3027.000000,0.000000,-196.000000
0.000000,100.000000,0.000000,0.000000,2446.000000,-196.000000,-196.000000
100.000000,0.000000,0.000000,0.000000,1893.000000,-196.000000,0.000000
100.000000,100.000000,0.000000,0.000000,1231.000000,0.000000,-196.000000
-100.000000,100.000000,0.000000,0.000000,574.000000,-196.000000,-589.000000
0.000000,-200.000000,0.000000,0.000000,-6.000000,-981.000000,-1374.000000
0.000000,100.000000,0.000000,0.000000,-652.000000,-1570.000000,-2159.000000
-100.000000,0.000000,0.000000,0.000000,-1551.000000,-2159.000000,-2356.000000
0.000000,-200.000000,0.000000,0.000000,-2393.000000,-1767.000000,-1963.000000
0.000000,-200.000000,0.000000,0.000000,-3099.000000,-1570.000000,-1963.000000
-100.000000,-100.000000,0.000000,0.000000,-3932.000000,-1963.000000,-1767.000000
0.000000,-100.000000,0.000000,0.000000,-4791.000000,-1374.000000,-1570.000000
-200.000000,0.000000,0.000000,0.000000,-5619.000000,-1178.000000,-1374.000000
0.000000,0.000000,0.000000,0.000000,-6520.000000,-1178.000000,-981.000000
0.000000,0.000000,0.000000,0.000000,-7374.000000,-981.000000,-981.000000
300.000000,0.000000,0.000000,0.000000,-8160.000000,-981.000000,-981.000000
0.000000,100.000000,0.000000,0.000000,-8935.000000,-589.000000,-785.000000
0.000000,100.000000,0.000000,0.000000,-9739.000000,-589.000000,-1178.000000
-100.000000,200.000000,0.000000,0.000000,-10400.000000,-785.000000,-1178.000000
0.000000,200.000000,0.000000,0.000000,-11020.000000,-785.000000,-981.000000
100.000000,0.000000,0.000000,0.000000,-11744.000000,-785.000000,-785.000000
200.000000,0.000000,0.000000,0.000000,-12395.000000,-392.000000,-589.000000
-100.000000,0.000000,0.000000,0.000000,-12870.000000,-196.000000,-589.000000
-100.000000,100.000000,0.000000,0.000000,-13315.000000,-196.000000,-392.000000
-100.000000,0.000000,0.000000,0.000000,-13839.000000,0.000000,0.000000
200.000000,0.000000,0.000000,0.000000,-14221.000000,0.000000,-196.000000
0.000000,100.000000,0.000000,0.000000,-14469.000000,196.000000,196.000000
0.000000,0.000000,0.000000,0.000000,-14783.000000,196.000000,196.000000
200.000000,300.000000,0.000000,0.000000,-15051.000000,392.000000,589.000000
100.000000,0.000000,0.000000,0.000000,-15173.000000,1178.000000,981.000000
0.000000,0.000000,0.000000,0.000000,-15231.000000,2159.000000,1374.000000
100.000000,-100.000000,0.000000,0.000000,-15285.000000,2748.000000,1374.000000
-100.000000,0.000000,0.000000,0.000000,-15262.000000,2945.000000,1374.000000
0.000000,0.000000,0.000000,0.000000,-15107.000000,2748.000000,1570.000000
200.000000,0.000000,0.000000,0.000000,-14900.000000,2552.000000,1767.000000
0.000000,200.000000,0.000000,0.000000,-14720.000000,2552.000000,1767.000000
200.000000,0.000000,0.000000,0.000000,-14434.000000,2356.000000,2159.000000
100.000000,0.000000,0.000000,0.000000,-14083.000000,2356.000000,2552.000000
200.000000,200.000000,0.000000,0.000000,-13727.000000,2552.000000,2945.000000
0.000000,0.000000,0.000000,0.000000,-13350.000000,3337.000000,2748.000000
200.000000,0.000000,0.000000,0.000000,-12906.000000,3926.000000,2748.000000
-100.000000,-100.000000,0.000000,0.000000,-12461.000000,3926.000000,2748.000000
100.000000,200.000000,0.000000,0.000000,-11964.000000,3730.000000,2552.000000
300.000000,200.000000,0.000000,0.000000,-11325.000000,3730.000000,2748.000000
0.000000,100.000000,0.000000,0.000000,-10710.000000,3534.000000,2748.000000
0.000000,100.000000,0.000000,0.000000,-10114.000000,3337.000000,2945.000000
200.000000,0.000000,0.000000,0.000000,-9450.000000,3337.000000,3141.000000
0.000000,100.000000,0.000000,0.000000,-8773.000000,3337.000000,2945.000000
0.000000,100.000000,0.000000,0.000000,-8158.000000,3141.000000,2945.000000
0.000000,100.000000,0.000000,0.000000,-7502.000000,3337.000000,2945.000000
0.000000,100.000000,0.000000,0.000000,-6800.000000,3337.000000,2748.000000
0.000000,100.000000,0.000000,0.000000,-6181.000000,3337.000000,2552.000000
0.000000,0.000000,0.000000,0.000000,-5619.000000,3337.000000,2748.000000
0.000000,0.000000,0.000000,0.000000,-5010.000000,3337.000000,2552.000000
0.000000,0.000000,0.000000,0.000000,-4410.000000,2945.000000,2552.000000
200.000000,0.000000,0.000000,0.000000,-3921.000000,2945.000000,2159.000000
100.000000,0.000000,0.000000,0.000000,-3478.000000,2748.000000,1963.000000
100.000000,-100.000000,0.000000,0.000000,-3022.000000,2552.000000,1963.000000
0.000000,0.000000,0.000000,0.000000,-2597.000000,2356.000000,1767.000000
0.000000,0.000000,0.000000,0.000000,-2258.000000,2159.000000,1570.000000
-100.000000,0.000000,0.000000,0.000000,-1964.000000,1767.000000,1374.000000
100.000000,0.000000,0.000000,0.000000,-1664.000000,1767.000000,1178.000000
-100.000000,0.000000,0.000000,0.000000,-1456.000000,1570.000000,981.000000
0.000000,100.000000,0.000000,0.000000,-1279.000000,1374.000000,785.000000
0.000000,100.000000,0.000000,0.000000,-1167.000000,981.000000,589.000000
0.000000,200.000000,0.000000,0.000000,-1107.000000,589.000000,589.000000
0.000000,100.000000,0.000000,0.000000,-1098.000000,392.000000,196.000000
400.000000,100.000000,0.000000,0.000000,-1136.000000,0.000000,0.000000
200.000000,-200.000000,0.000000,0.000000,-1254.000000,0.000000,-196.000000
0.000000,-200.000000,0.000000,0.000000,-1424.000000,0.000000,0.000000
-200.000000,0.000000,0.000000,0.000000,-1617.000000,-196.000000,-392.000000
0.000000,0.000000,0.000000,0.000000,-1865.000000,0.000000,-196.000000
0.000000,100.000000,0.000000,0.000000,-2186.000000,-196.000000,-589.000000
0.000000,0.000000,0.000000,0.000000,-2484.000000,-392.000000,-981.000000
0.000000,100.000000,0.000000,0.000000,-2824.000000,-589.000000,-1178.000000
-100.000000,100.000000,0.000000,0.000000,-3244.000000,-981.000000,-1178.000000
0.000000,0.000000,0.000000,0.000000,-3748.000000,-981.000000,-1178.000000
100.000000,0.000000,0.000000,0.000000,-4214.000000,-981.000000,-1178.000000
0.000000,200.000000,0.000000,0.000000,-4662.000000,-785.000000,-1178.000000
0.000000,100.000000,0.000000,0.000000,-5161.000000,-785.000000,-981.000000
0.000000,100.000000,0.000000,0.000000,-5713.000000,-785.000000,-1178.000000
0.000000,100.000000,0.000000,0.000000,-6285.000000,-785.000000,-1374.000000
100.000000,200.000000,0.000000,0.000000,-6817.000000,-785.000000,-1374.000000
-100.000000,100.000000,0.000000,0.000000,-7382.000000,-981.000000,-1374.000000
100.000000,0.000000,0.000000,0.000000,-7999.000000,-785.000000,-1178.000000
0.000000,100.000000,0.000000,0.000000,-8572.000000,-785.000000,-1178.000000
0.000000,0.000000,0.000000,0.000000,-9110.000000,-589.000000,-981.000000
0.000000,200.000000,0.000000,0.000000,-9652.000000,-589.000000,-981.000000
0.000000,200.000000,0.000000,0.000000,-10184.000000,-392.000000,-981.000000
0.000000,0.000000,0.000000,0.000000,-10655.000000,-392.000000,-981.000000
200.000000,700.000000,0.000000,0.000000,-11105.000000,0.000000,-981.000000
100.000000,100.000000,0.000000,0.000000,-11545.000000,0.000000,-785.000000
100.000000,0.000000,0.000000,0.000000,-11942.000000,0.000000,-589.000000
0.000000,-200.000000,156.000000,156.000000,-12294.000000,392.000000,-589.000000
100.000000,0.000000,0.000000,0.000000,-12605.000000,0.000000,-196.000000
0.000000,-300.000000,0.000000,0.000000,-12921.000000,0.000000,-196.000000
0.000000,-300.000000,0.000000,0.000000,-13180.000000,0.000000,0.000000
200.000000,100.000000,0.000000,0.000000,-13382.000000,196.000000,0.000000
0.000000,0.000000,0.000000,0.000000,-13551.000000,196.000000,196.000000
-100.000000,0.000000,0.000000,0.000000,-13725.000000,785.000000,0.000000
0.000000,0.000000,0.000000,0.000000,-13833.000000,1767.000000,0.000000
0.000000,300.000000,0.000000,0.000000,-13820.000000,2159.000000,0.000000
0.000000,-500.000000,0.000000,0.000000,-13805.000000,1963.000000,196.000000
-100.000000,-200.000000,0.000000,0.000000,-13757.000000,1767.000000,785.000000
0.000000,100.000000,0.000000,0.000000,-13638.000000,1963.000000,1374.000000
-100.000000,0.000000,0.000000,0.000000,-13524.000000,1570.000000,1767.000000
-100.000000,0.000000,0.000000,0.000000,-13387.000000,1767.000000,1570.000000
0.000000,100.000000,0.000000,0.000000,-13179.000000,1767.000000,1570.000000
0.000000,300.000000,0.000000,0.000000,-12923.000000,2356.000000,1374.000000
0.000000,-200.000000,0.000000,0.000000,-12648.000000,2748.000000,1374.000000
100.000000,-300.000000,0.000000,0.000000,-12322.000000,2748.000000,1178.000000
300.000000,-400.000000,0.000000,0.000000,-11944.000000,2748.000000,1374.000000
-100.000000,100.000000,0.000000,0.000000,-11533.000000,2748.000000,1570.000000
0.000000,-100.000000,0.000000,0.000000,-11113.000000,2552.000000,2159.000000
-100.000000,100.000000,0.000000,0.000000,-10724.000000,2356.000000,2159.000000
-100.000000,200.000000,0.000000,0.000000,-10313.000000,2159.000000,1963.000000
0.000000,0.000000,0.000000,0.000000,-9842.000000,2159.000000,1963.000000
-100.000000,0.000000,0.000000,0.000000,-9387.000000,2159.000000,1963.000000
0.000000,-200.000000,0.000000,0.000000,-8918.000000,2356.000000,1570.000000
-100.000000,100.000000,0.000000,0.000000,-8433.000000,2356.000000,1570.000000
-100.000000,0.000000,0.000000,0.000000,-7932.000000,2552.000000,1767.000000
200.000000,-100.000000,0.000000,0.000000,-7487.000000,2552.000000,1767.000000
0.000000,0.000000,0.000000,0.000000,-7036.000000,2356.000000,1963.000000
0.000000,0.000000,0.000000,0.000000,-6560.000000,2159.000000,1963.000000
0.000000,0.000000,0.000000,0.000000,-6151.000000,2159.000000,1963.000000
0.000000,0.000000,0.000000,0.000000,-5795.000000,1963.000000,1767.000000
0.000000,0.000000,0.000000,0.000000,-5436.000000,1767.000000,1570.000000
-200.000000,0.000000,0.000000,0.000000,-5099.000000,1767.000000,1374.000000
-100.000000,200.000000,0.000000,0.000000,-4801.000000,1374.000000,1178.000000
-100.000000,200.000000,0.000000,0.000000,-4541.000000,1374.000000,1178.000000
0.000000,0.000000,0.000000,0.000000,-4305.000000,1178.000000,785.000000
0.000000,0.000000,0.000000,0.000000,-4097.000000,1178.000000,785.000000
-100.000000,100.000000,0.000000,0.000000,-3930.000000,785.000000,589.000000
0.000000,200.000000,0.000000,0.000000,-3815.000000,785.000000,392.000000
-100.000000,-100.000000,0.000000,0.000000,-3714.000000,392.000000,392.000000
0.000000,100.000000,0.000000,0.000000,-3630.000000,392.000000,392.000000
-100.000000,-100.000000,0.000000,0.000000,-3604.000000,0.000000,196.000000
-100.000000,100.000000,0.000000,0.000000,-3643.000000,0.000000,0.000000
-100.000000,0.000000,0.000000,0.000000,-3705.000000,0.000000,0.000000
-200.000000,-200.000000,0.000000,0.000000,-3780.000000,0.000000,0.000000
0.000000,-400.000000,0.000000,0.000000,-3922.000000,0.000000,-196.000000
0.000000,-100.000000,0.000000,0.000000,-4112.000000,0.000000,0.000000
0.000000,-100.000000,0.000000,0.000000,-4292.000000,-196.000000,-196.000000
-100.000000,100.000000,0.000000,0.000000,-4488.000000,-392.000000,0.000000
-100.000000,0.000000,0.000000,0.000000,-4713.000000,-785.000000,-589.000000
0.000000,300.000000,0.000000,0.000000,-4976.000000,-981.000000,-785.000000
0.000000,100.000000,0.000000,0.000000,-5298.000000,-981.000000,-981.000000
-100.000000,0.000000,0.000000,0.000000,-5621.000000,-981.000000,-1178.000000
0.000000,0.000000,0.000000,0.000000,-5895.000000,-981.000000,-1178.000000
200.000000,200.000000,0.000000,0.000000,-6219.000000,-785.000000,-785.000000
0.000000,200.000000,0.000000,0.000000,-6561.000000,-589.000000,-981.000000
0.000000,200.000000,0.000000,0.000000,-6898.000000,-785.000000,-589.000000
-200.000000,100.000000,0.000000,0.000000,-7267.000000,-589.000000,-785.000000
100.000000,0.000000,0.000000,0.000000,-7661.000000,-785.000000,-981.000000
0.000000,-100.000000,0.000000,0.000000,-8002.000000,-785.000000,-1178.000000
-100.000000,200.000000,0.000000,0.000000,-8347.000000,-981.000000,-1178.000000
0.000000,0.000000,0.000000,0.000000,-8757.000000,-785.000000,-981.000000
100.000000,0.000000,0.000000,0.000000,-9138.000000,-589.000000,-785.000000
200.000000,200.000000,0.000000,0.000000,-9449.000000,-589.000000,-981.000000
0.000000,200.000000,0.000000,0.000000,-9758.000000,-392.000000,-589.000000
0.000000,100.000000,0.000000,0.000000,-10084.000000,-392.000000,-589.000000
0.000000,0.000000,0.000000,0.000000,-10369.000000,0.000000,-785.000000
0.000000,300.000000,0.000000,0.000000,-10632.000000,-196.000000,-589.000000
0.000000,-100.000000,0.000000,0.000000,-10831.000000,0.000000,-589.000000
600.000000,-200.000000,0.000000,0.000000,-11029.000000,196.000000,-392.000000
200.000000,-200.000000,0.000000,0.000000,-11196.000000,0.000000,-392.000000
0.000000,0.000000,0.000000,0.000000,-11384.000000,196.000000,-196.000000
100.000000,-100.000000,0.000000,0.000000,-11489.000000,0.000000,-196.000000
0.000000,-100.000000,0.000000,0.000000,-11584.000000,0.000000,196.000000
0.000000,0.000000,0.000000,0.000000,-11661.000000,0.000000,0.000000
-100.000000,0.000000,0.000000,0.000000,-11694.000000,0.000000,196.000000
0.000000,-200.000000,0.000000,0.000000,-11679.000000,196.000000,0.000000
0.000000,0.000000,0.000000,0.000000,-11662.000000,0.000000,0.000000
0.000000,-200.000000,0.000000,0.000000,-11654.000000,589.000000,0.000000
100.000000,100.000000,0.000000,0.000000,-11550.000000,1374.000000,196.000000
-200.000000,100.000000,0.000000,0.000000,-11401.000000,1570.000000,196.000000
0.000000,-100.000000,0.000000,0.000000,-11277.000000,1570.000000,392.000000
0.000000,0.000000,0.000000,0.000000,-11148.000000,1374.000000,785.000000
-200.000000,300.000000,0.000000,0.000000,-10927.000000,1374.000000,1178.000000
-100.000000,0.000000,0.000000,0.000000,-10666.000000,1178.000000,981.000000
0.000000,100.000000,0.000000,0.000000,-10456.000000,981.000000,1178.000000
0.000000,-300.000000,0.000000,0.000000,-10202.000000,981.000000,785.000000
-100.000000,-100.000000,0.000000,0.000000,-9928.000000,981.000000,785.000000
-100.000000,100.000000,0.000000,0.000000,-9679.000000,785.000000,589.000000
0.000000,100.000000,0.000000,0.000000,-9440.000000,981.000000,589.000000
0.000000,300.000000,0.000000,0.000000,-9156.000000,1178.000000,785.000000
-100.000000,0.000000,0.000000,0.000000,-8824.000000,1374.000000,785.000000
0.000000,0.000000,0.000000,0.000000,-8545.000000,1374.000000,981.000000
-200.000000,-200.000000,0.000000,0.000000,-8307.000000,1374.000000,981.000000
300.000000,-400.000000,156.000000,156.000000,-7995.000000,1178.000000,981.000000
-200.000000,100.000000,0.000000,0.000000,-7673.000000,1178.000000,785.000000
0.000000,0.000000,0.000000,0.000000,-7439.000000,981.000000,785.000000
100.000000,0.000000,0.000000,0.000000,-7189.000000,981.000000,589.000000
-200.000000,0.000000,0.000000,0.000000,-6906.000000,589.000000,589.000000
0.000000,0.000000,0.000000,0.000000,-6661.000000,785.000000,392.000000
0.000000,100.000000,0.000000,0.000000,-6465.000000,392.000000,392.000000
100.000000,0.000000,0.000000,0.000000,-6239.000000,589.000000,392.000000
-300.000000,0.000000,0.000000,0.000000,-6027.000000,392.000000,392.000000
0.000000,0.000000,0.000000,0.000000,-5868.000000,392.000000,196.000000
0.000000,200.000000,0.000000,0.000000,-5736.000000,196.000000,196.000000
-200.000000,0.000000,0.000000,0.000000,-5610.000000,0.000000,0.000000
0.000000,0.000000,0.000000,0.000000,-5494.000000,0.000000,196.000000
0.000000,100.000000,0.000000,0.000000,-5444.000000,0.000000,0.000000
0.000000,100.000000,0.000000,0.000000,-5416.000000,0.000000,0.000000
0.000000,200.000000,0.000000,0.000000,-5410.000000,0.000000,0.000000
0.000000,0.000000,0.000000,0.000000,-5394.000000,0.000000,-196.000000
0.000000,-100.000000,0.000000,0.000000,-5450.000000,0.000000,-196.000000
-100.000000,-100.000000,0.000000,0.000000,-5528.000000,0.000000,0.000000
0.000000,-200.000000,0.000000,0.000000,-5608.000000,0.000000,-196.000000
0.000000,100.000000,0.000000,0.000000,-5708.000000,-392.000000,-392.000000
-100.000000,-200.000000,0.000000,0.000000,-5850.000000,0.000000,-785.000000
-100.000000,-100.000000,0.000000,0.000000,-5993.000000,0.000000,-785.000000
0.000000,200.000000,0.000000,0.000000,-6109.000000,-392.000000,-785.000000
0.000000,100.000000,0.000000,0.000000,-6272.000000,-589.000000,-785.000000
300.000000,100.000000,0.000000,0.000000,-6413.000000,-1178.000000,-589.000000
100.000000,0.000000,0.000000,0.000000,-6605.000000,-1178.000000,-589.000000
100.000000,0.000000,0.000000,0.000000,-6842.000000,-1178.000000,-589.000000
100.000000,0.000000,0.000000,0.000000,-7038.000000,-1178.000000,-589.000000
100.000000,-100.000000,0.000000,0.000000,-7228.000000,-785.000000,-785.000000
100.000000,-100.000000,0.000000,0.000000,-7417.000000,-981.000000,-785.000000
0.000000,0.000000,0.000000,0.000000,-7643.000000,-589.000000,-785.000000
-200.000000,0.000000,0.000000,0.000000,-7887.000000,-785.000000,-785.000000
0.000000,-200.000000,0.000000,0.000000,-8109.000000,-589.000000,-785.000000
0.000000,100.000000,0.000000,0.000000,-8279.000000,-589.000000,-392.000000
100.000000,100.000000,0.000000,0.000000,-8434.000000,-785.000000,-589.000000
-200.000000,0.000000,0.000000,0.000000,-8642.000000,-981.000000,-589.000000
100.000000,0.000000,0.000000,0.000000,-8850.000000,-981.000000,-589.000000
100.000000,200.000000,0.000000,0.000000,-9018.000000,-785.000000,-589.000000
100.000000,300.000000,0.000000,0.000000,-9175.000000,-589.000000,-589.000000
0.000000,0.000000,0.000000,0.000000,-9287.000000,-589.000000,-392.000000
0.000000,100.000000,0.000000,0.000000,-9414.000000,-589.000000,-196.000000
100.000000,100.000000,0.000000,0.000000,-9559.000000,-196.000000,-392.000000
100.000000,0.000000,0.000000,0.000000,-9640.000000,-392.000000,-196.000000
300.000000,100.000000,78.000000,78.000000,-9696.000000,-196.000000,-196.000000
0.000000,0.000000,0.000000,0.000000,-9764.000000,-196.000000,-196.000000
-300.000000,0.000000,0.000000,0.000000,-9805.000000,-196.000000,-196.000000
0.000000,200.000000,0.000000,0.000000,-9802.000000,-196.000000,0.000000
-200.000000,0.000000,0.000000,0.000000,-9790.000000,0.000000,0.000000
-200.000000,-200.000000,0.000000,0.000000,-9778.000000,0.000000,0.000000
100.000000,-100.000000,0.000000,0.000000,-9740.000000,0.000000,0.000000
0.000000,0.000000,78.000000,78.000000,-9688.000000,0.000000,0.000000
0.000000,-100.000000,0.000000,0.000000,-9625.000000,0.000000,0.000000
-100.000000,0.000000,0.000000,0.000000,-9551.000000,0.000000,196.000000
0.000000,-100.000000,0.000000,0.000000,-9429.000000,0.000000,0.000000
100.000000,-100.000000,0.000000,0.000000,-9305.000000,196.000000,0.000000
100.000000,-300.000000,0.000000,0.000000,-9182.000000,196.000000,196.000000
0.000000,-100.000000,78.000000,78.000000,-9041.000000,0.000000,0.000000
0.000000,-100.000000,155.000000,156.000000,-8896.000000,0.000000,0.000000
200.000000,-200.000000,0.000000,0.000000,-8721.000000,0.000000,196.000000
0.000000,-300.000000,0.000000,0.000000,-8547.000000,0.000000,196.000000
100.000000,100.000000,0.000000,0.000000,-8375.000000,0.000000,196.000000
0.000000,0.000000,0.000000,0.000000,-8213.000000,0.000000,196.000000
0.000000,0.000000,0.000000,0.000000,-8053.000000,0.000000,392.000000
0.000000,-300.000000,0.000000,0.000000,-7890.000000,196.000000,392.000000
0.000000,0.000000,0.000000,0.000000,-7757.000000,392.000000,392.000000
0.000000,0.000000,0.000000,0.000000,-7617.000000,392.000000,392.000000
0.000000,-200.000000,0.000000,0.000000,-7471.000000,589.000000,0.000000
0.000000,0.000000,0.000000,0.000000,-7324.000000,392.000000,196.000000
0.000000,200.000000,0.000000,0.000000,-7200.000000,392.000000,-196.000000
0.000000,-200.000000,0.000000,0.000000,-7085.000000,196.000000,0.000000
0.000000,200.000000,0.000000,0.000000,-7002.000000,196.000000,0.000000
0.000000,0.000000,0.000000,0.000000,-6917.000000,0.000000,0.000000
100.000000,-300.000000,0.000000,0.000000,-6842.000000,0.000000,0.000000
0.000000,-200.000000,0.000000,0.000000,-6763.000000,0.000000,0.000000
-100.000000,-200.000000,0.000000,0.000000,-6701.000000,0.000000,0.000000
-100.000000,-200.000000,0.000000,0.000000,-6657.000000,0.000000,0.000000
0.000000,100.000000,0.000000,0.000000,-6611.000000,0.000000,0.000000
0.000000,-300.000000,0.000000,0.000000,-6587.000000,0.000000,0.000000
0.000000,-100.000000,0.000000,0.000000,-6567.000000,0.000000,-196.000000
0.000000,-300.000000,0.000000,0.000000,-6552.000000,0.000000,0.000000
0.000000,-200.000000,0.000000,0.000000,-6552.000000,0.000000,-196.000000
0.000000,0.000000,0.000000,0.000000,-6562.000000,0.000000,-196.000000
0.000000,0.000000,0.000000,0.000000,-6592.000000,0.000000,-196.000000
-100.000000,-100.000000,0.000000,0.000000,-6632.000000,0.000000,-589.000000
200.000000,0.000000,0.000000,0.000000,-6675.000000,0.000000,-392.000000
-100.000000,-100.000000,0.000000,0.000000,-6719.000000,0.000000,-392.000000
200.000000,0.000000,0.000000,0.000000,-6776.000000,0.000000,-589.000000
100.000000,-300.000000,0.000000,0.000000,-6842.000000,-392.000000,-392.000000
0.000000,-200.000000,0.000000,0.000000,-6898.000000,0.000000,-392.000000
200.000000,100.000000,0.000000,0.000000,-6962.000000,0.000000,-392.000000
100.000000,100.000000,0.000000,0.000000,-7038.000000,-196.000000,-392.000000
0.000000,0.000000,0.000000,0.000000,-7124.000000,-196.000000,-392.000000
200.000000,400.000000,0.000000,0.000000,-7187.000000,-392.000000,-589.000000
-200.000000,200.000000,0.000000,0.000000,-7252.000000,-392.000000,-392.000000
-300.000000,400.000000,0.000000,0.000000,-7334.000000,-589.000000,-196.000000
0.000000,200.000000,0.000000,0.000000,-7436.000000,-392.000000,-392.000000
-100.000000,0.000000,0.000000,0.000000,-7538.000000,-589.000000,-392.000000
0.000000,200.000000,0.000000,0.000000,-7618.000000,-196.000000,-196.000000
200.000000,0.000000,0.000000,0.000000,-7706.000000,-196.000000,-392.000000
0.000000,100.000000,0.000000,0.000000,-7781.000000,-196.000000,-196.000000
-100.000000,100.000000,0.000000,0.000000,-7839.000000,-196.000000,-196.000000
0.000000,300.000000,0.000000,0.000000,-7884.000000,-196.000000,-196.000000
100.000000,0.000000,0.000000,0.000000,-7925.000000,-392.000000,-196.000000
-100.000000,100.000000,0.000000,0.000000,-7980.000000,-392.000000,-392.000000
-200.000000,300.000000,0.000000,0.000000,-8038.000000,-196.000000,0.000000
100.000000,200.000000,0.000000,0.000000,-8074.000000,-196.000000,-196.000000
200.000000,200.000000,0.000000,0.000000,-8090.000000,0.000000,0.000000
-100.000000,-200.000000,0.000000,0.000000,-8132.000000,0.000000,0.000000
100.000000,200.000000,0.000000,0.000000,-8155.000000,0.000000,0.000000
-200.000000,-400.000000,0.000000,0.000000,-8159.000000,0.000000,0.000000
100.000000,-400.000000,0.000000,0.000000,-8162.000000,0.000000,0.000000
-200.000000,-200.000000,0.000000,0.000000,-8152.000000,0.000000,0.000000
0.000000,-200.000000,0.000000,0.000000,-8128.000000,0.000000,196.000000
200.000000,0.000000,0.000000,0.000000,-8132.000000,196.000000,0.000000
-200.000000,-100.000000,0.000000,0.000000,-8115.000000,0.000000,0.000000
0.000000,0.000000,0.000000,0.000000,-8082.000000,0.000000,0.000000
-100.000000,-300.000000,0.000000,0.000000,-8049.000000,0.000000,0.000000
0.000000,-100.000000,0.000000,0.000000,-8012.000000,0.000000,196.000000
-100.000000,0.000000,0.000000,0.000000,-7968.000000,0.000000,0.000000
0.000000,-100.000000,0.000000,0.000000,-7912.000000,196.000000,0.000000
100.000000,-300.000000,0.000000,0.000000,-7875.000000,0.000000,0.000000
0.000000,0.000000,0.000000,0.000000,-7829.000000,0.000000,0.000000
0.000000,-200.000000,0.000000,0.000000,-7787.000000,0.000000,0.000000
0.000000,-100.000000,0.000000,0.000000,-7746.000000,0.000000,0.000000
0.000000,-100.000000,0.000000,0.000000,-7684.000000,0.000000,0.000000
0.000000,-300.000000,0.000000,0.000000,-7627.000000,0.000000,196.000000
0.000000,0.000000,0.000000,0.000000,-7579.000000,0.000000,0.000000
0.000000,0.000000,0.000000,0.000000,-7518.000000,0.000000,0.000000
0.000000,-200.000000,0.000000,0.000000,-7469.000000,0.000000,196.000000
100.000000,-500.000000,0.000000,0.000000,-7423.000000,0.000000,0.000000
-100.000000,0.000000,0.000000,0.000000,-7384.000000,0.000000,0.000000
100.000000,-300.000000,0.000000,0.000000,-7362.000000,0.000000,196.000000
100.000000,300.000000,0.000000,0.000000,-7330.000000,0.000000,0.000000
-100.000000,-300.000000,0.000000,0.000000,-7301.000000,196.000000,0.000000
100.000000,0.000000,0.000000,0.000000,-7291.000000,0.000000,0.000000
100.000000,100.000000,0.000000,0.000000,-7285.000000,0.000000,0.000000
0.000000,-200.000000,0.000000,0.000000,-7297.000000,0.000000,0.000000
200.000000,100.000000,0.000000,0.000000,-7314.000000,0.000000,0.000000
0.000000,0.000000,0.000000,0.000000,-7329.000000,0.000000,0.000000
0.000000,0.000000,0.000000,0.000000,-7347.000000,196.000000,0.000000
100.000000,-100.000000,0.000000,0.000000,-7372.000000,0.000000,0.000000
0.000000,-300.000000,0.000000,0.000000,-7385.000000,0.000000,0.000000
-100.000000,-200.000000,0.000000,0.000000,-7413.000000,0.000000,-196.000000
0.000000,-200.000000,0.000000,0.000000,-7444.000000,0.000000,0.000000
0.000000,-200.000000,0.000000,0.000000,-7484.000000,0.000000,0.000000
100.000000,0.000000,0.000000,0.000000,-7532.000000,-196.000000,0.000000
0.000000,-600.000000,0.000000,0.000000,-7579.000000,0.000000,0.000000
0.000000,0.000000,0.000000,0.000000,-7622.000000,0.000000,0.000000
-100.000000,-100.000000,78.000000,78.000000,-7660.000000,0.000000,0.000000
-100.000000,200.000000,0.000000,0.000000,-7693.000000,0.000000,0.000000
100.000000,0.000000,156.000000,156.000000,-7750.000000,0.000000,0.000000
300.000000,-200.000000,0.000000,0.000000,-7794.000000,0.000000,-196.000000
100.000000,-300.000000,0.000000,0.000000,-7831.000000,0.000000,0.000000
-200.000000,-200.000000,0.000000,0.000000,-7860.000000,0.000000,0.000000
0.000000,100.000000,0.000000,0.000000,-7896.000000,0.000000,0.000000
0.000000,-300.000000,0.000000,0.000000,-7924.000000,0.000000,0.000000
0.000000,-400.000000,0.000000,0.000000,-7943.000000,0.000000,0.000000
-100.000000,0.000000,0.000000,0.000000,-7981.000000,0.000000,0.000000
0.000000,-100.000000,0.000000,0.000000,-8010.000000,0.000000,0.000000
0.000000,-100.000000,0.000000,0.000000,-8030.000000,0.000000,0.000000
0.000000,-200.000000,0.000000,0.000000,-8039.000000,0.000000,0.000000
0.000000,-400.000000,0.000000,0.000000,-8058.000000,-196.000000,0.000000
0.000000,-300.000000,0.000000,0.000000,-8059.000000,0.000000,0.000000
0.000000,0.000000,0.000000,0.000000,-8059.000000,0.000000,0.000000
0.000000,-400.000000,0.000000,0.000000,-8064.000000,0.000000,0.000000
0.000000,-100.000000,0.000000,0.000000,-8068.000000,0.000000,0.000000
-200.000000,-100.000000,0.000000,0.000000,-8072.000000,0.000000,0.000000
0.000000,-100.000000,0.000000,0.000000,-8064.000000,0.000000,196.000000
0.000000,-100.000000,0.000000,0.000000,-8052.000000,0.000000,0.000000
-100.000000,-200.000000,0.000000,0.000000,-8027.000000,0.000000,0.000000
0.000000,-200.000000,0.000000,0.000000,-7994.000000,0.000000,0.000000
-100.000000,-300.000000,0.000000,0.000000,-7977.000000,196.000000,0.000000
-100.000000,-100.000000,0.000000,0.000000,-7953.000000,0.000000,0.000000
-100.000000,-200.000000,0.000000,0.000000,-7928.000000,0.000000,0.000000
-200.000000,0.000000,0.000000,0.000000,-7899.000000,0.000000,0.000000
-100.000000,-300.000000,0.000000,0.000000,-7873.000000,0.000000,0.000000
0.000000,0.000000,0.000000,0.000000,-7833.000000,0.000000,0.000000
-200.000000,0.000000,0.000000,0.000000,-7805.000000,0.000000,0.000000
0.000000,0.000000,0.000000,0.000000,-7774.000000,0.000000,0.000000
-100.000000,-100.000000,0.000000,0.000000,-7754.000000,0.000000,0.000000
0.000000,0.000000,78.000000,78.000000,-7733.000000,0.000000,0.000000
300.000000,100.000000,0.000000,0.000000,-7694.000000,0.000000,0.000000
-100.000000,0.000000,0.000000,0.000000,-7667.000000,0.000000,0.000000
0.000000,0.000000,0.000000,0.000000,-7638.000000,0.000000,0.000000
200.000000,0.000000,0.000000,0.000000,-7627.000000,0.000000,0.000000
0.000000,-200.000000,0.000000,0.000000,-7607.000000,0.000000,0.000000
0.000000,-200.000000,0.000000,0.000000,-7594.000000,0.000000,0.000000
0.000000,-100.000000,0.000000,0.000000,-7571.000000,0.000000,0.000000
-400.000000,-300.000000,0.000000,0.000000,-7552.000000,0.000000,0.000000
-200.000000,0.000000,0.000000,0.000000,-7552.000000,0.000000,0.000000
0.000000,0.000000,0.000000,0.000000,-7557.000000,0.000000,0.000000
-100.000000,0.000000,0.000000,0.000000,-7561.000000,0.000000,0.000000
-100.000000,0.000000,0.000000,0.000000,-7566.000000,0.000000,0.000000
400.000000,-100.000000,0.000000,0.000000,-7564.000000,0.000000,0.000000
-100.000000,0.000000,0.000000,0.000000,-7563.000000,0.000000,0.000000
100.000000,-200.000000,0.000000,0.000000,-7570.000000,0.000000,0.000000
0.000000,-300.000000,0.000000,0.000000,-7582.000000,0.000000,0.000000
0.000000,-200.000000,0.000000,0.000000,-7603.000000,0.000000,0.000000
-100.000000,-200.000000,0.000000,0.000000,-7621.000000,0.000000,0.000000
0.000000,-300.000000,0.000000,0.000000,-7632.000000,0.000000,0.000000
0.000000,-300.000000,0.000000,0.000000,-7643.000000,0.000000,0.000000
0.000000,0.000000,0.000000,0.000000,-7660.000000,0.000000,0.000000
-100.000000,-200.000000,0.000000,0.000000,-7668.000000,0.000000,0.000000
0.000000,0.000000,0.000000,0.000000,-7686.000000,0.000000,0.000000
0.000000,0.000000,0.000000,0.000000,-7697.000000,0.000000,0.000000
100.000000,0.000000,0.000000,0.000000,-7724.000000,0.000000,0.000000
100.000000,-100.000000,0.000000,0.000000,-7744.000000,0.000000,0.000000
100.000000,-300.000000,0.000000,0.000000,-7772.000000,0.000000,0.000000
100.000000,0.000000,0.000000,0.000000,-7788.000000,0.000000,0.000000
0.000000,-300.000000,0.000000,0.000000,-7805.000000,0.000000,0.000000
-100.000000,-100.000000,0.000000,0.000000,-7821.000000,0.000000,0.000000
0.000000,0.000000,0.000000,0.000000,-7825.000000,0.000000,0.000000
-100.000000,0.000000,0.000000,0.000000,-7829.000000,0.000000,0.000000
-100.000000,-200.000000,0.000000,0.000000,-7841.000000,0.000000,0.000000
100.000000,-100.000000,0.000000,0.000000,-7855.000000,0.000000,0.000000
100.000000,-200.000000,0.000000,0.000000,-7863.000000,0.000000,0.000000
-100.000000,0.000000,0.000000,0.000000,-7870.000000,0.000000,0.000000
0.000000,0.000000,0.000000,0.000000,-7874.000000,0.000000,0.000000
300.000000,0.000000,0.000000,0.000000,-7864.000000,0.000000,0.000000
0.000000,100.000000,0.000000,0.000000,-7858.000000,0.000000,0.000000
0.000000,0.000000,0.000000,0.000000,-7870.000000,0.000000,0.000000
0.000000,0.000000,0.000000,0.000000,-7868.000000,0.000000,0.000000
0.000000,0.000000,0.000000,0.000000,-7868.000000,0.000000,0.000000
-200.000000,-200.000000,0.000000,0.000000,-7862.000000,0.000000,0.000000
-100.000000,-200.000000,0.000000,0.000000,-7861.000000,0.000000,0.000000
200.000000,-200.000000,0.000000,0.000000,-7850.000000,0.000000,0.000000
0.000000,-300.000000,0.000000,0.000000,-7830.000000,0.000000,0.000000
0.000000,-100.000000,0.000000,0.000000,-7819.000000,0.000000,0.000000
-200.000000,-300.000000,0.000000,0.000000,-7814.000000,0.000000,0.000000
-100.000000,-200.000000,0.000000,0.000000,-7806.000000,0.000000,0.000000
0.000000,-400.000000,0.000000,0.000000,-7795.000000,0.000000,0.000000
0.000000,-300.000000,0.000000,0.000000,-7780.000000,0.000000,0.000000
200.000000,-300.000000,0.000000,0.000000,-7770.000000,0.000000,0.000000
0.000000,-100.000000,0.000000,0.000000,-7747.000000,0.000000,0.000000
0.000000,-100.000000,0.000000,0.000000,-7736.000000,0.000000,0.000000
100.000000,-100.000000,0.000000,0.000000,-7720.000000,0.000000,0.000000
-100.000000,-200.000000,0.000000,0.000000,-7711.000000,0.000000,0.000000
-100.000000,200.000000,0.000000,0.000000,-7696.000000,0.000000,0.000000
100.000000,200.000000,0.000000,0.000000,-7677.000000,0.000000,0.000000
