Channel 1,Channel 2,Channel 3,Channel 4,Channel 5,Channel 6,Channel 7
100.000000,-100.000000,0.000000,0.000000,-6398.000000,0.000000,0.000000
-100.000000,-100.000000,0.000000,0.000000,-6391.000000,0.000000,0.000000
0.000000,-100.000000,0.000000,0.000000,-6391.000000,0.000000,0.000000
0.000000,-100.000000,0.000000,0.000000,-6371.000000,0.000000,0.000000
-200.000000,0.000000,0.000000,0.000000,-6377.000000,0.000000,0.000000
-100.000000,-200.000000,0.000000,0.000000,-6369.000000,0.000000,0.000000
300.000000,0.000000,0.000000,0.000000,-6356.000000,0.000000,0.000000
200.000000,0.000000,0.000000,0.000000,-6349.000000,0.000000,0.000000
100.000000,0.000000,0.000000,0.000000,-6344.000000,0.000000,0.000000
200.000000,-100.000000,156.000000,156.000000,-6351.000000,0.000000,0.000000
200.000000,400.000000,0.000000,0.000000,-6346.000000,0.000000,0.000000
0.000000,-300.000000,0.000000,0.000000,-6327.000000,0.000000,0.000000
200.000000,-200.000000,0.000000,0.000000,-6324.000000,0.000000,0.000000
200.000000,-100.000000,0.000000,0.000000,-6304.000000,0.000000,0.000000
100.000000,0.000000,0.000000,0.000000,-6312.000000,0.000000,0.000000
100.000000,-200.000000,0.000000,0.000000,-6308.000000,0.000000,0.000000
200.000000,0.000000,0.000000,0.000000,-6301.000000,0.000000,0.000000
0.000000,-100.000000,0.000000,0.000000,-6290.000000,0.000000,0.000000
0.000000,-100.000000,0.000000,0.000000,-6284.000000,0.000000,0.000000
0.000000,-200.000000,0.000000,0.000000,-6288.000000,0.000000,0.000000
100.000000,-100.000000,0.000000,0.000000,-6277.000000,0.000000,0.000000
-200.000000,-200.000000,0.000000,0.000000,-6272.000000,0.000000,0.000000
0.000000,-100.000000,0.000000,0.000000,-6268.000000,0.000000,0.000000
-100.000000,0.000000,0.000000,0.000000,-6252.000000,0.000000,0.000000
-100.000000,-100.000000,0.000000,0.000000,-6245.000000,0.000000,0.000000
100.000000,-200.000000,0.000000,0.000000,-6238.000000,0.000000,0.000000
-200.000000,0.000000,0.000000,0.000000,-6234.000000,0.000000,0.000000
-400.000000,-200.000000,0.000000,0.000000,-6238.000000,0.000000,0.000000
0.000000,-100.000000,0.000000,0.000000,-6225.000000,0.000000,0.000000
0.000000,-100.000000,0.000000,0.000000,-6228.000000,0.000000,0.000000
0.000000,0.000000,0.000000,0.000000,-6217.000000,0.000000,0.000000
0.000000,-300.000000,0.000000,0.000000,-6204.000000,0.000000,0.000000
100.000000,0.000000,0.000000,0.000000,-6190.000000,0.000000,0.000000
0.000000,0.000000,0.000000,0.000000,-6182.000000,0.000000,0.000000
0.000000,-100.000000,0.000000,0.000000,-6174.000000,0.000000,0.000000
0.000000,-300.000000,0.000000,0.000000,-6181.000000,0.000000,0.000000
0.000000,-100.000000,0.000000,0.000000,-6167.000000,0.000000,0.000000
0.000000,-200.000000,0.000000,0.000000,-6166.000000,0.000000,0.000000
0.000000,0.000000,0.000000,0.000000,-6167.000000,0.000000,0.000000
100.000000,-400.000000,0.000000,0.000000,-6144.000000,0.000000,0.000000
0.000000,-100.000000,0.000000,0.000000,-6137.000000,0.000000,0.000000
0.000000,-200.000000,0.000000,0.000000,-6136.000000,0.000000,0.000000
0.000000,-100.000000,0.000000,0.000000,-6109.000000,0.000000,0.000000
0.000000,-100.000000,0.000000,0.000000,-6107.000000,0.000000,0.000000
0.000000,0.000000,0.000000,0.000000,-6082.000000,0.000000,0.000000
200.000000,-300.000000,0.000000,0.000000,-6070.000000,0.000000,0.000000
100.000000,-200.000000,0.000000,0.000000,-6068.000000,0.000000,0.000000
0.000000,-100.000000,0.000000,0.000000,-6055.000000,0.000000,0.000000
0.000000,-100.000000,0.000000,0.000000,-6051.000000,0.000000,0.000000
-100.000000,-200.000000,0.000000,0.000000,-6047.000000,0.000000,0.000000
0.000000,-200.000000,0.000000,0.000000,-6039.000000,0.000000,0.000000
0.000000,0.000000,0.000000,0.000000,-6035.000000,0.000000,0.000000
-100.000000,-200.000000,0.000000,0.000000,-6021.000000,0.000000,0.000000
-100.000000,-100.000000,0.000000,0.000000,-6012.000000,0.000000,0.000000
0.000000,0.000000,0.000000,0.000000,-5996.000000,0.000000,0.000000
100.000000,0.000000,78.000000,78.000000,-6003.000000,0.000000,0.000000
0.000000,100.000000,0.000000,0.000000,-5999.000000,0.000000,0.000000
-100.000000,0.000000,0.000000,0.000000,-5998.000000,0.000000,0.000000
0.000000,-100.000000,0.000000,0.000000,-5997.000000,0.000000,0.000000
0.000000,0.000000,0.000000,0.000000,-6007.000000,0.000000,0.000000
0.000000,0.000000,0.000000,0.000000,-6010.000000,0.000000,0.000000
-100.000000,0.000000,0.000000,0.000000,-6006.000000,0.000000,0.000000
0.000000,-200.000000,0.000000,0.000000,-6010.000000,0.000000,0.000000
100.000000,-400.000000,0.000000,0.000000,-5995.000000,0.000000,0.000000
0.000000,-100.000000,0.000000,0.000000,-5995.000000,0.000000,0.000000
300.000000,0.000000,0.000000,0.000000,-5994.000000,0.000000,0.000000
0.000000,-100.000000,0.000000,0.000000,-5984.000000,0.000000,0.000000
0.000000,0.000000,0.000000,0.000000,-5975.000000,0.000000,0.000000
0.000000,-200.000000,0.000000,0.000000,-5966.000000,0.000000,0.000000
-100.000000,-100.000000,0.000000,0.000000,-5969.000000,0.000000,0.000000
-100.000000,-100.000000,0.000000,0.000000,-5968.000000,0.000000,0.000000
0.000000,-300.000000,0.000000,0.000000,-5956.000000,0.000000,0.000000
100.000000,-200.000000,0.000000,0.000000,-5942.000000,0.000000,0.000000
0.000000,-200.000000,0.000000,0.000000,-5927.000000,0.000000,0.000000
0.000000,0.000000,0.000000,0.000000,-5914.000000,0.000000,0.000000
-200.000000,-100.000000,0.000000,0.000000,-5914.000000,0.000000,0.000000
0.000000,0.000000,0.000000,0.000000,-5902.000000,0.000000,0.000000
0.000000,0.000000,0.000000,0.000000,-5891.000000,196.000000,0.000000
0.000000,0.000000,0.000000,0.000000,-5883.000000,0.000000,0.000000
0.000000,-100.000000,0.000000,0.000000,-5881.000000,0.000000,0.000000
0.000000,-400.000000,0.000000,0.000000,-5882.000000,0.000000,0.000000
-100.000000,-200.000000,0.000000,0.000000,-5894.000000,0.000000,0.000000
0.000000,0.000000,0.000000,0.000000,-5886.000000,0.000000,0.000000
200.000000,-300.000000,0.000000,0.000000,-5890.000000,0.000000,0.000000
0.000000,-200.000000,0.000000,0.000000,-5880.000000,0.000000,0.000000
100.000000,0.000000,0.000000,0.000000,-5857.000000,0.000000,0.000000
100.000000,-100.000000,0.000000,0.000000,-5821.000000,0.000000,0.000000
0.000000,100.000000,0.000000,0.000000,-5802.000000,0.000000,0.000000
100.000000,-100.000000,0.000000,0.000000,-5779.000000,0.000000,0.000000
0.000000,-100.000000,0.000000,0.000000,-5775.000000,0.000000,0.000000
0.000000,100.000000,0.000000,0.000000,-5752.000000,0.000000,0.000000
-100.000000,-100.000000,0.000000,0.000000,-5735.000000,0.000000,0.000000
-100.000000,-200.000000,0.000000,0.000000,-5705.000000,0.000000,0.000000
0.000000,0.000000,0.000000,0.000000,-5685.000000,0.000000,0.000000
0.000000,0.000000,0.000000,0.000000,-5668.000000,0.000000,0.000000
-100.000000,-100.000000,0.000000,0.000000,-5666.000000,0.000000,0.000000
0.000000,-100.000000,0.000000,0.000000,-5673.000000,0.000000,0.000000
-100.000000,-100.000000,0.000000,0.000000,-5670.000000,0.000000,0.000000
100.000000,100.000000,78.000000,78.000000,-5682.000000,0.000000,0.000000
0.000000,0.000000,0.000000,0.000000,-5697.000000,0.000000,0.000000
0.000000,-200.000000,0.000000,0.000000,-5718.000000,0.000000,0.000000
0.000000,0.000000,0.000000,0.000000,-5713.000000,0.000000,0.000000
100.000000,0.000000,0.000000,0.000000,-5730.000000,0.000000,0.000000
-100.000000,0.000000,0.000000,0.000000,-5736.000000,0.000000,0.000000
0.000000,0.000000,0.000000,0.000000,-5727.000000,0.000000,0.000000
0.000000,-200.000000,0.000000,0.000000,-5730.000000,0.000000,0.000000
0.000000,0.000000,0.000000,0.000000,-5745.000000,0.000000,0.000000
0.000000,0.000000,0.000000,0.000000,-5735.000000,0.000000,0.000000
100.000000,100.000000,0.000000,0.000000,-5730.000000,0.000000,0.000000
0.000000,0.000000,0.000000,0.000000,-5737.000000,0.000000,0.000000
100.000000,0.000000,0.000000,0.000000,-5750.000000,0.000000,0.000000
0.000000,0.000000,0.000000,0.000000,-5727.000000,0.000000,0.000000
0.000000,0.000000,0.000000,0.000000,-5720.000000,0.000000,0.000000
0.000000,0.000000,0.000000,0.000000,-5714.000000,0.000000,0.000000
100.000000,-100.000000,0.000000,0.000000,-5711.000000,0.000000,0.000000
0.000000,0.000000,0.000000,0.000000,-5702.000000,0.000000,0.000000
0.000000,-100.000000,0.000000,0.000000,-5688.000000,0.000000,0.000000
0.000000,0.000000,0.000000,0.000000,-5684.000000,0.000000,0.000000
100.000000,0.000000,0.000000,0.000000,-5690.000000,0.000000,0.000000
0.000000,-100.000000,0.000000,0.000000,-5692.000000,0.000000,0.000000
-100.000000,0.000000,0.000000,0.000000,-5697.000000,0.000000,0.000000
0.000000,0.000000,0.000000,0.000000,-5712.000000,0.000000,0.000000
0.000000,0.000000,0.000000,0.000000,-5708.000000,0.000000,0.000000
-100.000000,-200.000000,0.000000,0.000000,-5726.000000,0.000000,0.000000
0.000000,100.000000,0.000000,0.000000,-5741.000000,0.000000,0.000000
-100.000000,0.000000,0.000000,0.000000,-5746.000000,0.000000,0.000000
0.000000,-100.000000,0.000000,0.000000,-5766.000000,0.000000,0.000000
0.000000,100.000000,0.000000,0.000000,-5782.000000,0.000000,0.000000
200.000000,0.000000,0.000000,0.000000,-5785.000000,0.000000,0.000000
0.000000,-100.000000,0.000000,0.000000,-5797.000000,0.000000,0.000000
100.000000,0.000000,0.000000,0.000000,-5805.000000,0.000000,0.000000
200.000000,0.000000,0.000000,0.000000,-5804.000000,0.000000,0.000000
2100.000000,3700.000000,5000.000000,5000.000000,-5798.000000,0.000000,0.000000
4600.000000,4400.000000,5000.000000,5000.000000,-5818.000000,589.000000,785.000000
4300.000000,4200.000000,5000.000000,5000.000000,-5842.000000,2159.000000,1963.000000
4500.000000,3100.000000,5000.000000,5000.000000,-5900.000000,2945.000000,2356.000000
6200.000000,4500.000000,5000.000000,5000.000000,-6119.000000,3337.000000,1767.000000
5500.000000,7300.000000,5000.000000,5000.000000,-6097.000000,2356.000000,-392.000000
4600.000000,5100.000000,5000.000000,5000.000000,-5309.000000,0.000000,-981.000000
5000.000000,4800.000000,5000.000000,5000.000000,-4947.000000,-981.000000,-196.000000
4800.000000,4400.000000,5000.000000,5000.000000,-5339.000000,-589.000000,981.000000
4100.000000,4700.000000,5000.000000,5000.000000,-5220.000000,392.000000,1374.000000
4500.000000,4700.000000,5000.000000,5000.000000,-4455.000000,1374.000000,1570.000000
5300.000000,5600.000000,5000.000000,5000.000000,-4469.000000,1963.000000,981.000000
4900.000000,6200.000000,5000.000000,5000.000000,-4708.000000,2159.000000,589.000000
4900.000000,5200.000000,5000.000000,5000.000000,-4154.000000,1178.000000,392.000000
4900.000000,6000.000000,5000.000000,5000.000000,-3735.000000,785.000000,589.000000
4400.000000,4500.000000,5000.000000,5000.000000,-3779.000000,589.000000,1178.000000
4200.000000,4700.000000,5000.000000,5000.000000,-3541.000000,1178.000000,1767.000000
5100.000000,5600.000000,5000.000000,5000.000000,-3099.000000,1570.000000,1374.000000
5300.000000,4500.000000,5000.000000,5000.000000,-2932.000000,1963.000000,1178.000000
4700.000000,4900.000000,5000.000000,5000.000000,-2630.000000,1570.000000,981.000000
5400.000000,4800.000000,5000.000000,5000.000000,-2194.000000,1178.000000,981.000000
4600.000000,4100.000000,5000.000000,5000.000000,-2082.000000,981.000000,1178.000000
5600.000000,4500.000000,5000.000000,5000.000000,-1949.000000,1178.000000,1374.000000
5300.000000,3600.000000,5000.000000,5000.000000,-1664.000000,1374.000000,1570.000000
4700.000000,6200.000000,5000.000000,5000.000000,-1489.000000,1767.000000,1178.000000
4700.000000,5300.000000,5000.000000,5000.000000,-1238.000000,1570.000000,1178.000000
4900.000000,5100.000000,5000.000000,5000.000000,-824.000000,981.000000,981.000000
4300.000000,4600.000000,5000.000000,5000.000000,-768.000000,981.000000,981.000000
4800.000000,4900.000000,5000.000000,5000.000000,-724.000000,1178.000000,1178.000000
4700.000000,3900.000000,5000.000000,5000.000000,-376.000000,1374.000000,1178.000000
4900.000000,5300.000000,5000.000000,5000.000000,-195.000000,1374.000000,1374.000000
4800.000000,4900.000000,5000.000000,5000.000000,-245.000000,1374.000000,981.000000
4400.000000,4300.000000,5000.000000,5000.000000,21.000000,981.000000,981.000000
5100.000000,4700.000000,5000.000000,5000.000000,211.000000,981.000000,981.000000
4500.000000,4100.000000,5000.000000,5000.000000,59.000000,981.000000,589.000000
4700.000000,4800.000000,5000.000000,5000.000000,142.000000,1178.000000,981.000000
4200.000000,4400.000000,5000.000000,5000.000000,394.000000,981.000000,981.000000
4800.000000,5100.000000,5000.000000,5000.000000,366.000000,1178.000000,785.000000
4900.000000,4500.000000,5000.000000,5000.000000,284.000000,785.000000,785.000000
4800.000000,5100.000000,5000.000000,5000.000000,409.000000,785.000000,589.000000
5100.000000,4100.000000,5000.000000,5000.000000,422.000000,785.000000,785.000000
4700.000000,4800.000000,5000.000000,5000.000000,280.000000,981.000000,589.000000
4900.000000,4800.000000,5000.000000,5000.000000,281.000000,785.000000,589.000000
4400.000000,4800.000000,5000.000000,5000.000000,300.000000,981.000000,785.000000
4600.000000,6200.000000,5000.000000,5000.000000,177.000000,785.000000,589.000000
5000.000000,4700.000000,5000.000000,5000.000000,28.000000,589.000000,589.000000
5000.000000,4800.000000,5000.000000,5000.000000,-69.000000,785.000000,392.000000
5200.000000,5200.000000,5000.000000,5000.000000,-177.000000,785.000000,589.000000
4700.000000,4900.000000,5000.000000,5000.000000,-286.000000,589.000000,392.000000
4700.000000,4200.000000,5000.000000,5000.000000,-454.000000,785.000000,392.000000
4900.000000,4100.000000,5000.000000,5000.000000,-625.000000,785.000000,589.000000
5200.000000,5100.000000,5000.000000,5000.000000,-748.000000,785.000000,785.000000
4900.000000,5200.000000,5000.000000,5000.000000,-941.000000,785.000000,392.000000
-200.000000,3900.000000,0.000000,0.000000,-1117.000000,392.000000,196.000000
300.000000,0.000000,0.000000,0.000000,-1291.000000,-196.000000,-589.000000
0.000000,0.000000,0.000000,0.000000,-1509.000000,0.000000,-196.000000
100.000000,0.000000,0.000000,0.000000,-1842.000000,0.000000,-196.000000
0.000000,100.000000,0.000000,0.000000,-2090.000000,-196.000000,-196.000000
0.000000,0.000000,0.000000,0.000000,-2258.000000,0.000000,196.000000
0.000000,0.000000,0.000000,0.000000,-2593.000000,392.000000,196.000000
0.000000,0.000000,0.000000,0.000000,-2981.000000,0.000000,0.000000
0.000000,0.000000,0.000000,0.000000,-3293.000000,0.000000,0.000000
-100.000000,0.000000,0.000000,0.000000,-3540.000000,0.000000,0.000000
0.000000,0.000000,0.000000,0.000000,-3871.000000,0.000000,0.000000
-100.000000,0.000000,0.000000,0.000000,-4270.000000,0.000000,0.000000
100.000000,-300.000000,0.000000,0.000000,-4614.000000,0.000000,196.000000
100.000000,0.000000,0.000000,0.000000,-4894.000000,0.000000,196.000000
100.000000,0.000000,0.000000,0.000000,-5250.000000,196.000000,196.000000
0.000000,-100.000000,0.000000,0.000000,-5594.000000,589.000000,196.000000
0.000000,0.000000,0.000000,0.000000,-5897.000000,785.000000,0.000000
-100.000000,0.000000,0.000000,0.000000,-6178.000000,981.000000,392.000000
0.000000,0.000000,0.000000,0.000000,-6500.000000,981.000000,196.000000
100.000000,-100.000000,0.000000,0.000000,-6776.000000,981.000000,196.000000
-200.000000,100.000000,0.000000,0.000000,-6991.000000,785.000000,196.000000
0.000000,0.000000,0.000000,0.000000,-7249.000000,981.000000,589.000000
0.000000,0.000000,0.000000,0.000000,-7549.000000,589.000000,589.000000
100.000000,-100.000000,0.000000,0.000000,-7725.000000,981.000000,785.000000
100.000000,-100.000000,0.000000,0.000000,-7880.000000,785.000000,785.000000
0.000000,0.000000,0.000000,0.000000,-8087.000000,1178.000000,785.000000
0.000000,0.000000,0.000000,0.000000,-8288.000000,1178.000000,785.000000
0.000000,0.000000,0.000000,0.000000,-8364.000000,1374.000000,981.000000
0.000000,100.000000,0.000000,0.000000,-8474.000000,1178.000000,981.000000
200.000000,0.000000,0.000000,0.000000,-8581.000000,1374.000000,1178.000000
-100.000000,0.000000,0.000000,0.000000,-8611.000000,1178.000000,1374.000000
100.000000,100.000000,0.000000,0.000000,-8577.000000,1374.000000,1178.000000
0.000000,0.000000,0.000000,0.000000,-8574.000000,1374.000000,1374.000000
100.000000,-100.000000,0.000000,0.000000,-8583.000000,1570.000000,1374.000000
0.000000,0.000000,0.000000,0.000000,-8517.000000,1570.000000,1374.000000
0.000000,0.000000,0.000000,0.000000,-8430.000000,1767.000000,1570.000000
100.000000,0.000000,0.000000,0.000000,-8314.000000,1570.000000,1570.000000
0.000000,0.000000,0.000000,0.000000,-8181.000000,1767.000000,1570.000000
0.000000,100.000000,0.000000,0.000000,-8009.000000,1570.000000,1767.000000
100.000000,-200.000000,0.000000,0.000000,-7824.000000,1767.000000,1767.000000
100.000000,100.000000,0.000000,0.000000,-7620.000000,1570.000000,1963.000000
0.000000,0.000000,0.000000,0.000000,-7405.000000,1767.000000,1767.000000
0.000000,100.000000,0.000000,0.000000,-7188.000000,1963.000000,1767.000000
100.000000,100.000000,0.000000,0.000000,-6953.000000,1767.000000,1767.000000
-100.000000,200.000000,0.000000,0.000000,-6723.000000,1767.000000,1767.000000
0.000000,100.000000,0.000000,0.000000,-6481.000000,1767.000000,1767.000000
100.000000,-100.000000,0.000000,0.000000,-6232.000000,1570.000000,1570.000000
100.000000,0.000000,0.000000,0.000000,-5960.000000,1570.000000,1570.000000
200.000000,-100.000000,0.000000,0.000000,-5701.000000,1570.000000,1570.000000
100.000000,0.000000,0.000000,0.000000,-5447.000000,1374.000000,1570.000000
0.000000,0.000000,0.000000,0.000000,-5178.000000,1374.000000,1570.000000
0.000000,100.000000,0.000000,0.000000,-4932.000000,1570.000000,1570.000000
0.000000,0.000000,0.000000,0.000000,-4694.000000,1178.000000,1374.000000
0.000000,-100.000000,0.000000,0.000000,-4488.000000,1374.000000,1374.000000
100.000000,0.000000,0.000000,0.000000,-4267.000000,1374.000000,1374.000000
0.000000,0.000000,0.000000,0.000000,-4070.000000,1178.000000,1178.000000
0.000000,0.000000,0.000000,0.000000,-3909.000000,1178.000000,981.000000
0.000000,0.000000,0.000000,0.000000,-3720.000000,981.000000,981.000000
0.000000,0.000000,0.000000,0.000000,-3552.000000,981.000000,981.000000
0.000000,0.000000,0.000000,0.000000,-3439.000000,981.000000,785.000000
0.000000,-100.000000,0.000000,0.000000,-3318.000000,785.000000,785.000000
0.000000,0.000000,0.000000,0.000000,-3215.000000,589.000000,589.000000
-100.000000,0.000000,0.000000,0.000000,-3155.000000,589.000000,589.000000
300.000000,0.000000,0.000000,0.000000,-3107.000000,589.000000,392.000000
0.000000,0.000000,0.000000,0.000000,-3099.000000,196.000000,392.000000
0.000000,0.000000,0.000000,0.000000,-3086.000000,392.000000,392.000000
0.000000,-100.000000,0.000000,0.000000,-3117.000000,196.000000,196.000000
100.000000,0.000000,0.000000,0.000000,-3173.000000,0.000000,196.000000
-100.000000,100.000000,0.000000,0.000000,-3244.000000,196.000000,0.000000
0.000000,0.000000,0.000000,0.000000,-3343.000000,0.000000,-196.000000
0.000000,-100.000000,0.000000,0.000000,-3459.000000,0.000000,0.000000
0.000000,0.000000,0.000000,0.000000,-3616.000000,0.000000,0.000000
0.000000,-100.000000,0.000000,0.000000,-3778.000000,0.000000,0.000000
-100.000000,100.000000,0.000000,0.000000,-3968.000000,0.000000,0.000000
0.000000,0.000000,0.000000,0.000000,-4164.000000,0.000000,0.000000
0.000000,-100.000000,0.000000,0.000000,-4375.000000,0.000000,-196.000000
-100.000000,-100.000000,0.000000,0.000000,-4581.000000,0.000000,0.000000
0.000000,-100.000000,0.000000,0.000000,-4822.000000,0.000000,0.000000
200.000000,0.000000,0.000000,0.000000,-5051.000000,0.000000,-392.000000
0.000000,100.000000,0.000000,0.000000,-5288.000000,0.000000,-589.000000
0.000000,0.000000,0.000000,0.000000,-5530.000000,-196.000000,-589.000000
0.000000,-100.000000,0.000000,0.000000,-5765.000000,-196.000000,-785.000000
0.000000,-100.000000,0.000000,0.000000,-6012.000000,0.000000,-589.000000
100.000000,100.000000,0.000000,0.000000,-6215.000000,0.000000,-392.000000
200.000000,0.000000,0.000000,0.000000,-6397.000000,-196.000000,-392.000000
100.000000,200.000000,0.000000,0.000000,-6591.000000,-196.000000,-196.000000
0.000000,200.000000,0.000000,0.000000,-6784.000000,-392.000000,-196.000000
100.000000,100.000000,0.000000,0.000000,-6970.000000,-785.000000,0.000000
100.000000,-200.000000,0.000000,0.000000,-7171.000000,-785.000000,0.000000
0.000000,100.000000,0.000000,0.000000,-7382.000000,-392.000000,0.000000
0.000000,0.000000,0.000000,0.000000,-7519.000000,-589.000000,0.000000
-100.000000,100.000000,0.000000,0.000000,-7649.000000,-392.000000,0.000000
100.000000,0.000000,0.000000,0.000000,-7752.000000,-392.000000,0.000000
100.000000,0.000000,0.000000,0.000000,-7837.000000,0.000000,196.000000
0.000000,-100.000000,0.000000,0.000000,-7903.000000,-196.000000,0.000000
0.000000,0.000000,0.000000,0.000000,-7972.000000,196.000000,196.000000
0.000000,0.000000,0.000000,0.000000,-7999.000000,0.000000,0.000000
0.000000,-100.000000,0.000000,0.000000,-8005.000000,0.000000,0.000000
0.000000,0.000000,0.000000,0.000000,-8001.000000,0.000000,0.000000
100.000000,0.000000,0.000000,0.000000,-7991.000000,0.000000,0.000000
0.000000,0.000000,0.000000,0.000000,-7958.000000,0.000000,196.000000
0.000000,-100.000000,0.000000,0.000000,-7918.000000,0.000000,392.000000
0.000000,0.000000,0.000000,0.000000,-7844.000000,0.000000,785.000000
100.000000,-100.000000,0.000000,0.000000,-7769.000000,196.000000,981.000000
0.000000,0.000000,0.000000,0.000000,-7656.000000,0.000000,981.000000
0.000000,-400.000000,0.000000,0.000000,-7517.000000,0.000000,785.000000
100.000000,100.000000,0.000000,0.000000,-7409.000000,0.000000,785.000000
100.000000,-200.000000,0.000000,0.000000,-7255.000000,0.000000,589.000000
0.000000,0.000000,0.000000,0.000000,-7089.000000,0.000000,589.000000
0.000000,-100.000000,0.000000,0.000000,-6946.000000,0.000000,392.000000
-200.000000,-100.000000,0.000000,0.000000,-6776.000000,0.000000,392.000000
-100.000000,0.000000,0.000000,0.000000,-6585.000000,0.000000,589.000000
0.000000,0.000000,0.000000,0.000000,-6423.000000,196.000000,785.000000
-100.000000,-200.000000,0.000000,0.000000,-6258.000000,0.000000,589.000000
0.000000,-100.000000,0.000000,0.000000,-6070.000000,0.000000,589.000000
100.000000,200.000000,0.000000,0.000000,-5893.000000,0.000000,589.000000
200.000000,100.000000,0.000000,0.000000,-5744.000000,0.000000,589.000000
100.000000,-100.000000,0.000000,0.000000,-5577.000000,196.000000,392.000000
-100.000000,100.000000,0.000000,0.000000,-5401.000000,392.000000,392.000000
-100.000000,0.000000,0.000000,0.000000,-5263.000000,589.000000,392.000000
-100.000000,-200.000000,0.000000,0.000000,-5115.000000,589.000000,196.000000
200.000000,0.000000,0.000000,0.000000,-4975.000000,392.000000,196.000000
-100.000000,0.000000,0.000000,0.000000,-4849.000000,589.000000,196.000000
0.000000,0.000000,0.000000,0.000000,-4753.000000,196.000000,196.000000
0.000000,0.000000,0.000000,0.000000,-4664.000000,196.000000,392.000000
0.000000,0.000000,0.000000,0.000000,-4587.000000,0.000000,0.000000
0.000000,0.000000,0.000000,0.000000,-4509.000000,0.000000,196.000000
100.000000,0.000000,0.000000,0.000000,-4474.000000,0.000000,196.000000
0.000000,-100.000000,0.000000,0.000000,-4431.000000,0.000000,0.000000
-100.000000,-100.000000,0.000000,0.000000,-4403.000000,0.000000,0.000000
-100.000000,200.000000,0.000000,0.000000,-4367.000000,0.000000,196.000000
200.000000,0.000000,0.000000,0.000000,-4377.000000,0.000000,0.000000
0.000000,0.000000,0.000000,0.000000,-4398.000000,0.000000,0.000000
200.000000,-100.000000,0.000000,0.000000,-4400.000000,0.000000,196.000000
100.000000,0.000000,0.000000,0.000000,-4430.000000,0.000000,0.000000
100.000000,-100.000000,0.000000,0.000000,-4499.000000,0.000000,0.000000
100.000000,-100.000000,0.000000,0.000000,-4578.000000,0.000000,0.000000
0.000000,0.000000,0.000000,0.000000,-4649.000000,0.000000,196.000000
-300.000000,0.000000,0.000000,0.000000,-4755.000000,0.000000,0.000000
0.000000,0.000000,0.000000,0.000000,-4871.000000,0.000000,-392.000000
-100.000000,0.000000,0.000000,0.000000,-4974.000000,0.000000,-589.000000
-100.000000,-300.000000,0.000000,0.000000,-5059.000000,0.000000,-589.000000
0.000000,-100.000000,0.000000,0.000000,-5161.000000,-196.000000,-785.000000
100.000000,0.000000,0.000000,0.000000,-5304.000000,0.000000,-392.000000
0.000000,0.000000,0.000000,0.000000,-5415.000000,-196.000000,-392.000000
0.000000,0.000000,0.000000,0.000000,-5494.000000,0.000000,-196.000000
200.000000,0.000000,0.000000,0.000000,-5597.000000,0.000000,-196.000000
200.000000,0.000000,0.000000,0.000000,-5725.000000,-392.000000,-196.000000
100.000000,100.000000,0.000000,0.000000,-5787.000000,-589.000000,-392.000000
100.000000,0.000000,0.000000,0.000000,-5863.000000,-785.000000,-392.000000
0.000000,0.000000,0.000000,0.000000,-6020.000000,-589.000000,-589.000000
100.000000,0.000000,0.000000,0.000000,-6125.000000,-589.000000,-589.000000
0.000000,0.000000,0.000000,0.000000,-6150.000000,-392.000000,-392.000000
200.000000,0.000000,0.000000,0.000000,-6215.000000,-392.000000,-196.000000
0.000000,0.000000,0.000000,0.000000,-6292.000000,-196.000000,-196.000000
0.000000,0.000000,0.000000,0.000000,-6360.000000,0.000000,-196.000000
100.000000,0.000000,0.000000,0.000000,-6414.000000,0.000000,-196.000000
100.000000,0.000000,0.000000,0.000000,-6464.000000,0.000000,0.000000
0.000000,0.000000,0.000000,0.000000,-6478.000000,-196.000000,0.000000
-100.000000,0.000000,0.000000,0.000000,-6482.000000,0.000000,-196.000000
0.000000,-100.000000,0.000000,0.000000,-6477.000000,-196.000000,-196.000000
0.000000,0.000000,0.000000,0.000000,-6500.000000,-196.000000,0.000000
-100.000000,0.000000,0.000000,0.000000,-6477.000000,0.000000,0.000000
0.000000,200.000000,0.000000,0.000000,-6443.000000,-196.000000,0.000000
0.000000,0.000000,0.000000,0.000000,-6398.000000,0.000000,0.000000
0.000000,0.000000,0.000000,0.000000,-6363.000000,0.000000,0.000000
100.000000,-100.000000,0.000000,0.000000,-6329.000000,0.000000,0.000000
100.000000,-100.000000,0.000000,0.000000,-6265.000000,0.000000,0.000000
-400.000000,0.000000,0.000000,0.000000,-6180.000000,0.000000,0.000000
-100.000000,-200.000000,0.000000,0.000000,-6116.000000,0.000000,0.000000
0.000000,100.000000,0.000000,0.000000,-6061.000000,0.000000,0.000000
-100.000000,0.000000,0.000000,0.000000,-5980.000000,0.000000,0.000000
0.000000,-200.000000,0.000000,0.000000,-5893.000000,0.000000,196.000000
100.000000,-200.000000,0.000000,0.000000,-5834.000000,0.000000,0.000000
100.000000,0.000000,0.000000,0.000000,-5768.000000,196.000000,0.000000
-100.000000,0.000000,0.000000,0.000000,-5666.000000,196.000000,0.000000
0.000000,-100.000000,0.000000,0.000000,-5600.000000,0.000000,0.000000
0.000000,0.000000,0.000000,0.000000,-5539.000000,0.000000,0.000000
0.000000,100.000000,0.000000,0.000000,-5436.000000,0.000000,0.000000
0.000000,0.000000,0.000000,0.000000,-5359.000000,0.000000,0.000000
0.000000,0.000000,0.000000,0.000000,-5310.000000,0.000000,0.000000
0.000000,0.000000,0.000000,0.000000,-5246.000000,0.000000,0.000000
100.000000,-100.000000,0.000000,0.000000,-5179.000000,0.000000,0.000000
100.000000,0.000000,0.000000,0.000000,-5132.000000,0.000000,196.000000
0.000000,0.000000,0.000000,0.000000,-5091.000000,0.000000,0.000000
0.000000,100.000000,0.000000,0.000000,-5040.000000,0.000000,0.000000
-100.000000,0.000000,0.000000,0.000000,-4980.000000,0.000000,0.000000
0.000000,-100.000000,0.000000,0.000000,-4956.000000,0.000000,0.000000
0.000000,0.000000,0.000000,0.000000,-4945.000000,0.000000,0.000000
-100.000000,0.000000,0.000000,0.000000,-4922.000000,0.000000,0.000000
-200.000000,-100.000000,0.000000,0.000000,-4896.000000,0.000000,0.000000
0.000000,0.000000,0.000000,0.000000,-4898.000000,0.000000,0.000000
100.000000,0.000000,0.000000,0.000000,-4897.000000,0.000000,0.000000
100.000000,-200.000000,0.000000,0.000000,-4915.000000,0.000000,0.000000
100.000000,-100.000000,0.000000,0.000000,-4936.000000,0.000000,0.000000
100.000000,0.000000,0.000000,0.000000,-4958.000000,0.000000,-196.000000
-100.000000,0.000000,0.000000,0.000000,-4994.000000,-196.000000,0.000000
100.000000,-100.000000,0.000000,0.000000,-5007.000000,0.000000,-196.000000
0.000000,100.000000,0.000000,0.000000,-5042.000000,-196.000000,0.000000
-200.000000,-100.000000,0.000000,0.000000,-5081.000000,0.000000,0.000000
0.000000,0.000000,0.000000,0.000000,-5128.000000,0.000000,0.000000
0.000000,0.000000,0.000000,0.000000,-5169.000000,0.000000,0.000000
0.000000,0.000000,0.000000,0.000000,-5238.000000,0.000000,0.000000
0.000000,-100.000000,0.000000,0.000000,-5305.000000,0.000000,-196.000000
0.000000,0.000000,0.000000,0.000000,-5348.000000,0.000000,-196.000000
100.000000,-200.000000,0.000000,0.000000,-5391.000000,-196.000000,-196.000000
-100.000000,-100.000000,0.000000,0.000000,-5438.000000,0.000000,-392.000000
0.000000,0.000000,0.000000,0.000000,-5463.000000,-196.000000,-392.000000
100.000000,100.000000,0.000000,0.000000,-5476.000000,-196.000000,-196.000000
-100.000000,0.000000,0.000000,0.000000,-5518.000000,-392.000000,0.000000
0.000000,0.000000,0.000000,0.000000,-5575.000000,-196.000000,0.000000
0.000000,100.000000,0.000000,0.000000,-5597.000000,-196.000000,0.000000
0.000000,0.000000,0.000000,0.000000,-5617.000000,-196.000000,0.000000
-100.000000,100.000000,0.000000,0.000000,-5650.000000,-196.000000,0.000000
0.000000,0.000000,0.000000,0.000000,-5684.000000,0.000000,-196.000000
0.000000,0.000000,0.000000,0.000000,-5713.000000,-196.000000,0.000000
0.000000,100.000000,0.000000,0.000000,-5735.000000,0.000000,0.000000
0.000000,0.000000,0.000000,0.000000,-5740.000000,-196.000000,0.000000
0.000000,100.000000,0.000000,0.000000,-5765.000000,0.000000,0.000000
0.000000,0.000000,0.000000,0.000000,-5766.000000,0.000000,0.000000
-100.000000,0.000000,0.000000,0.000000,-5765.000000,0.000000,0.000000
-100.000000,-100.000000,0.000000,0.000000,-5752.000000,0.000000,0.000000
0.000000,0.000000,0.000000,0.000000,-5735.000000,0.000000,0.000000
0.000000,-300.000000,0.000000,0.000000,-5705.000000,0.000000,0.000000
100.000000,0.000000,0.000000,0.000000,-5701.000000,0.000000,0.000000
200.000000,0.000000,0.000000,0.000000,-5678.000000,0.000000,0.000000
0.000000,-100.000000,0.000000,0.000000,-5635.000000,0.000000,0.000000
0.000000,-200.000000,0.000000,0.000000,-5591.000000,0.000000,196.000000
0.000000,0.000000,0.000000,0.000000,-5559.000000,0.000000,0.000000
100.000000,100.000000,0.000000,0.000000,-5532.000000,0.000000,0.000000
-200.000000,-200.000000,0.000000,0.000000,-5501.000000,0.000000,0.000000
0.000000,0.000000,0.000000,0.000000,-5461.000000,0.000000,0.000000
100.000000,100.000000,0.000000,0.000000,-5429.000000,0.000000,0.000000
0.000000,-100.000000,0.000000,0.000000,-5403.000000,0.000000,0.000000
-100.000000,0.000000,0.000000,0.000000,-5364.000000,0.000000,0.000000
0.000000,-200.000000,0.000000,0.000000,-5326.000000,0.000000,0.000000
0.000000,-100.000000,0.000000,0.000000,-5288.000000,196.000000,0.000000
0.000000,-100.000000,0.000000,0.000000,-5257.000000,0.000000,0.000000
0.000000,-100.000000,0.000000,0.000000,-5223.000000,0.000000,0.000000
0.000000,0.000000,0.000000,0.000000,-5198.000000,196.000000,0.000000
0.000000,-100.000000,0.000000,0.000000,-5170.000000,0.000000,0.000000
100.000000,-200.000000,0.000000,0.000000,-5135.000000,0.000000,0.000000
0.000000,0.000000,0.000000,0.000000,-5112.000000,0.000000,0.000000
0.000000,-100.000000,0.000000,0.000000,-5095.000000,0.000000,0.000000
300.000000,0.000000,0.000000,0.000000,-5084.000000,0.000000,0.000000
0.000000,-100.000000,0.000000,0.000000,-5071.000000,0.000000,0.000000
100.000000,-100.000000,0.000000,0.000000,-5050.000000,0.000000,0.000000
0.000000,0.000000,0.000000,0.000000,-5041.000000,0.000000,0.000000
0.000000,-200.000000,0.000000,0.000000,-5061.000000,0.000000,0.000000
0.000000,-100.000000,0.000000,0.000000,-5065.000000,0.000000,0.000000
0.000000,0.000000,0.000000,0.000000,-5070.000000,0.000000,0.000000
0.000000,0.000000,0.000000,0.000000,-5063.000000,0.000000,0.000000
0.000000,0.000000,0.000000,0.000000,-5070.000000,0.000000,0.000000
-100.000000,0.000000,0.000000,0.000000,-5072.000000,0.000000,0.000000
0.000000,0.000000,0.000000,0.000000,-5087.000000,0.000000,0.000000
0.000000,0.000000,0.000000,0.000000,-5108.000000,0.000000,0.000000
0.000000,-100.000000,0.000000,0.000000,-5115.000000,0.000000,0.000000
0.000000,0.000000,0.000000,0.000000,-5134.000000,0.000000,0.000000
-100.000000,-100.000000,0.000000,0.000000,-5155.000000,0.000000,0.000000
100.000000,0.000000,0.000000,0.000000,-5159.000000,-196.000000,0.000000
0.000000,-100.000000,0.000000,0.000000,-5200.000000,0.000000,-196.000000
0.000000,-300.000000,0.000000,0.000000,-5232.000000,-196.000000,0.000000
0.000000,-100.000000,0.000000,0.000000,-5243.000000,0.000000,0.000000
0.000000,0.000000,0.000000,0.000000,-5262.000000,0.000000,0.000000
0.000000,100.000000,0.000000,0.000000,-5276.000000,0.000000,0.000000
-100.000000,-200.000000,0.000000,0.000000,-5295.000000,0.000000,0.000000
100.000000,-200.000000,0.000000,0.000000,-5334.000000,0.000000,0.000000
0.000000,-100.000000,0.000000,0.000000,-5346.000000,0.000000,0.000000
0.000000,100.000000,0.000000,0.000000,-5367.000000,0.000000,0.000000
0.000000,0.000000,0.000000,0.000000,-5384.000000,0.000000,0.000000
100.000000,-100.000000,0.000000,0.000000,-5410.000000,0.000000,0.000000
200.000000,0.000000,0.000000,0.000000,-5441.000000,0.000000,0.000000
200.000000,-200.000000,0.000000,0.000000,-5463.000000,0.000000,0.000000
0.000000,0.000000,0.000000,0.000000,-5479.000000,0.000000,0.000000
100.000000,0.000000,0.000000,0.000000,-5497.000000,0.000000,0.000000
200.000000,-100.000000,0.000000,0.000000,-5519.000000,0.000000,0.000000
-100.000000,-100.000000,0.000000,0.000000,-5530.000000,0.000000,0.000000
100.000000,-100.000000,0.000000,0.000000,-5526.000000,0.000000,0.000000
0.000000,0.000000,0.000000,0.000000,-5508.000000,0.000000,0.000000
0.000000,0.000000,0.000000,0.000000,-5489.000000,0.000000,0.000000
0.000000,0.000000,0.000000,0.000000,-5486.000000,0.000000,0.000000
0.000000,-200.000000,0.000000,0.000000,-5492.000000,0.000000,0.000000
0.000000,0.000000,0.000000,0.000000,-5465.000000,0.000000,0.000000
0.000000,-100.000000,0.000000,0.000000,-5443.000000,0.000000,0.000000
100.000000,0.000000,0.000000,0.000000,-5409.000000,0.000000,0.000000
200.000000,0.000000,0.000000,0.000000,-5378.000000,0.000000,0.000000
0.000000,0.000000,0.000000,0.000000,-5353.000000,0.000000,0.000000
0.000000,100.000000,0.000000,0.000000,-5350.000000,0.000000,0.000000
0.000000,100.000000,0.000000,0.000000,-5320.000000,0.000000,196.000000
100.000000,0.000000,0.000000,0.000000,-5300.000000,0.000000,0.000000
0.000000,0.000000,0.000000,0.000000,-5281.000000,0.000000,0.000000
-100.000000,0.000000,0.000000,0.000000,-5272.000000,0.000000,0.000000
0.000000,0.000000,0.000000,0.000000,-5259.000000,0.000000,0.000000
-100.000000,0.000000,0.000000,0.000000,-5246.000000,0.000000,0.000000
0.000000,-100.000000,0.000000,0.000000,-5219.000000,0.000000,0.000000
0.000000,0.000000,0.000000,0.000000,-5196.000000,0.000000,0.000000
0.000000,0.000000,0.000000,0.000000,-5183.000000,0.000000,0.000000
-100.000000,-200.000000,0.000000,0.000000,-5154.000000,0.000000,0.000000
100.000000,0.000000,0.000000,0.000000,-5120.000000,0.000000,0.000000
0.000000,-300.000000,0.000000,0.000000,-5114.000000,0.000000,0.000000
-200.000000,0.000000,0.000000,0.000000,-5107.000000,0.000000,0.000000
-100.000000,0.000000,0.000000,0.000000,-5103.000000,0.000000,0.000000
0.000000,0.000000,0.000000,0.000000,-5092.000000,0.000000,0.000000
100.000000,0.000000,0.000000,0.000000,-5081.000000,0.000000,0.000000
0.000000,-200.000000,0.000000,0.000000,-5074.000000,0.000000,0.000000
100.000000,0.000000,0.000000,0.000000,-5077.000000,0.000000,0.000000
0.000000,0.000000,0.000000,0.000000,-5080.000000,0.000000,0.000000
0.000000,0.000000,0.000000,0.000000,-5087.000000,0.000000,0.000000
0.000000,-400.000000,0.000000,0.000000,-5095.000000,0.000000,0.000000
0.000000,-100.000000,0.000000,0.000000,-5104.000000,0.000000,0.000000
100.000000,0.000000,0.000000,0.000000,-5103.000000,0.000000,0.000000
0.000000,0.000000,0.000000,0.000000,-5114.000000,0.000000,0.000000
-100.000000,0.000000,0.000000,0.000000,-5126.000000,0.000000,0.000000
100.000000,0.000000,0.000000,0.000000,-5139.000000,0.000000,0.000000
100.000000,-100.000000,0.000000,0.000000,-5163.000000,0.000000,0.000000
200.000000,0.000000,0.000000,0.000000,-5167.000000,0.000000,-196.000000
100.000000,-200.000000,0.000000,0.000000,-5186.000000,0.000000,0.000000
0.000000,-100.000000,0.000000,0.000000,-5200.000000,0.000000,0.000000
0.000000,0.000000,0.000000,0.000000,-5227.000000,0.000000,0.000000
0.000000,0.000000,0.000000,0.000000,-5234.000000,0.000000,0.000000
-200.000000,0.000000,0.000000,0.000000,-5250.000000,0.000000,0.000000
0.000000,0.000000,0.000000,0.000000,-5264.000000,0.000000,0.000000
0.000000,0.000000,0.000000,0.000000,-5273.000000,0.000000,0.000000
300.000000,0.000000,0.000000,0.000000,-5301.000000,0.000000,0.000000
0.000000,100.000000,0.000000,0.000000,-5322.000000,0.000000,0.000000
0.000000,0.000000,0.000000,0.000000,-5340.000000,0.000000,0.000000
0.000000,-200.000000,0.000000,0.000000,-5366.000000,0.000000,0.000000
0.000000,0.000000,0.000000,0.000000,-5376.000000,0.000000,0.000000
100.000000,100.000000,0.000000,0.000000,-5387.000000,0.000000,0.000000
-100.000000,-200.000000,0.000000,0.000000,-5393.000000,0.000000,0.000000
