Channel 1,Channel 2,Channel 3,Channel 4,Channel 5,Channel 6,Channel 7
-200.000000,-300.000000,0.000000,0.000000,-2143.000000,0.000000,0.000000
0.000000,-100.000000,0.000000,0.000000,-2143.000000,0.000000,0.000000
-100.000000,-200.000000,0.000000,0.000000,-2151.000000,0.000000,0.000000
-300.000000,200.000000,0.000000,0.000000,-2151.000000,0.000000,0.000000
-200.000000,0.000000,0.000000,0.000000,-2151.000000,0.000000,0.000000
0.000000,-200.000000,0.000000,0.000000,-2156.000000,0.000000,0.000000
-300.000000,-100.000000,0.000000,0.000000,-2156.000000,0.000000,0.000000
0.000000,100.000000,0.000000,0.000000,-2156.000000,0.000000,0.000000
-200.000000,100.000000,0.000000,0.000000,-2192.000000,0.000000,0.000000
100.000000,-100.000000,0.000000,0.000000,-2192.000000,0.000000,0.000000
-200.000000,-100.000000,0.000000,0.000000,-2192.000000,0.000000,0.000000
400.000000,100.000000,0.000000,0.000000,-2192.000000,0.000000,0.000000
-100.000000,-400.000000,0.000000,0.000000,-2209.000000,0.000000,0.000000
300.000000,100.000000,0.000000,0.000000,-2209.000000,0.000000,0.000000
0.000000,-100.000000,0.000000,0.000000,-2209.000000,0.000000,0.000000
0.000000,-100.000000,0.000000,0.000000,-2188.000000,0.000000,0.000000
-200.000000,0.000000,0.000000,0.000000,-2188.000000,0.000000,0.000000
0.000000,-300.000000,0.000000,0.000000,-2188.000000,0.000000,0.000000
-200.000000,0.000000,0.000000,0.000000,-2199.000000,0.000000,0.000000
-100.000000,0.000000,0.000000,0.000000,-2199.000000,0.000000,0.000000
-200.000000,-100.000000,0.000000,0.000000,-2199.000000,0.000000,0.000000
200.000000,0.000000,0.000000,0.000000,-2189.000000,0.000000,0.000000
-100.000000,0.000000,0.000000,0.000000,-2189.000000,0.000000,0.000000
0.000000,-100.000000,0.000000,0.000000,-2189.000000,0.000000,0.000000
-200.000000,0.000000,0.000000,0.000000,-2189.000000,0.000000,0.000000
-200.000000,0.000000,0.000000,0.000000,-2177.000000,0.000000,0.000000
100.000000,-300.000000,0.000000,0.000000,-2177.000000,0.000000,0.000000
-100.000000,0.000000,0.000000,0.000000,-2177.000000,0.000000,0.000000
-200.000000,0.000000,0.000000,0.000000,-2208.000000,0.000000,0.000000
-200.000000,-300.000000,0.000000,0.000000,-2208.000000,0.000000,0.000000
-400.000000,-300.000000,0.000000,0.000000,-2208.000000,0.000000,0.000000
0.000000,-300.000000,0.000000,0.000000,-2240.000000,0.000000,0.000000
100.000000,100.000000,0.000000,0.000000,-2240.000000,0.000000,0.000000
200.000000,-100.000000,0.000000,0.000000,-2240.000000,0.000000,0.000000
-100.000000,0.000000,0.000000,0.000000,-2240.000000,0.000000,0.000000
-100.000000,-200.000000,0.000000,0.000000,-2253.000000,0.000000,0.000000
-200.000000,0.000000,0.000000,0.000000,-2253.000000,0.000000,0.000000
-100.000000,-100.000000,0.000000,0.000000,-2253.000000,0.000000,0.000000
0.000000,0.000000,0.000000,0.000000,-2249.000000,0.000000,0.000000
0.000000,0.000000,0.000000,0.000000,-2249.000000,0.000000,0.000000
-100.000000,0.000000,0.000000,0.000000,-2249.000000,0.000000,0.000000
-200.000000,-200.000000,0.000000,0.000000,-2251.000000,0.000000,0.000000
-100.000000,0.000000,0.000000,0.000000,-2251.000000,0.000000,0.000000
0.000000,-200.000000,0.000000,0.000000,-2251.000000,0.000000,0.000000
-100.000000,0.000000,0.000000,0.000000,-2236.000000,0.000000,0.000000
0.000000,100.000000,0.000000,0.000000,-2236.000000,0.000000,0.000000
0.000000,0.000000,0.000000,0.000000,-2236.000000,0.000000,0.000000
-100.000000,-200.000000,0.000000,0.000000,-2236.000000,0.000000,0.000000
100.000000,-100.000000,0.000000,0.000000,-2229.000000,0.000000,0.000000
0.000000,-200.000000,0.000000,0.000000,-2229.000000,0.000000,0.000000
-200.000000,-100.000000,0.000000,0.000000,-2229.000000,0.000000,0.000000
-200.000000,-100.000000,0.000000,0.000000,-2258.000000,0.000000,0.000000
-200.000000,0.000000,0.000000,0.000000,-2258.000000,0.000000,0.000000
-100.000000,-300.000000,0.000000,0.000000,-2258.000000,0.000000,0.000000
0.000000,100.000000,0.000000,0.000000,-2262.000000,0.000000,0.000000
0.000000,0.000000,0.000000,0.000000,-2262.000000,0.000000,0.000000
0.000000,-100.000000,0.000000,0.000000,-2262.000000,0.000000,0.000000
200.000000,200.000000,0.000000,0.000000,-2266.000000,0.000000,0.000000
0.000000,-200.000000,0.000000,0.000000,-2266.000000,0.000000,0.000000
-400.000000,100.000000,0.000000,0.000000,-2266.000000,0.000000,0.000000
-400.000000,200.000000,0.000000,0.000000,-2266.000000,0.000000,0.000000
-100.000000,0.000000,0.000000,0.000000,-2270.000000,0.000000,0.000000
-200.000000,-100.000000,0.000000,0.000000,-2270.000000,0.000000,0.000000
0.000000,-100.000000,0.000000,0.000000,-2270.000000,0.000000,0.000000
-100.000000,0.000000,0.000000,0.000000,-2243.000000,0.000000,0.000000
-100.000000,-200.000000,0.000000,0.000000,-2243.000000,0.000000,0.000000
-100.000000,-100.000000,0.000000,0.000000,-2243.000000,0.000000,0.000000
0.000000,0.000000,0.000000,0.000000,-2217.000000,0.000000,0.000000
200.000000,-100.000000,0.000000,0.000000,-2217.000000,0.000000,0.000000
0.000000,-200.000000,0.000000,0.000000,-2217.000000,0.000000,0.000000
-100.000000,0.000000,0.000000,0.000000,-2217.000000,0.000000,0.000000
-200.000000,-100.000000,0.000000,0.000000,-2246.000000,0.000000,0.000000
-100.000000,-200.000000,0.000000,0.000000,-2246.000000,0.000000,0.000000
0.000000,-200.000000,0.000000,0.000000,-2246.000000,0.000000,0.000000
0.000000,0.000000,0.000000,0.000000,-2237.000000,0.000000,0.000000
0.000000,0.000000,0.000000,0.000000,-2237.000000,0.000000,0.000000
0.000000,-200.000000,0.000000,0.000000,-2237.000000,0.000000,0.000000
-100.000000,0.000000,0.000000,0.000000,-2206.000000,0.000000,0.000000
0.000000,0.000000,0.000000,0.000000,-2206.000000,0.000000,0.000000
200.000000,-300.000000,0.000000,0.000000,-2206.000000,0.000000,0.000000
0.000000,-100.000000,0.000000,0.000000,-2212.000000,0.000000,0.000000
-100.000000,-200.000000,0.000000,0.000000,-2212.000000,0.000000,0.000000
-200.000000,-100.000000,0.000000,0.000000,-2212.000000,0.000000,0.000000
-100.000000,-100.000000,0.000000,0.000000,-2212.000000,0.000000,0.000000
0.000000,200.000000,0.000000,0.000000,-2201.000000,0.000000,0.000000
-200.000000,-200.000000,0.000000,0.000000,-2201.000000,0.000000,0.000000
0.000000,200.000000,0.000000,0.000000,-2201.000000,0.000000,0.000000
-300.000000,0.000000,0.000000,0.000000,-2245.000000,0.000000,0.000000
-200.000000,100.000000,0.000000,0.000000,-2245.000000,0.000000,0.000000
-100.000000,-300.000000,0.000000,0.000000,-2245.000000,0.000000,0.000000
0.000000,0.000000,0.000000,0.000000,-2246.000000,0.000000,0.000000
-100.000000,300.000000,0.000000,0.000000,-2246.000000,0.000000,0.000000
0.000000,0.000000,0.000000,0.000000,-2246.000000,0.000000,0.000000
-100.000000,0.000000,0.000000,0.000000,-2246.000000,0.000000,0.000000
-100.000000,100.000000,0.000000,0.000000,-2222.000000,0.000000,0.000000
-100.000000,-200.000000,0.000000,0.000000,-2222.000000,0.000000,0.000000
0.000000,0.000000,0.000000,0.000000,-2222.000000,0.000000,0.000000
-100.000000,-200.000000,0.000000,0.000000,-2217.000000,0.000000,0.000000
100.000000,0.000000,0.000000,0.000000,-2217.000000,0.000000,0.000000
-200.000000,0.000000,0.000000,0.000000,-2217.000000,0.000000,0.000000
-100.000000,0.000000,0.000000,0.000000,-2211.000000,0.000000,0.000000
100.000000,-400.000000,0.000000,0.000000,-2211.000000,0.000000,0.000000
0.000000,-400.000000,0.000000,0.000000,-2211.000000,0.000000,0.000000
-100.000000,-100.000000,0.000000,0.000000,-2176.000000,0.000000,0.000000
-200.000000,-100.000000,0.000000,0.000000,-2176.000000,0.000000,0.000000
0.000000,100.000000,0.000000,0.000000,-2176.000000,0.000000,0.000000
0.000000,-100.000000,0.000000,0.000000,-2176.000000,0.000000,0.000000
-500.000000,100.000000,0.000000,0.000000,-2170.000000,0.000000,0.000000
-100.000000,-200.000000,0.000000,0.000000,-2170.000000,0.000000,0.000000
-200.000000,0.000000,0.000000,0.000000,-2170.000000,0.000000,0.000000
-100.000000,0.000000,0.000000,0.000000,-2166.000000,0.000000,0.000000
-100.000000,100.000000,0.000000,0.000000,-2166.000000,0.000000,0.000000
0.000000,100.000000,0.000000,0.000000,-2166.000000,0.000000,0.000000
0.000000,100.000000,0.000000,0.000000,-2148.000000,0.000000,0.000000
100.000000,-400.000000,0.000000,0.000000,-2148.000000,0.000000,0.000000
-100.000000,-200.000000,0.000000,0.000000,-2148.000000,0.000000,0.000000
0.000000,-100.000000,0.000000,0.000000,-2176.000000,0.000000,0.000000
200.000000,100.000000,0.000000,0.000000,-2176.000000,0.000000,0.000000
100.000000,-200.000000,0.000000,0.000000,-2176.000000,0.000000,0.000000
-200.000000,0.000000,0.000000,0.000000,-2176.000000,0.000000,0.000000
0.000000,0.000000,0.000000,0.000000,-2190.000000,0.000000,0.000000
0.000000,-200.000000,0.000000,0.000000,-2190.000000,0.000000,0.000000
100.000000,100.000000,0.000000,0.000000,-2190.000000,0.000000,0.000000
-200.000000,-200.000000,0.000000,0.000000,-2178.000000,0.000000,0.000000
0.000000,0.000000,0.000000,0.000000,-2178.000000,0.000000,0.000000
0.000000,100.000000,0.000000,0.000000,-2178.000000,0.000000,0.000000
-200.000000,0.000000,0.000000,0.000000,-2151.000000,0.000000,0.000000
0.000000,-200.000000,0.000000,0.000000,-2151.000000,0.000000,0.000000
-100.000000,0.000000,0.000000,0.000000,-2151.000000,0.000000,0.000000
100.000000,0.000000,0.000000,0.000000,-2151.000000,0.000000,0.000000
0.000000,0.000000,0.000000,0.000000,-2161.000000,0.000000,0.000000
0.000000,0.000000,0.000000,0.000000,-2161.000000,0.000000,0.000000
-100.000000,-100.000000,0.000000,0.000000,-2161.000000,0.000000,0.000000
0.000000,-400.000000,0.000000,0.000000,-2141.000000,0.000000,0.000000
-100.000000,0.000000,0.000000,0.000000,-2141.000000,0.000000,0.000000
0.000000,-100.000000,0.000000,0.000000,-2141.000000,0.000000,0.000000
0.000000,-200.000000,0.000000,0.000000,-2149.000000,0.000000,0.000000
-200.000000,-300.000000,0.000000,0.000000,-2149.000000,0.000000,0.000000
-100.000000,200.000000,0.000000,0.000000,-2149.000000,0.000000,0.000000
0.000000,-200.000000,0.000000,0.000000,-2167.000000,0.000000,0.000000
-100.000000,100.000000,0.000000,0.000000,-2167.000000,0.000000,0.000000
-100.000000,-100.000000,0.000000,0.000000,-2167.000000,0.000000,0.000000
-200.000000,100.000000,0.000000,0.000000,-2167.000000,0.000000,0.000000
100.000000,200.000000,0.000000,0.000000,-2183.000000,0.000000,0.000000
100.000000,-100.000000,0.000000,0.000000,-2183.000000,0.000000,0.000000
-100.000000,0.000000,0.000000,0.000000,-2183.000000,0.000000,0.000000
100.000000,0.000000,0.000000,0.000000,-2190.000000,0.000000,0.000000
-100.000000,-200.000000,0.000000,0.000000,-2190.000000,0.000000,0.000000
0.000000,0.000000,0.000000,0.000000,-2190.000000,0.000000,0.000000
-200.000000,-100.000000,0.000000,0.000000,-2178.000000,0.000000,0.000000
-100.000000,0.000000,0.000000,0.000000,-2178.000000,0.000000,0.000000
-200.000000,100.000000,0.000000,0.000000,-2178.000000,0.000000,0.000000
100.000000,-100.000000,0.000000,0.000000,-2178.000000,0.000000,0.000000
0.000000,200.000000,0.000000,0.000000,-2176.000000,0.000000,0.000000
-100.000000,-300.000000,0.000000,0.000000,-2176.000000,0.000000,0.000000
-200.000000,-200.000000,0.000000,0.000000,-2176.000000,0.000000,0.000000
-200.000000,100.000000,0.000000,0.000000,-2156.000000,0.000000,0.000000
-100.000000,-200.000000,0.000000,0.000000,-2156.000000,0.000000,0.000000
100.000000,0.000000,0.000000,0.000000,-2156.000000,0.000000,0.000000
-200.000000,-200.000000,0.000000,0.000000,-2145.000000,0.000000,0.000000
0.000000,-200.000000,0.000000,0.000000,-2145.000000,0.000000,0.000000
0.000000,0.000000,0.000000,0.000000,-2145.000000,0.000000,0.000000
0.000000,100.000000,0.000000,0.000000,-2156.000000,0.000000,0.000000
0.000000,-200.000000,0.000000,0.000000,-2156.000000,0.000000,0.000000
-100.000000,-100.000000,0.000000,0.000000,-2156.000000,0.000000,0.000000
-100.000000,0.000000,0.000000,0.000000,-2156.000000,0.000000,0.000000
-100.000000,100.000000,0.000000,0.000000,-2160.000000,0.000000,0.000000
-200.000000,0.000000,0.000000,0.000000,-2160.000000,0.000000,0.000000
0.000000,-100.000000,0.000000,0.000000,-2160.000000,0.000000,0.000000
0.000000,100.000000,0.000000,0.000000,-2190.000000,0.000000,0.000000
100.000000,0.000000,0.000000,0.000000,-2190.000000,0.000000,0.000000
0.000000,0.000000,0.000000,0.000000,-2190.000000,0.000000,0.000000
0.000000,0.000000,0.000000,0.000000,-2173.000000,0.000000,0.000000
-200.000000,0.000000,0.000000,0.000000,-2173.000000,0.000000,0.000000
-200.000000,0.000000,0.000000,0.000000,-2173.000000,0.000000,0.000000
100.000000,100.000000,0.000000,0.000000,-2206.000000,0.000000,0.000000
0.000000,100.000000,0.000000,0.000000,-2206.000000,0.000000,0.000000
0.000000,-100.000000,0.000000,0.000000,-2206.000000,0.000000,0.000000
0.000000,0.000000,0.000000,0.000000,-2206.000000,0.000000,0.000000
200.000000,-300.000000,0.000000,0.000000,-2197.000000,0.000000,0.000000
0.000000,0.000000,0.000000,0.000000,-2197.000000,0.000000,0.000000
-200.000000,0.000000,0.000000,0.000000,-2197.000000,0.000000,0.000000
-100.000000,200.000000,0.000000,0.000000,-2188.000000,0.000000,0.000000
0.000000,0.000000,0.000000,0.000000,-2188.000000,0.000000,0.000000
-100.000000,0.000000,0.000000,0.000000,-2188.000000,0.000000,0.000000
-100.000000,0.000000,0.000000,0.000000,-2192.000000,0.000000,0.000000
-100.000000,-200.000000,0.000000,0.000000,-2192.000000,0.000000,0.000000
-100.000000,-100.000000,0.000000,0.000000,-2192.000000,0.000000,0.000000
-200.000000,-100.000000,0.000000,0.000000,-2192.000000,0.000000,0.000000
-200.000000,0.000000,0.000000,0.000000,-2177.000000,0.000000,0.000000
0.000000,-100.000000,0.000000,0.000000,-2177.000000,0.000000,0.000000
100.000000,0.000000,0.000000,0.000000,-2177.000000,0.000000,0.000000
0.000000,200.000000,0.000000,0.000000,-2170.000000,0.000000,0.000000
0.000000,200.000000,0.000000,0.000000,-2170.000000,0.000000,0.000000
-200.000000,0.000000,0.000000,0.000000,-2170.000000,0.000000,0.000000
100.000000,100.000000,0.000000,0.000000,-2174.000000,0.000000,0.000000
-100.000000,-100.000000,0.000000,0.000000,-2174.000000,0.000000,0.000000
-100.000000,0.000000,0.000000,0.000000,-2174.000000,0.000000,0.000000
-100.000000,0.000000,0.000000,0.000000,-2177.000000,0.000000,0.000000
-100.000000,0.000000,0.000000,0.000000,-2177.000000,0.000000,0.000000
0.000000,100.000000,0.000000,0.000000,-2177.000000,0.000000,0.000000
0.000000,0.000000,0.000000,0.000000,-2177.000000,0.000000,0.000000
-300.000000,-100.000000,0.000000,0.000000,-2151.000000,0.000000,0.000000
-300.000000,100.000000,0.000000,0.000000,-2151.000000,0.000000,0.000000
-200.000000,-100.000000,0.000000,0.000000,-2151.000000,0.000000,0.000000
0.000000,-300.000000,0.000000,0.000000,-2176.000000,0.000000,0.000000
-100.000000,-100.000000,0.000000,0.000000,-2176.000000,0.000000,0.000000
-200.000000,100.000000,0.000000,0.000000,-2176.000000,0.000000,0.000000
-100.000000,-200.000000,0.000000,0.000000,-2180.000000,0.000000,0.000000
0.000000,-300.000000,0.000000,0.000000,-2180.000000,0.000000,0.000000
-100.000000,-100.000000,0.000000,0.000000,-2180.000000,0.000000,0.000000
-100.000000,0.000000,0.000000,0.000000,-2173.000000,0.000000,0.000000
-100.000000,100.000000,0.000000,0.000000,-2173.000000,0.000000,0.000000
0.000000,0.000000,0.000000,0.000000,-2173.000000,0.000000,0.000000
0.000000,0.000000,0.000000,0.000000,-2173.000000,0.000000,0.000000
-200.000000,0.000000,0.000000,0.000000,-2186.000000,0.000000,0.000000
0.000000,-100.000000,0.000000,0.000000,-2186.000000,0.000000,0.000000
-100.000000,-200.000000,0.000000,0.000000,-2186.000000,0.000000,0.000000
0.000000,-200.000000,0.000000,0.000000,-2192.000000,0.000000,0.000000
-200.000000,300.000000,0.000000,0.000000,-2192.000000,0.000000,0.000000
200.000000,0.000000,0.000000,0.000000,-2192.000000,0.000000,0.000000
-200.000000,-200.000000,0.000000,0.000000,-2181.000000,0.000000,0.000000
0.000000,-100.000000,0.000000,0.000000,-2181.000000,0.000000,0.000000
0.000000,0.000000,0.000000,0.000000,-2181.000000,0.000000,0.000000
-200.000000,0.000000,0.000000,0.000000,-2181.000000,0.000000,0.000000
-100.000000,-100.000000,0.000000,0.000000,-2172.000000,0.000000,0.000000
-200.000000,-200.000000,0.000000,0.000000,-2172.000000,0.000000,0.000000
200.000000,-100.000000,0.000000,0.000000,-2172.000000,0.000000,0.000000
0.000000,-200.000000,0.000000,0.000000,-2205.000000,0.000000,0.000000
100.000000,0.000000,0.000000,0.000000,-2205.000000,0.000000,0.000000
-300.000000,-200.000000,0.000000,0.000000,-2205.000000,0.000000,0.000000
100.000000,0.000000,0.000000,0.000000,-2201.000000,0.000000,0.000000
0.000000,0.000000,0.000000,0.000000,-2201.000000,0.000000,0.000000
0.000000,100.000000,0.000000,0.000000,-2201.000000,0.000000,0.000000
0.000000,0.000000,0.000000,0.000000,-2187.000000,0.000000,0.000000
-100.000000,-200.000000,0.000000,0.000000,-2187.000000,0.000000,0.000000
0.000000,0.000000,0.000000,0.000000,-2187.000000,0.000000,0.000000
0.000000,100.000000,0.000000,0.000000,-2187.000000,0.000000,0.000000
0.000000,0.000000,0.000000,0.000000,-2166.000000,0.000000,0.000000
200.000000,0.000000,0.000000,0.000000,-2166.000000,0.000000,0.000000
-100.000000,100.000000,0.000000,0.000000,-2166.000000,0.000000,0.000000
0.000000,-100.000000,0.000000,0.000000,-2179.000000,0.000000,0.000000
-100.000000,0.000000,0.000000,0.000000,-2179.000000,0.000000,0.000000
-100.000000,500.000000,0.000000,0.000000,-2179.000000,0.000000,0.000000
-300.000000,-200.000000,0.000000,0.000000,-2192.000000,0.000000,0.000000
0.000000,0.000000,0.000000,0.000000,-2192.000000,0.000000,0.000000
0.000000,100.000000,0.000000,0.000000,-2192.000000,0.000000,0.000000
0.000000,0.000000,0.000000,0.000000,-2192.000000,0.000000,0.000000
-200.000000,-100.000000,0.000000,0.000000,-2207.000000,0.000000,0.000000
-300.000000,200.000000,0.000000,0.000000,-2207.000000,0.000000,0.000000
-200.000000,0.000000,0.000000,0.000000,-2207.000000,0.000000,0.000000
100.000000,-100.000000,0.000000,0.000000,-2185.000000,0.000000,0.000000
-200.000000,0.000000,0.000000,0.000000,-2185.000000,0.000000,0.000000
200.000000,100.000000,0.000000,0.000000,-2185.000000,0.000000,0.000000
0.000000,-100.000000,0.000000,0.000000,-2165.000000,0.000000,0.000000
0.000000,100.000000,0.000000,0.000000,-2165.000000,0.000000,0.000000
-200.000000,0.000000,0.000000,0.000000,-2165.000000,0.000000,0.000000
0.000000,0.000000,0.000000,0.000000,-2136.000000,0.000000,0.000000
0.000000,0.000000,0.000000,0.000000,-2136.000000,0.000000,0.000000
0.000000,200.000000,0.000000,0.000000,-2136.000000,0.000000,0.000000
0.000000,200.000000,0.000000,0.000000,-2136.000000,0.000000,0.000000
-100.000000,-300.000000,0.000000,0.000000,-2146.000000,0.000000,0.000000
0.000000,0.000000,0.000000,0.000000,-2146.000000,0.000000,0.000000
0.000000,100.000000,0.000000,0.000000,-2146.000000,0.000000,0.000000
0.000000,0.000000,0.000000,0.000000,-2170.000000,0.000000,0.000000
-200.000000,-100.000000,0.000000,0.000000,-2170.000000,0.000000,0.000000
0.000000,0.000000,0.000000,0.000000,-2170.000000,0.000000,0.000000
-100.000000,-200.000000,0.000000,0.000000,-2192.000000,0.000000,0.000000
0.000000,0.000000,0.000000,0.000000,-2192.000000,0.000000,0.000000
-100.000000,0.000000,0.000000,0.000000,-2192.000000,0.000000,0.000000
-100.000000,0.000000,0.000000,0.000000,-2177.000000,0.000000,0.000000
-100.000000,100.000000,0.000000,0.000000,-2177.000000,0.000000,0.000000
-100.000000,100.000000,0.000000,0.000000,-2177.000000,0.000000,0.000000
100.000000,100.000000,0.000000,0.000000,-2177.000000,0.000000,0.000000
-100.000000,-100.000000,0.000000,0.000000,-2173.000000,0.000000,0.000000
-300.000000,-100.000000,0.000000,0.000000,-2173.000000,0.000000,0.000000
0.000000,0.000000,0.000000,0.000000,-2173.000000,0.000000,0.000000
0.000000,200.000000,0.000000,0.000000,-2178.000000,0.000000,0.000000
0.000000,-100.000000,0.000000,0.000000,-2178.000000,0.000000,0.000000
-200.000000,-300.000000,0.000000,0.000000,-2178.000000,0.000000,0.000000
100.000000,0.000000,0.000000,0.000000,-2214.000000,0.000000,0.000000
100.000000,0.000000,0.000000,0.000000,-2214.000000,0.000000,0.000000
-200.000000,100.000000,0.000000,0.000000,-2214.000000,0.000000,0.000000
-200.000000,0.000000,0.000000,0.000000,-2214.000000,0.000000,0.000000
0.000000,100.000000,0.000000,0.000000,-2205.000000,0.000000,0.000000
-100.000000,0.000000,0.000000,0.000000,-2205.000000,0.000000,0.000000
-100.000000,-100.000000,0.000000,0.000000,-2205.000000,0.000000,0.000000
0.000000,-100.000000,0.000000,0.000000,-2187.000000,0.000000,0.000000
-100.000000,0.000000,0.000000,0.000000,-2187.000000,0.000000,0.000000
0.000000,-200.000000,0.000000,0.000000,-2187.000000,0.000000,0.000000
0.000000,-200.000000,0.000000,0.000000,-2205.000000,0.000000,0.000000
0.000000,100.000000,0.000000,0.000000,-2205.000000,0.000000,0.000000
-200.000000,0.000000,0.000000,0.000000,-2205.000000,0.000000,0.000000
-100.000000,100.000000,0.000000,0.000000,-2207.000000,0.000000,0.000000
-100.000000,-100.000000,0.000000,0.000000,-2207.000000,0.000000,0.000000
0.000000,0.000000,0.000000,0.000000,-2207.000000,0.000000,0.000000
-100.000000,-200.000000,0.000000,0.000000,-2207.000000,0.000000,0.000000
-200.000000,-200.000000,0.000000,0.000000,-2185.000000,0.000000,0.000000
0.000000,-300.000000,0.000000,0.000000,-2185.000000,0.000000,0.000000
-100.000000,0.000000,0.000000,0.000000,-2185.000000,0.000000,0.000000
-200.000000,-200.000000,0.000000,0.000000,-2180.000000,0.000000,0.000000
200.000000,0.000000,0.000000,0.000000,-2180.000000,0.000000,0.000000
0.000000,0.000000,0.000000,0.000000,-2180.000000,0.000000,0.000000
0.000000,-100.000000,0.000000,0.000000,-2166.000000,0.000000,0.000000
-100.000000,0.000000,0.000000,0.000000,-2166.000000,0.000000,0.000000
-100.000000,-200.000000,0.000000,0.000000,-2166.000000,0.000000,0.000000
-200.000000,100.000000,0.000000,0.000000,-2166.000000,0.000000,0.000000
0.000000,0.000000,0.000000,0.000000,-2189.000000,0.000000,0.000000
100.000000,-100.000000,0.000000,0.000000,-2189.000000,0.000000,0.000000
0.000000,0.000000,0.000000,0.000000,-2189.000000,0.000000,0.000000
-100.000000,-200.000000,0.000000,0.000000,-2174.000000,0.000000,0.000000
-100.000000,-200.000000,0.000000,0.000000,-2174.000000,0.000000,0.000000
0.000000,0.000000,0.000000,0.000000,-2174.000000,0.000000,0.000000
0.000000,-200.000000,0.000000,0.000000,-2150.000000,0.000000,0.000000
-200.000000,0.000000,0.000000,0.000000,-2150.000000,0.000000,0.000000
100.000000,-200.000000,0.000000,0.000000,-2150.000000,0.000000,0.000000
-100.000000,-200.000000,0.000000,0.000000,-2150.000000,0.000000,0.000000
-100.000000,-100.000000,0.000000,0.000000,-2150.000000,0.000000,0.000000
0.000000,0.000000,0.000000,0.000000,-2150.000000,0.000000,0.000000
0.000000,100.000000,0.000000,0.000000,-2150.000000,0.000000,0.000000
-300.000000,0.000000,0.000000,0.000000,-2142.000000,0.000000,0.000000
-200.000000,-100.000000,0.000000,0.000000,-2142.000000,0.000000,0.000000
100.000000,0.000000,0.000000,0.000000,-2142.000000,0.000000,0.000000
0.000000,-200.000000,0.000000,0.000000,-2153.000000,0.000000,0.000000
0.000000,0.000000,0.000000,0.000000,-2153.000000,0.000000,0.000000
-100.000000,200.000000,0.000000,0.000000,-2153.000000,0.000000,0.000000
200.000000,0.000000,0.000000,0.000000,-2148.000000,0.000000,0.000000
0.000000,100.000000,0.000000,0.000000,-2148.000000,0.000000,0.000000
0.000000,200.000000,0.000000,0.000000,-2148.000000,0.000000,0.000000
