Channel 1,Channel 2,Channel 3,Channel 4,Channel 5,Channel 6,Channel 7
0.000000,0.000000,0.000000,0.000000,-3612.000000,0.000000,0.000000
-200.000000,100.000000,0.000000,0.000000,-3610.000000,0.000000,0.000000
0.000000,-300.000000,0.000000,0.000000,-3618.000000,0.000000,0.000000
0.000000,-200.000000,0.000000,0.000000,-3593.000000,0.000000,0.000000
-100.000000,0.000000,0.000000,0.000000,-3606.000000,0.000000,0.000000
-200.000000,-100.000000,0.000000,0.000000,-3613.000000,0.000000,0.000000
0.000000,0.000000,0.000000,0.000000,-3632.000000,0.000000,0.000000
100.000000,0.000000,0.000000,0.000000,-3626.000000,0.000000,0.000000
0.000000,0.000000,0.000000,0.000000,-3642.000000,0.000000,0.000000
0.000000,0.000000,156.000000,156.000000,-3646.000000,0.000000,0.000000
0.000000,200.000000,0.000000,0.000000,-3654.000000,0.000000,0.000000
0.000000,-300.000000,0.000000,0.000000,-3652.000000,0.000000,0.000000
-100.000000,-400.000000,0.000000,0.000000,-3644.000000,0.000000,0.000000
-100.000000,-200.000000,0.000000,0.000000,-3644.000000,0.000000,0.000000
0.000000,-200.000000,0.000000,0.000000,-3635.000000,0.000000,0.000000
-200.000000,100.000000,0.000000,0.000000,-3632.000000,0.000000,0.000000
300.000000,0.000000,0.000000,0.000000,-3624.000000,0.000000,0.000000
0.000000,-300.000000,78.000000,78.000000,-3621.000000,0.000000,0.000000
0.000000,-300.000000,0.000000,0.000000,-3606.000000,0.000000,0.000000
-100.000000,-200.000000,0.000000,0.000000,-3599.000000,0.000000,0.000000
-100.000000,-100.000000,0.000000,0.000000,-3616.000000,0.000000,0.000000
0.000000,-300.000000,0.000000,0.000000,-3622.000000,0.000000,0.000000
-100.000000,-400.000000,0.000000,0.000000,-3619.000000,0.000000,0.000000
0.000000,100.000000,0.000000,0.000000,-3610.000000,0.000000,0.000000
0.000000,-300.000000,0.000000,0.000000,-3597.000000,0.000000,0.000000
0.000000,100.000000,0.000000,0.000000,-3585.000000,0.000000,0.000000
0.000000,-200.000000,0.000000,0.000000,-3592.000000,0.000000,0.000000
-100.000000,-100.000000,0.000000,0.000000,-3603.000000,0.000000,0.000000
0.000000,-300.000000,0.000000,0.000000,-3611.000000,0.000000,0.000000
0.000000,-100.000000,0.000000,0.000000,-3605.000000,0.000000,0.000000
-100.000000,0.000000,0.000000,0.000000,-3609.000000,0.000000,0.000000
-100.000000,0.000000,0.000000,0.000000,-3595.000000,0.000000,0.000000
-100.000000,-200.000000,0.000000,0.000000,-3595.000000,0.000000,0.000000
-200.000000,0.000000,0.000000,0.000000,-3605.000000,0.000000,0.000000
0.000000,-100.000000,0.000000,0.000000,-3592.000000,0.000000,0.000000
-100.000000,-200.000000,0.000000,0.000000,-3597.000000,0.000000,0.000000
-200.000000,-100.000000,0.000000,0.000000,-3607.000000,0.000000,0.000000
-200.000000,-200.000000,0.000000,0.000000,-3603.000000,0.000000,0.000000
-200.000000,-200.000000,0.000000,0.000000,-3604.000000,0.000000,0.000000
-100.000000,-300.000000,0.000000,0.000000,-3618.000000,0.000000,0.000000
0.000000,-300.000000,0.000000,0.000000,-3617.000000,0.000000,0.000000
-400.000000,-300.000000,0.000000,0.000000,-3608.000000,0.000000,0.000000
-100.000000,-300.000000,0.000000,0.000000,-3623.000000,0.000000,0.000000
0.000000,-300.000000,0.000000,0.000000,-3615.000000,0.000000,0.000000
-100.000000,0.000000,0.000000,0.000000,-3625.000000,0.000000,0.000000
100.000000,0.000000,0.000000,0.000000,-3625.000000,0.000000,0.000000
0.000000,-200.000000,0.000000,0.000000,-3603.000000,0.000000,0.000000
-200.000000,100.000000,0.000000,0.000000,-3601.000000,0.000000,0.000000
0.000000,0.000000,0.000000,0.000000,-3604.000000,0.000000,0.000000
0.000000,-100.000000,0.000000,0.000000,-3624.000000,0.000000,0.000000
-200.000000,-300.000000,10000.000000,10000.000000,-3617.000000,196.000000,0.000000
10300.000000,8200.000000,10000.000000,10000.000000,-3692.000000,1178.000000,1570.000000
8600.000000,10500.000000,10000.000000,10000.000000,-3608.000000,2159.000000,2159.000000
9300.000000,11500.000000,10000.000000,10000.000000,-3205.000000,981.000000,1178.000000
9800.000000,10200.000000,10000.000000,10000.000000,-2831.000000,0.000000,-196.000000
9900.000000,11000.000000,10000.000000,10000.000000,-2787.000000,0.000000,0.000000
11500.000000,9500.000000,10000.000000,10000.000000,-2761.000000,785.000000,392.000000
9200.000000,10600.000000,10000.000000,10000.000000,-2558.000000,1570.000000,1178.000000
10700.000000,8800.000000,10000.000000,10000.000000,-1998.000000,1963.000000,1767.000000
10900.000000,9500.000000,10000.000000,10000.000000,-1480.000000,1963.000000,2159.000000
11800.000000,9900.000000,10000.000000,10000.000000,-1139.000000,1374.000000,1767.000000
11600.000000,9400.000000,10000.000000,10000.000000,-853.000000,1178.000000,1374.000000
9800.000000,10700.000000,10000.000000,10000.000000,-450.000000,1767.000000,1374.000000
9100.000000,9400.000000,10000.000000,10000.000000,13.000000,2356.000000,1963.000000
8400.000000,11200.000000,10000.000000,10000.000000,549.000000,2552.000000,2552.000000
8400.000000,8700.000000,10000.000000,10000.000000,1222.000000,2356.000000,2748.000000
11200.000000,9400.000000,10000.000000,10000.000000,1827.000000,1963.000000,2356.000000
9000.000000,9300.000000,10000.000000,10000.000000,2221.000000,1963.000000,2159.000000
8700.000000,8900.000000,10000.000000,10000.000000,2657.000000,2356.000000,1767.000000
8300.000000,8900.000000,10000.000000,10000.000000,3217.000000,2552.000000,1963.000000
8500.000000,10900.000000,0.000000,0.000000,3834.000000,2552.000000,1963.000000
0.000000,-200.000000,0.000000,0.000000,4436.000000,785.000000,785.000000
-400.000000,0.000000,0.000000,0.000000,4789.000000,196.000000,589.000000
-100.000000,200.000000,0.000000,0.000000,5017.000000,196.000000,392.000000
0.000000,-200.000000,0.000000,0.000000,5472.000000,0.000000,392.000000
-200.000000,-200.000000,0.000000,0.000000,5986.000000,0.000000,785.000000
-100.000000,-300.000000,0.000000,0.000000,6104.000000,0.000000,1570.000000
-300.000000,0.000000,0.000000,0.000000,5996.000000,196.000000,1767.000000
0.000000,0.000000,0.000000,0.000000,5961.000000,589.000000,1570.000000
-100.000000,0.000000,0.000000,0.000000,6065.000000,1374.000000,1767.000000
0.000000,-100.000000,0.000000,0.000000,5921.000000,1570.000000,1570.000000
-300.000000,-200.000000,0.000000,0.000000,5645.000000,981.000000,981.000000
-200.000000,-100.000000,0.000000,0.000000,5398.000000,1374.000000,785.000000
-100.000000,0.000000,0.000000,0.000000,5101.000000,1178.000000,-196.000000
0.000000,-100.000000,0.000000,0.000000,4704.000000,785.000000,-392.000000
0.000000,100.000000,0.000000,0.000000,4240.000000,785.000000,-785.000000
-200.000000,-100.000000,0.000000,0.000000,3780.000000,392.000000,-785.000000
0.000000,0.000000,0.000000,0.000000,3149.000000,196.000000,-785.000000
0.000000,0.000000,0.000000,0.000000,2555.000000,392.000000,-785.000000
0.000000,100.000000,0.000000,0.000000,2049.000000,-196.000000,-589.000000
100.000000,0.000000,0.000000,0.000000,1416.000000,-589.000000,-981.000000
0.000000,0.000000,0.000000,0.000000,752.000000,-1374.000000,-981.000000
-100.000000,300.000000,0.000000,0.000000,28.000000,-1570.000000,-1178.000000
200.000000,300.000000,0.000000,0.000000,-698.000000,-1374.000000,-1178.000000
-200.000000,0.000000,0.000000,0.000000,-1404.000000,-1374.000000,-1178.000000
0.000000,200.000000,0.000000,0.000000,-2138.000000,-1178.000000,-1178.000000
300.000000,0.000000,0.000000,0.000000,-2945.000000,-981.000000,-981.000000
0.000000,-100.000000,0.000000,0.000000,-3636.000000,-981.000000,-981.000000
0.000000,200.000000,0.000000,0.000000,-4315.000000,-785.000000,-981.000000
100.000000,100.000000,0.000000,0.000000,-5064.000000,-589.000000,-1178.000000
0.000000,100.000000,0.000000,0.000000,-5803.000000,-589.000000,-981.000000
100.000000,0.000000,0.000000,0.000000,-6354.000000,-785.000000,-981.000000
0.000000,100.000000,0.000000,0.000000,-6914.000000,-785.000000,-785.000000
0.000000,200.000000,0.000000,0.000000,-7592.000000,-785.000000,-785.000000
0.000000,0.000000,0.000000,0.000000,-8285.000000,-981.000000,-589.000000
100.000000,300.000000,0.000000,0.000000,-8692.000000,-589.000000,-196.000000
100.000000,0.000000,0.000000,0.000000,-9095.000000,-589.000000,-392.000000
100.000000,200.000000,0.000000,0.000000,-9521.000000,-589.000000,-196.000000
0.000000,100.000000,0.000000,0.000000,-9794.000000,-196.000000,-196.000000
300.000000,0.000000,0.000000,0.000000,-9995.000000,-196.000000,-196.000000
-100.000000,-200.000000,0.000000,0.000000,-10207.000000,196.000000,196.000000
-200.000000,200.000000,0.000000,0.000000,-10420.000000,392.000000,0.000000
100.000000,-200.000000,0.000000,0.000000,-10507.000000,0.000000,196.000000
-100.000000,0.000000,0.000000,0.000000,-10514.000000,196.000000,0.000000
0.000000,0.000000,0.000000,0.000000,-10533.000000,0.000000,0.000000
0.000000,-300.000000,0.000000,0.000000,-10469.000000,0.000000,196.000000
-400.000000,0.000000,0.000000,0.000000,-10308.000000,0.000000,392.000000
-200.000000,0.000000,0.000000,0.000000,-10145.000000,0.000000,785.000000
-100.000000,200.000000,0.000000,0.000000,-10029.000000,0.000000,1178.000000
-300.000000,100.000000,0.000000,0.000000,-9815.000000,589.000000,1374.000000
0.000000,0.000000,0.000000,0.000000,-9577.000000,1570.000000,1178.000000
-200.000000,0.000000,0.000000,0.000000,-9287.000000,2159.000000,1374.000000
0.000000,-100.000000,0.000000,0.000000,-9082.000000,2356.000000,981.000000
-300.000000,200.000000,0.000000,0.000000,-8680.000000,2159.000000,1178.000000
-100.000000,0.000000,0.000000,0.000000,-8110.000000,2159.000000,981.000000
0.000000,-200.000000,0.000000,0.000000,-7652.000000,1963.000000,1178.000000
-100.000000,-100.000000,0.000000,0.000000,-7222.000000,1767.000000,1374.000000
-200.000000,0.000000,0.000000,0.000000,-6729.000000,1570.000000,1570.000000
-100.000000,0.000000,0.000000,0.000000,-6128.000000,1570.000000,1767.000000
0.000000,-100.000000,0.000000,0.000000,-5609.000000,1374.000000,1767.000000
-200.000000,0.000000,0.000000,0.000000,-5151.000000,1374.000000,1570.000000
0.000000,0.000000,0.000000,0.000000,-4610.000000,1767.000000,1374.000000
-300.000000,0.000000,0.000000,0.000000,-4046.000000,1963.000000,1374.000000
-100.000000,0.000000,0.000000,0.000000,-3553.000000,2159.000000,1374.000000
0.000000,-400.000000,0.000000,0.000000,-3090.000000,1963.000000,1374.000000
-100.000000,200.000000,0.000000,0.000000,-2582.000000,1963.000000,1374.000000
-200.000000,-200.000000,0.000000,0.000000,-2074.000000,1767.000000,1374.000000
0.000000,0.000000,0.000000,0.000000,-1703.000000,1570.000000,1374.000000
0.000000,200.000000,0.000000,0.000000,-1359.000000,1570.000000,1178.000000
-100.000000,100.000000,0.000000,0.000000,-920.000000,1374.000000,1178.000000
0.000000,0.000000,0.000000,0.000000,-528.000000,1178.000000,1178.000000
0.000000,-100.000000,0.000000,0.000000,-274.000000,981.000000,981.000000
-200.000000,-200.000000,0.000000,0.000000,-12.000000,981.000000,785.000000
-100.000000,0.000000,0.000000,0.000000,303.000000,785.000000,589.000000
-100.000000,0.000000,0.000000,0.000000,539.000000,589.000000,589.000000
-100.000000,-100.000000,0.000000,0.000000,641.000000,589.000000,392.000000
-100.000000,-100.000000,0.000000,0.000000,756.000000,196.000000,392.000000
-300.000000,0.000000,0.000000,0.000000,904.000000,392.000000,0.000000
0.000000,0.000000,0.000000,0.000000,910.000000,0.000000,0.000000
0.000000,100.000000,0.000000,0.000000,852.000000,196.000000,0.000000
0.000000,0.000000,0.000000,0.000000,814.000000,-196.000000,0.000000
0.000000,-200.000000,0.000000,0.000000,757.000000,0.000000,0.000000
0.000000,-400.000000,0.000000,0.000000,550.000000,0.000000,0.000000
-100.000000,0.000000,0.000000,0.000000,331.000000,0.000000,0.000000
-100.000000,100.000000,0.000000,0.000000,143.000000,0.000000,-392.000000
200.000000,-200.000000,0.000000,0.000000,-98.000000,0.000000,0.000000
0.000000,-300.000000,0.000000,0.000000,-458.000000,-196.000000,0.000000
0.000000,100.000000,0.000000,0.000000,-801.000000,0.000000,-392.000000
0.000000,0.000000,0.000000,0.000000,-1123.000000,0.000000,-589.000000
0.000000,200.000000,0.000000,0.000000,-1510.000000,-196.000000,-1374.000000
0.000000,200.000000,0.000000,0.000000,-1916.000000,-392.000000,-1374.000000
200.000000,0.000000,0.000000,0.000000,-2170.000000,-785.000000,-1570.000000
100.000000,200.000000,0.000000,0.000000,-2401.000000,-1570.000000,-1178.000000
0.000000,200.000000,0.000000,0.000000,-2907.000000,-1767.000000,-1178.000000
0.000000,100.000000,0.000000,0.000000,-3381.000000,-1570.000000,-981.000000
0.000000,-200.000000,0.000000,0.000000,-3645.000000,-1178.000000,-785.000000
200.000000,100.000000,0.000000,0.000000,-3966.000000,-1374.000000,-785.000000
0.000000,0.000000,0.000000,0.000000,-4429.000000,-1178.000000,-785.000000
200.000000,0.000000,0.000000,0.000000,-4819.000000,-785.000000,-1178.000000
0.000000,100.000000,0.000000,0.000000,-5140.000000,-981.000000,-1178.000000
300.000000,0.000000,0.000000,0.000000,-5501.000000,-785.000000,-1374.000000
200.000000,0.000000,0.000000,0.000000,-5874.000000,-392.000000,-1374.000000
0.000000,100.000000,0.000000,0.000000,-6141.000000,-589.000000,-981.000000
0.000000,100.000000,0.000000,0.000000,-6353.000000,-785.000000,-981.000000
0.000000,-100.000000,0.000000,0.000000,-6589.000000,-785.000000,-785.000000
100.000000,0.000000,0.000000,0.000000,-6831.000000,-785.000000,-589.000000
100.000000,0.000000,0.000000,0.000000,-7063.000000,-785.000000,-589.000000
100.000000,100.000000,0.000000,0.000000,-7252.000000,-589.000000,-589.000000
200.000000,100.000000,0.000000,0.000000,-7397.000000,-589.000000,-392.000000
0.000000,100.000000,0.000000,0.000000,-7544.000000,-392.000000,-392.000000
200.000000,200.000000,0.000000,0.000000,-7639.000000,-392.000000,-392.000000
0.000000,0.000000,0.000000,0.000000,-7648.000000,0.000000,-392.000000
0.000000,-100.000000,0.000000,0.000000,-7673.000000,0.000000,-392.000000
100.000000,-100.000000,0.000000,0.000000,-7656.000000,196.000000,-196.000000
100.000000,-200.000000,0.000000,0.000000,-7573.000000,0.000000,-196.000000
-100.000000,-100.000000,0.000000,0.000000,-7441.000000,0.000000,0.000000
400.000000,-200.000000,0.000000,0.000000,-7341.000000,0.000000,196.000000
-100.000000,0.000000,0.000000,0.000000,-7219.000000,0.000000,0.000000
100.000000,-200.000000,0.000000,0.000000,-7048.000000,0.000000,196.000000
-100.000000,0.000000,0.000000,0.000000,-6872.000000,196.000000,0.000000
-100.000000,-100.000000,0.000000,0.000000,-6679.000000,196.000000,0.000000
0.000000,-100.000000,0.000000,0.000000,-6406.000000,0.000000,0.000000
200.000000,-200.000000,0.000000,0.000000,-6117.000000,0.000000,0.000000
0.000000,-200.000000,0.000000,0.000000,-5843.000000,0.000000,0.000000
-100.000000,-100.000000,0.000000,0.000000,-5582.000000,0.000000,0.000000
0.000000,0.000000,0.000000,0.000000,-5282.000000,0.000000,0.000000
0.000000,-300.000000,0.000000,0.000000,-4959.000000,0.000000,196.000000
-100.000000,-300.000000,0.000000,0.000000,-4657.000000,0.000000,392.000000
0.000000,100.000000,0.000000,0.000000,-4373.000000,0.000000,392.000000
-100.000000,-100.000000,0.000000,0.000000,-4054.000000,0.000000,589.000000
-100.000000,-500.000000,0.000000,0.000000,-3737.000000,196.000000,589.000000
-100.000000,-100.000000,0.000000,0.000000,-3466.000000,196.000000,392.000000
-100.000000,0.000000,0.000000,0.000000,-3202.000000,392.000000,589.000000
-200.000000,100.000000,0.000000,0.000000,-2928.000000,589.000000,196.000000
-100.000000,-100.000000,0.000000,0.000000,-2656.000000,589.000000,392.000000
-200.000000,0.000000,0.000000,0.000000,-2425.000000,589.000000,196.000000
100.000000,-300.000000,0.000000,0.000000,-2203.000000,392.000000,196.000000
-100.000000,0.000000,0.000000,0.000000,-2000.000000,392.000000,196.000000
0.000000,0.000000,0.000000,0.000000,-1845.000000,196.000000,0.000000
-200.000000,0.000000,0.000000,0.000000,-1733.000000,196.000000,0.000000
0.000000,0.000000,0.000000,0.000000,-1590.000000,0.000000,0.000000
0.000000,-200.000000,0.000000,0.000000,-1454.000000,196.000000,0.000000
-300.000000,100.000000,0.000000,0.000000,-1372.000000,0.000000,0.000000
100.000000,-300.000000,0.000000,0.000000,-1317.000000,0.000000,0.000000
100.000000,0.000000,0.000000,0.000000,-1262.000000,0.000000,0.000000
0.000000,-300.000000,0.000000,0.000000,-1238.000000,0.000000,0.000000
0.000000,-100.000000,0.000000,0.000000,-1267.000000,0.000000,0.000000
0.000000,-300.000000,0.000000,0.000000,-1323.000000,0.000000,0.000000
0.000000,-200.000000,0.000000,0.000000,-1358.000000,0.000000,-392.000000
0.000000,-300.000000,0.000000,0.000000,-1442.000000,0.000000,0.000000
100.000000,-100.000000,0.000000,0.000000,-1559.000000,0.000000,0.000000
100.000000,100.000000,0.000000,0.000000,-1696.000000,-196.000000,-196.000000
200.000000,-100.000000,0.000000,0.000000,-1838.000000,-196.000000,-589.000000
200.000000,0.000000,0.000000,0.000000,-1988.000000,0.000000,-981.000000
0.000000,-200.000000,0.000000,0.000000,-2152.000000,-196.000000,-1178.000000
0.000000,300.000000,0.000000,0.000000,-2266.000000,-196.000000,-981.000000
100.000000,0.000000,0.000000,0.000000,-2361.000000,-785.000000,-785.000000
100.000000,100.000000,0.000000,0.000000,-2429.000000,-1374.000000,-589.000000
200.000000,-100.000000,0.000000,0.000000,-2661.000000,-1374.000000,-589.000000
0.000000,0.000000,0.000000,0.000000,-2966.000000,-1374.000000,-589.000000
100.000000,0.000000,0.000000,0.000000,-3095.000000,-1178.000000,-392.000000
100.000000,200.000000,0.000000,0.000000,-3253.000000,-981.000000,-392.000000
100.000000,200.000000,0.000000,0.000000,-3433.000000,-981.000000,-785.000000
-200.000000,0.000000,0.000000,0.000000,-3668.000000,-589.000000,-981.000000
400.000000,-200.000000,0.000000,0.000000,-3875.000000,-785.000000,-785.000000
100.000000,100.000000,0.000000,0.000000,-4043.000000,-589.000000,-785.000000
0.000000,200.000000,0.000000,0.000000,-4164.000000,-589.000000,-785.000000
-100.000000,300.000000,0.000000,0.000000,-4302.000000,-981.000000,-392.000000
0.000000,0.000000,0.000000,0.000000,-4463.000000,-981.000000,-589.000000
200.000000,200.000000,0.000000,0.000000,-4666.000000,-1178.000000,-392.000000
0.000000,100.000000,0.000000,0.000000,-4843.000000,-785.000000,-392.000000
0.000000,-100.000000,0.000000,0.000000,-4933.000000,-981.000000,-392.000000
200.000000,0.000000,0.000000,0.000000,-5016.000000,-589.000000,-589.000000
-200.000000,-100.000000,0.000000,0.000000,-5140.000000,-589.000000,-392.000000
0.000000,300.000000,0.000000,0.000000,-5239.000000,-589.000000,-589.000000
100.000000,0.000000,0.000000,0.000000,-5278.000000,-392.000000,-392.000000
0.000000,200.000000,0.000000,0.000000,-5308.000000,-196.000000,-196.000000
0.000000,200.000000,0.000000,0.000000,-5317.000000,-392.000000,-196.000000
0.000000,100.000000,0.000000,0.000000,-5312.000000,-392.000000,-196.000000
0.000000,100.000000,0.000000,0.000000,-5316.000000,-589.000000,-392.000000
0.000000,0.000000,0.000000,0.000000,-5309.000000,-392.000000,-196.000000
100.000000,0.000000,0.000000,0.000000,-5264.000000,-196.000000,0.000000
0.000000,0.000000,0.000000,0.000000,-5177.000000,-196.000000,-196.000000
0.000000,300.000000,0.000000,0.000000,-5104.000000,0.000000,0.000000
0.000000,0.000000,0.000000,0.000000,-5007.000000,-196.000000,0.000000
-200.000000,100.000000,0.000000,0.000000,-4921.000000,0.000000,0.000000
-100.000000,300.000000,0.000000,0.000000,-4796.000000,0.000000,0.000000
-200.000000,0.000000,0.000000,0.000000,-4675.000000,0.000000,0.000000
100.000000,-100.000000,0.000000,0.000000,-4569.000000,0.000000,0.000000
0.000000,-100.000000,0.000000,0.000000,-4426.000000,0.000000,0.000000
-200.000000,0.000000,0.000000,0.000000,-4251.000000,0.000000,0.000000
200.000000,-200.000000,0.000000,0.000000,-4088.000000,0.000000,0.000000
-200.000000,0.000000,0.000000,0.000000,-3929.000000,0.000000,0.000000
-100.000000,-300.000000,0.000000,0.000000,-3756.000000,0.000000,0.000000
0.000000,-300.000000,0.000000,0.000000,-3598.000000,0.000000,0.000000
-100.000000,-200.000000,0.000000,0.000000,-3427.000000,0.000000,0.000000
-100.000000,0.000000,0.000000,0.000000,-3271.000000,0.000000,0.000000
-100.000000,-100.000000,0.000000,0.000000,-3108.000000,0.000000,0.000000
0.000000,0.000000,0.000000,0.000000,-2957.000000,0.000000,0.000000
-200.000000,-200.000000,0.000000,0.000000,-2822.000000,0.000000,0.000000
-100.000000,-300.000000,0.000000,0.000000,-2684.000000,0.000000,0.000000
-100.000000,0.000000,0.000000,0.000000,-2547.000000,0.000000,0.000000
-200.000000,-200.000000,0.000000,0.000000,-2442.000000,0.000000,0.000000
0.000000,-100.000000,0.000000,0.000000,-2355.000000,0.000000,0.000000
0.000000,-100.000000,0.000000,0.000000,-2262.000000,0.000000,0.000000
100.000000,0.000000,0.000000,0.000000,-2184.000000,0.000000,-196.000000
100.000000,100.000000,0.000000,0.000000,-2123.000000,0.000000,-196.000000
0.000000,0.000000,0.000000,0.000000,-2066.000000,0.000000,-196.000000
100.000000,-100.000000,0.000000,0.000000,-1994.000000,0.000000,-589.000000
0.000000,-200.000000,0.000000,0.000000,-1946.000000,0.000000,-392.000000
0.000000,300.000000,0.000000,0.000000,-1924.000000,0.000000,-589.000000
200.000000,300.000000,0.000000,0.000000,-1888.000000,-196.000000,-196.000000
0.000000,0.000000,0.000000,0.000000,-1840.000000,-392.000000,-392.000000
200.000000,100.000000,0.000000,0.000000,-1825.000000,-392.000000,-196.000000
0.000000,100.000000,0.000000,0.000000,-1868.000000,-392.000000,-589.000000
200.000000,0.000000,0.000000,0.000000,-1902.000000,-589.000000,-589.000000
0.000000,100.000000,0.000000,0.000000,-1909.000000,-392.000000,-589.000000
0.000000,100.000000,0.000000,0.000000,-1922.000000,-392.000000,-785.000000
-200.000000,0.000000,0.000000,0.000000,-2000.000000,-392.000000,-589.000000
0.000000,0.000000,0.000000,0.000000,-2082.000000,-392.000000,-392.000000
100.000000,0.000000,0.000000,0.000000,-2130.000000,-589.000000,-589.000000
0.000000,200.000000,0.000000,0.000000,-2211.000000,-589.000000,-589.000000
100.000000,100.000000,0.000000,0.000000,-2325.000000,-589.000000,-785.000000
0.000000,0.000000,0.000000,0.000000,-2443.000000,-589.000000,-785.000000
200.000000,0.000000,0.000000,0.000000,-2515.000000,-589.000000,-589.000000
0.000000,400.000000,0.000000,0.000000,-2604.000000,-589.000000,-589.000000
0.000000,0.000000,0.000000,0.000000,-2765.000000,-589.000000,-589.000000
0.000000,0.000000,0.000000,0.000000,-2867.000000,-589.000000,-589.000000
0.000000,100.000000,0.000000,0.000000,-2944.000000,-589.000000,-785.000000
0.000000,200.000000,0.000000,0.000000,-3106.000000,-589.000000,-785.000000
0.000000,-100.000000,0.000000,0.000000,-3280.000000,-785.000000,-589.000000
100.000000,-200.000000,0.000000,0.000000,-3349.000000,-589.000000,-785.000000
-100.000000,300.000000,0.000000,0.000000,-3446.000000,-589.000000,-392.000000
0.000000,0.000000,0.000000,0.000000,-3608.000000,-589.000000,-589.000000
200.000000,300.000000,0.000000,0.000000,-3720.000000,-589.000000,-589.000000
0.000000,0.000000,0.000000,0.000000,-3782.000000,-589.000000,-589.000000
200.000000,200.000000,0.000000,0.000000,-3923.000000,-589.000000,-589.000000
0.000000,0.000000,0.000000,0.000000,-4045.000000,-392.000000,-589.000000
200.000000,300.000000,0.000000,0.000000,-4114.000000,-589.000000,-392.000000
300.000000,-100.000000,0.000000,0.000000,-4198.000000,-589.000000,-589.000000
100.000000,200.000000,0.000000,0.000000,-4319.000000,-392.000000,-392.000000
200.000000,-200.000000,0.000000,0.000000,-4400.000000,-392.000000,-392.000000
0.000000,100.000000,0.000000,0.000000,-4459.000000,-392.000000,-196.000000
-100.000000,0.000000,0.000000,0.000000,-4541.000000,-392.000000,-392.000000
0.000000,0.000000,0.000000,0.000000,-4595.000000,-392.000000,-196.000000
0.000000,0.000000,0.000000,0.000000,-4627.000000,-392.000000,-196.000000
100.000000,0.000000,0.000000,0.000000,-4626.000000,-196.000000,-196.000000
0.000000,100.000000,0.000000,0.000000,-4654.000000,-196.000000,-392.000000
100.000000,0.000000,0.000000,0.000000,-4675.000000,-196.000000,-196.000000
200.000000,200.000000,0.000000,0.000000,-4662.000000,-392.000000,-196.000000
100.000000,100.000000,0.000000,0.000000,-4651.000000,-196.000000,0.000000
0.000000,100.000000,0.000000,0.000000,-4632.000000,-196.000000,0.000000
-100.000000,300.000000,0.000000,0.000000,-4618.000000,-196.000000,0.000000
-100.000000,0.000000,0.000000,0.000000,-4558.000000,0.000000,0.000000
0.000000,0.000000,0.000000,0.000000,-4501.000000,0.000000,0.000000
0.000000,-100.000000,0.000000,0.000000,-4457.000000,0.000000,0.000000
-200.000000,0.000000,0.000000,0.000000,-4373.000000,0.000000,0.000000
-100.000000,200.000000,0.000000,0.000000,-4272.000000,0.000000,0.000000
-200.000000,-100.000000,0.000000,0.000000,-4186.000000,0.000000,0.000000
0.000000,-100.000000,0.000000,0.000000,-4103.000000,0.000000,0.000000
0.000000,0.000000,0.000000,0.000000,-4024.000000,0.000000,0.000000
-400.000000,-100.000000,0.000000,0.000000,-3930.000000,0.000000,0.000000
0.000000,-300.000000,0.000000,0.000000,-3834.000000,0.000000,196.000000
-300.000000,-200.000000,0.000000,0.000000,-3755.000000,0.000000,196.000000
-100.000000,0.000000,0.000000,0.000000,-3678.000000,0.000000,0.000000
-100.000000,-300.000000,0.000000,0.000000,-3571.000000,0.000000,0.000000
0.000000,-300.000000,0.000000,0.000000,-3505.000000,0.000000,0.000000
-100.000000,-200.000000,0.000000,0.000000,-3424.000000,0.000000,0.000000
-100.000000,200.000000,0.000000,0.000000,-3343.000000,0.000000,0.000000
-100.000000,-100.000000,0.000000,0.000000,-3252.000000,0.000000,0.000000
-200.000000,-100.000000,0.000000,0.000000,-3175.000000,0.000000,0.000000
-100.000000,-200.000000,0.000000,0.000000,-3102.000000,0.000000,0.000000
-100.000000,-300.000000,0.000000,0.000000,-3043.000000,0.000000,0.000000
100.000000,-100.000000,0.000000,0.000000,-2986.000000,0.000000,0.000000
-100.000000,200.000000,0.000000,0.000000,-2961.000000,0.000000,0.000000
0.000000,-200.000000,0.000000,0.000000,-2924.000000,0.000000,0.000000
0.000000,-100.000000,0.000000,0.000000,-2894.000000,0.000000,0.000000
0.000000,-100.000000,0.000000,0.000000,-2874.000000,0.000000,0.000000
100.000000,100.000000,0.000000,0.000000,-2867.000000,0.000000,0.000000
-100.000000,100.000000,0.000000,0.000000,-2862.000000,0.000000,0.000000
0.000000,100.000000,0.000000,0.000000,-2843.000000,-196.000000,-196.000000
0.000000,200.000000,0.000000,0.000000,-2827.000000,0.000000,0.000000
0.000000,200.000000,0.000000,0.000000,-2846.000000,-196.000000,-196.000000
0.000000,0.000000,0.000000,0.000000,-2869.000000,-196.000000,0.000000
-100.000000,200.000000,0.000000,0.000000,-2875.000000,-196.000000,0.000000
0.000000,0.000000,0.000000,0.000000,-2917.000000,-196.000000,0.000000
-100.000000,300.000000,0.000000,0.000000,-2967.000000,-196.000000,0.000000
400.000000,300.000000,0.000000,0.000000,-3037.000000,-196.000000,0.000000
0.000000,200.000000,0.000000,0.000000,-3079.000000,-392.000000,-196.000000
100.000000,200.000000,0.000000,0.000000,-3119.000000,0.000000,-196.000000
100.000000,300.000000,0.000000,0.000000,-3158.000000,-196.000000,-196.000000
0.000000,0.000000,0.000000,0.000000,-3194.000000,-196.000000,-196.000000
200.000000,0.000000,0.000000,0.000000,-3240.000000,0.000000,-196.000000
0.000000,0.000000,0.000000,0.000000,-3280.000000,-196.000000,0.000000
400.000000,0.000000,0.000000,0.000000,-3318.000000,-196.000000,-196.000000
100.000000,0.000000,0.000000,0.000000,-3374.000000,-196.000000,-196.000000
0.000000,200.000000,0.000000,0.000000,-3426.000000,-196.000000,-196.000000
-100.000000,200.000000,0.000000,0.000000,-3479.000000,-392.000000,0.000000
0.000000,100.000000,0.000000,0.000000,-3516.000000,-196.000000,0.000000
0.000000,-100.000000,0.000000,0.000000,-3570.000000,-196.000000,0.000000
-200.000000,0.000000,0.000000,0.000000,-3618.000000,-196.000000,0.000000
200.000000,100.000000,0.000000,0.000000,-3643.000000,0.000000,-196.000000
100.000000,-200.000000,0.000000,0.000000,-3686.000000,0.000000,0.000000
200.000000,0.000000,0.000000,0.000000,-3732.000000,0.000000,-196.000000
0.000000,-200.000000,0.000000,0.000000,-3758.000000,0.000000,0.000000
0.000000,100.000000,0.000000,0.000000,-3765.000000,0.000000,0.000000
0.000000,100.000000,0.000000,0.000000,-3757.000000,-196.000000,0.000000
-100.000000,0.000000,0.000000,0.000000,-3768.000000,-196.000000,0.000000
0.000000,-100.000000,0.000000,0.000000,-3784.000000,0.000000,0.000000
-200.000000,100.000000,0.000000,0.000000,-3792.000000,0.000000,0.000000
-200.000000,-100.000000,0.000000,0.000000,-3786.000000,0.000000,0.000000
0.000000,-100.000000,0.000000,0.000000,-3807.000000,0.000000,0.000000
0.000000,0.000000,0.000000,0.000000,-3812.000000,0.000000,0.000000
100.000000,0.000000,0.000000,0.000000,-3806.000000,0.000000,0.000000
-100.000000,0.000000,0.000000,0.000000,-3816.000000,0.000000,0.000000
100.000000,-400.000000,0.000000,0.000000,-3799.000000,0.000000,0.000000
-100.000000,-100.000000,0.000000,0.000000,-3789.000000,0.000000,0.000000
0.000000,0.000000,0.000000,0.000000,-3771.000000,196.000000,0.000000
-200.000000,-200.000000,0.000000,0.000000,-3763.000000,0.000000,0.000000
-200.000000,-300.000000,0.000000,0.000000,-3759.000000,0.000000,0.000000
0.000000,-100.000000,0.000000,0.000000,-3718.000000,0.000000,0.000000
0.000000,-200.000000,0.000000,0.000000,-3710.000000,0.000000,0.000000
0.000000,0.000000,0.000000,0.000000,-3699.000000,0.000000,0.000000
-100.000000,-100.000000,0.000000,0.000000,-3689.000000,0.000000,0.000000
0.000000,-200.000000,0.000000,0.000000,-3668.000000,0.000000,0.000000
100.000000,0.000000,0.000000,0.000000,-3655.000000,0.000000,0.000000
0.000000,0.000000,0.000000,0.000000,-3664.000000,0.000000,196.000000
-100.000000,-200.000000,0.000000,0.000000,-3642.000000,0.000000,0.000000
100.000000,-400.000000,0.000000,0.000000,-3633.000000,0.000000,0.000000
-200.000000,-100.000000,0.000000,0.000000,-3622.000000,0.000000,0.000000
0.000000,100.000000,0.000000,0.000000,-3613.000000,0.000000,0.000000
-200.000000,100.000000,0.000000,0.000000,-3604.000000,0.000000,0.000000
-100.000000,-400.000000,0.000000,0.000000,-3575.000000,0.000000,0.000000
100.000000,-100.000000,0.000000,0.000000,-3574.000000,0.000000,0.000000
-100.000000,0.000000,0.000000,0.000000,-3570.000000,0.000000,0.000000
-200.000000,-100.000000,0.000000,0.000000,-3571.000000,0.000000,0.000000
-200.000000,0.000000,0.000000,0.000000,-3565.000000,0.000000,0.000000
-100.000000,-100.000000,0.000000,0.000000,-3581.000000,0.000000,0.000000
-100.000000,100.000000,0.000000,0.000000,-3590.000000,0.000000,0.000000
-100.000000,-200.000000,0.000000,0.000000,-3585.000000,0.000000,0.000000
-100.000000,100.000000,0.000000,0.000000,-3602.000000,0.000000,0.000000
0.000000,0.000000,0.000000,0.000000,-3605.000000,0.000000,0.000000
0.000000,-100.000000,0.000000,0.000000,-3632.000000,0.000000,0.000000
-200.000000,100.000000,0.000000,0.000000,-3649.000000,0.000000,0.000000
0.000000,-200.000000,0.000000,0.000000,-3681.000000,0.000000,-196.000000
-200.000000,-300.000000,0.000000,0.000000,-3693.000000,0.000000,0.000000
0.000000,-100.000000,0.000000,0.000000,-3698.000000,0.000000,0.000000
0.000000,0.000000,0.000000,0.000000,-3700.000000,0.000000,0.000000
100.000000,-100.000000,0.000000,0.000000,-3726.000000,0.000000,0.000000
-100.000000,-200.000000,0.000000,0.000000,-3742.000000,0.000000,0.000000
-300.000000,0.000000,0.000000,0.000000,-3741.000000,0.000000,0.000000
-100.000000,-100.000000,0.000000,0.000000,-3774.000000,0.000000,0.000000
100.000000,-100.000000,0.000000,0.000000,-3780.000000,0.000000,0.000000
0.000000,-300.000000,78.000000,78.000000,-3788.000000,0.000000,0.000000
0.000000,-100.000000,0.000000,0.000000,-3795.000000,0.000000,0.000000
0.000000,-100.000000,0.000000,0.000000,-3803.000000,0.000000,0.000000
0.000000,100.000000,78.000000,78.000000,-3811.000000,0.000000,0.000000
-100.000000,0.000000,0.000000,0.000000,-3811.000000,0.000000,0.000000
200.000000,-200.000000,0.000000,0.000000,-3829.000000,0.000000,0.000000
-200.000000,-200.000000,0.000000,0.000000,-3832.000000,0.000000,0.000000
-100.000000,-100.000000,0.000000,0.000000,-3847.000000,0.000000,0.000000
0.000000,-100.000000,0.000000,0.000000,-3844.000000,0.000000,0.000000
-100.000000,-300.000000,0.000000,0.000000,-3859.000000,0.000000,0.000000
-100.000000,0.000000,0.000000,0.000000,-3869.000000,0.000000,0.000000
-200.000000,0.000000,0.000000,0.000000,-3869.000000,0.000000,0.000000
0.000000,-100.000000,0.000000,0.000000,-3855.000000,0.000000,0.000000
-100.000000,0.000000,0.000000,0.000000,-3847.000000,0.000000,0.000000
0.000000,-300.000000,0.000000,0.000000,-3827.000000,0.000000,0.000000
0.000000,-300.000000,0.000000,0.000000,-3814.000000,0.000000,0.000000
-100.000000,-100.000000,0.000000,0.000000,-3808.000000,0.000000,0.000000
-100.000000,0.000000,0.000000,0.000000,-3811.000000,0.000000,0.000000
-100.000000,-200.000000,0.000000,0.000000,-3804.000000,0.000000,0.000000
0.000000,-100.000000,0.000000,0.000000,-3799.000000,0.000000,0.000000
-200.000000,0.000000,0.000000,0.000000,-3771.000000,0.000000,0.000000
0.000000,-300.000000,0.000000,0.000000,-3754.000000,0.000000,0.000000
-200.000000,0.000000,0.000000,0.000000,-3741.000000,0.000000,0.000000
-200.000000,0.000000,0.000000,0.000000,-3722.000000,0.000000,0.000000
0.000000,0.000000,0.000000,0.000000,-3700.000000,0.000000,0.000000
-100.000000,100.000000,0.000000,0.000000,-3693.000000,0.000000,0.000000
300.000000,-100.000000,0.000000,0.000000,-3666.000000,0.000000,0.000000
-100.000000,0.000000,156.000000,156.000000,-3657.000000,0.000000,0.000000
0.000000,-100.000000,0.000000,0.000000,-3656.000000,0.000000,0.000000
0.000000,0.000000,0.000000,0.000000,-3644.000000,0.000000,0.000000
0.000000,0.000000,0.000000,0.000000,-3629.000000,0.000000,0.000000
0.000000,0.000000,0.000000,0.000000,-3624.000000,0.000000,0.000000
-100.000000,-200.000000,0.000000,0.000000,-3617.000000,0.000000,0.000000
-200.000000,-200.000000,0.000000,0.000000,-3616.000000,0.000000,0.000000
-100.000000,0.000000,0.000000,0.000000,-3628.000000,0.000000,0.000000
-100.000000,-100.000000,0.000000,0.000000,-3627.000000,0.000000,0.000000
0.000000,0.000000,0.000000,0.000000,-3624.000000,0.000000,0.000000
-400.000000,-100.000000,0.000000,0.000000,-3619.000000,0.000000,0.000000
0.000000,0.000000,0.000000,0.000000,-3606.000000,0.000000,0.000000
-100.000000,0.000000,0.000000,0.000000,-3598.000000,0.000000,0.000000
0.000000,-100.000000,0.000000,0.000000,-3591.000000,0.000000,0.000000
-100.000000,-200.000000,0.000000,0.000000,-3578.000000,0.000000,0.000000
0.000000,-200.000000,0.000000,0.000000,-3589.000000,0.000000,0.000000
0.000000,-300.000000,0.000000,0.000000,-3594.000000,0.000000,0.000000
-200.000000,-100.000000,0.000000,0.000000,-3615.000000,0.000000,0.000000
0.000000,0.000000,0.000000,0.000000,-3607.000000,0.000000,0.000000
-100.000000,0.000000,0.000000,0.000000,-3608.000000,0.000000,0.000000
-100.000000,200.000000,0.000000,0.000000,-3619.000000,0.000000,0.000000
0.000000,0.000000,0.000000,0.000000,-3621.000000,0.000000,0.000000
-100.000000,-100.000000,0.000000,0.000000,-3626.000000,0.000000,0.000000
-200.000000,100.000000,0.000000,0.000000,-3645.000000,0.000000,0.000000
0.000000,0.000000,0.000000,0.000000,-3655.000000,0.000000,0.000000
-200.000000,0.000000,0.000000,0.000000,-3662.000000,0.000000,0.000000
-200.000000,-100.000000,0.000000,0.000000,-3671.000000,0.000000,0.000000
-300.000000,-100.000000,0.000000,0.000000,-3679.000000,0.000000,0.000000
0.000000,-100.000000,0.000000,0.000000,-3688.000000,0.000000,0.000000
-200.000000,-200.000000,0.000000,0.000000,-3689.000000,0.000000,0.000000
-300.000000,-100.000000,0.000000,0.000000,-3689.000000,0.000000,0.000000
-200.000000,0.000000,0.000000,0.000000,-3696.000000,0.000000,0.000000
0.000000,-100.000000,0.000000,0.000000,-3690.000000,0.000000,0.000000
-300.000000,-100.000000,0.000000,0.000000,-3713.000000,0.000000,0.000000
-100.000000,0.000000,0.000000,0.000000,-3714.000000,0.000000,0.000000
-200.000000,-100.000000,0.000000,0.000000,-3706.000000,0.000000,0.000000
0.000000,0.000000,78.000000,78.000000,-3707.000000,0.000000,0.000000
0.000000,0.000000,0.000000,0.000000,-3722.000000,0.000000,0.000000
-200.000000,0.000000,0.000000,0.000000,-3710.000000,0.000000,0.000000
-200.000000,0.000000,0.000000,0.000000,-3697.000000,0.000000,0.000000
-200.000000,-200.000000,0.000000,0.000000,-3685.000000,0.000000,0.000000
-300.000000,0.000000,0.000000,0.000000,-3678.000000,0.000000,0.000000
0.000000,-400.000000,0.000000,0.000000,-3693.000000,0.000000,0.000000
100.000000,-100.000000,0.000000,0.000000,-3708.000000,0.000000,0.000000
-100.000000,100.000000,0.000000,0.000000,-3707.000000,0.000000,0.000000
-100.000000,100.000000,0.000000,0.000000,-3693.000000,0.000000,0.000000
-200.000000,-100.000000,0.000000,0.000000,-3684.000000,0.000000,0.000000
0.000000,-100.000000,0.000000,0.000000,-3685.000000,0.000000,0.000000
-100.000000,-100.000000,0.000000,0.000000,-3682.000000,0.000000,0.000000
0.000000,-200.000000,0.000000,0.000000,-3681.000000,0.000000,0.000000
-100.000000,-200.000000,0.000000,0.000000,-3690.000000,0.000000,0.000000
-100.000000,-500.000000,0.000000,0.000000,-3688.000000,0.000000,0.000000
-300.000000,-100.000000,0.000000,0.000000,-3689.000000,0.000000,0.000000
