Channel 1,Channel 2,Channel 3,Channel 4,Channel 5,Channel 6,Channel 7
0.000000,100.000000,0.000000,0.000000,-3637.000000,0.000000,0.000000
-100.000000,-100.000000,0.000000,0.000000,-3629.000000,0.000000,0.000000
0.000000,100.000000,0.000000,0.000000,-3622.000000,0.000000,0.000000
0.000000,-300.000000,0.000000,0.000000,-3608.000000,0.000000,0.000000
-200.000000,0.000000,0.000000,0.000000,-3620.000000,0.000000,0.000000
-400.000000,0.000000,0.000000,0.000000,-3623.000000,0.000000,0.000000
100.000000,-200.000000,0.000000,0.000000,-3624.000000,0.000000,0.000000
0.000000,-100.000000,0.000000,0.000000,-3625.000000,0.000000,0.000000
-100.000000,-100.000000,0.000000,0.000000,-3622.000000,0.000000,0.000000
100.000000,-100.000000,0.000000,0.000000,-3610.000000,0.000000,0.000000
-100.000000,0.000000,0.000000,0.000000,-3612.000000,0.000000,0.000000
-400.000000,0.000000,0.000000,0.000000,-3601.000000,0.000000,0.000000
-100.000000,0.000000,0.000000,0.000000,-3616.000000,0.000000,0.000000
0.000000,-300.000000,0.000000,0.000000,-3613.000000,0.000000,0.000000
0.000000,0.000000,0.000000,0.000000,-3607.000000,0.000000,0.000000
0.000000,-100.000000,0.000000,0.000000,-3608.000000,0.000000,0.000000
0.000000,-100.000000,0.000000,0.000000,-3617.000000,0.000000,0.000000
-200.000000,0.000000,0.000000,0.000000,-3620.000000,0.000000,0.000000
0.000000,0.000000,0.000000,0.000000,-3611.000000,0.000000,0.000000
-200.000000,0.000000,0.000000,0.000000,-3612.000000,0.000000,0.000000
0.000000,-200.000000,0.000000,0.000000,-3596.000000,0.000000,0.000000
-200.000000,0.000000,0.000000,0.000000,-3591.000000,0.000000,0.000000
0.000000,-100.000000,0.000000,0.000000,-3593.000000,0.000000,0.000000
0.000000,-200.000000,0.000000,0.000000,-3584.000000,0.000000,-196.000000
-200.000000,-200.000000,0.000000,0.000000,-3589.000000,0.000000,0.000000
0.000000,-200.000000,0.000000,0.000000,-3582.000000,0.000000,0.000000
0.000000,0.000000,156.000000,156.000000,-3564.000000,0.000000,0.000000
200.000000,200.000000,0.000000,0.000000,-3567.000000,0.000000,0.000000
0.000000,-100.000000,0.000000,0.000000,-3559.000000,0.000000,0.000000
0.000000,0.000000,0.000000,0.000000,-3559.000000,0.000000,0.000000
-100.000000,-200.000000,0.000000,0.000000,-3562.000000,0.000000,0.000000
-100.000000,-300.000000,0.000000,0.000000,-3568.000000,0.000000,0.000000
-100.000000,-100.000000,0.000000,0.000000,-3560.000000,0.000000,0.000000
-300.000000,-200.000000,0.000000,0.000000,-3567.000000,0.000000,0.000000
0.000000,-100.000000,0.000000,0.000000,-3587.000000,0.000000,0.000000
-100.000000,0.000000,0.000000,0.000000,-3629.000000,0.000000,0.000000
0.000000,0.000000,0.000000,0.000000,-3654.000000,0.000000,0.000000
-200.000000,-200.000000,0.000000,0.000000,-3666.000000,0.000000,0.000000
0.000000,-200.000000,0.000000,0.000000,-3674.000000,0.000000,0.000000
-200.000000,0.000000,0.000000,0.000000,-3691.000000,0.000000,0.000000
-100.000000,-200.000000,0.000000,0.000000,-3722.000000,0.000000,0.000000
-100.000000,0.000000,0.000000,0.000000,-3750.000000,0.000000,0.000000
100.000000,-200.000000,0.000000,0.000000,-3762.000000,0.000000,0.000000
-100.000000,-200.000000,0.000000,0.000000,-3780.000000,0.000000,0.000000
-100.000000,-200.000000,0.000000,0.000000,-3796.000000,0.000000,0.000000
-100.000000,-300.000000,0.000000,0.000000,-3810.000000,0.000000,0.000000
0.000000,-100.000000,0.000000,0.000000,-3813.000000,0.000000,0.000000
0.000000,0.000000,0.000000,0.000000,-3834.000000,0.000000,0.000000
-100.000000,100.000000,0.000000,0.000000,-3856.000000,0.000000,0.000000
-100.000000,-300.000000,0.000000,0.000000,-3867.000000,0.000000,0.000000
100.000000,-100.000000,0.000000,0.000000,-3861.000000,0.000000,0.000000
0.000000,0.000000,0.000000,0.000000,-3848.000000,0.000000,0.000000
-200.000000,0.000000,0.000000,0.000000,-3847.000000,0.000000,0.000000
-100.000000,-300.000000,0.000000,0.000000,-3855.000000,0.000000,0.000000
200.000000,-100.000000,0.000000,0.000000,-3858.000000,0.000000,0.000000
-200.000000,100.000000,0.000000,0.000000,-3852.000000,0.000000,0.000000
0.000000,0.000000,0.000000,0.000000,-3852.000000,0.000000,0.000000
0.000000,-200.000000,0.000000,0.000000,-3843.000000,0.000000,0.000000
0.000000,-200.000000,0.000000,0.000000,-3835.000000,0.000000,0.000000
0.000000,0.000000,0.000000,0.000000,-3813.000000,0.000000,0.000000
-100.000000,-100.000000,0.000000,0.000000,-3802.000000,0.000000,0.000000
-300.000000,0.000000,0.000000,0.000000,-3789.000000,0.000000,0.000000
-200.000000,-100.000000,0.000000,0.000000,-3771.000000,0.000000,0.000000
-100.000000,0.000000,0.000000,0.000000,-3755.000000,0.000000,0.000000
0.000000,-400.000000,0.000000,0.000000,-3761.000000,0.000000,0.000000
0.000000,-100.000000,0.000000,0.000000,-3761.000000,0.000000,0.000000
0.000000,-200.000000,0.000000,0.000000,-3754.000000,0.000000,0.000000
0.000000,-100.000000,12000.000000,12000.000000,-3737.000000,0.000000,0.000000
0.000000,11100.000000,12000.000000,12000.000000,-3743.000000,589.000000,785.000000
10500.000000,10400.000000,12000.000000,12000.000000,-3790.000000,2945.000000,2748.000000
12300.000000,13400.000000,12000.000000,12000.000000,-3773.000000,2945.000000,2748.000000
11100.000000,12900.000000,12000.000000,12000.000000,-3133.000000,981.000000,785.000000
12500.000000,12100.000000,12000.000000,12000.000000,-2508.000000,-589.000000,-392.000000
11900.000000,10200.000000,12000.000000,12000.000000,-2587.000000,0.000000,0.000000
11600.000000,11300.000000,12000.000000,12000.000000,-2761.000000,1374.000000,1374.000000
10100.000000,11600.000000,12000.000000,12000.000000,-2204.000000,2356.000000,1963.000000
10500.000000,10500.000000,12000.000000,12000.000000,-1349.000000,2748.000000,2356.000000
10700.000000,11600.000000,12000.000000,12000.000000,-767.000000,2159.000000,2356.000000
11600.000000,11800.000000,12000.000000,12000.000000,-321.000000,1178.000000,1570.000000
11400.000000,13100.000000,12000.000000,12000.000000,14.000000,1374.000000,1374.000000
10800.000000,12800.000000,12000.000000,12000.000000,480.000000,2159.000000,1963.000000
10400.000000,10200.000000,12000.000000,12000.000000,1143.000000,3337.000000,2945.000000
13000.000000,12300.000000,12000.000000,12000.000000,1916.000000,3337.000000,3337.000000
10900.000000,11200.000000,12000.000000,12000.000000,2653.000000,2552.000000,2945.000000
12600.000000,10800.000000,12000.000000,12000.000000,3257.000000,2159.000000,2356.000000
10600.000000,11800.000000,12000.000000,12000.000000,3789.000000,2552.000000,2356.000000
10700.000000,10700.000000,12000.000000,12000.000000,4353.000000,3141.000000,2552.000000
13100.000000,12600.000000,12000.000000,12000.000000,5036.000000,3730.000000,3141.000000
10600.000000,12700.000000,12000.000000,12000.000000,5811.000000,3337.000000,3141.000000
12900.000000,10900.000000,12000.000000,12000.000000,6535.000000,2945.000000,3141.000000
11100.000000,11200.000000,12000.000000,12000.000000,7108.000000,2552.000000,2748.000000
12200.000000,13700.000000,12000.000000,12000.000000,7451.000000,2552.000000,2552.000000
10800.000000,10600.000000,12000.000000,12000.000000,7907.000000,2945.000000,2552.000000
13000.000000,13600.000000,12000.000000,12000.000000,8604.000000,3534.000000,3141.000000
11100.000000,10900.000000,12000.000000,12000.000000,9240.000000,3141.000000,3337.000000
10800.000000,12600.000000,12000.000000,12000.000000,9695.000000,2748.000000,3141.000000
13800.000000,10300.000000,12000.000000,12000.000000,10034.000000,2356.000000,2552.000000
11500.000000,10600.000000,12000.000000,12000.000000,10373.000000,2748.000000,2552.000000
10500.000000,13700.000000,12000.000000,12000.000000,10630.000000,2945.000000,2552.000000
11800.000000,11000.000000,12000.000000,12000.000000,10861.000000,3141.000000,2748.000000
11800.000000,13600.000000,12000.000000,12000.000000,11183.000000,2748.000000,2945.000000
11200.000000,-200.000000,0.000000,0.000000,11604.000000,1767.000000,2159.000000
0.000000,300.000000,0.000000,0.000000,11614.000000,0.000000,196.000000
0.000000,0.000000,0.000000,0.000000,11453.000000,-196.000000,-392.000000
0.000000,0.000000,0.000000,0.000000,11400.000000,-196.000000,196.000000
-100.000000,0.000000,0.000000,0.000000,11536.000000,0.000000,0.000000
-100.000000,0.000000,0.000000,0.000000,11370.000000,196.000000,589.000000
-100.000000,0.000000,0.000000,0.000000,10821.000000,196.000000,981.000000
0.000000,0.000000,0.000000,0.000000,10211.000000,392.000000,1178.000000
-100.000000,-100.000000,0.000000,0.000000,9777.000000,589.000000,981.000000
-200.000000,100.000000,0.000000,0.000000,9160.000000,785.000000,981.000000
0.000000,-200.000000,0.000000,0.000000,8216.000000,392.000000,981.000000
0.000000,-200.000000,0.000000,0.000000,7253.000000,589.000000,589.000000
-100.000000,-100.000000,0.000000,0.000000,6344.000000,196.000000,392.000000
200.000000,0.000000,0.000000,0.000000,5197.000000,196.000000,-392.000000
100.000000,200.000000,0.000000,0.000000,3986.000000,0.000000,-785.000000
200.000000,100.000000,0.000000,0.000000,2944.000000,-196.000000,-1374.000000
0.000000,100.000000,0.000000,0.000000,1715.000000,-196.000000,-1570.000000
-100.000000,100.000000,0.000000,0.000000,247.000000,-196.000000,-1570.000000
200.000000,400.000000,0.000000,0.000000,-966.000000,-785.000000,-1178.000000
100.000000,100.000000,0.000000,0.000000,-1854.000000,-1178.000000,-1374.000000
0.000000,0.000000,0.000000,0.000000,-3012.000000,-1374.000000,-981.000000
100.000000,200.000000,0.000000,0.000000,-4570.000000,-1374.000000,-785.000000
100.000000,100.000000,0.000000,0.000000,-5831.000000,-981.000000,-785.000000
0.000000,0.000000,0.000000,0.000000,-6710.000000,-981.000000,-392.000000
0.000000,-100.000000,0.000000,0.000000,-7882.000000,-1374.000000,-392.000000
0.000000,500.000000,0.000000,0.000000,-9074.000000,-785.000000,-392.000000
0.000000,0.000000,0.000000,0.000000,-9980.000000,-392.000000,-196.000000
0.000000,0.000000,0.000000,0.000000,-10742.000000,-196.000000,-392.000000
300.000000,100.000000,0.000000,0.000000,-11656.000000,-392.000000,0.000000
0.000000,200.000000,0.000000,0.000000,-12432.000000,0.000000,0.000000
0.000000,200.000000,0.000000,0.000000,-13075.000000,0.000000,196.000000
-200.000000,-500.000000,0.000000,0.000000,-13698.000000,0.000000,196.000000
-200.000000,0.000000,0.000000,0.000000,-14365.000000,0.000000,0.000000
-100.000000,100.000000,0.000000,0.000000,-14865.000000,196.000000,0.000000
0.000000,0.000000,0.000000,0.000000,-15154.000000,981.000000,589.000000
0.000000,100.000000,0.000000,0.000000,-15417.000000,1767.000000,1767.000000
-200.000000,0.000000,0.000000,0.000000,-15609.000000,2748.000000,2552.000000
0.000000,0.000000,0.000000,0.000000,-15638.000000,2748.000000,2945.000000
-300.000000,-100.000000,0.000000,0.000000,-15660.000000,2748.000000,2748.000000
-300.000000,0.000000,0.000000,0.000000,-15534.000000,2748.000000,2356.000000
0.000000,100.000000,0.000000,0.000000,-15420.000000,2356.000000,2552.000000
0.000000,0.000000,0.000000,0.000000,-15169.000000,2552.000000,2552.000000
-100.000000,-100.000000,0.000000,0.000000,-14844.000000,2552.000000,2748.000000
0.000000,300.000000,0.000000,0.000000,-14495.000000,3337.000000,3534.000000
-200.000000,0.000000,0.000000,0.000000,-13985.000000,4123.000000,3337.000000
-200.000000,0.000000,0.000000,0.000000,-13410.000000,4319.000000,3730.000000
100.000000,-200.000000,0.000000,0.000000,-12816.000000,4319.000000,4123.000000
100.000000,-100.000000,0.000000,0.000000,-12055.000000,4319.000000,3730.000000
-200.000000,200.000000,0.000000,0.000000,-11197.000000,4123.000000,3926.000000
0.000000,0.000000,0.000000,0.000000,-10358.000000,4123.000000,3926.000000
-100.000000,0.000000,0.000000,0.000000,-9550.000000,4319.000000,4319.000000
-100.000000,100.000000,0.000000,0.000000,-8511.000000,4712.000000,5105.000000
-400.000000,-100.000000,0.000000,0.000000,-7491.000000,4712.000000,4908.000000
-200.000000,-200.000000,0.000000,0.000000,-6515.000000,4908.000000,4908.000000
-200.000000,200.000000,0.000000,0.000000,-5443.000000,4712.000000,4516.000000
100.000000,0.000000,0.000000,0.000000,-4314.000000,4908.000000,4319.000000
-100.000000,100.000000,0.000000,0.000000,-3239.000000,4712.000000,4319.000000
-200.000000,100.000000,0.000000,0.000000,-2225.000000,4712.000000,4123.000000
-100.000000,200.000000,0.000000,0.000000,-1209.000000,4516.000000,3730.000000
0.000000,0.000000,0.000000,0.000000,-263.000000,4516.000000,3926.000000
0.000000,-100.000000,0.000000,0.000000,628.000000,4123.000000,3730.000000
-100.000000,100.000000,0.000000,0.000000,1520.000000,4319.000000,3926.000000
-200.000000,0.000000,0.000000,0.000000,2361.000000,3926.000000,3926.000000
0.000000,0.000000,0.000000,0.000000,3165.000000,3926.000000,3730.000000
0.000000,0.000000,0.000000,0.000000,3930.000000,3534.000000,3534.000000
-100.000000,0.000000,0.000000,0.000000,4630.000000,3534.000000,3534.000000
-200.000000,100.000000,0.000000,0.000000,5274.000000,3337.000000,3337.000000
0.000000,-200.000000,0.000000,0.000000,5799.000000,3141.000000,3337.000000
0.000000,0.000000,0.000000,0.000000,6250.000000,3141.000000,3337.000000
0.000000,0.000000,0.000000,0.000000,6602.000000,2748.000000,2748.000000
-100.000000,200.000000,0.000000,0.000000,6890.000000,2748.000000,2159.000000
-100.000000,0.000000,0.000000,0.000000,7094.000000,2356.000000,1963.000000
-200.000000,-100.000000,0.000000,0.000000,7156.000000,2159.000000,1767.000000
-200.000000,-100.000000,0.000000,0.000000,7163.000000,1767.000000,1570.000000
-200.000000,0.000000,0.000000,0.000000,7093.000000,1963.000000,1374.000000
-200.000000,200.000000,0.000000,0.000000,6936.000000,1374.000000,1374.000000
-100.000000,-600.000000,0.000000,0.000000,6646.000000,1178.000000,981.000000
-100.000000,100.000000,0.000000,0.000000,6364.000000,589.000000,981.000000
-100.000000,0.000000,0.000000,0.000000,6039.000000,-196.000000,392.000000
100.000000,0.000000,0.000000,0.000000,5496.000000,-589.000000,0.000000
200.000000,0.000000,0.000000,0.000000,4849.000000,-392.000000,-392.000000
100.000000,-100.000000,0.000000,0.000000,4244.000000,-392.000000,-589.000000
100.000000,0.000000,0.000000,0.000000,3668.000000,-392.000000,-589.000000
300.000000,200.000000,0.000000,0.000000,2981.000000,-785.000000,-785.000000
200.000000,200.000000,0.000000,0.000000,2155.000000,-981.000000,-785.000000
0.000000,0.000000,0.000000,0.000000,1374.000000,-1178.000000,-1178.000000
0.000000,400.000000,0.000000,0.000000,556.000000,-1178.000000,-1178.000000
100.000000,200.000000,0.000000,0.000000,-356.000000,-1178.000000,-1178.000000
200.000000,0.000000,0.000000,0.000000,-1252.000000,-1178.000000,-1374.000000
200.000000,0.000000,0.000000,0.000000,-2106.000000,-1374.000000,-1374.000000
200.000000,0.000000,0.000000,0.000000,-2984.000000,-1178.000000,-1374.000000
100.000000,100.000000,0.000000,0.000000,-3901.000000,-1178.000000,-1374.000000
0.000000,100.000000,0.000000,0.000000,-4808.000000,-981.000000,-1374.000000
0.000000,-200.000000,0.000000,0.000000,-5664.000000,-1178.000000,-1178.000000
200.000000,0.000000,0.000000,0.000000,-6480.000000,-1178.000000,-1374.000000
200.000000,100.000000,0.000000,0.000000,-7330.000000,-785.000000,-1178.000000
100.000000,100.000000,0.000000,0.000000,-8134.000000,-981.000000,-1178.000000
0.000000,0.000000,0.000000,0.000000,-8885.000000,-589.000000,-1178.000000
0.000000,0.000000,0.000000,0.000000,-9598.000000,-785.000000,-981.000000
100.000000,0.000000,0.000000,0.000000,-10302.000000,-392.000000,-785.000000
400.000000,200.000000,0.000000,0.000000,-10903.000000,-392.000000,-785.000000
200.000000,0.000000,0.000000,0.000000,-11375.000000,0.000000,-589.000000
200.000000,-200.000000,0.000000,0.000000,-11782.000000,0.000000,-392.000000
300.000000,0.000000,0.000000,0.000000,-12133.000000,196.000000,-196.000000
300.000000,400.000000,0.000000,0.000000,-12408.000000,196.000000,0.000000
-200.000000,0.000000,0.000000,0.000000,-12634.000000,0.000000,0.000000
-200.000000,-100.000000,0.000000,0.000000,-12796.000000,0.000000,196.000000
-200.000000,100.000000,0.000000,0.000000,-12929.000000,0.000000,0.000000
0.000000,-100.000000,0.000000,0.000000,-12985.000000,0.000000,0.000000
-200.000000,0.000000,0.000000,0.000000,-12983.000000,196.000000,0.000000
0.000000,0.000000,0.000000,0.000000,-12908.000000,1178.000000,0.000000
0.000000,-100.000000,0.000000,0.000000,-12681.000000,2356.000000,0.000000
-100.000000,200.000000,0.000000,0.000000,-12350.000000,2748.000000,392.000000
-100.000000,0.000000,0.000000,0.000000,-12014.000000,2748.000000,981.000000
0.000000,100.000000,0.000000,0.000000,-11600.000000,2748.000000,1963.000000
-200.000000,0.000000,0.000000,0.000000,-11054.000000,2356.000000,2552.000000
100.000000,-200.000000,0.000000,0.000000,-10585.000000,2552.000000,2356.000000
0.000000,0.000000,0.000000,0.000000,-10131.000000,2159.000000,2356.000000
-200.000000,-100.000000,0.000000,0.000000,-9602.000000,2159.000000,2159.000000
0.000000,0.000000,0.000000,0.000000,-8988.000000,2159.000000,1963.000000
-200.000000,0.000000,0.000000,0.000000,-8373.000000,2552.000000,1767.000000
-100.000000,100.000000,0.000000,0.000000,-7772.000000,3141.000000,1570.000000
-200.000000,300.000000,0.000000,0.000000,-7045.000000,3337.000000,1570.000000
0.000000,0.000000,0.000000,0.000000,-6319.000000,3337.000000,1767.000000
-200.000000,100.000000,0.000000,0.000000,-5601.000000,3141.000000,2159.000000
-100.000000,100.000000,0.000000,0.000000,-4916.000000,2945.000000,2748.000000
-100.000000,0.000000,0.000000,0.000000,-4209.000000,2748.000000,2552.000000
-200.000000,100.000000,0.000000,0.000000,-3450.000000,2748.000000,2552.000000
-200.000000,200.000000,0.000000,0.000000,-2746.000000,2552.000000,2356.000000
-100.000000,0.000000,0.000000,0.000000,-2089.000000,2552.000000,2356.000000
-200.000000,500.000000,0.000000,0.000000,-1435.000000,2552.000000,1963.000000
-100.000000,0.000000,0.000000,0.000000,-841.000000,2552.000000,1963.000000
-100.000000,100.000000,0.000000,0.000000,-243.000000,2552.000000,1570.000000
-200.000000,0.000000,0.000000,0.000000,317.000000,2552.000000,1767.000000
-200.000000,0.000000,0.000000,0.000000,858.000000,2356.000000,1374.000000
100.000000,0.000000,0.000000,0.000000,1368.000000,2159.000000,1374.000000
0.000000,0.000000,0.000000,0.000000,1796.000000,1963.000000,1374.000000
-200.000000,0.000000,0.000000,0.000000,2215.000000,1963.000000,1178.000000
-200.000000,100.000000,0.000000,0.000000,2587.000000,1570.000000,981.000000
0.000000,-100.000000,0.000000,0.000000,2878.000000,1570.000000,981.000000
-100.000000,-100.000000,0.000000,0.000000,3101.000000,1374.000000,981.000000
-200.000000,-100.000000,0.000000,0.000000,3274.000000,1178.000000,589.000000
0.000000,0.000000,0.000000,0.000000,3398.000000,981.000000,589.000000
-200.000000,-100.000000,0.000000,0.000000,3425.000000,589.000000,589.000000
-200.000000,100.000000,0.000000,0.000000,3382.000000,589.000000,196.000000
-200.000000,0.000000,0.000000,0.000000,3298.000000,392.000000,196.000000
-100.000000,-100.000000,0.000000,0.000000,3165.000000,196.000000,196.000000
-100.000000,-100.000000,0.000000,0.000000,2984.000000,0.000000,0.000000
-200.000000,300.000000,0.000000,0.000000,2698.000000,0.000000,0.000000
0.000000,100.000000,0.000000,0.000000,2421.000000,-196.000000,-196.000000
-100.000000,200.000000,0.000000,0.000000,2106.000000,-392.000000,-196.000000
0.000000,0.000000,0.000000,0.000000,1765.000000,-981.000000,0.000000
300.000000,0.000000,0.000000,0.000000,1321.000000,-981.000000,0.000000
100.000000,100.000000,0.000000,0.000000,807.000000,-1178.000000,-589.000000
200.000000,0.000000,0.000000,0.000000,255.000000,-981.000000,-1178.000000
0.000000,100.000000,0.000000,0.000000,-247.000000,-981.000000,-1963.000000
0.000000,0.000000,0.000000,0.000000,-716.000000,-981.000000,-2159.000000
0.000000,0.000000,0.000000,0.000000,-1311.000000,-785.000000,-2159.000000
0.000000,0.000000,0.000000,0.000000,-1945.000000,-981.000000,-1767.000000
200.000000,100.000000,0.000000,0.000000,-2417.000000,-981.000000,-1767.000000
0.000000,0.000000,0.000000,0.000000,-2867.000000,-1178.000000,-1374.000000
0.000000,100.000000,0.000000,0.000000,-3473.000000,-981.000000,-1374.000000
0.000000,100.000000,0.000000,0.000000,-4111.000000,-1178.000000,-1178.000000
0.000000,0.000000,0.000000,0.000000,-4611.000000,-981.000000,-1374.000000
0.000000,100.000000,0.000000,0.000000,-5113.000000,-785.000000,-1374.000000
100.000000,0.000000,0.000000,0.000000,-5640.000000,-785.000000,-1767.000000
100.000000,200.000000,0.000000,0.000000,-6169.000000,-589.000000,-1767.000000
200.000000,200.000000,0.000000,0.000000,-6661.000000,-589.000000,-1963.000000
200.000000,200.000000,0.000000,0.000000,-7105.000000,-392.000000,-1570.000000
0.000000,0.000000,0.000000,0.000000,-7497.000000,-392.000000,-1570.000000
0.000000,100.000000,0.000000,0.000000,-7859.000000,-196.000000,-1374.000000
700.000000,200.000000,0.000000,0.000000,-8244.000000,-196.000000,-1178.000000
200.000000,200.000000,0.000000,0.000000,-8552.000000,0.000000,-981.000000
100.000000,-100.000000,0.000000,0.000000,-8808.000000,0.000000,-785.000000
100.000000,100.000000,0.000000,0.000000,-9050.000000,0.000000,-589.000000
100.000000,-200.000000,0.000000,0.000000,-9193.000000,196.000000,-589.000000
100.000000,-100.000000,0.000000,0.000000,-9257.000000,196.000000,-392.000000
0.000000,200.000000,0.000000,0.000000,-9310.000000,0.000000,-392.000000
-100.000000,0.000000,0.000000,0.000000,-9357.000000,0.000000,-392.000000
-100.000000,-100.000000,0.000000,0.000000,-9302.000000,0.000000,-392.000000
0.000000,-200.000000,0.000000,0.000000,-9215.000000,0.000000,-196.000000
-100.000000,0.000000,0.000000,0.000000,-9179.000000,196.000000,-196.000000
0.000000,-200.000000,0.000000,0.000000,-9116.000000,981.000000,196.000000
0.000000,0.000000,0.000000,0.000000,-8895.000000,1767.000000,0.000000
-200.000000,300.000000,0.000000,0.000000,-8683.000000,2159.000000,196.000000
0.000000,100.000000,0.000000,0.000000,-8439.000000,1767.000000,0.000000
-200.000000,0.000000,0.000000,0.000000,-8123.000000,1767.000000,0.000000
-100.000000,0.000000,0.000000,0.000000,-7712.000000,1767.000000,0.000000
0.000000,0.000000,0.000000,0.000000,-7374.000000,1570.000000,0.000000
0.000000,100.000000,0.000000,0.000000,-7057.000000,1374.000000,0.000000
100.000000,-100.000000,0.000000,0.000000,-6610.000000,1178.000000,0.000000
0.000000,100.000000,0.000000,0.000000,-6159.000000,1374.000000,0.000000
0.000000,0.000000,0.000000,0.000000,-5794.000000,1374.000000,0.000000
-300.000000,100.000000,0.000000,0.000000,-5373.000000,1570.000000,196.000000
-100.000000,100.000000,0.000000,0.000000,-4824.000000,1963.000000,392.000000
-200.000000,0.000000,0.000000,0.000000,-4352.000000,2159.000000,981.000000
-100.000000,0.000000,0.000000,0.000000,-3979.000000,1963.000000,1178.000000
0.000000,0.000000,0.000000,0.000000,-3471.000000,1963.000000,1178.000000
-100.000000,200.000000,0.000000,0.000000,-2913.000000,1767.000000,1178.000000
-100.000000,100.000000,0.000000,0.000000,-2583.000000,1767.000000,981.000000
0.000000,100.000000,0.000000,0.000000,-2224.000000,1374.000000,785.000000
0.000000,-100.000000,0.000000,0.000000,-1794.000000,1374.000000,785.000000
0.000000,100.000000,0.000000,0.000000,-1372.000000,1178.000000,589.000000
0.000000,0.000000,0.000000,0.000000,-1121.000000,1178.000000,589.000000
0.000000,100.000000,0.000000,0.000000,-817.000000,981.000000,196.000000
0.000000,0.000000,0.000000,0.000000,-485.000000,785.000000,196.000000
-100.000000,-100.000000,0.000000,0.000000,-212.000000,785.000000,0.000000
0.000000,0.000000,0.000000,0.000000,-44.000000,785.000000,-196.000000
0.000000,-100.000000,0.000000,0.000000,158.000000,589.000000,0.000000
-100.000000,100.000000,0.000000,0.000000,375.000000,589.000000,196.000000
0.000000,0.000000,0.000000,0.000000,504.000000,785.000000,-196.000000
0.000000,0.000000,0.000000,0.000000,534.000000,392.000000,0.000000
-100.000000,0.000000,0.000000,0.000000,597.000000,589.000000,0.000000
-100.000000,0.000000,0.000000,0.000000,636.000000,392.000000,0.000000
100.000000,-100.000000,0.000000,0.000000,599.000000,196.000000,0.000000
-300.000000,0.000000,0.000000,0.000000,490.000000,196.000000,0.000000
0.000000,100.000000,156.000000,156.000000,407.000000,0.000000,0.000000
0.000000,-300.000000,0.000000,0.000000,303.000000,0.000000,0.000000
0.000000,0.000000,0.000000,0.000000,116.000000,0.000000,-196.000000
0.000000,0.000000,0.000000,0.000000,-144.000000,-196.000000,0.000000
100.000000,-300.000000,0.000000,0.000000,-357.000000,-196.000000,-196.000000
100.000000,0.000000,0.000000,0.000000,-586.000000,0.000000,-589.000000
-100.000000,300.000000,0.000000,0.000000,-946.000000,0.000000,-981.000000
0.000000,100.000000,0.000000,0.000000,-1287.000000,-196.000000,-1570.000000
-100.000000,200.000000,0.000000,0.000000,-1512.000000,-589.000000,-1767.000000
0.000000,0.000000,0.000000,0.000000,-1793.000000,-589.000000,-1374.000000
100.000000,0.000000,0.000000,0.000000,-2180.000000,-785.000000,-1374.000000
100.000000,200.000000,0.000000,0.000000,-2487.000000,-981.000000,-1178.000000
0.000000,0.000000,0.000000,0.000000,-2764.000000,-785.000000,-1178.000000
-200.000000,100.000000,0.000000,0.000000,-3111.000000,-785.000000,-785.000000
-100.000000,100.000000,0.000000,0.000000,-3496.000000,-589.000000,-785.000000
-100.000000,100.000000,0.000000,0.000000,-3832.000000,-589.000000,-981.000000
0.000000,0.000000,0.000000,0.000000,-4157.000000,-392.000000,-981.000000
0.000000,0.000000,0.000000,0.000000,-4497.000000,-589.000000,-1178.000000
-100.000000,0.000000,0.000000,0.000000,-4838.000000,-589.000000,-1178.000000
100.000000,100.000000,0.000000,0.000000,-5155.000000,-392.000000,-1374.000000
-200.000000,200.000000,0.000000,0.000000,-5410.000000,-589.000000,-981.000000
200.000000,300.000000,0.000000,0.000000,-5657.000000,-589.000000,-981.000000
0.000000,0.000000,0.000000,0.000000,-5922.000000,-392.000000,-785.000000
100.000000,100.000000,0.000000,0.000000,-6136.000000,-196.000000,-785.000000
100.000000,0.000000,0.000000,0.000000,-6309.000000,-196.000000,-589.000000
200.000000,-100.000000,0.000000,0.000000,-6500.000000,0.000000,-392.000000
100.000000,100.000000,0.000000,0.000000,-6653.000000,-196.000000,-589.000000
0.000000,0.000000,0.000000,0.000000,-6745.000000,0.000000,-392.000000
100.000000,-400.000000,0.000000,0.000000,-6816.000000,0.000000,-392.000000
100.000000,100.000000,0.000000,0.000000,-6905.000000,0.000000,-392.000000
200.000000,0.000000,0.000000,0.000000,-6928.000000,196.000000,-392.000000
0.000000,-100.000000,0.000000,0.000000,-6904.000000,0.000000,-196.000000
100.000000,0.000000,0.000000,0.000000,-6868.000000,196.000000,0.000000
200.000000,-200.000000,0.000000,0.000000,-6815.000000,0.000000,-196.000000
200.000000,-200.000000,0.000000,0.000000,-6733.000000,0.000000,0.000000
0.000000,0.000000,0.000000,0.000000,-6604.000000,0.000000,196.000000
0.000000,0.000000,0.000000,0.000000,-6460.000000,0.000000,0.000000
0.000000,-100.000000,0.000000,0.000000,-6308.000000,196.000000,196.000000
-200.000000,0.000000,0.000000,0.000000,-6102.000000,0.000000,0.000000
-200.000000,0.000000,0.000000,0.000000,-5901.000000,392.000000,0.000000
0.000000,0.000000,0.000000,0.000000,-5687.000000,981.000000,0.000000
-100.000000,0.000000,0.000000,0.000000,-5475.000000,981.000000,0.000000
300.000000,0.000000,0.000000,0.000000,-5246.000000,981.000000,0.000000
-300.000000,0.000000,0.000000,0.000000,-4995.000000,785.000000,0.000000
0.000000,-100.000000,0.000000,0.000000,-4700.000000,785.000000,0.000000
0.000000,-200.000000,0.000000,0.000000,-4457.000000,785.000000,0.000000
0.000000,-200.000000,0.000000,0.000000,-4202.000000,589.000000,0.000000
0.000000,-200.000000,0.000000,0.000000,-3900.000000,392.000000,0.000000
-100.000000,-100.000000,0.000000,0.000000,-3613.000000,392.000000,196.000000
0.000000,100.000000,0.000000,0.000000,-3351.000000,589.000000,196.000000
-100.000000,0.000000,0.000000,0.000000,-3084.000000,392.000000,392.000000
0.000000,100.000000,0.000000,0.000000,-2821.000000,785.000000,589.000000
0.000000,0.000000,0.000000,0.000000,-2572.000000,589.000000,785.000000
-100.000000,400.000000,0.000000,0.000000,-2358.000000,589.000000,589.000000
-100.000000,200.000000,0.000000,0.000000,-2159.000000,589.000000,392.000000
-100.000000,0.000000,0.000000,0.000000,-1976.000000,589.000000,392.000000
-100.000000,0.000000,0.000000,0.000000,-1784.000000,392.000000,392.000000
0.000000,300.000000,0.000000,0.000000,-1659.000000,196.000000,196.000000
-200.000000,300.000000,0.000000,0.000000,-1539.000000,196.000000,0.000000
100.000000,-200.000000,0.000000,0.000000,-1429.000000,196.000000,-196.000000
-200.000000,0.000000,0.000000,0.000000,-1341.000000,0.000000,0.000000
0.000000,100.000000,0.000000,0.000000,-1313.000000,196.000000,0.000000
-100.000000,-500.000000,0.000000,0.000000,-1287.000000,0.000000,0.000000
0.000000,0.000000,0.000000,0.000000,-1248.000000,0.000000,0.000000
-100.000000,0.000000,0.000000,0.000000,-1257.000000,196.000000,0.000000
0.000000,300.000000,0.000000,0.000000,-1316.000000,0.000000,0.000000
0.000000,100.000000,0.000000,0.000000,-1356.000000,0.000000,0.000000
0.000000,100.000000,0.000000,0.000000,-1415.000000,0.000000,0.000000
0.000000,-100.000000,0.000000,0.000000,-1536.000000,0.000000,-196.000000
0.000000,-100.000000,0.000000,0.000000,-1651.000000,0.000000,0.000000
100.000000,-200.000000,0.000000,0.000000,-1783.000000,-196.000000,0.000000
0.000000,100.000000,0.000000,0.000000,-1926.000000,-196.000000,-196.000000
200.000000,-300.000000,0.000000,0.000000,-2114.000000,0.000000,-392.000000
100.000000,0.000000,0.000000,0.000000,-2311.000000,0.000000,-589.000000
100.000000,400.000000,0.000000,0.000000,-2485.000000,-196.000000,-981.000000
0.000000,-100.000000,0.000000,0.000000,-2636.000000,-196.000000,-1178.000000
0.000000,300.000000,0.000000,0.000000,-2818.000000,-392.000000,-981.000000
-100.000000,0.000000,0.000000,0.000000,-2989.000000,-785.000000,-785.000000
0.000000,400.000000,0.000000,0.000000,-3178.000000,-589.000000,-785.000000
100.000000,100.000000,0.000000,0.000000,-3354.000000,-589.000000,-589.000000
100.000000,400.000000,0.000000,0.000000,-3531.000000,-589.000000,-392.000000
-100.000000,0.000000,0.000000,0.000000,-3690.000000,-392.000000,-392.000000
0.000000,100.000000,0.000000,0.000000,-3876.000000,-196.000000,-196.000000
0.000000,-100.000000,0.000000,0.000000,-4050.000000,-196.000000,-196.000000
-100.000000,100.000000,0.000000,0.000000,-4185.000000,-196.000000,-392.000000
0.000000,300.000000,0.000000,0.000000,-4312.000000,-196.000000,-589.000000
0.000000,200.000000,0.000000,0.000000,-4425.000000,-392.000000,-589.000000
0.000000,0.000000,0.000000,0.000000,-4531.000000,-392.000000,-392.000000
-100.000000,0.000000,0.000000,0.000000,-4667.000000,-392.000000,-392.000000
-200.000000,100.000000,0.000000,0.000000,-4787.000000,-392.000000,-392.000000
200.000000,0.000000,0.000000,0.000000,-4826.000000,0.000000,-196.000000
0.000000,-200.000000,0.000000,0.000000,-4851.000000,-196.000000,0.000000
-200.000000,0.000000,0.000000,0.000000,-4921.000000,0.000000,0.000000
0.000000,-200.000000,0.000000,0.000000,-4959.000000,0.000000,0.000000
0.000000,-100.000000,0.000000,0.000000,-4945.000000,0.000000,0.000000
-100.000000,-300.000000,0.000000,0.000000,-4933.000000,0.000000,0.000000
0.000000,0.000000,0.000000,0.000000,-4929.000000,196.000000,0.000000
-100.000000,0.000000,0.000000,0.000000,-4890.000000,0.000000,0.000000
0.000000,0.000000,0.000000,0.000000,-4842.000000,0.000000,0.000000
-100.000000,0.000000,0.000000,0.000000,-4754.000000,0.000000,0.000000
-100.000000,100.000000,0.000000,0.000000,-4670.000000,0.000000,0.000000
0.000000,-300.000000,0.000000,0.000000,-4604.000000,0.000000,0.000000
-200.000000,-100.000000,0.000000,0.000000,-4511.000000,0.000000,0.000000
-200.000000,0.000000,0.000000,0.000000,-4390.000000,196.000000,0.000000
-300.000000,-100.000000,0.000000,0.000000,-4285.000000,196.000000,196.000000
0.000000,-200.000000,0.000000,0.000000,-4188.000000,0.000000,0.000000
0.000000,-400.000000,0.000000,0.000000,-4060.000000,0.000000,196.000000
0.000000,-100.000000,0.000000,0.000000,-3931.000000,0.000000,0.000000
0.000000,0.000000,0.000000,0.000000,-3815.000000,0.000000,0.000000
-100.000000,0.000000,0.000000,0.000000,-3694.000000,0.000000,0.000000
-200.000000,0.000000,0.000000,0.000000,-3543.000000,0.000000,0.000000
0.000000,0.000000,0.000000,0.000000,-3421.000000,0.000000,0.000000
-200.000000,300.000000,0.000000,0.000000,-3318.000000,0.000000,0.000000
-200.000000,100.000000,0.000000,0.000000,-3213.000000,196.000000,0.000000
-300.000000,-100.000000,0.000000,0.000000,-3090.000000,196.000000,0.000000
-100.000000,0.000000,78.000000,78.000000,-2996.000000,196.000000,0.000000
0.000000,-100.000000,0.000000,0.000000,-2925.000000,196.000000,0.000000
0.000000,200.000000,0.000000,0.000000,-2836.000000,196.000000,0.000000
0.000000,-200.000000,0.000000,0.000000,-2756.000000,0.000000,0.000000
0.000000,-100.000000,0.000000,0.000000,-2704.000000,0.000000,0.000000
-100.000000,0.000000,0.000000,0.000000,-2651.000000,0.000000,0.000000
0.000000,-200.000000,78.000000,78.000000,-2607.000000,196.000000,0.000000
200.000000,100.000000,0.000000,0.000000,-2570.000000,0.000000,0.000000
0.000000,200.000000,0.000000,0.000000,-2566.000000,0.000000,0.000000
-300.000000,-100.000000,0.000000,0.000000,-2576.000000,0.000000,0.000000
0.000000,100.000000,0.000000,0.000000,-2571.000000,0.000000,0.000000
100.000000,-200.000000,0.000000,0.000000,-2589.000000,-196.000000,0.000000
0.000000,-200.000000,0.000000,0.000000,-2622.000000,0.000000,0.000000
-100.000000,-200.000000,0.000000,0.000000,-2671.000000,0.000000,0.000000
0.000000,-200.000000,0.000000,0.000000,-2700.000000,0.000000,0.000000
0.000000,0.000000,0.000000,0.000000,-2753.000000,0.000000,0.000000
100.000000,-100.000000,0.000000,0.000000,-2813.000000,0.000000,0.000000
-100.000000,0.000000,0.000000,0.000000,-2873.000000,0.000000,0.000000
100.000000,-100.000000,0.000000,0.000000,-2940.000000,0.000000,0.000000
100.000000,-200.000000,0.000000,0.000000,-3037.000000,0.000000,0.000000
0.000000,-300.000000,0.000000,0.000000,-3135.000000,0.000000,0.000000
-200.000000,100.000000,0.000000,0.000000,-3212.000000,0.000000,0.000000
-100.000000,-100.000000,0.000000,0.000000,-3313.000000,0.000000,0.000000
-200.000000,0.000000,0.000000,0.000000,-3413.000000,-196.000000,0.000000
-100.000000,-200.000000,0.000000,0.000000,-3492.000000,0.000000,0.000000
-200.000000,-300.000000,0.000000,0.000000,-3588.000000,-196.000000,-196.000000
-200.000000,-100.000000,0.000000,0.000000,-3679.000000,0.000000,0.000000
-100.000000,-100.000000,0.000000,0.000000,-3755.000000,0.000000,-196.000000
0.000000,-200.000000,0.000000,0.000000,-3840.000000,0.000000,0.000000
0.000000,0.000000,156.000000,156.000000,-3913.000000,0.000000,0.000000
-100.000000,0.000000,0.000000,0.000000,-3962.000000,0.000000,0.000000
-200.000000,0.000000,0.000000,0.000000,-4034.000000,-196.000000,0.000000
0.000000,400.000000,0.000000,0.000000,-4101.000000,0.000000,0.000000
0.000000,0.000000,0.000000,0.000000,-4139.000000,0.000000,0.000000
-200.000000,-200.000000,0.000000,0.000000,-4193.000000,0.000000,0.000000
0.000000,0.000000,0.000000,0.000000,-4246.000000,0.000000,0.000000
100.000000,0.000000,0.000000,0.000000,-4272.000000,0.000000,0.000000
-200.000000,100.000000,0.000000,0.000000,-4278.000000,0.000000,0.000000
-100.000000,-100.000000,0.000000,0.000000,-4301.000000,0.000000,0.000000
-100.000000,0.000000,0.000000,0.000000,-4286.000000,0.000000,0.000000
0.000000,-200.000000,0.000000,0.000000,-4280.000000,0.000000,0.000000
-200.000000,0.000000,0.000000,0.000000,-4253.000000,0.000000,0.000000
-100.000000,-100.000000,0.000000,0.000000,-4206.000000,0.000000,0.000000
-200.000000,-200.000000,0.000000,0.000000,-4179.000000,0.000000,0.000000
0.000000,-200.000000,0.000000,0.000000,-4135.000000,0.000000,0.000000
0.000000,-100.000000,0.000000,0.000000,-4089.000000,196.000000,0.000000
-200.000000,-200.000000,0.000000,0.000000,-4039.000000,196.000000,0.000000
0.000000,-200.000000,0.000000,0.000000,-3986.000000,0.000000,0.000000
0.000000,0.000000,156.000000,156.000000,-3916.000000,0.000000,0.000000
0.000000,-100.000000,0.000000,0.000000,-3832.000000,0.000000,196.000000
-200.000000,100.000000,0.000000,0.000000,-3753.000000,0.000000,196.000000
0.000000,0.000000,0.000000,0.000000,-3684.000000,0.000000,0.000000
-500.000000,-100.000000,0.000000,0.000000,-3606.000000,0.000000,0.000000
0.000000,0.000000,0.000000,0.000000,-3538.000000,0.000000,0.000000
0.000000,-100.000000,0.000000,0.000000,-3467.000000,0.000000,0.000000
-200.000000,-200.000000,0.000000,0.000000,-3406.000000,0.000000,0.000000
-200.000000,-300.000000,156.000000,156.000000,-3324.000000,0.000000,0.000000
-100.000000,200.000000,0.000000,0.000000,-3258.000000,0.000000,0.000000
0.000000,0.000000,0.000000,0.000000,-3197.000000,0.000000,0.000000
-200.000000,0.000000,0.000000,0.000000,-3148.000000,0.000000,0.000000
0.000000,0.000000,0.000000,0.000000,-3112.000000,0.000000,0.000000
-200.000000,-100.000000,0.000000,0.000000,-3064.000000,196.000000,0.000000
200.000000,0.000000,0.000000,0.000000,-3045.000000,0.000000,0.000000
-200.000000,0.000000,0.000000,0.000000,-3023.000000,0.000000,0.000000
-200.000000,0.000000,0.000000,0.000000,-3013.000000,0.000000,0.000000
-100.000000,0.000000,0.000000,0.000000,-2995.000000,0.000000,0.000000
-100.000000,-100.000000,0.000000,0.000000,-2994.000000,0.000000,0.000000
0.000000,0.000000,0.000000,0.000000,-2992.000000,0.000000,0.000000
-100.000000,0.000000,0.000000,0.000000,-2986.000000,0.000000,0.000000
0.000000,-300.000000,0.000000,0.000000,-3012.000000,0.000000,0.000000
-100.000000,-100.000000,0.000000,0.000000,-3033.000000,0.000000,0.000000
-100.000000,-100.000000,0.000000,0.000000,-3053.000000,0.000000,0.000000
-300.000000,-100.000000,0.000000,0.000000,-3104.000000,0.000000,0.000000
-100.000000,-300.000000,0.000000,0.000000,-3136.000000,0.000000,0.000000
-200.000000,0.000000,0.000000,0.000000,-3174.000000,0.000000,0.000000
-100.000000,-300.000000,0.000000,0.000000,-3219.000000,0.000000,0.000000
0.000000,-100.000000,0.000000,0.000000,-3272.000000,0.000000,0.000000
0.000000,-200.000000,0.000000,0.000000,-3322.000000,0.000000,0.000000
-100.000000,-200.000000,0.000000,0.000000,-3375.000000,0.000000,0.000000
0.000000,-100.000000,0.000000,0.000000,-3425.000000,0.000000,0.000000
0.000000,0.000000,0.000000,0.000000,-3487.000000,0.000000,0.000000
-100.000000,-300.000000,0.000000,0.000000,-3554.000000,0.000000,0.000000
-100.000000,-100.000000,0.000000,0.000000,-3598.000000,0.000000,0.000000
0.000000,-400.000000,0.000000,0.000000,-3650.000000,0.000000,0.000000
200.000000,0.000000,0.000000,0.000000,-3718.000000,0.000000,0.000000
0.000000,100.000000,0.000000,0.000000,-3762.000000,0.000000,0.000000
0.000000,-100.000000,0.000000,0.000000,-3800.000000,-196.000000,0.000000
100.000000,0.000000,0.000000,0.000000,-3854.000000,0.000000,0.000000
0.000000,-100.000000,0.000000,0.000000,-3905.000000,0.000000,-196.000000
-100.000000,0.000000,0.000000,0.000000,-3951.000000,0.000000,0.000000
-100.000000,-200.000000,0.000000,0.000000,-3991.000000,0.000000,-196.000000
-100.000000,0.000000,0.000000,0.000000,-4020.000000,0.000000,0.000000
-200.000000,0.000000,0.000000,0.000000,-4049.000000,0.000000,0.000000
-100.000000,-100.000000,0.000000,0.000000,-4057.000000,0.000000,0.000000
-100.000000,0.000000,0.000000,0.000000,-4071.000000,0.000000,0.000000
0.000000,-100.000000,0.000000,0.000000,-4062.000000,0.000000,0.000000
100.000000,-300.000000,0.000000,0.000000,-4062.000000,0.000000,0.000000
-200.000000,100.000000,0.000000,0.000000,-4061.000000,0.000000,0.000000
0.000000,-100.000000,0.000000,0.000000,-4053.000000,0.000000,0.000000
-100.000000,0.000000,0.000000,0.000000,-4043.000000,0.000000,0.000000
0.000000,0.000000,0.000000,0.000000,-4029.000000,196.000000,0.000000
100.000000,-100.000000,0.000000,0.000000,-4001.000000,0.000000,0.000000
0.000000,0.000000,0.000000,0.000000,-3981.000000,0.000000,0.000000
0.000000,-200.000000,0.000000,0.000000,-3953.000000,0.000000,0.000000
0.000000,-200.000000,0.000000,0.000000,-3897.000000,0.000000,0.000000
-100.000000,-200.000000,0.000000,0.000000,-3859.000000,0.000000,0.000000
-200.000000,-100.000000,0.000000,0.000000,-3826.000000,0.000000,196.000000
-100.000000,-300.000000,0.000000,0.000000,-3773.000000,0.000000,0.000000
-100.000000,-100.000000,0.000000,0.000000,-3730.000000,0.000000,0.000000
-200.000000,-200.000000,0.000000,0.000000,-3685.000000,0.000000,196.000000
0.000000,-200.000000,0.000000,0.000000,-3628.000000,0.000000,0.000000
0.000000,0.000000,0.000000,0.000000,-3591.000000,0.000000,0.000000
100.000000,-200.000000,0.000000,0.000000,-3549.000000,0.000000,0.000000
-100.000000,-200.000000,0.000000,0.000000,-3522.000000,0.000000,0.000000
0.000000,-200.000000,0.000000,0.000000,-3477.000000,0.000000,0.000000
0.000000,0.000000,0.000000,0.000000,-3440.000000,0.000000,0.000000
-100.000000,0.000000,0.000000,0.000000,-3411.000000,0.000000,0.000000
-200.000000,0.000000,0.000000,0.000000,-3378.000000,0.000000,0.000000
-100.000000,-100.000000,0.000000,0.000000,-3359.000000,0.000000,0.000000
100.000000,-100.000000,0.000000,0.000000,-3328.000000,0.000000,0.000000
-100.000000,0.000000,0.000000,0.000000,-3304.000000,0.000000,0.000000
-100.000000,0.000000,0.000000,0.000000,-3280.000000,0.000000,0.000000
0.000000,-100.000000,0.000000,0.000000,-3255.000000,0.000000,0.000000
-200.000000,-100.000000,0.000000,0.000000,-3236.000000,0.000000,0.000000
-200.000000,-300.000000,0.000000,0.000000,-3244.000000,0.000000,0.000000
0.000000,-100.000000,0.000000,0.000000,-3225.000000,0.000000,0.000000
0.000000,0.000000,0.000000,0.000000,-3230.000000,0.000000,0.000000
-200.000000,0.000000,0.000000,0.000000,-3226.000000,0.000000,0.000000
0.000000,-200.000000,0.000000,0.000000,-3230.000000,0.000000,0.000000
0.000000,0.000000,0.000000,0.000000,-3244.000000,0.000000,0.000000
0.000000,-100.000000,0.000000,0.000000,-3255.000000,0.000000,0.000000
-100.000000,0.000000,0.000000,0.000000,-3287.000000,0.000000,0.000000
0.000000,0.000000,0.000000,0.000000,-3292.000000,0.000000,0.000000
-200.000000,-100.000000,0.000000,0.000000,-3303.000000,0.000000,0.000000
0.000000,0.000000,0.000000,0.000000,-3318.000000,0.000000,0.000000
0.000000,-200.000000,0.000000,0.000000,-3342.000000,0.000000,0.000000
0.000000,-200.000000,0.000000,0.000000,-3373.000000,0.000000,0.000000
0.000000,-300.000000,0.000000,0.000000,-3408.000000,0.000000,0.000000
-100.000000,0.000000,0.000000,0.000000,-3437.000000,0.000000,0.000000
-100.000000,0.000000,0.000000,0.000000,-3470.000000,0.000000,0.000000
-100.000000,100.000000,0.000000,0.000000,-3488.000000,0.000000,0.000000
0.000000,0.000000,0.000000,0.000000,-3518.000000,0.000000,0.000000
0.000000,-100.000000,0.000000,0.000000,-3548.000000,0.000000,0.000000
0.000000,0.000000,0.000000,0.000000,-3568.000000,0.000000,0.000000
0.000000,-300.000000,0.000000,0.000000,-3598.000000,0.000000,-196.000000
0.000000,0.000000,0.000000,0.000000,-3622.000000,0.000000,0.000000
0.000000,-200.000000,0.000000,0.000000,-3655.000000,0.000000,0.000000
-100.000000,-100.000000,0.000000,0.000000,-3681.000000,0.000000,-196.000000
-100.000000,0.000000,0.000000,0.000000,-3697.000000,0.000000,0.000000
0.000000,0.000000,0.000000,0.000000,-3719.000000,0.000000,0.000000
100.000000,0.000000,0.000000,0.000000,-3743.000000,0.000000,0.000000
-200.000000,100.000000,0.000000,0.000000,-3752.000000,0.000000,0.000000
0.000000,0.000000,0.000000,0.000000,-3767.000000,0.000000,0.000000
-200.000000,-100.000000,0.000000,0.000000,-3782.000000,0.000000,0.000000
100.000000,0.000000,0.000000,0.000000,-3786.000000,0.000000,0.000000
-100.000000,0.000000,0.000000,0.000000,-3768.000000,0.000000,0.000000
0.000000,-100.000000,0.000000,0.000000,-3773.000000,0.000000,0.000000
0.000000,-200.000000,0.000000,0.000000,-3784.000000,0.000000,0.000000
0.000000,0.000000,0.000000,0.000000,-3774.000000,0.000000,0.000000
-200.000000,0.000000,0.000000,0.000000,-3776.000000,0.000000,196.000000
0.000000,0.000000,0.000000,0.000000,-3766.000000,0.000000,0.000000
-100.000000,0.000000,0.000000,0.000000,-3735.000000,0.000000,0.000000
-100.000000,0.000000,0.000000,0.000000,-3727.000000,0.000000,0.000000
0.000000,0.000000,0.000000,0.000000,-3714.000000,0.000000,196.000000
-100.000000,0.000000,0.000000,0.000000,-3699.000000,0.000000,0.000000
-200.000000,-200.000000,0.000000,0.000000,-3674.000000,0.000000,0.000000
-100.000000,-200.000000,0.000000,0.000000,-3658.000000,0.000000,0.000000
-100.000000,0.000000,0.000000,0.000000,-3646.000000,0.000000,0.000000
-100.000000,0.000000,0.000000,0.000000,-3622.000000,0.000000,0.000000
0.000000,0.000000,0.000000,0.000000,-3594.000000,0.000000,0.000000
-100.000000,-100.000000,0.000000,0.000000,-3567.000000,0.000000,0.000000
0.000000,-100.000000,156.000000,156.000000,-3540.000000,0.000000,0.000000
100.000000,300.000000,0.000000,0.000000,-3524.000000,0.000000,0.000000
0.000000,-300.000000,0.000000,0.000000,-3516.000000,0.000000,0.000000
0.000000,-200.000000,0.000000,0.000000,-3492.000000,0.000000,0.000000
0.000000,0.000000,0.000000,0.000000,-3467.000000,0.000000,0.000000
-100.000000,0.000000,0.000000,0.000000,-3455.000000,0.000000,0.000000
-200.000000,-200.000000,0.000000,0.000000,-3437.000000,0.000000,0.000000
0.000000,0.000000,0.000000,0.000000,-3435.000000,0.000000,0.000000
0.000000,0.000000,0.000000,0.000000,-3413.000000,0.000000,0.000000
300.000000,-100.000000,0.000000,0.000000,-3400.000000,0.000000,0.000000
-100.000000,0.000000,0.000000,0.000000,-3387.000000,0.000000,0.000000
-100.000000,-300.000000,0.000000,0.000000,-3380.000000,0.000000,0.000000
0.000000,-300.000000,0.000000,0.000000,-3372.000000,0.000000,0.000000
-200.000000,-200.000000,0.000000,0.000000,-3389.000000,0.000000,0.000000
0.000000,100.000000,0.000000,0.000000,-3369.000000,0.000000,0.000000
0.000000,-300.000000,0.000000,0.000000,-3374.000000,0.000000,0.000000
0.000000,0.000000,0.000000,0.000000,-3369.000000,0.000000,0.000000
-100.000000,-100.000000,0.000000,0.000000,-3375.000000,0.000000,0.000000
-200.000000,-100.000000,0.000000,0.000000,-3381.000000,0.000000,0.000000
0.000000,-200.000000,0.000000,0.000000,-3403.000000,0.000000,0.000000
0.000000,-200.000000,0.000000,0.000000,-3422.000000,0.000000,0.000000
0.000000,0.000000,0.000000,0.000000,-3428.000000,0.000000,0.000000
100.000000,-100.000000,0.000000,0.000000,-3444.000000,0.000000,0.000000
0.000000,0.000000,0.000000,0.000000,-3466.000000,0.000000,0.000000
-100.000000,-200.000000,0.000000,0.000000,-3476.000000,0.000000,0.000000
0.000000,0.000000,0.000000,0.000000,-3500.000000,0.000000,0.000000
-100.000000,100.000000,0.000000,0.000000,-3526.000000,0.000000,0.000000
-100.000000,-300.000000,0.000000,0.000000,-3545.000000,0.000000,0.000000
-100.000000,0.000000,0.000000,0.000000,-3559.000000,0.000000,0.000000
0.000000,0.000000,0.000000,0.000000,-3582.000000,0.000000,0.000000
0.000000,0.000000,0.000000,0.000000,-3594.000000,0.000000,0.000000
-100.000000,-400.000000,0.000000,0.000000,-3604.000000,0.000000,0.000000
-100.000000,0.000000,0.000000,0.000000,-3615.000000,0.000000,0.000000
-100.000000,-200.000000,0.000000,0.000000,-3635.000000,0.000000,0.000000
0.000000,-100.000000,0.000000,0.000000,-3649.000000,0.000000,-196.000000
0.000000,-400.000000,0.000000,0.000000,-3661.000000,0.000000,0.000000
-100.000000,200.000000,0.000000,0.000000,-3659.000000,0.000000,0.000000
0.000000,0.000000,0.000000,0.000000,-3662.000000,0.000000,0.000000
-100.000000,-100.000000,0.000000,0.000000,-3663.000000,0.000000,0.000000
100.000000,-200.000000,156.000000,156.000000,-3672.000000,0.000000,0.000000
100.000000,200.000000,0.000000,0.000000,-3683.000000,0.000000,0.000000
-200.000000,-200.000000,0.000000,0.000000,-3687.000000,0.000000,0.000000
-200.000000,-300.000000,78.000000,78.000000,-3696.000000,0.000000,0.000000
100.000000,-300.000000,0.000000,0.000000,-3691.000000,0.000000,0.000000
300.000000,0.000000,0.000000,0.000000,-3695.000000,0.000000,0.000000
0.000000,-200.000000,0.000000,0.000000,-3689.000000,0.000000,0.000000
100.000000,0.000000,0.000000,0.000000,-3687.000000,0.000000,0.000000
-200.000000,-100.000000,0.000000,0.000000,-3679.000000,0.000000,0.000000
-100.000000,-100.000000,0.000000,0.000000,-3666.000000,0.000000,0.000000
-100.000000,-100.000000,0.000000,0.000000,-3664.000000,0.000000,196.000000
-200.000000,-100.000000,0.000000,0.000000,-3661.000000,0.000000,0.000000
-200.000000,-100.000000,0.000000,0.000000,-3655.000000,0.000000,0.000000
100.000000,-100.000000,156.000000,156.000000,-3642.000000,0.000000,0.000000
-500.000000,200.000000,0.000000,0.000000,-3637.000000,0.000000,0.000000
100.000000,0.000000,0.000000,0.000000,-3610.000000,0.000000,0.000000
0.000000,0.000000,0.000000,0.000000,-3605.000000,0.000000,0.000000
100.000000,-200.000000,0.000000,0.000000,-3583.000000,0.000000,0.000000
0.000000,0.000000,0.000000,0.000000,-3565.000000,0.000000,0.000000
100.000000,-200.000000,0.000000,0.000000,-3536.000000,0.000000,0.000000
-100.000000,0.000000,0.000000,0.000000,-3518.000000,0.000000,0.000000
200.000000,-200.000000,0.000000,0.000000,-3503.000000,0.000000,0.000000
0.000000,-200.000000,0.000000,0.000000,-3489.000000,0.000000,0.000000
-200.000000,-200.000000,0.000000,0.000000,-3469.000000,0.000000,0.000000
0.000000,-200.000000,0.000000,0.000000,-3458.000000,0.000000,0.000000
-200.000000,-200.000000,0.000000,0.000000,-3441.000000,0.000000,0.000000
-100.000000,0.000000,0.000000,0.000000,-3427.000000,0.000000,0.000000
0.000000,-200.000000,0.000000,0.000000,-3418.000000,0.000000,0.000000
0.000000,0.000000,0.000000,0.000000,-3427.000000,0.000000,0.000000
0.000000,-100.000000,0.000000,0.000000,-3423.000000,0.000000,0.000000
0.000000,-200.000000,0.000000,0.000000,-3419.000000,0.000000,0.000000
-300.000000,100.000000,0.000000,0.000000,-3426.000000,0.000000,0.000000
-200.000000,0.000000,0.000000,0.000000,-3425.000000,0.000000,0.000000
0.000000,-100.000000,0.000000,0.000000,-3429.000000,0.000000,0.000000
0.000000,0.000000,0.000000,0.000000,-3426.000000,0.000000,0.000000
-100.000000,-200.000000,0.000000,0.000000,-3449.000000,0.000000,0.000000
200.000000,-300.000000,0.000000,0.000000,-3446.000000,0.000000,0.000000
200.000000,-200.000000,78.000000,78.000000,-3450.000000,0.000000,0.000000
-100.000000,200.000000,0.000000,0.000000,-3452.000000,0.000000,0.000000
0.000000,-100.000000,0.000000,0.000000,-3473.000000,0.000000,0.000000
-100.000000,-200.000000,0.000000,0.000000,-3485.000000,0.000000,0.000000
300.000000,0.000000,0.000000,0.000000,-3497.000000,0.000000,0.000000
-200.000000,-100.000000,0.000000,0.000000,-3524.000000,0.000000,0.000000
-100.000000,-100.000000,0.000000,0.000000,-3531.000000,0.000000,0.000000
-300.000000,0.000000,0.000000,0.000000,-3536.000000,0.000000,0.000000
0.000000,100.000000,0.000000,0.000000,-3542.000000,0.000000,0.000000
-200.000000,-100.000000,0.000000,0.000000,-3551.000000,0.000000,0.000000
100.000000,0.000000,78.000000,78.000000,-3551.000000,0.000000,0.000000
0.000000,0.000000,0.000000,0.000000,-3568.000000,0.000000,0.000000
-200.000000,-200.000000,0.000000,0.000000,-3572.000000,0.000000,0.000000
-300.000000,-100.000000,0.000000,0.000000,-3589.000000,0.000000,0.000000
-200.000000,0.000000,0.000000,0.000000,-3604.000000,0.000000,0.000000
-100.000000,0.000000,0.000000,0.000000,-3602.000000,0.000000,0.000000
-100.000000,0.000000,0.000000,0.000000,-3629.000000,0.000000,0.000000
-200.000000,-100.000000,0.000000,0.000000,-3638.000000,0.000000,0.000000
0.000000,0.000000,0.000000,0.000000,-3646.000000,0.000000,0.000000
-400.000000,-300.000000,156.000000,156.000000,-3654.000000,0.000000,0.000000
-100.000000,100.000000,0.000000,0.000000,-3648.000000,0.000000,0.000000
-200.000000,0.000000,0.000000,0.000000,-3644.000000,0.000000,0.000000
100.000000,0.000000,0.000000,0.000000,-3642.000000,0.000000,0.000000
-100.000000,0.000000,0.000000,0.000000,-3637.000000,0.000000,0.000000
0.000000,0.000000,0.000000,0.000000,-3622.000000,0.000000,0.000000
-200.000000,-200.000000,0.000000,0.000000,-3620.000000,0.000000,0.000000
-200.000000,-300.000000,0.000000,0.000000,-3607.000000,0.000000,0.000000
0.000000,-400.000000,0.000000,0.000000,-3595.000000,0.000000,0.000000
-200.000000,-200.000000,0.000000,0.000000,-3578.000000,0.000000,0.000000
100.000000,-200.000000,0.000000,0.000000,-3576.000000,0.000000,0.000000
-300.000000,-100.000000,0.000000,0.000000,-3561.000000,0.000000,0.000000
-100.000000,-100.000000,0.000000,0.000000,-3559.000000,0.000000,0.000000
-100.000000,0.000000,0.000000,0.000000,-3540.000000,0.000000,0.000000
-100.000000,-100.000000,0.000000,0.000000,-3535.000000,0.000000,0.000000
-200.000000,-100.000000,0.000000,0.000000,-3516.000000,0.000000,0.000000
-100.000000,100.000000,0.000000,0.000000,-3512.000000,0.000000,0.000000
200.000000,-100.000000,0.000000,0.000000,-3496.000000,0.000000,0.000000
100.000000,-100.000000,0.000000,0.000000,-3480.000000,0.000000,0.000000
-200.000000,-200.000000,0.000000,0.000000,-3472.000000,0.000000,0.000000
0.000000,-100.000000,0.000000,0.000000,-3481.000000,0.000000,0.000000
0.000000,-100.000000,0.000000,0.000000,-3476.000000,0.000000,0.000000
0.000000,-400.000000,78.000000,78.000000,-3472.000000,0.000000,0.000000
0.000000,200.000000,0.000000,0.000000,-3461.000000,0.000000,0.000000
-200.000000,-100.000000,0.000000,0.000000,-3452.000000,0.000000,0.000000
-200.000000,-100.000000,0.000000,0.000000,-3446.000000,0.000000,0.000000
-100.000000,-200.000000,0.000000,0.000000,-3452.000000,0.000000,0.000000
-100.000000,-300.000000,0.000000,0.000000,-3448.000000,0.000000,0.000000
-100.000000,-200.000000,0.000000,0.000000,-3454.000000,0.000000,0.000000
100.000000,-100.000000,0.000000,0.000000,-3439.000000,0.000000,0.000000
-100.000000,0.000000,0.000000,0.000000,-3452.000000,0.000000,0.000000
0.000000,-100.000000,0.000000,0.000000,-3466.000000,0.000000,0.000000
100.000000,-100.000000,0.000000,0.000000,-3472.000000,0.000000,0.000000
-200.000000,-100.000000,0.000000,0.000000,-3486.000000,0.000000,0.000000
100.000000,0.000000,0.000000,0.000000,-3491.000000,0.000000,0.000000
0.000000,-400.000000,0.000000,0.000000,-3497.000000,0.000000,0.000000
-200.000000,-300.000000,0.000000,0.000000,-3499.000000,0.000000,0.000000
-100.000000,-100.000000,0.000000,0.000000,-3528.000000,0.000000,0.000000
-100.000000,0.000000,0.000000,0.000000,-3544.000000,0.000000,0.000000
-100.000000,0.000000,0.000000,0.000000,-3553.000000,0.000000,0.000000
0.000000,-100.000000,0.000000,0.000000,-3565.000000,0.000000,0.000000
