Channel 1,Channel 2,Channel 3,Channel 4,Channel 5,Channel 6,Channel 7
-100.000000,-100.000000,0.000000,0.000000,-3650.000000,0.000000,0.000000
0.000000,0.000000,0.000000,0.000000,-3671.000000,0.000000,0.000000
-100.000000,0.000000,0.000000,0.000000,-3673.000000,0.000000,0.000000
-100.000000,100.000000,0.000000,0.000000,-3667.000000,0.000000,0.000000
-200.000000,-200.000000,0.000000,0.000000,-3668.000000,0.000000,0.000000
-200.000000,-200.000000,0.000000,0.000000,-3661.000000,0.000000,0.000000
-600.000000,100.000000,0.000000,0.000000,-3652.000000,0.000000,0.000000
-200.000000,0.000000,0.000000,0.000000,-3663.000000,0.000000,0.000000
-200.000000,-100.000000,0.000000,0.000000,-3663.000000,0.000000,0.000000
-200.000000,-100.000000,0.000000,0.000000,-3659.000000,0.000000,0.000000
-100.000000,-100.000000,0.000000,0.000000,-3653.000000,0.000000,0.000000
-100.000000,-300.000000,0.000000,0.000000,-3647.000000,0.000000,0.000000
0.000000,-200.000000,0.000000,0.000000,-3646.000000,0.000000,0.000000
-300.000000,-300.000000,0.000000,0.000000,-3643.000000,0.000000,0.000000
0.000000,-300.000000,0.000000,0.000000,-3635.000000,0.000000,0.000000
0.000000,-200.000000,0.000000,0.000000,-3630.000000,0.000000,0.000000
-200.000000,0.000000,0.000000,0.000000,-3623.000000,0.000000,0.000000
-100.000000,0.000000,0.000000,0.000000,-3625.000000,0.000000,0.000000
-200.000000,-100.000000,0.000000,0.000000,-3614.000000,0.000000,0.000000
-200.000000,-100.000000,0.000000,0.000000,-3608.000000,0.000000,0.000000
0.000000,0.000000,0.000000,0.000000,-3601.000000,0.000000,0.000000
0.000000,0.000000,156.000000,156.000000,-3593.000000,0.000000,0.000000
0.000000,0.000000,0.000000,0.000000,-3586.000000,0.000000,0.000000
0.000000,0.000000,0.000000,0.000000,-3581.000000,0.000000,0.000000
0.000000,-100.000000,0.000000,0.000000,-3569.000000,0.000000,0.000000
0.000000,-300.000000,156.000000,156.000000,-3553.000000,0.000000,0.000000
-300.000000,0.000000,76.000000,78.000000,-3543.000000,0.000000,0.000000
0.000000,0.000000,0.000000,0.000000,-3513.000000,0.000000,0.000000
-200.000000,-200.000000,0.000000,0.000000,-3521.000000,0.000000,0.000000
0.000000,-100.000000,0.000000,0.000000,-3511.000000,0.000000,0.000000
-100.000000,0.000000,156.000000,156.000000,-3521.000000,0.000000,0.000000
-100.000000,300.000000,0.000000,0.000000,-3509.000000,0.000000,0.000000
100.000000,-100.000000,0.000000,0.000000,-3518.000000,0.000000,0.000000
0.000000,300.000000,0.000000,0.000000,-3536.000000,0.000000,0.000000
-200.000000,0.000000,0.000000,0.000000,-3554.000000,0.000000,0.000000
-200.000000,-100.000000,0.000000,0.000000,-3575.000000,0.000000,0.000000
0.000000,0.000000,0.000000,0.000000,-3591.000000,0.000000,0.000000
0.000000,-100.000000,0.000000,0.000000,-3610.000000,0.000000,0.000000
0.000000,0.000000,78.000000,78.000000,-3637.000000,0.000000,0.000000
0.000000,-100.000000,0.000000,0.000000,-3663.000000,0.000000,0.000000
300.000000,-300.000000,0.000000,0.000000,-3684.000000,0.000000,0.000000
0.000000,-200.000000,0.000000,0.000000,-3683.000000,0.000000,0.000000
-100.000000,-300.000000,0.000000,0.000000,-3673.000000,0.000000,0.000000
-100.000000,0.000000,78.000000,78.000000,-3639.000000,0.000000,0.000000
0.000000,0.000000,0.000000,0.000000,-3625.000000,0.000000,0.000000
-100.000000,-100.000000,0.000000,0.000000,-3626.000000,0.000000,0.000000
0.000000,-100.000000,0.000000,0.000000,-3615.000000,0.000000,-196.000000
-200.000000,-200.000000,0.000000,0.000000,-3616.000000,0.000000,0.000000
-300.000000,-100.000000,0.000000,0.000000,-3613.000000,0.000000,0.000000
-200.000000,0.000000,0.000000,0.000000,-3636.000000,0.000000,0.000000
0.000000,0.000000,0.000000,0.000000,-3636.000000,0.000000,0.000000
-200.000000,-200.000000,0.000000,0.000000,-3625.000000,0.000000,0.000000
-100.000000,-100.000000,0.000000,0.000000,-3632.000000,0.000000,0.000000
-100.000000,0.000000,0.000000,0.000000,-3640.000000,0.000000,0.000000
-200.000000,-100.000000,0.000000,0.000000,-3645.000000,0.000000,0.000000
-300.000000,0.000000,0.000000,0.000000,-3652.000000,0.000000,0.000000
-200.000000,-200.000000,0.000000,0.000000,-3648.000000,0.000000,0.000000
-200.000000,-300.000000,0.000000,0.000000,-3644.000000,0.000000,0.000000
-200.000000,-200.000000,0.000000,0.000000,-3641.000000,0.000000,0.000000
-200.000000,0.000000,156.000000,156.000000,-3637.000000,0.000000,0.000000
0.000000,0.000000,0.000000,0.000000,-3643.000000,0.000000,196.000000
200.000000,-300.000000,0.000000,0.000000,-3647.000000,0.000000,0.000000
0.000000,0.000000,0.000000,0.000000,-3645.000000,0.000000,0.000000
0.000000,-300.000000,0.000000,0.000000,-3653.000000,0.000000,0.000000
-100.000000,0.000000,0.000000,0.000000,-3664.000000,0.000000,0.000000
0.000000,-200.000000,0.000000,0.000000,-3670.000000,0.000000,0.000000
-100.000000,0.000000,0.000000,0.000000,-3660.000000,0.000000,0.000000
-100.000000,0.000000,0.000000,0.000000,-3654.000000,0.000000,0.000000
-200.000000,-200.000000,0.000000,0.000000,-3659.000000,0.000000,0.000000
-200.000000,-100.000000,0.000000,0.000000,-3664.000000,0.000000,0.000000
0.000000,100.000000,0.000000,0.000000,-3664.000000,0.000000,0.000000
-200.000000,200.000000,0.000000,0.000000,-3668.000000,0.000000,0.000000
-100.000000,-200.000000,0.000000,0.000000,-3671.000000,0.000000,0.000000
-200.000000,100.000000,0.000000,0.000000,-3674.000000,0.000000,0.000000
0.000000,0.000000,0.000000,0.000000,-3669.000000,0.000000,0.000000
0.000000,-100.000000,15000.000000,15000.000000,-3667.000000,0.000000,0.000000
7500.000000,14000.000000,15000.000000,15000.000000,-3688.000000,785.000000,589.000000
16299.000000,14200.000000,15000.000000,15000.000000,-3714.000000,4319.000000,3337.000000
15700.000000,14500.000000,15000.000000,15000.000000,-3726.000000,6479.000000,3534.000000
15000.000000,18200.000000,15000.000000,15000.000000,-3767.000000,4123.000000,785.000000
16700.000000,15100.000000,15000.000000,15000.000000,-1975.000000,-589.000000,-785.000000
14600.000000,14400.000000,15000.000000,15000.000000,-1494.000000,-1963.000000,0.000000
12700.000000,13800.000000,15000.000000,15000.000000,-2387.000000,-196.000000,1963.000000
12800.000000,13000.000000,15000.000000,15000.000000,-2310.000000,2748.000000,3141.000000
15200.000000,13800.000000,15000.000000,15000.000000,-956.000000,4908.000000,2945.000000
14000.000000,14700.000000,15000.000000,15000.000000,-93.000000,4516.000000,2159.000000
15800.000000,17300.000000,15000.000000,15000.000000,915.000000,1570.000000,1570.000000
15800.000000,14600.000000,15000.000000,15000.000000,1474.000000,0.000000,1963.000000
15900.000000,12300.000000,15000.000000,15000.000000,1340.000000,1570.000000,2748.000000
600.000000,0.000000,0.000000,0.000000,2113.000000,3730.000000,3534.000000
0.000000,0.000000,0.000000,0.000000,3326.000000,2945.000000,1374.000000
0.000000,0.000000,0.000000,0.000000,3735.000000,2356.000000,785.000000
-200.000000,-100.000000,0.000000,0.000000,3973.000000,1963.000000,589.000000
-100.000000,100.000000,0.000000,0.000000,4627.000000,1963.000000,1374.000000
0.000000,0.000000,0.000000,0.000000,5402.000000,1570.000000,2945.000000
0.000000,-100.000000,0.000000,0.000000,5731.000000,981.000000,3534.000000
0.000000,0.000000,0.000000,0.000000,5938.000000,1374.000000,3141.000000
-200.000000,0.000000,0.000000,0.000000,6095.000000,981.000000,3141.000000
-100.000000,0.000000,0.000000,0.000000,6431.000000,981.000000,2552.000000
-300.000000,-100.000000,0.000000,0.000000,6635.000000,589.000000,1570.000000
-200.000000,200.000000,0.000000,0.000000,6517.000000,589.000000,589.000000
-200.000000,0.000000,0.000000,0.000000,6299.000000,392.000000,-196.000000
100.000000,-100.000000,0.000000,0.000000,6285.000000,392.000000,196.000000
-100.000000,0.000000,0.000000,0.000000,6257.000000,196.000000,-196.000000
0.000000,0.000000,0.000000,0.000000,5849.000000,196.000000,0.000000
0.000000,0.000000,0.000000,0.000000,5486.000000,0.000000,196.000000
100.000000,0.000000,0.000000,0.000000,5213.000000,196.000000,0.000000
-100.000000,0.000000,0.000000,0.000000,4698.000000,0.000000,0.000000
-100.000000,-100.000000,0.000000,0.000000,4092.000000,0.000000,-196.000000
-400.000000,0.000000,0.000000,0.000000,3578.000000,0.000000,-196.000000
-200.000000,-200.000000,0.000000,0.000000,3022.000000,0.000000,0.000000
0.000000,0.000000,0.000000,0.000000,2213.000000,-196.000000,0.000000
100.000000,0.000000,0.000000,0.000000,1422.000000,-196.000000,-392.000000
100.000000,200.000000,0.000000,0.000000,793.000000,-196.000000,-1178.000000
200.000000,200.000000,0.000000,0.000000,173.000000,-392.000000,-1570.000000
-400.000000,100.000000,0.000000,0.000000,-541.000000,-1178.000000,-1767.000000
100.000000,0.000000,0.000000,0.000000,-1190.000000,-2159.000000,-1570.000000
-300.000000,300.000000,0.000000,0.000000,-2038.000000,-2356.000000,-1374.000000
0.000000,0.000000,0.000000,0.000000,-3049.000000,-1570.000000,-1374.000000
0.000000,100.000000,0.000000,0.000000,-3763.000000,-1963.000000,-981.000000
0.000000,0.000000,0.000000,0.000000,-4510.000000,-1963.000000,-785.000000
200.000000,300.000000,0.000000,0.000000,-5323.000000,-1374.000000,-785.000000
100.000000,0.000000,0.000000,0.000000,-6063.000000,-981.000000,-589.000000
-100.000000,0.000000,0.000000,0.000000,-6759.000000,-1178.000000,-785.000000
100.000000,100.000000,0.000000,0.000000,-7470.000000,-981.000000,-785.000000
100.000000,100.000000,0.000000,0.000000,-8042.000000,-981.000000,-1178.000000
-300.000000,0.000000,0.000000,0.000000,-8524.000000,-589.000000,-981.000000
100.000000,0.000000,0.000000,0.000000,-9113.000000,-589.000000,-589.000000
300.000000,200.000000,0.000000,0.000000,-9694.000000,-196.000000,-392.000000
100.000000,100.000000,0.000000,0.000000,-10110.000000,0.000000,-589.000000
200.000000,100.000000,0.000000,0.000000,-10415.000000,0.000000,-392.000000
100.000000,100.000000,0.000000,0.000000,-10698.000000,0.000000,0.000000
-100.000000,0.000000,0.000000,0.000000,-10882.000000,196.000000,196.000000
-300.000000,-100.000000,0.000000,0.000000,-10998.000000,196.000000,0.000000
0.000000,-200.000000,0.000000,0.000000,-11134.000000,0.000000,196.000000
-200.000000,-300.000000,0.000000,0.000000,-11208.000000,0.000000,0.000000
0.000000,0.000000,0.000000,0.000000,-11207.000000,0.000000,196.000000
-100.000000,-400.000000,0.000000,0.000000,-11152.000000,0.000000,392.000000
-300.000000,0.000000,0.000000,0.000000,-11071.000000,0.000000,981.000000
0.000000,0.000000,0.000000,0.000000,-10910.000000,0.000000,1570.000000
-100.000000,0.000000,0.000000,0.000000,-10673.000000,196.000000,1570.000000
-100.000000,0.000000,0.000000,0.000000,-10491.000000,1178.000000,1374.000000
-200.000000,0.000000,0.000000,0.000000,-10166.000000,2356.000000,1570.000000
100.000000,0.000000,0.000000,0.000000,-9784.000000,2552.000000,1178.000000
-100.000000,0.000000,0.000000,0.000000,-9359.000000,2552.000000,1178.000000
-100.000000,0.000000,0.000000,0.000000,-8897.000000,2159.000000,1374.000000
-100.000000,100.000000,0.000000,0.000000,-8367.000000,2356.000000,1374.000000
200.000000,100.000000,0.000000,0.000000,-7876.000000,1963.000000,1963.000000
0.000000,200.000000,0.000000,0.000000,-7441.000000,1963.000000,1963.000000
0.000000,200.000000,0.000000,0.000000,-6814.000000,1767.000000,2159.000000
-100.000000,0.000000,0.000000,0.000000,-6203.000000,1570.000000,1767.000000
0.000000,100.000000,0.000000,0.000000,-5651.000000,1570.000000,1963.000000
100.000000,0.000000,0.000000,0.000000,-5084.000000,1767.000000,1570.000000
0.000000,0.000000,0.000000,0.000000,-4436.000000,2159.000000,1767.000000
-100.000000,0.000000,0.000000,0.000000,-3771.000000,2552.000000,1570.000000
-200.000000,0.000000,0.000000,0.000000,-3161.000000,2356.000000,1767.000000
-200.000000,-100.000000,0.000000,0.000000,-2589.000000,2159.000000,1570.000000
-100.000000,0.000000,0.000000,0.000000,-1916.000000,2159.000000,1767.000000
0.000000,0.000000,0.000000,0.000000,-1354.000000,1963.000000,1374.000000
-200.000000,0.000000,0.000000,0.000000,-938.000000,1963.000000,1570.000000
-300.000000,0.000000,0.000000,0.000000,-427.000000,1767.000000,1374.000000
-200.000000,0.000000,0.000000,0.000000,78.000000,1374.000000,1374.000000
0.000000,100.000000,0.000000,0.000000,430.000000,1570.000000,981.000000
0.000000,0.000000,0.000000,0.000000,774.000000,1178.000000,981.000000
-300.000000,100.000000,0.000000,0.000000,1179.000000,1178.000000,785.000000
0.000000,0.000000,0.000000,0.000000,1545.000000,981.000000,785.000000
-100.000000,0.000000,0.000000,0.000000,1765.000000,785.000000,392.000000
-200.000000,0.000000,0.000000,0.000000,1936.000000,589.000000,589.000000
-200.000000,-700.000000,0.000000,0.000000,2160.000000,785.000000,196.000000
-200.000000,0.000000,0.000000,0.000000,2286.000000,392.000000,196.000000
0.000000,100.000000,0.000000,0.000000,2279.000000,392.000000,0.000000
0.000000,100.000000,0.000000,0.000000,2240.000000,196.000000,0.000000
-100.000000,300.000000,0.000000,0.000000,2206.000000,0.000000,0.000000
100.000000,-100.000000,0.000000,0.000000,2086.000000,0.000000,0.000000
0.000000,0.000000,0.000000,0.000000,1853.000000,0.000000,0.000000
0.000000,-100.000000,0.000000,0.000000,1624.000000,0.000000,-196.000000
100.000000,0.000000,0.000000,0.000000,1382.000000,0.000000,0.000000
100.000000,-200.000000,0.000000,0.000000,1049.000000,0.000000,0.000000
-100.000000,0.000000,0.000000,0.000000,634.000000,0.000000,0.000000
-100.000000,0.000000,0.000000,0.000000,248.000000,-392.000000,-589.000000
100.000000,-200.000000,0.000000,0.000000,-145.000000,0.000000,-1178.000000
-100.000000,-100.000000,0.000000,0.000000,-538.000000,0.000000,-1570.000000
-100.000000,0.000000,0.000000,0.000000,-967.000000,-392.000000,-1374.000000
100.000000,0.000000,0.000000,0.000000,-1352.000000,-981.000000,-1374.000000
0.000000,0.000000,0.000000,0.000000,-1694.000000,-1570.000000,-1178.000000
0.000000,0.000000,0.000000,0.000000,-2211.000000,-1963.000000,-981.000000
0.000000,0.000000,0.000000,0.000000,-2805.000000,-1767.000000,-785.000000
100.000000,100.000000,0.000000,0.000000,-3176.000000,-1570.000000,-785.000000
100.000000,0.000000,0.000000,0.000000,-3523.000000,-1374.000000,-785.000000
300.000000,100.000000,0.000000,0.000000,-3950.000000,-1374.000000,-785.000000
0.000000,100.000000,0.000000,0.000000,-4415.000000,-981.000000,-1178.000000
-100.000000,200.000000,0.000000,0.000000,-4805.000000,-981.000000,-1374.000000
200.000000,200.000000,0.000000,0.000000,-5200.000000,-981.000000,-1374.000000
100.000000,0.000000,0.000000,0.000000,-5598.000000,-589.000000,-1178.000000
-200.000000,100.000000,0.000000,0.000000,-5902.000000,-589.000000,-1178.000000
0.000000,300.000000,0.000000,0.000000,-6178.000000,-589.000000,-981.000000
200.000000,100.000000,0.000000,0.000000,-6461.000000,-785.000000,-785.000000
0.000000,0.000000,0.000000,0.000000,-6751.000000,-981.000000,-589.000000
0.000000,200.000000,0.000000,0.000000,-6983.000000,-785.000000,-589.000000
100.000000,300.000000,0.000000,0.000000,-7162.000000,-785.000000,-392.000000
100.000000,0.000000,0.000000,0.000000,-7354.000000,-589.000000,-392.000000
-100.000000,200.000000,0.000000,0.000000,-7495.000000,-392.000000,-589.000000
0.000000,0.000000,0.000000,0.000000,-7559.000000,-196.000000,-392.000000
0.000000,0.000000,0.000000,0.000000,-7602.000000,-196.000000,-196.000000
0.000000,0.000000,0.000000,0.000000,-7620.000000,-196.000000,-392.000000
-100.000000,-300.000000,0.000000,0.000000,-7617.000000,0.000000,0.000000
-100.000000,0.000000,0.000000,0.000000,-7518.000000,0.000000,-196.000000
100.000000,0.000000,0.000000,0.000000,-7393.000000,196.000000,0.000000
100.000000,-300.000000,0.000000,0.000000,-7287.000000,0.000000,0.000000
-100.000000,0.000000,0.000000,0.000000,-7125.000000,196.000000,0.000000
0.000000,-200.000000,0.000000,0.000000,-6901.000000,0.000000,196.000000
-100.000000,0.000000,0.000000,0.000000,-6680.000000,0.000000,0.000000
-200.000000,100.000000,0.000000,0.000000,-6448.000000,0.000000,196.000000
-200.000000,-100.000000,0.000000,0.000000,-6165.000000,0.000000,0.000000
200.000000,200.000000,0.000000,0.000000,-5841.000000,0.000000,0.000000
-100.000000,0.000000,0.000000,0.000000,-5537.000000,0.000000,0.000000
0.000000,-200.000000,0.000000,0.000000,-5216.000000,0.000000,0.000000
0.000000,-200.000000,0.000000,0.000000,-4842.000000,0.000000,196.000000
100.000000,0.000000,0.000000,0.000000,-4489.000000,0.000000,392.000000
-200.000000,300.000000,0.000000,0.000000,-4182.000000,196.000000,785.000000
-200.000000,200.000000,0.000000,0.000000,-3871.000000,0.000000,785.000000
0.000000,0.000000,0.000000,0.000000,-3529.000000,196.000000,589.000000
0.000000,100.000000,0.000000,0.000000,-3222.000000,392.000000,589.000000
0.000000,-100.000000,0.000000,0.000000,-2923.000000,785.000000,392.000000
-300.000000,300.000000,0.000000,0.000000,-2615.000000,785.000000,392.000000
-100.000000,-100.000000,0.000000,0.000000,-2322.000000,589.000000,196.000000
-100.000000,-100.000000,0.000000,0.000000,-2016.000000,785.000000,196.000000
0.000000,0.000000,0.000000,0.000000,-1744.000000,392.000000,0.000000
-100.000000,0.000000,0.000000,0.000000,-1544.000000,392.000000,196.000000
0.000000,0.000000,0.000000,0.000000,-1334.000000,196.000000,0.000000
-100.000000,-100.000000,0.000000,0.000000,-1142.000000,196.000000,0.000000
0.000000,100.000000,0.000000,0.000000,-987.000000,196.000000,0.000000
-100.000000,300.000000,0.000000,0.000000,-882.000000,0.000000,0.000000
0.000000,0.000000,0.000000,0.000000,-773.000000,0.000000,0.000000
-100.000000,-300.000000,0.000000,0.000000,-682.000000,0.000000,0.000000
0.000000,-100.000000,0.000000,0.000000,-646.000000,0.000000,0.000000
-100.000000,-300.000000,0.000000,0.000000,-630.000000,0.000000,0.000000
0.000000,0.000000,0.000000,0.000000,-613.000000,0.000000,0.000000
200.000000,0.000000,0.000000,0.000000,-649.000000,0.000000,-196.000000
100.000000,0.000000,0.000000,0.000000,-694.000000,0.000000,0.000000
0.000000,100.000000,0.000000,0.000000,-773.000000,0.000000,-196.000000
100.000000,-100.000000,0.000000,0.000000,-902.000000,-196.000000,-392.000000
100.000000,-100.000000,0.000000,0.000000,-1052.000000,-196.000000,-981.000000
0.000000,0.000000,0.000000,0.000000,-1197.000000,0.000000,-1178.000000
100.000000,0.000000,0.000000,0.000000,-1322.000000,0.000000,-1374.000000
-100.000000,100.000000,0.000000,0.000000,-1488.000000,-196.000000,-1178.000000
0.000000,100.000000,0.000000,0.000000,-1653.000000,-589.000000,-981.000000
0.000000,300.000000,0.000000,0.000000,-1724.000000,-981.000000,-981.000000
-200.000000,200.000000,0.000000,0.000000,-1913.000000,-1374.000000,-589.000000
-100.000000,0.000000,0.000000,0.000000,-2282.000000,-1178.000000,-589.000000
100.000000,0.000000,0.000000,0.000000,-2537.000000,-981.000000,-589.000000
0.000000,100.000000,0.000000,0.000000,-2629.000000,-981.000000,-589.000000
0.000000,0.000000,0.000000,0.000000,-2874.000000,-785.000000,-981.000000
0.000000,0.000000,0.000000,0.000000,-3157.000000,-785.000000,-1178.000000
-100.000000,200.000000,0.000000,0.000000,-3395.000000,-589.000000,-1178.000000
-100.000000,0.000000,0.000000,0.000000,-3568.000000,-392.000000,-981.000000
100.000000,200.000000,0.000000,0.000000,-3770.000000,-392.000000,-785.000000
-100.000000,0.000000,0.000000,0.000000,-3930.000000,-589.000000,-785.000000
0.000000,100.000000,0.000000,0.000000,-4100.000000,-981.000000,-785.000000
0.000000,200.000000,0.000000,0.000000,-4303.000000,-785.000000,-589.000000
0.000000,100.000000,0.000000,0.000000,-4476.000000,-785.000000,-392.000000
0.000000,-200.000000,0.000000,0.000000,-4616.000000,-589.000000,-589.000000
0.000000,0.000000,0.000000,0.000000,-4717.000000,-589.000000,-589.000000
0.000000,200.000000,0.000000,0.000000,-4815.000000,-589.000000,-589.000000
100.000000,100.000000,0.000000,0.000000,-4926.000000,-392.000000,-589.000000
0.000000,0.000000,0.000000,0.000000,-5026.000000,0.000000,-589.000000
0.000000,-100.000000,0.000000,0.000000,-5080.000000,-196.000000,-392.000000
100.000000,200.000000,0.000000,0.000000,-5102.000000,0.000000,-196.000000
100.000000,100.000000,0.000000,0.000000,-5135.000000,-392.000000,-196.000000
0.000000,100.000000,0.000000,0.000000,-5146.000000,-196.000000,-196.000000
0.000000,0.000000,0.000000,0.000000,-5142.000000,-392.000000,-196.000000
0.000000,0.000000,0.000000,0.000000,-5143.000000,-196.000000,-196.000000
0.000000,200.000000,0.000000,0.000000,-5118.000000,0.000000,0.000000
-100.000000,0.000000,0.000000,0.000000,-5037.000000,0.000000,0.000000
-100.000000,0.000000,0.000000,0.000000,-4948.000000,0.000000,0.000000
-400.000000,0.000000,0.000000,0.000000,-4876.000000,0.000000,0.000000
100.000000,-400.000000,0.000000,0.000000,-4797.000000,0.000000,0.000000
-200.000000,0.000000,0.000000,0.000000,-4687.000000,0.000000,0.000000
-200.000000,-100.000000,0.000000,0.000000,-4542.000000,0.000000,196.000000
0.000000,-100.000000,0.000000,0.000000,-4426.000000,0.000000,0.000000
-100.000000,0.000000,0.000000,0.000000,-4279.000000,196.000000,0.000000
-300.000000,0.000000,0.000000,0.000000,-4121.000000,0.000000,196.000000
0.000000,-300.000000,0.000000,0.000000,-3932.000000,196.000000,0.000000
0.000000,-300.000000,0.000000,0.000000,-3785.000000,0.000000,0.000000
-300.000000,100.000000,0.000000,0.000000,-3630.000000,0.000000,0.000000
-300.000000,0.000000,0.000000,0.000000,-3448.000000,0.000000,0.000000
0.000000,-100.000000,0.000000,0.000000,-3301.000000,0.000000,0.000000
-100.000000,-300.000000,0.000000,0.000000,-3152.000000,0.000000,0.000000
-100.000000,0.000000,0.000000,0.000000,-3009.000000,0.000000,0.000000
-200.000000,0.000000,0.000000,0.000000,-2843.000000,0.000000,0.000000
-100.000000,-100.000000,0.000000,0.000000,-2714.000000,0.000000,0.000000
-200.000000,0.000000,0.000000,0.000000,-2588.000000,0.000000,0.000000
0.000000,-100.000000,0.000000,0.000000,-2445.000000,0.000000,196.000000
0.000000,200.000000,0.000000,0.000000,-2317.000000,0.000000,0.000000
-200.000000,0.000000,0.000000,0.000000,-2221.000000,0.000000,0.000000
-200.000000,100.000000,0.000000,0.000000,-2128.000000,0.000000,0.000000
0.000000,0.000000,0.000000,0.000000,-2028.000000,0.000000,0.000000
-300.000000,-200.000000,0.000000,0.000000,-1969.000000,0.000000,0.000000
100.000000,-100.000000,0.000000,0.000000,-1942.000000,0.000000,-196.000000
0.000000,-300.000000,0.000000,0.000000,-1933.000000,0.000000,0.000000
0.000000,-100.000000,0.000000,0.000000,-1899.000000,0.000000,0.000000
-200.000000,0.000000,0.000000,0.000000,-1896.000000,0.000000,0.000000
200.000000,0.000000,0.000000,0.000000,-1916.000000,0.000000,0.000000
-100.000000,-100.000000,0.000000,0.000000,-1926.000000,0.000000,-196.000000
0.000000,-200.000000,0.000000,0.000000,-1937.000000,0.000000,0.000000
0.000000,-200.000000,0.000000,0.000000,-2000.000000,0.000000,-196.000000
100.000000,-200.000000,0.000000,0.000000,-2078.000000,0.000000,0.000000
0.000000,-100.000000,0.000000,0.000000,-2154.000000,0.000000,-392.000000
100.000000,-400.000000,0.000000,0.000000,-2249.000000,0.000000,-589.000000
-200.000000,-200.000000,0.000000,0.000000,-2328.000000,0.000000,-785.000000
0.000000,-100.000000,0.000000,0.000000,-2400.000000,0.000000,-589.000000
100.000000,-300.000000,0.000000,0.000000,-2511.000000,0.000000,-589.000000
0.000000,-100.000000,0.000000,0.000000,-2628.000000,0.000000,-392.000000
0.000000,100.000000,0.000000,0.000000,-2732.000000,0.000000,-392.000000
100.000000,0.000000,0.000000,0.000000,-2828.000000,0.000000,-196.000000
100.000000,-100.000000,0.000000,0.000000,-2969.000000,0.000000,-392.000000
100.000000,0.000000,0.000000,0.000000,-3113.000000,0.000000,-392.000000
-200.000000,100.000000,0.000000,0.000000,-3210.000000,0.000000,-392.000000
0.000000,-100.000000,0.000000,0.000000,-3304.000000,-196.000000,-589.000000
-100.000000,-200.000000,0.000000,0.000000,-3438.000000,-196.000000,-589.000000
100.000000,-300.000000,0.000000,0.000000,-3559.000000,0.000000,-392.000000
-300.000000,-200.000000,0.000000,0.000000,-3648.000000,0.000000,-196.000000
100.000000,0.000000,0.000000,0.000000,-3736.000000,0.000000,-392.000000
100.000000,0.000000,0.000000,0.000000,-3828.000000,0.000000,-196.000000
0.000000,0.000000,0.000000,0.000000,-3886.000000,-196.000000,-392.000000
100.000000,-200.000000,0.000000,0.000000,-3914.000000,-392.000000,-196.000000
0.000000,-100.000000,0.000000,0.000000,-3961.000000,-392.000000,-392.000000
-200.000000,-100.000000,0.000000,0.000000,-4044.000000,-392.000000,-196.000000
0.000000,100.000000,0.000000,0.000000,-4118.000000,-392.000000,0.000000
-100.000000,0.000000,0.000000,0.000000,-4127.000000,-392.000000,0.000000
-100.000000,100.000000,0.000000,0.000000,-4128.000000,-196.000000,0.000000
-100.000000,0.000000,0.000000,0.000000,-4146.000000,0.000000,-196.000000
0.000000,400.000000,0.000000,0.000000,-4161.000000,0.000000,-196.000000
0.000000,0.000000,0.000000,0.000000,-4143.000000,0.000000,0.000000
-400.000000,100.000000,0.000000,0.000000,-4103.000000,0.000000,-196.000000
0.000000,0.000000,0.000000,0.000000,-4072.000000,0.000000,0.000000
-200.000000,-200.000000,0.000000,0.000000,-4046.000000,0.000000,0.000000
0.000000,-300.000000,0.000000,0.000000,-3997.000000,0.000000,0.000000
100.000000,-200.000000,0.000000,0.000000,-3947.000000,0.000000,0.000000
100.000000,-300.000000,0.000000,0.000000,-3893.000000,0.000000,0.000000
-200.000000,0.000000,0.000000,0.000000,-3818.000000,0.000000,0.000000
0.000000,0.000000,0.000000,0.000000,-3740.000000,0.000000,0.000000
100.000000,0.000000,0.000000,0.000000,-3682.000000,0.000000,196.000000
-100.000000,100.000000,0.000000,0.000000,-3618.000000,0.000000,0.000000
0.000000,-200.000000,0.000000,0.000000,-3535.000000,0.000000,196.000000
-200.000000,-100.000000,0.000000,0.000000,-3466.000000,0.000000,0.000000
0.000000,-300.000000,0.000000,0.000000,-3379.000000,0.000000,0.000000
0.000000,100.000000,0.000000,0.000000,-3310.000000,0.000000,0.000000
0.000000,-200.000000,0.000000,0.000000,-3232.000000,0.000000,0.000000
-400.000000,-100.000000,0.000000,0.000000,-3151.000000,0.000000,0.000000
0.000000,-100.000000,0.000000,0.000000,-3104.000000,0.000000,0.000000
-100.000000,-200.000000,0.000000,0.000000,-3054.000000,0.000000,0.000000
-200.000000,-100.000000,0.000000,0.000000,-3005.000000,0.000000,0.000000
-100.000000,-300.000000,0.000000,0.000000,-2968.000000,0.000000,0.000000
0.000000,-200.000000,0.000000,0.000000,-2935.000000,0.000000,0.000000
-100.000000,0.000000,0.000000,0.000000,-2906.000000,0.000000,0.000000
0.000000,0.000000,0.000000,0.000000,-2882.000000,0.000000,0.000000
0.000000,-200.000000,0.000000,0.000000,-2853.000000,0.000000,0.000000
0.000000,-200.000000,0.000000,0.000000,-2827.000000,0.000000,0.000000
-300.000000,-100.000000,0.000000,0.000000,-2801.000000,0.000000,0.000000
-200.000000,0.000000,0.000000,0.000000,-2780.000000,0.000000,0.000000
0.000000,0.000000,0.000000,0.000000,-2778.000000,0.000000,0.000000
-200.000000,-100.000000,0.000000,0.000000,-2776.000000,0.000000,-196.000000
0.000000,-100.000000,0.000000,0.000000,-2790.000000,0.000000,0.000000
100.000000,-200.000000,0.000000,0.000000,-2796.000000,0.000000,-196.000000
0.000000,-100.000000,0.000000,0.000000,-2818.000000,0.000000,0.000000
-100.000000,-300.000000,0.000000,0.000000,-2828.000000,0.000000,0.000000
0.000000,-200.000000,0.000000,0.000000,-2847.000000,0.000000,0.000000
0.000000,0.000000,0.000000,0.000000,-2870.000000,0.000000,0.000000
0.000000,-300.000000,0.000000,0.000000,-2900.000000,0.000000,0.000000
100.000000,-100.000000,0.000000,0.000000,-2924.000000,0.000000,-196.000000
-400.000000,-300.000000,0.000000,0.000000,-2928.000000,0.000000,-392.000000
-200.000000,0.000000,0.000000,0.000000,-2950.000000,0.000000,-196.000000
100.000000,0.000000,0.000000,0.000000,-2986.000000,0.000000,-196.000000
100.000000,0.000000,0.000000,0.000000,-3011.000000,0.000000,0.000000
0.000000,100.000000,0.000000,0.000000,-3032.000000,0.000000,0.000000
0.000000,0.000000,0.000000,0.000000,-3057.000000,-196.000000,-196.000000
-100.000000,0.000000,0.000000,0.000000,-3080.000000,-196.000000,0.000000
-100.000000,-100.000000,0.000000,0.000000,-3106.000000,-196.000000,0.000000
0.000000,100.000000,0.000000,0.000000,-3132.000000,-196.000000,-196.000000
100.000000,0.000000,0.000000,0.000000,-3162.000000,-196.000000,-196.000000
100.000000,100.000000,0.000000,0.000000,-3184.000000,0.000000,0.000000
0.000000,0.000000,0.000000,0.000000,-3210.000000,-196.000000,-196.000000
0.000000,100.000000,0.000000,0.000000,-3224.000000,-196.000000,0.000000
0.000000,200.000000,0.000000,0.000000,-3262.000000,-196.000000,0.000000
0.000000,100.000000,0.000000,0.000000,-3265.000000,0.000000,0.000000
-100.000000,0.000000,0.000000,0.000000,-3272.000000,0.000000,-196.000000
-200.000000,0.000000,0.000000,0.000000,-3283.000000,0.000000,0.000000
-200.000000,-300.000000,0.000000,0.000000,-3290.000000,0.000000,0.000000
-100.000000,100.000000,0.000000,0.000000,-3286.000000,0.000000,0.000000
-100.000000,300.000000,0.000000,0.000000,-3286.000000,-196.000000,0.000000
0.000000,200.000000,0.000000,0.000000,-3308.000000,0.000000,0.000000
-200.000000,200.000000,0.000000,0.000000,-3316.000000,-196.000000,196.000000
0.000000,0.000000,0.000000,0.000000,-3320.000000,0.000000,0.000000
-100.000000,-100.000000,0.000000,0.000000,-3311.000000,0.000000,0.000000
-100.000000,0.000000,0.000000,0.000000,-3310.000000,0.000000,0.000000
0.000000,0.000000,0.000000,0.000000,-3297.000000,0.000000,0.000000
-100.000000,-100.000000,0.000000,0.000000,-3270.000000,0.000000,0.000000
-200.000000,0.000000,0.000000,0.000000,-3257.000000,0.000000,0.000000
-100.000000,0.000000,0.000000,0.000000,-3265.000000,0.000000,0.000000
-300.000000,-200.000000,0.000000,0.000000,-3258.000000,0.000000,0.000000
-100.000000,-100.000000,0.000000,0.000000,-3231.000000,0.000000,0.000000
200.000000,0.000000,0.000000,0.000000,-3226.000000,0.000000,0.000000
200.000000,200.000000,0.000000,0.000000,-3213.000000,0.000000,0.000000
-100.000000,-400.000000,0.000000,0.000000,-3203.000000,0.000000,0.000000
-300.000000,0.000000,0.000000,0.000000,-3208.000000,0.000000,0.000000
0.000000,-100.000000,0.000000,0.000000,-3209.000000,0.000000,0.000000
-200.000000,100.000000,0.000000,0.000000,-3192.000000,0.000000,0.000000
0.000000,0.000000,0.000000,0.000000,-3178.000000,0.000000,0.000000
-100.000000,300.000000,0.000000,0.000000,-3177.000000,0.000000,0.000000
0.000000,0.000000,0.000000,0.000000,-3186.000000,0.000000,0.000000
100.000000,0.000000,0.000000,0.000000,-3180.000000,0.000000,0.000000
100.000000,-400.000000,0.000000,0.000000,-3169.000000,0.000000,0.000000
-300.000000,-100.000000,0.000000,0.000000,-3165.000000,0.000000,0.000000
100.000000,-200.000000,0.000000,0.000000,-3172.000000,0.000000,0.000000
0.000000,-100.000000,0.000000,0.000000,-3160.000000,0.000000,-196.000000
-200.000000,-200.000000,0.000000,0.000000,-3162.000000,0.000000,0.000000
0.000000,0.000000,0.000000,0.000000,-3172.000000,0.000000,0.000000
-100.000000,-300.000000,0.000000,0.000000,-3173.000000,0.000000,0.000000
-200.000000,0.000000,0.000000,0.000000,-3187.000000,0.000000,0.000000
-300.000000,-300.000000,0.000000,0.000000,-3202.000000,0.000000,0.000000
0.000000,0.000000,0.000000,0.000000,-3215.000000,0.000000,0.000000
-100.000000,-400.000000,0.000000,0.000000,-3220.000000,0.000000,0.000000
-300.000000,0.000000,0.000000,0.000000,-3236.000000,0.000000,0.000000
0.000000,-100.000000,0.000000,0.000000,-3246.000000,0.000000,0.000000
-200.000000,-100.000000,0.000000,0.000000,-3245.000000,0.000000,0.000000
-100.000000,0.000000,0.000000,0.000000,-3246.000000,0.000000,0.000000
0.000000,100.000000,0.000000,0.000000,-3244.000000,0.000000,0.000000
0.000000,0.000000,0.000000,0.000000,-3249.000000,0.000000,0.000000
100.000000,-100.000000,0.000000,0.000000,-3261.000000,0.000000,0.000000
0.000000,-100.000000,0.000000,0.000000,-3272.000000,0.000000,0.000000
0.000000,-100.000000,0.000000,0.000000,-3280.000000,0.000000,0.000000
-100.000000,0.000000,0.000000,0.000000,-3278.000000,0.000000,0.000000
-200.000000,0.000000,0.000000,0.000000,-3279.000000,0.000000,0.000000
-300.000000,0.000000,0.000000,0.000000,-3270.000000,0.000000,0.000000
0.000000,-100.000000,0.000000,0.000000,-3263.000000,0.000000,0.000000
100.000000,-300.000000,0.000000,0.000000,-3255.000000,0.000000,0.000000
-400.000000,-100.000000,0.000000,0.000000,-3235.000000,0.000000,0.000000
-200.000000,0.000000,0.000000,0.000000,-3219.000000,0.000000,0.000000
-100.000000,-100.000000,0.000000,0.000000,-3210.000000,0.000000,0.000000
-100.000000,0.000000,0.000000,0.000000,-3193.000000,0.000000,0.000000
200.000000,0.000000,0.000000,0.000000,-3195.000000,0.000000,0.000000
200.000000,-300.000000,0.000000,0.000000,-3191.000000,0.000000,0.000000
0.000000,200.000000,0.000000,0.000000,-3187.000000,0.000000,0.000000
-100.000000,-300.000000,0.000000,0.000000,-3196.000000,0.000000,0.000000
-400.000000,0.000000,0.000000,0.000000,-3188.000000,0.000000,0.000000
-200.000000,-100.000000,0.000000,0.000000,-3195.000000,0.000000,0.000000
-200.000000,0.000000,0.000000,0.000000,-3191.000000,0.000000,0.000000
-200.000000,-200.000000,0.000000,0.000000,-3198.000000,0.000000,0.000000
-400.000000,-300.000000,0.000000,0.000000,-3191.000000,0.000000,0.000000
-300.000000,-300.000000,0.000000,0.000000,-3188.000000,0.000000,0.000000
-100.000000,-100.000000,0.000000,0.000000,-3195.000000,0.000000,0.000000
0.000000,0.000000,0.000000,0.000000,-3204.000000,0.000000,0.000000
0.000000,-200.000000,0.000000,0.000000,-3217.000000,0.000000,0.000000
-100.000000,-300.000000,0.000000,0.000000,-3226.000000,0.000000,0.000000
-100.000000,0.000000,0.000000,0.000000,-3229.000000,0.000000,0.000000
-100.000000,0.000000,0.000000,0.000000,-3238.000000,0.000000,0.000000
0.000000,-200.000000,0.000000,0.000000,-3239.000000,0.000000,0.000000
-300.000000,0.000000,0.000000,0.000000,-3244.000000,0.000000,0.000000
0.000000,0.000000,0.000000,0.000000,-3240.000000,0.000000,0.000000
0.000000,0.000000,0.000000,0.000000,-3223.000000,0.000000,0.000000
-100.000000,-100.000000,0.000000,0.000000,-3235.000000,0.000000,0.000000
-200.000000,100.000000,0.000000,0.000000,-3227.000000,0.000000,0.000000
-200.000000,-200.000000,0.000000,0.000000,-3228.000000,0.000000,0.000000
-100.000000,0.000000,0.000000,0.000000,-3221.000000,0.000000,0.000000
100.000000,200.000000,0.000000,0.000000,-3226.000000,0.000000,0.000000
-300.000000,-400.000000,0.000000,0.000000,-3233.000000,0.000000,0.000000
-300.000000,-200.000000,0.000000,0.000000,-3218.000000,0.000000,0.000000
0.000000,-200.000000,0.000000,0.000000,-3225.000000,0.000000,0.000000
-200.000000,-300.000000,0.000000,0.000000,-3224.000000,0.000000,0.000000
200.000000,-300.000000,0.000000,0.000000,-3240.000000,0.000000,0.000000
-300.000000,0.000000,0.000000,0.000000,-3240.000000,0.000000,0.000000
0.000000,-200.000000,0.000000,0.000000,-3239.000000,0.000000,0.000000
0.000000,-100.000000,0.000000,0.000000,-3237.000000,0.000000,0.000000
-100.000000,100.000000,0.000000,0.000000,-3242.000000,0.000000,0.000000
0.000000,-100.000000,0.000000,0.000000,-3246.000000,0.000000,0.000000
-100.000000,-200.000000,0.000000,0.000000,-3230.000000,0.000000,0.000000
0.000000,200.000000,0.000000,0.000000,-3218.000000,0.000000,0.000000
-300.000000,-200.000000,0.000000,0.000000,-3208.000000,0.000000,0.000000
0.000000,100.000000,0.000000,0.000000,-3217.000000,0.000000,0.000000
0.000000,-200.000000,0.000000,0.000000,-3213.000000,0.000000,0.000000
0.000000,-100.000000,0.000000,0.000000,-3211.000000,0.000000,0.000000
-200.000000,-100.000000,0.000000,0.000000,-3214.000000,0.000000,0.000000
0.000000,-200.000000,0.000000,0.000000,-3206.000000,0.000000,0.000000
0.000000,100.000000,0.000000,0.000000,-3218.000000,0.000000,0.000000
-200.000000,-200.000000,0.000000,0.000000,-3223.000000,0.000000,0.000000
0.000000,-200.000000,0.000000,0.000000,-3211.000000,0.000000,0.000000
0.000000,0.000000,0.000000,0.000000,-3212.000000,0.000000,0.000000
0.000000,-100.000000,0.000000,0.000000,-3214.000000,0.000000,0.000000
200.000000,0.000000,0.000000,0.000000,-3223.000000,0.000000,0.000000
0.000000,0.000000,0.000000,0.000000,-3214.000000,0.000000,0.000000
200.000000,100.000000,0.000000,0.000000,-3206.000000,0.000000,0.000000
-100.000000,0.000000,0.000000,0.000000,-3201.000000,0.000000,0.000000
-200.000000,0.000000,0.000000,0.000000,-3199.000000,0.000000,0.000000
-100.000000,100.000000,0.000000,0.000000,-3200.000000,0.000000,0.000000
-200.000000,0.000000,0.000000,0.000000,-3198.000000,0.000000,0.000000
-200.000000,0.000000,0.000000,0.000000,-3190.000000,0.000000,0.000000
-300.000000,-100.000000,0.000000,0.000000,-3201.000000,0.000000,0.000000
-200.000000,-100.000000,0.000000,0.000000,-3220.000000,0.000000,0.000000
200.000000,-400.000000,0.000000,0.000000,-3222.000000,0.000000,0.000000
-100.000000,100.000000,0.000000,0.000000,-3208.000000,0.000000,0.000000
0.000000,-400.000000,0.000000,0.000000,-3203.000000,0.000000,0.000000
100.000000,0.000000,0.000000,0.000000,-3194.000000,0.000000,0.000000
0.000000,-300.000000,0.000000,0.000000,-3203.000000,0.000000,0.000000
-100.000000,-200.000000,0.000000,0.000000,-3203.000000,0.000000,0.000000
0.000000,-400.000000,0.000000,0.000000,-3205.000000,0.000000,0.000000
0.000000,-100.000000,0.000000,0.000000,-3208.000000,0.000000,0.000000
-200.000000,200.000000,0.000000,0.000000,-3220.000000,0.000000,0.000000
-100.000000,-200.000000,0.000000,0.000000,-3222.000000,0.000000,0.000000
-100.000000,-200.000000,0.000000,0.000000,-3214.000000,0.000000,0.000000
-100.000000,-200.000000,0.000000,0.000000,-3223.000000,0.000000,0.000000
0.000000,-100.000000,0.000000,0.000000,-3222.000000,0.000000,0.000000
-200.000000,0.000000,0.000000,0.000000,-3213.000000,0.000000,0.000000
0.000000,0.000000,0.000000,0.000000,-3213.000000,0.000000,0.000000
0.000000,0.000000,0.000000,0.000000,-3199.000000,0.000000,0.000000
-300.000000,-300.000000,0.000000,0.000000,-3192.000000,0.000000,0.000000
-100.000000,200.000000,0.000000,0.000000,-3183.000000,0.000000,0.000000
0.000000,-200.000000,0.000000,0.000000,-3174.000000,0.000000,0.000000
0.000000,0.000000,0.000000,0.000000,-3187.000000,0.000000,0.000000
0.000000,0.000000,0.000000,0.000000,-3188.000000,0.000000,0.000000
200.000000,100.000000,0.000000,0.000000,-3195.000000,0.000000,0.000000
-100.000000,100.000000,0.000000,0.000000,-3196.000000,0.000000,0.000000
0.000000,-100.000000,0.000000,0.000000,-3184.000000,0.000000,0.000000
100.000000,-100.000000,0.000000,0.000000,-3186.000000,0.000000,0.000000
-200.000000,-300.000000,0.000000,0.000000,-3176.000000,0.000000,0.000000
-200.000000,0.000000,0.000000,0.000000,-3182.000000,0.000000,0.000000
-100.000000,-400.000000,0.000000,0.000000,-3195.000000,0.000000,0.000000
-200.000000,-100.000000,0.000000,0.000000,-3204.000000,0.000000,0.000000
-100.000000,-200.000000,0.000000,0.000000,-3201.000000,0.000000,0.000000
-200.000000,-100.000000,0.000000,0.000000,-3198.000000,0.000000,0.000000
0.000000,-400.000000,0.000000,0.000000,-3203.000000,0.000000,0.000000
-200.000000,-100.000000,0.000000,0.000000,-3208.000000,0.000000,0.000000
-100.000000,-200.000000,0.000000,0.000000,-3223.000000,0.000000,0.000000
0.000000,-400.000000,0.000000,0.000000,-3221.000000,0.000000,0.000000
