Channel 1,Channel 2,Channel 3,Channel 4,Channel 5,Channel 6,Channel 7
-100.000000,0.000000,0.000000,0.000000,-3470.000000,0.000000,0.000000
-100.000000,0.000000,0.000000,0.000000,-3463.000000,0.000000,0.000000
-100.000000,-300.000000,0.000000,0.000000,-3450.000000,0.000000,0.000000
100.000000,-200.000000,0.000000,0.000000,-3457.000000,0.000000,0.000000
0.000000,-400.000000,0.000000,0.000000,-3445.000000,0.000000,0.000000
200.000000,-200.000000,0.000000,0.000000,-3437.000000,0.000000,0.000000
-200.000000,0.000000,0.000000,0.000000,-3433.000000,0.000000,0.000000
-100.000000,-200.000000,0.000000,0.000000,-3437.000000,0.000000,0.000000
100.000000,-200.000000,0.000000,0.000000,-3426.000000,0.000000,0.000000
0.000000,0.000000,0.000000,0.000000,-3417.000000,0.000000,0.000000
0.000000,-100.000000,0.000000,0.000000,-3406.000000,0.000000,0.000000
-300.000000,-200.000000,0.000000,0.000000,-3395.000000,0.000000,0.000000
0.000000,-200.000000,0.000000,0.000000,-3380.000000,0.000000,0.000000
0.000000,0.000000,0.000000,0.000000,-3359.000000,0.000000,0.000000
200.000000,-100.000000,0.000000,0.000000,-3350.000000,0.000000,0.000000
0.000000,-300.000000,0.000000,0.000000,-3341.000000,0.000000,0.000000
0.000000,0.000000,0.000000,0.000000,-3342.000000,0.000000,0.000000
0.000000,-200.000000,156.000000,156.000000,-3334.000000,0.000000,0.000000
-100.000000,300.000000,0.000000,0.000000,-3340.000000,0.000000,0.000000
200.000000,-200.000000,0.000000,0.000000,-3346.000000,0.000000,0.000000
-100.000000,-300.000000,0.000000,0.000000,-3352.000000,0.000000,0.000000
-200.000000,-300.000000,0.000000,0.000000,-3358.000000,0.000000,0.000000
-100.000000,-100.000000,0.000000,0.000000,-3360.000000,0.000000,0.000000
-100.000000,-200.000000,0.000000,0.000000,-3353.000000,0.000000,0.000000
0.000000,0.000000,0.000000,0.000000,-3360.000000,0.000000,0.000000
-100.000000,0.000000,0.000000,0.000000,-3363.000000,0.000000,0.000000
-100.000000,0.000000,0.000000,0.000000,-3357.000000,0.000000,0.000000
0.000000,0.000000,0.000000,0.000000,-3353.000000,0.000000,0.000000
-100.000000,0.000000,0.000000,0.000000,-3364.000000,0.000000,0.000000
-300.000000,0.000000,78.000000,78.000000,-3370.000000,0.000000,0.000000
-200.000000,400.000000,0.000000,0.000000,-3371.000000,0.000000,0.000000
0.000000,0.000000,0.000000,0.000000,-3357.000000,0.000000,0.000000
100.000000,-100.000000,0.000000,0.000000,-3348.000000,0.000000,0.000000
0.000000,-200.000000,0.000000,0.000000,-3340.000000,0.000000,0.000000
0.000000,0.000000,0.000000,0.000000,-3337.000000,0.000000,0.000000
0.000000,0.000000,0.000000,0.000000,-3338.000000,0.000000,0.000000
0.000000,-100.000000,0.000000,0.000000,-3343.000000,0.000000,0.000000
100.000000,-400.000000,0.000000,0.000000,-3344.000000,0.000000,0.000000
0.000000,0.000000,0.000000,0.000000,-3350.000000,0.000000,0.000000
0.000000,-100.000000,0.000000,0.000000,-3348.000000,0.000000,0.000000
300.000000,0.000000,0.000000,0.000000,-3343.000000,0.000000,0.000000
-100.000000,0.000000,0.000000,0.000000,-3328.000000,0.000000,0.000000
-100.000000,-100.000000,0.000000,0.000000,-3324.000000,0.000000,0.000000
-100.000000,-200.000000,0.000000,0.000000,-3325.000000,0.000000,0.000000
100.000000,0.000000,156.000000,156.000000,-3318.000000,0.000000,0.000000
-100.000000,400.000000,0.000000,0.000000,-3325.000000,0.000000,0.000000
-100.000000,-200.000000,0.000000,0.000000,-3326.000000,0.000000,0.000000
0.000000,0.000000,0.000000,0.000000,-3336.000000,0.000000,0.000000
-200.000000,-200.000000,0.000000,0.000000,-3338.000000,0.000000,0.000000
300.000000,0.000000,0.000000,0.000000,-3337.000000,0.000000,0.000000
-100.000000,100.000000,0.000000,0.000000,-3347.000000,0.000000,0.000000
200.000000,100.000000,0.000000,0.000000,-3338.000000,0.000000,0.000000
-200.000000,-300.000000,0.000000,0.000000,-3340.000000,0.000000,0.000000
-200.000000,-100.000000,0.000000,0.000000,-3351.000000,0.000000,0.000000
0.000000,-300.000000,0.000000,0.000000,-3368.000000,0.000000,0.000000
0.000000,-100.000000,0.000000,0.000000,-3364.000000,0.000000,0.000000
1000.000000,-200.000000,16000.000000,16000.000000,-3376.000000,0.000000,0.000000
14200.000000,14400.000000,16000.000000,16000.000000,-3468.000000,1178.000000,1570.000000
14400.000000,13700.000000,16000.000000,16000.000000,-3704.000000,4516.000000,3730.000000
17400.000000,15900.000000,16000.000000,16000.000000,-3120.000000,3926.000000,2945.000000
16400.000000,17200.000000,16000.000000,16000.000000,-1885.000000,392.000000,392.000000
14200.000000,17600.000000,16000.000000,16000.000000,-1234.000000,-785.000000,-392.000000
15200.000000,15800.000000,16000.000000,16000.000000,-1663.000000,-196.000000,196.000000
15000.000000,12800.000000,16000.000000,16000.000000,-1626.000000,2159.000000,1963.000000
17600.000000,13400.000000,16000.000000,16000.000000,-698.000000,3730.000000,3534.000000
18100.000000,15800.000000,16000.000000,16000.000000,378.000000,4123.000000,3926.000000
14700.000000,15400.000000,16000.000000,16000.000000,1228.000000,2356.000000,2748.000000
14300.000000,16000.000000,16000.000000,16000.000000,1730.000000,1178.000000,1767.000000
16400.000000,17300.000000,16000.000000,16000.000000,1954.000000,1963.000000,1570.000000
13400.000000,13700.000000,16000.000000,16000.000000,2533.000000,3926.000000,3337.000000
17300.000000,14200.000000,16000.000000,16000.000000,3618.000000,5105.000000,4516.000000
15100.000000,15800.000000,16000.000000,16000.000000,4725.000000,4712.000000,4712.000000
14700.000000,15800.000000,16000.000000,16000.000000,5732.000000,3141.000000,3926.000000
18100.000000,15200.000000,16000.000000,16000.000000,6582.000000,2552.000000,3141.000000
18100.000000,17200.000000,16000.000000,16000.000000,7046.000000,3534.000000,3141.000000
14000.000000,17500.000000,16000.000000,16000.000000,7762.000000,4712.000000,3926.000000
14500.000000,14600.000000,16000.000000,16000.000000,8816.000000,5105.000000,4123.000000
17800.000000,17700.000000,16000.000000,16000.000000,9804.000000,4712.000000,4123.000000
14800.000000,15600.000000,16000.000000,16000.000000,10564.000000,3926.000000,3534.000000
14400.000000,17900.000000,16000.000000,16000.000000,11223.000000,3534.000000,3534.000000
14500.000000,17600.000000,16000.000000,16000.000000,11719.000000,4123.000000,3730.000000
15300.000000,16400.000000,0.000000,0.000000,12500.000000,4516.000000,4123.000000
-100.000000,0.000000,0.000000,0.000000,13418.000000,2356.000000,2356.000000
-100.000000,100.000000,0.000000,0.000000,13769.000000,981.000000,1178.000000
100.000000,100.000000,0.000000,0.000000,13905.000000,981.000000,1178.000000
-200.000000,0.000000,0.000000,0.000000,14168.000000,589.000000,785.000000
100.000000,-100.000000,0.000000,0.000000,14758.000000,196.000000,981.000000
100.000000,0.000000,0.000000,0.000000,14718.000000,589.000000,1570.000000
-100.000000,0.000000,0.000000,0.000000,14360.000000,785.000000,2356.000000
-100.000000,100.000000,0.000000,0.000000,13998.000000,1570.000000,2356.000000
100.000000,0.000000,0.000000,0.000000,13908.000000,1963.000000,2159.000000
-200.000000,0.000000,0.000000,0.000000,13457.000000,1767.000000,2159.000000
-200.000000,100.000000,0.000000,0.000000,12642.000000,1963.000000,1767.000000
-100.000000,100.000000,0.000000,0.000000,11830.000000,1767.000000,981.000000
0.000000,-200.000000,0.000000,0.000000,11072.000000,1374.000000,-196.000000
-100.000000,-100.000000,0.000000,0.000000,10090.000000,1178.000000,-981.000000
0.000000,0.000000,0.000000,0.000000,9034.000000,981.000000,-1570.000000
100.000000,0.000000,0.000000,0.000000,8138.000000,0.000000,-1374.000000
100.000000,0.000000,0.000000,0.000000,7278.000000,-1374.000000,-1374.000000
0.000000,-200.000000,0.000000,0.000000,6214.000000,-2356.000000,-1374.000000
100.000000,0.000000,0.000000,0.000000,4731.000000,-2552.000000,-1178.000000
100.000000,0.000000,0.000000,0.000000,3411.000000,-2356.000000,-1178.000000
100.000000,0.000000,0.000000,0.000000,2197.000000,-2159.000000,-1963.000000
100.000000,200.000000,0.000000,0.000000,772.000000,-1767.000000,-2159.000000
0.000000,100.000000,0.000000,0.000000,-591.000000,-1767.000000,-2356.000000
100.000000,-100.000000,0.000000,0.000000,-1832.000000,-1767.000000,-2159.000000
0.000000,0.000000,0.000000,0.000000,-3365.000000,-1374.000000,-1963.000000
100.000000,100.000000,0.000000,0.000000,-4968.000000,-981.000000,-1963.000000
100.000000,100.000000,0.000000,0.000000,-6111.000000,-981.000000,-1570.000000
0.000000,200.000000,0.000000,0.000000,-7211.000000,-1178.000000,-1767.000000
-200.000000,0.000000,0.000000,0.000000,-8674.000000,-785.000000,-1570.000000
0.000000,200.000000,0.000000,0.000000,-10066.000000,-589.000000,-1767.000000
100.000000,200.000000,0.000000,0.000000,-11105.000000,-392.000000,-1374.000000
100.000000,100.000000,0.000000,0.000000,-12102.000000,-392.000000,-1178.000000
0.000000,0.000000,0.000000,0.000000,-13148.000000,-196.000000,-1178.000000
100.000000,0.000000,0.000000,0.000000,-14029.000000,-196.000000,-785.000000
0.000000,100.000000,0.000000,0.000000,-14708.000000,0.000000,-589.000000
0.000000,0.000000,0.000000,0.000000,-15362.000000,196.000000,-392.000000
200.000000,0.000000,0.000000,0.000000,-16003.000000,0.000000,-196.000000
100.000000,-200.000000,0.000000,0.000000,-16468.000000,0.000000,0.000000
-200.000000,-100.000000,0.000000,0.000000,-16826.000000,0.000000,0.000000
0.000000,-200.000000,0.000000,0.000000,-17143.000000,0.000000,392.000000
-200.000000,-100.000000,0.000000,0.000000,-17320.000000,0.000000,785.000000
0.000000,0.000000,0.000000,0.000000,-17349.000000,589.000000,1374.000000
0.000000,400.000000,0.000000,0.000000,-17659.000000,2356.000000,2356.000000
200.000000,0.000000,0.000000,0.000000,-17693.000000,4123.000000,2159.000000
0.000000,-100.000000,0.000000,0.000000,-17468.000000,4516.000000,2356.000000
-100.000000,200.000000,0.000000,0.000000,-17271.000000,4319.000000,2159.000000
0.000000,0.000000,0.000000,0.000000,-16735.000000,4319.000000,2356.000000
0.000000,0.000000,0.000000,0.000000,-16115.000000,3926.000000,2945.000000
0.000000,0.000000,0.000000,0.000000,-15626.000000,3730.000000,3337.000000
0.000000,0.000000,0.000000,0.000000,-15051.000000,3534.000000,3730.000000
100.000000,0.000000,0.000000,0.000000,-14223.000000,3534.000000,3534.000000
0.000000,0.000000,0.000000,0.000000,-13369.000000,3534.000000,3730.000000
-100.000000,0.000000,0.000000,0.000000,-12694.000000,4319.000000,3730.000000
-200.000000,400.000000,0.000000,0.000000,-11746.000000,5301.000000,3730.000000
0.000000,0.000000,0.000000,0.000000,-10595.000000,5890.000000,3926.000000
0.000000,0.000000,0.000000,0.000000,-9766.000000,5694.000000,4319.000000
-100.000000,-100.000000,0.000000,0.000000,-8651.000000,5497.000000,4712.000000
200.000000,0.000000,0.000000,0.000000,-7514.000000,5301.000000,4712.000000
-200.000000,0.000000,0.000000,0.000000,-6370.000000,5105.000000,4712.000000
-100.000000,0.000000,0.000000,0.000000,-5289.000000,4908.000000,4712.000000
0.000000,-200.000000,0.000000,0.000000,-4063.000000,4712.000000,4123.000000
0.000000,100.000000,0.000000,0.000000,-2906.000000,4516.000000,4123.000000
100.000000,-200.000000,0.000000,0.000000,-1903.000000,4712.000000,3730.000000
0.000000,-100.000000,0.000000,0.000000,-945.000000,4712.000000,3730.000000
0.000000,-100.000000,0.000000,0.000000,99.000000,4908.000000,3730.000000
0.000000,0.000000,0.000000,0.000000,1117.000000,5105.000000,4123.000000
100.000000,200.000000,0.000000,0.000000,2134.000000,4712.000000,4319.000000
-100.000000,200.000000,0.000000,0.000000,3048.000000,4516.000000,4319.000000
0.000000,0.000000,0.000000,0.000000,3945.000000,4516.000000,3926.000000
0.000000,0.000000,0.000000,0.000000,4777.000000,4319.000000,3926.000000
-100.000000,100.000000,0.000000,0.000000,5453.000000,3926.000000,3534.000000
-100.000000,100.000000,0.000000,0.000000,6018.000000,3926.000000,3337.000000
0.000000,-200.000000,0.000000,0.000000,6539.000000,3337.000000,3141.000000
0.000000,-100.000000,0.000000,0.000000,6979.000000,3141.000000,2748.000000
0.000000,100.000000,0.000000,0.000000,7277.000000,3141.000000,2356.000000
0.000000,0.000000,0.000000,0.000000,7476.000000,2748.000000,2159.000000
-100.000000,200.000000,0.000000,0.000000,7611.000000,2552.000000,1963.000000
0.000000,0.000000,0.000000,0.000000,7714.000000,1767.000000,1767.000000
-200.000000,-100.000000,0.000000,0.000000,7764.000000,981.000000,1178.000000
0.000000,0.000000,0.000000,0.000000,7613.000000,196.000000,981.000000
-100.000000,0.000000,0.000000,0.000000,7248.000000,0.000000,392.000000
400.000000,-100.000000,0.000000,0.000000,6930.000000,0.000000,0.000000
0.000000,-100.000000,0.000000,0.000000,6669.000000,0.000000,-196.000000
100.000000,0.000000,0.000000,0.000000,6228.000000,0.000000,-196.000000
0.000000,100.000000,0.000000,0.000000,5558.000000,0.000000,-196.000000
0.000000,-100.000000,0.000000,0.000000,4894.000000,-196.000000,-196.000000
0.000000,0.000000,0.000000,0.000000,4320.000000,-392.000000,-589.000000
100.000000,0.000000,0.000000,0.000000,3692.000000,-785.000000,-785.000000
0.000000,-200.000000,0.000000,0.000000,2898.000000,-1570.000000,-1178.000000
0.000000,100.000000,0.000000,0.000000,1963.000000,-1374.000000,-1178.000000
-100.000000,0.000000,0.000000,0.000000,1003.000000,-1374.000000,-1178.000000
100.000000,0.000000,0.000000,0.000000,119.000000,-1374.000000,-1374.000000
-100.000000,0.000000,0.000000,0.000000,-801.000000,-1374.000000,-1178.000000
0.000000,200.000000,0.000000,0.000000,-1811.000000,-1178.000000,-1178.000000
0.000000,100.000000,0.000000,0.000000,-2844.000000,-1178.000000,-1374.000000
-200.000000,0.000000,0.000000,0.000000,-3848.000000,-1374.000000,-1570.000000
0.000000,100.000000,0.000000,0.000000,-4810.000000,-1374.000000,-1570.000000
200.000000,200.000000,0.000000,0.000000,-5762.000000,-1570.000000,-1374.000000
-200.000000,300.000000,0.000000,0.000000,-6693.000000,-1374.000000,-1374.000000
0.000000,100.000000,0.000000,0.000000,-7636.000000,-1178.000000,-1178.000000
0.000000,300.000000,0.000000,0.000000,-8496.000000,-1374.000000,-981.000000
0.000000,100.000000,0.000000,0.000000,-9352.000000,-981.000000,-785.000000
0.000000,0.000000,0.000000,0.000000,-10185.000000,-981.000000,-589.000000
0.000000,-200.000000,0.000000,0.000000,-10953.000000,-785.000000,-589.000000
0.000000,0.000000,0.000000,0.000000,-11658.000000,-785.000000,-392.000000
100.000000,0.000000,0.000000,0.000000,-12297.000000,-392.000000,-196.000000
100.000000,0.000000,0.000000,0.000000,-12827.000000,-392.000000,0.000000
100.000000,100.000000,0.000000,0.000000,-13274.000000,-196.000000,196.000000
-200.000000,0.000000,0.000000,0.000000,-13685.000000,0.000000,0.000000
-100.000000,0.000000,0.000000,0.000000,-14027.000000,196.000000,0.000000
-100.000000,0.000000,0.000000,0.000000,-14286.000000,196.000000,0.000000
200.000000,0.000000,0.000000,0.000000,-14470.000000,0.000000,196.000000
0.000000,-100.000000,0.000000,0.000000,-14558.000000,0.000000,196.000000
0.000000,100.000000,0.000000,0.000000,-14545.000000,0.000000,1178.000000
-100.000000,-200.000000,0.000000,0.000000,-14476.000000,0.000000,2356.000000
0.000000,200.000000,0.000000,0.000000,-14380.000000,196.000000,2945.000000
0.000000,0.000000,0.000000,0.000000,-14182.000000,785.000000,2552.000000
0.000000,100.000000,0.000000,0.000000,-13825.000000,2356.000000,2552.000000
0.000000,0.000000,0.000000,0.000000,-13443.000000,3337.000000,2356.000000
0.000000,0.000000,0.000000,0.000000,-13057.000000,3337.000000,2159.000000
-100.000000,0.000000,0.000000,0.000000,-12597.000000,3337.000000,2159.000000
100.000000,0.000000,0.000000,0.000000,-11981.000000,2945.000000,2356.000000
100.000000,-100.000000,0.000000,0.000000,-11435.000000,2945.000000,2748.000000
-100.000000,0.000000,0.000000,0.000000,-10848.000000,2748.000000,3337.000000
0.000000,0.000000,0.000000,0.000000,-10064.000000,2552.000000,3337.000000
200.000000,100.000000,0.000000,0.000000,-9252.000000,2356.000000,3534.000000
-100.000000,100.000000,0.000000,0.000000,-8525.000000,2159.000000,3534.000000
0.000000,0.000000,0.000000,0.000000,-7763.000000,2159.000000,3337.000000
-100.000000,0.000000,0.000000,0.000000,-6909.000000,2356.000000,3141.000000
0.000000,0.000000,0.000000,0.000000,-6060.000000,3141.000000,3534.000000
0.000000,100.000000,0.000000,0.000000,-5257.000000,3926.000000,3730.000000
0.000000,200.000000,0.000000,0.000000,-4479.000000,4123.000000,3730.000000
0.000000,200.000000,0.000000,0.000000,-3651.000000,3926.000000,3730.000000
-100.000000,100.000000,0.000000,0.000000,-2776.000000,3730.000000,3534.000000
0.000000,0.000000,0.000000,0.000000,-2111.000000,3141.000000,3141.000000
-100.000000,0.000000,0.000000,0.000000,-1419.000000,3534.000000,3141.000000
0.000000,300.000000,0.000000,0.000000,-650.000000,3141.000000,2748.000000
100.000000,-100.000000,0.000000,0.000000,70.000000,2945.000000,2552.000000
-100.000000,100.000000,0.000000,0.000000,726.000000,2748.000000,2356.000000
-100.000000,0.000000,0.000000,0.000000,1391.000000,2552.000000,2552.000000
100.000000,-100.000000,0.000000,0.000000,2021.000000,2159.000000,2552.000000
-200.000000,100.000000,0.000000,0.000000,2591.000000,2159.000000,2552.000000
-300.000000,100.000000,0.000000,0.000000,3033.000000,1963.000000,2159.000000
-100.000000,0.000000,0.000000,0.000000,3459.000000,1767.000000,2356.000000
0.000000,0.000000,0.000000,0.000000,3901.000000,1570.000000,1963.000000
0.000000,100.000000,0.000000,0.000000,4249.000000,1374.000000,1963.000000
-100.000000,-100.000000,0.000000,0.000000,4454.000000,1178.000000,1570.000000
-100.000000,-100.000000,0.000000,0.000000,4632.000000,981.000000,1570.000000
-100.000000,0.000000,0.000000,0.000000,4765.000000,981.000000,1374.000000
-100.000000,0.000000,0.000000,0.000000,4785.000000,589.000000,1178.000000
-200.000000,100.000000,0.000000,0.000000,4696.000000,589.000000,981.000000
0.000000,0.000000,0.000000,0.000000,4579.000000,392.000000,589.000000
-100.000000,100.000000,0.000000,0.000000,4428.000000,196.000000,589.000000
-200.000000,200.000000,0.000000,0.000000,4177.000000,196.000000,392.000000
0.000000,0.000000,0.000000,0.000000,3840.000000,-196.000000,196.000000
0.000000,100.000000,0.000000,0.000000,3490.000000,0.000000,196.000000
200.000000,100.000000,0.000000,0.000000,3050.000000,0.000000,-196.000000
-300.000000,0.000000,0.000000,0.000000,2518.000000,0.000000,0.000000
-400.000000,-200.000000,0.000000,0.000000,1951.000000,-196.000000,-589.000000
-300.000000,0.000000,0.000000,0.000000,1445.000000,-196.000000,-785.000000
100.000000,100.000000,0.000000,0.000000,937.000000,-981.000000,-1178.000000
-200.000000,300.000000,0.000000,0.000000,352.000000,-1178.000000,-1178.000000
200.000000,300.000000,0.000000,0.000000,-426.000000,-1570.000000,-981.000000
0.000000,0.000000,0.000000,0.000000,-1199.000000,-1178.000000,-981.000000
200.000000,0.000000,0.000000,0.000000,-1826.000000,-1178.000000,-981.000000
100.000000,200.000000,0.000000,0.000000,-2494.000000,-1178.000000,-785.000000
200.000000,100.000000,0.000000,0.000000,-3255.000000,-981.000000,-981.000000
-200.000000,0.000000,0.000000,0.000000,-4040.000000,-785.000000,-981.000000
0.000000,0.000000,0.000000,0.000000,-4734.000000,-589.000000,-1178.000000
0.000000,-300.000000,0.000000,0.000000,-5376.000000,-589.000000,-981.000000
100.000000,0.000000,0.000000,0.000000,-6047.000000,-785.000000,-981.000000
0.000000,200.000000,0.000000,0.000000,-6689.000000,-785.000000,-785.000000
-300.000000,0.000000,0.000000,0.000000,-7335.000000,-981.000000,-785.000000
0.000000,-100.000000,0.000000,0.000000,-7940.000000,-589.000000,-589.000000
-100.000000,300.000000,0.000000,0.000000,-8507.000000,-589.000000,-392.000000
100.000000,100.000000,0.000000,0.000000,-9019.000000,-392.000000,-392.000000
100.000000,100.000000,0.000000,0.000000,-9507.000000,-392.000000,0.000000
-100.000000,-100.000000,0.000000,0.000000,-9901.000000,0.000000,0.000000
-100.000000,-100.000000,0.000000,0.000000,-10210.000000,196.000000,196.000000
-100.000000,0.000000,0.000000,0.000000,-10482.000000,196.000000,196.000000
-200.000000,-100.000000,0.000000,0.000000,-10703.000000,196.000000,0.000000
-400.000000,0.000000,0.000000,0.000000,-10878.000000,0.000000,0.000000
0.000000,0.000000,0.000000,0.000000,-11035.000000,0.000000,0.000000
-100.000000,0.000000,0.000000,0.000000,-11111.000000,0.000000,0.000000
-100.000000,0.000000,0.000000,0.000000,-11083.000000,0.000000,392.000000
-100.000000,0.000000,0.000000,0.000000,-11039.000000,0.000000,981.000000
0.000000,0.000000,0.000000,0.000000,-11014.000000,589.000000,1963.000000
0.000000,0.000000,0.000000,0.000000,-10962.000000,1570.000000,2159.000000
100.000000,0.000000,0.000000,0.000000,-10718.000000,2552.000000,2159.000000
0.000000,0.000000,0.000000,0.000000,-10595.000000,2552.000000,1963.000000
-100.000000,0.000000,0.000000,0.000000,-10205.000000,2552.000000,1767.000000
0.000000,300.000000,0.000000,0.000000,-9709.000000,2356.000000,1570.000000
0.000000,-100.000000,156.000000,156.000000,-9291.000000,2159.000000,1570.000000
100.000000,200.000000,0.000000,0.000000,-9004.000000,1963.000000,1767.000000
-300.000000,0.000000,0.000000,0.000000,-8528.000000,1963.000000,2159.000000
100.000000,0.000000,0.000000,0.000000,-7908.000000,1767.000000,2552.000000
0.000000,100.000000,0.000000,0.000000,-7431.000000,1767.000000,2945.000000
0.000000,0.000000,0.000000,0.000000,-6962.000000,1963.000000,2552.000000
-100.000000,-100.000000,0.000000,0.000000,-6386.000000,2552.000000,2748.000000
0.000000,200.000000,0.000000,0.000000,-5801.000000,2945.000000,2159.000000
0.000000,100.000000,0.000000,0.000000,-5273.000000,3141.000000,2159.000000
-200.000000,0.000000,0.000000,0.000000,-4735.000000,2748.000000,2356.000000
0.000000,100.000000,0.000000,0.000000,-4056.000000,2748.000000,2159.000000
-100.000000,0.000000,0.000000,0.000000,-3457.000000,2552.000000,2159.000000
-100.000000,100.000000,0.000000,0.000000,-2972.000000,2552.000000,1963.000000
-100.000000,0.000000,0.000000,0.000000,-2468.000000,2356.000000,2356.000000
-200.000000,-200.000000,0.000000,0.000000,-1917.000000,2159.000000,2356.000000
100.000000,0.000000,0.000000,0.000000,-1413.000000,1963.000000,2356.000000
-200.000000,0.000000,0.000000,0.000000,-935.000000,1767.000000,2159.000000
-100.000000,0.000000,0.000000,0.000000,-463.000000,1767.000000,2159.000000
100.000000,-100.000000,0.000000,0.000000,14.000000,1767.000000,1963.000000
-200.000000,0.000000,0.000000,0.000000,492.000000,1570.000000,1767.000000
-100.000000,0.000000,0.000000,0.000000,861.000000,1570.000000,1767.000000
0.000000,0.000000,0.000000,0.000000,1196.000000,1570.000000,1570.000000
-100.000000,0.000000,0.000000,0.000000,1538.000000,1570.000000,1374.000000
-100.000000,200.000000,0.000000,0.000000,1803.000000,1374.000000,1374.000000
0.000000,0.000000,0.000000,0.000000,1960.000000,1374.000000,1374.000000
0.000000,0.000000,0.000000,0.000000,2123.000000,1178.000000,1178.000000
-100.000000,200.000000,0.000000,0.000000,2281.000000,1178.000000,981.000000
0.000000,0.000000,0.000000,0.000000,2305.000000,981.000000,981.000000
0.000000,0.000000,0.000000,0.000000,2246.000000,785.000000,785.000000
-100.000000,0.000000,0.000000,0.000000,2226.000000,589.000000,589.000000
-100.000000,-100.000000,0.000000,0.000000,2174.000000,589.000000,392.000000
-200.000000,0.000000,0.000000,0.000000,1973.000000,392.000000,392.000000
-100.000000,300.000000,78.000000,78.000000,1721.000000,392.000000,196.000000
100.000000,300.000000,0.000000,0.000000,1544.000000,0.000000,196.000000
0.000000,0.000000,0.000000,0.000000,1297.000000,0.000000,0.000000
-100.000000,200.000000,0.000000,0.000000,945.000000,0.000000,0.000000
-100.000000,0.000000,0.000000,0.000000,562.000000,0.000000,0.000000
200.000000,-100.000000,0.000000,0.000000,198.000000,-196.000000,0.000000
-100.000000,-100.000000,0.000000,0.000000,-234.000000,-196.000000,-196.000000
100.000000,0.000000,0.000000,0.000000,-698.000000,0.000000,0.000000
100.000000,-100.000000,0.000000,0.000000,-1179.000000,0.000000,0.000000
-200.000000,300.000000,0.000000,0.000000,-1648.000000,-196.000000,-196.000000
0.000000,0.000000,0.000000,0.000000,-2120.000000,-589.000000,-196.000000
100.000000,100.000000,0.000000,0.000000,-2573.000000,-785.000000,-589.000000
200.000000,200.000000,0.000000,0.000000,-3053.000000,-1178.000000,-1178.000000
0.000000,200.000000,0.000000,0.000000,-3653.000000,-1178.000000,-1178.000000
-100.000000,200.000000,0.000000,0.000000,-4158.000000,-981.000000,-981.000000
0.000000,0.000000,0.000000,0.000000,-4604.000000,-785.000000,-785.000000
0.000000,100.000000,0.000000,0.000000,-5007.000000,-785.000000,-785.000000
-100.000000,0.000000,0.000000,0.000000,-5452.000000,-589.000000,-589.000000
100.000000,0.000000,0.000000,0.000000,-5907.000000,-392.000000,-589.000000
100.000000,100.000000,0.000000,0.000000,-6343.000000,-196.000000,-196.000000
200.000000,0.000000,0.000000,0.000000,-6717.000000,-196.000000,-196.000000
200.000000,100.000000,0.000000,0.000000,-7051.000000,-196.000000,0.000000
0.000000,0.000000,0.000000,0.000000,-7378.000000,0.000000,-392.000000
100.000000,100.000000,78.000000,78.000000,-7699.000000,-196.000000,-196.000000
200.000000,-100.000000,0.000000,0.000000,-7987.000000,0.000000,-196.000000
-100.000000,-200.000000,0.000000,0.000000,-8194.000000,0.000000,-196.000000
-200.000000,-100.000000,0.000000,0.000000,-8385.000000,0.000000,-196.000000
0.000000,0.000000,0.000000,0.000000,-8531.000000,0.000000,196.000000
-100.000000,-300.000000,0.000000,0.000000,-8658.000000,196.000000,0.000000
200.000000,-100.000000,0.000000,0.000000,-8750.000000,196.000000,196.000000
-200.000000,-100.000000,0.000000,0.000000,-8758.000000,0.000000,0.000000
0.000000,-100.000000,0.000000,0.000000,-8701.000000,0.000000,0.000000
0.000000,-200.000000,0.000000,0.000000,-8592.000000,0.000000,0.000000
0.000000,-200.000000,0.000000,0.000000,-8509.000000,0.000000,0.000000
-200.000000,0.000000,0.000000,0.000000,-8374.000000,196.000000,0.000000
0.000000,0.000000,0.000000,0.000000,-8216.000000,981.000000,196.000000
100.000000,-100.000000,0.000000,0.000000,-7957.000000,1767.000000,392.000000
-200.000000,-100.000000,0.000000,0.000000,-7725.000000,2159.000000,1178.000000
0.000000,0.000000,0.000000,0.000000,-7502.000000,2159.000000,1570.000000
100.000000,0.000000,0.000000,0.000000,-7200.000000,1963.000000,1767.000000
-100.000000,-100.000000,0.000000,0.000000,-6661.000000,1767.000000,1374.000000
-100.000000,0.000000,0.000000,0.000000,-6348.000000,1374.000000,1374.000000
200.000000,-100.000000,0.000000,0.000000,-5990.000000,1767.000000,1374.000000
0.000000,0.000000,0.000000,0.000000,-5543.000000,1178.000000,981.000000
-200.000000,0.000000,0.000000,0.000000,-5168.000000,1178.000000,981.000000
-100.000000,0.000000,0.000000,0.000000,-4869.000000,981.000000,981.000000
0.000000,100.000000,0.000000,0.000000,-4476.000000,981.000000,981.000000
-100.000000,100.000000,0.000000,0.000000,-4009.000000,981.000000,981.000000
-100.000000,-100.000000,0.000000,0.000000,-3677.000000,1178.000000,1374.000000
0.000000,0.000000,0.000000,0.000000,-3323.000000,1570.000000,1374.000000
0.000000,0.000000,0.000000,0.000000,-2869.000000,1767.000000,1178.000000
0.000000,0.000000,78.000000,78.000000,-2456.000000,1570.000000,1178.000000
-200.000000,0.000000,0.000000,0.000000,-2163.000000,1570.000000,1178.000000
-100.000000,0.000000,0.000000,0.000000,-1844.000000,1374.000000,1178.000000
-100.000000,0.000000,0.000000,0.000000,-1497.000000,1374.000000,981.000000
-200.000000,200.000000,0.000000,0.000000,-1236.000000,1178.000000,785.000000
0.000000,-200.000000,0.000000,0.000000,-966.000000,981.000000,785.000000
0.000000,100.000000,0.000000,0.000000,-720.000000,981.000000,589.000000
-200.000000,-100.000000,0.000000,0.000000,-470.000000,589.000000,392.000000
100.000000,0.000000,0.000000,0.000000,-265.000000,589.000000,589.000000
-200.000000,0.000000,0.000000,0.000000,-116.000000,392.000000,392.000000
0.000000,0.000000,0.000000,0.000000,17.000000,392.000000,392.000000
-100.000000,0.000000,0.000000,0.000000,125.000000,196.000000,196.000000
-100.000000,100.000000,0.000000,0.000000,190.000000,0.000000,196.000000
100.000000,0.000000,0.000000,0.000000,179.000000,0.000000,0.000000
0.000000,0.000000,0.000000,0.000000,166.000000,0.000000,196.000000
-300.000000,-100.000000,0.000000,0.000000,124.000000,0.000000,0.000000
-100.000000,100.000000,0.000000,0.000000,27.000000,0.000000,0.000000
0.000000,0.000000,0.000000,0.000000,-123.000000,0.000000,0.000000
0.000000,-100.000000,0.000000,0.000000,-260.000000,0.000000,0.000000
-100.000000,300.000000,0.000000,0.000000,-430.000000,0.000000,0.000000
-200.000000,-100.000000,0.000000,0.000000,-669.000000,0.000000,0.000000
-100.000000,-100.000000,0.000000,0.000000,-928.000000,-196.000000,0.000000
-200.000000,0.000000,0.000000,0.000000,-1174.000000,-196.000000,-196.000000
-300.000000,100.000000,0.000000,0.000000,-1457.000000,0.000000,-196.000000
0.000000,200.000000,0.000000,0.000000,-1796.000000,-196.000000,0.000000
0.000000,100.000000,0.000000,0.000000,-2076.000000,-392.000000,0.000000
0.000000,0.000000,0.000000,0.000000,-2227.000000,-1178.000000,-196.000000
100.000000,-100.000000,0.000000,0.000000,-2550.000000,-1178.000000,-392.000000
100.000000,0.000000,0.000000,0.000000,-3013.000000,-1178.000000,-1178.000000
-200.000000,0.000000,0.000000,0.000000,-3320.000000,-1178.000000,-1178.000000
-200.000000,200.000000,0.000000,0.000000,-3506.000000,-981.000000,-1374.000000
100.000000,100.000000,0.000000,0.000000,-3814.000000,-981.000000,-981.000000
200.000000,0.000000,0.000000,0.000000,-4174.000000,-785.000000,-981.000000
0.000000,100.000000,0.000000,0.000000,-4419.000000,-589.000000,-981.000000
0.000000,-100.000000,0.000000,0.000000,-4590.000000,-589.000000,-589.000000
0.000000,100.000000,0.000000,0.000000,-4867.000000,-392.000000,-589.000000
0.000000,0.000000,0.000000,0.000000,-5125.000000,-589.000000,-196.000000
200.000000,0.000000,0.000000,0.000000,-5288.000000,-589.000000,-392.000000
100.000000,-100.000000,0.000000,0.000000,-5457.000000,-785.000000,-392.000000
-100.000000,200.000000,0.000000,0.000000,-5689.000000,-785.000000,-392.000000
-100.000000,0.000000,0.000000,0.000000,-5914.000000,-589.000000,-589.000000
100.000000,-100.000000,0.000000,0.000000,-5996.000000,-589.000000,-785.000000
100.000000,200.000000,0.000000,0.000000,-6067.000000,-392.000000,-589.000000
0.000000,200.000000,0.000000,0.000000,-6150.000000,-196.000000,-392.000000
100.000000,0.000000,0.000000,0.000000,-6213.000000,-196.000000,-392.000000
100.000000,0.000000,0.000000,0.000000,-6234.000000,0.000000,-196.000000
200.000000,0.000000,0.000000,0.000000,-6220.000000,-196.000000,-196.000000
0.000000,200.000000,0.000000,0.000000,-6193.000000,0.000000,0.000000
0.000000,0.000000,0.000000,0.000000,-6155.000000,0.000000,0.000000
-100.000000,-100.000000,0.000000,0.000000,-6075.000000,0.000000,0.000000
0.000000,-200.000000,0.000000,0.000000,-5982.000000,0.000000,0.000000
-300.000000,-200.000000,0.000000,0.000000,-5885.000000,196.000000,0.000000
300.000000,-200.000000,0.000000,0.000000,-5762.000000,0.000000,0.000000
-200.000000,-100.000000,0.000000,0.000000,-5576.000000,0.000000,0.000000
100.000000,0.000000,0.000000,0.000000,-5377.000000,0.000000,0.000000
-300.000000,0.000000,0.000000,0.000000,-5212.000000,0.000000,0.000000
-100.000000,300.000000,0.000000,0.000000,-5004.000000,0.000000,0.000000
-200.000000,-100.000000,0.000000,0.000000,-4758.000000,196.000000,0.000000
-100.000000,-100.000000,0.000000,0.000000,-4527.000000,0.000000,196.000000
-100.000000,0.000000,0.000000,0.000000,-4317.000000,196.000000,0.000000
100.000000,100.000000,0.000000,0.000000,-4067.000000,0.000000,0.000000
0.000000,0.000000,0.000000,0.000000,-3816.000000,0.000000,0.000000
-300.000000,-200.000000,0.000000,0.000000,-3584.000000,0.000000,0.000000
0.000000,0.000000,0.000000,0.000000,-3362.000000,0.000000,0.000000
-200.000000,0.000000,0.000000,0.000000,-3130.000000,0.000000,0.000000
0.000000,-100.000000,0.000000,0.000000,-2889.000000,0.000000,0.000000
-100.000000,-100.000000,0.000000,0.000000,-2707.000000,0.000000,0.000000
-400.000000,0.000000,0.000000,0.000000,-2523.000000,0.000000,0.000000
0.000000,0.000000,0.000000,0.000000,-2304.000000,0.000000,0.000000
0.000000,-200.000000,0.000000,0.000000,-2138.000000,0.000000,0.000000
-100.000000,100.000000,0.000000,0.000000,-2000.000000,0.000000,0.000000
-300.000000,0.000000,0.000000,0.000000,-1855.000000,0.000000,0.000000
0.000000,0.000000,0.000000,0.000000,-1712.000000,0.000000,0.000000
200.000000,-100.000000,0.000000,0.000000,-1618.000000,0.000000,0.000000
0.000000,-100.000000,0.000000,0.000000,-1552.000000,0.000000,0.000000
-100.000000,0.000000,0.000000,0.000000,-1494.000000,0.000000,0.000000
-100.000000,0.000000,0.000000,0.000000,-1463.000000,0.000000,0.000000
0.000000,-100.000000,0.000000,0.000000,-1459.000000,0.000000,0.000000
0.000000,-200.000000,0.000000,0.000000,-1477.000000,0.000000,0.000000
-300.000000,0.000000,0.000000,0.000000,-1492.000000,0.000000,-196.000000
0.000000,0.000000,0.000000,0.000000,-1543.000000,0.000000,0.000000
-100.000000,-200.000000,0.000000,0.000000,-1643.000000,0.000000,0.000000
300.000000,0.000000,0.000000,0.000000,-1752.000000,-196.000000,0.000000
0.000000,100.000000,0.000000,0.000000,-1871.000000,-196.000000,-196.000000
200.000000,0.000000,0.000000,0.000000,-2025.000000,0.000000,-589.000000
0.000000,-100.000000,0.000000,0.000000,-2172.000000,0.000000,-785.000000
-200.000000,200.000000,0.000000,0.000000,-2269.000000,-196.000000,-1178.000000
0.000000,200.000000,0.000000,0.000000,-2405.000000,-196.000000,-785.000000
-200.000000,100.000000,0.000000,0.000000,-2534.000000,-392.000000,-785.000000
-200.000000,100.000000,0.000000,0.000000,-2607.000000,-785.000000,-589.000000
100.000000,0.000000,0.000000,0.000000,-2800.000000,-785.000000,-589.000000
100.000000,0.000000,0.000000,0.000000,-3015.000000,-785.000000,-392.000000
0.000000,200.000000,0.000000,0.000000,-3164.000000,-589.000000,-392.000000
200.000000,0.000000,0.000000,0.000000,-3281.000000,-589.000000,-196.000000
200.000000,0.000000,0.000000,0.000000,-3436.000000,-392.000000,-392.000000
100.000000,0.000000,0.000000,0.000000,-3627.000000,-392.000000,-785.000000
0.000000,200.000000,0.000000,0.000000,-3808.000000,-196.000000,-589.000000
300.000000,200.000000,0.000000,0.000000,-3908.000000,-392.000000,-785.000000
0.000000,0.000000,0.000000,0.000000,-4043.000000,-196.000000,-589.000000
0.000000,0.000000,0.000000,0.000000,-4160.000000,-589.000000,-392.000000
200.000000,100.000000,0.000000,0.000000,-4295.000000,-589.000000,-392.000000
0.000000,0.000000,0.000000,0.000000,-4447.000000,-392.000000,-196.000000
0.000000,0.000000,0.000000,0.000000,-4544.000000,-392.000000,-196.000000
0.000000,0.000000,0.000000,0.000000,-4607.000000,-196.000000,0.000000
-200.000000,200.000000,0.000000,0.000000,-4704.000000,0.000000,-196.000000
-200.000000,200.000000,0.000000,0.000000,-4786.000000,-196.000000,-196.000000
-200.000000,0.000000,0.000000,0.000000,-4816.000000,0.000000,-196.000000
0.000000,200.000000,0.000000,0.000000,-4837.000000,0.000000,-196.000000
0.000000,200.000000,0.000000,0.000000,-4877.000000,-196.000000,0.000000
-200.000000,0.000000,0.000000,0.000000,-4866.000000,0.000000,0.000000
100.000000,0.000000,0.000000,0.000000,-4845.000000,0.000000,0.000000
-100.000000,-100.000000,0.000000,0.000000,-4819.000000,0.000000,0.000000
-100.000000,0.000000,0.000000,0.000000,-4789.000000,0.000000,0.000000
-100.000000,100.000000,0.000000,0.000000,-4746.000000,0.000000,0.000000
-100.000000,100.000000,0.000000,0.000000,-4681.000000,0.000000,0.000000
0.000000,0.000000,0.000000,0.000000,-4594.000000,0.000000,0.000000
100.000000,-100.000000,0.000000,0.000000,-4506.000000,0.000000,196.000000
100.000000,100.000000,0.000000,0.000000,-4426.000000,0.000000,0.000000
0.000000,0.000000,0.000000,0.000000,-4327.000000,0.000000,196.000000
0.000000,0.000000,0.000000,0.000000,-4230.000000,196.000000,0.000000
0.000000,0.000000,0.000000,0.000000,-4103.000000,0.000000,0.000000
-100.000000,0.000000,0.000000,0.000000,-4004.000000,0.000000,0.000000
200.000000,-200.000000,0.000000,0.000000,-3868.000000,0.000000,0.000000
0.000000,200.000000,0.000000,0.000000,-3755.000000,0.000000,0.000000
-200.000000,-300.000000,0.000000,0.000000,-3641.000000,0.000000,0.000000
0.000000,0.000000,0.000000,0.000000,-3520.000000,0.000000,0.000000
-200.000000,-100.000000,0.000000,0.000000,-3393.000000,0.000000,0.000000
0.000000,0.000000,0.000000,0.000000,-3271.000000,0.000000,0.000000
200.000000,-200.000000,0.000000,0.000000,-3162.000000,0.000000,196.000000
-300.000000,100.000000,0.000000,0.000000,-3059.000000,196.000000,0.000000
0.000000,-300.000000,0.000000,0.000000,-2949.000000,0.000000,196.000000
0.000000,0.000000,0.000000,0.000000,-2878.000000,0.000000,0.000000
200.000000,-100.000000,0.000000,0.000000,-2800.000000,0.000000,196.000000
0.000000,0.000000,0.000000,0.000000,-2728.000000,0.000000,196.000000
-100.000000,-100.000000,0.000000,0.000000,-2653.000000,0.000000,196.000000
100.000000,100.000000,0.000000,0.000000,-2610.000000,0.000000,392.000000
-100.000000,0.000000,0.000000,0.000000,-2597.000000,0.000000,196.000000
-100.000000,100.000000,0.000000,0.000000,-2589.000000,196.000000,196.000000
-200.000000,100.000000,0.000000,0.000000,-2591.000000,0.000000,196.000000
-100.000000,-100.000000,0.000000,0.000000,-2616.000000,196.000000,0.000000
-100.000000,0.000000,0.000000,0.000000,-2630.000000,196.000000,0.000000
100.000000,0.000000,0.000000,0.000000,-2665.000000,0.000000,0.000000
0.000000,0.000000,0.000000,0.000000,-2710.000000,0.000000,0.000000
-300.000000,200.000000,0.000000,0.000000,-2758.000000,0.000000,0.000000
-200.000000,0.000000,0.000000,0.000000,-2834.000000,0.000000,0.000000
-100.000000,0.000000,0.000000,0.000000,-2910.000000,0.000000,0.000000
-200.000000,0.000000,0.000000,0.000000,-2981.000000,0.000000,0.000000
-300.000000,0.000000,0.000000,0.000000,-3073.000000,0.000000,0.000000
-100.000000,-100.000000,0.000000,0.000000,-3171.000000,0.000000,0.000000
0.000000,-100.000000,0.000000,0.000000,-3262.000000,0.000000,0.000000
0.000000,0.000000,0.000000,0.000000,-3353.000000,0.000000,0.000000
300.000000,0.000000,0.000000,0.000000,-3459.000000,0.000000,0.000000
-100.000000,0.000000,0.000000,0.000000,-3542.000000,0.000000,0.000000
-100.000000,0.000000,0.000000,0.000000,-3638.000000,0.000000,0.000000
-100.000000,-100.000000,0.000000,0.000000,-3752.000000,0.000000,0.000000
-100.000000,0.000000,0.000000,0.000000,-3848.000000,0.000000,0.000000
0.000000,300.000000,0.000000,0.000000,-3936.000000,0.000000,0.000000
-100.000000,-100.000000,0.000000,0.000000,-4024.000000,0.000000,0.000000
0.000000,-200.000000,0.000000,0.000000,-4123.000000,0.000000,0.000000
0.000000,-200.000000,0.000000,0.000000,-4206.000000,0.000000,0.000000
-100.000000,0.000000,0.000000,0.000000,-4293.000000,0.000000,0.000000
-300.000000,0.000000,0.000000,0.000000,-4357.000000,0.000000,0.000000
-100.000000,200.000000,0.000000,0.000000,-4423.000000,0.000000,0.000000
-200.000000,0.000000,0.000000,0.000000,-4462.000000,0.000000,0.000000
-100.000000,-100.000000,0.000000,0.000000,-4505.000000,0.000000,0.000000
0.000000,0.000000,156.000000,156.000000,-4533.000000,0.000000,0.000000
100.000000,-100.000000,0.000000,0.000000,-4558.000000,0.000000,0.000000
-300.000000,-500.000000,0.000000,0.000000,-4558.000000,0.000000,0.000000
-100.000000,-200.000000,0.000000,0.000000,-4563.000000,0.000000,0.000000
0.000000,-100.000000,0.000000,0.000000,-4553.000000,0.000000,0.000000
0.000000,-200.000000,0.000000,0.000000,-4544.000000,0.000000,0.000000
-100.000000,-100.000000,0.000000,0.000000,-4520.000000,0.000000,0.000000
-100.000000,-300.000000,0.000000,0.000000,-4487.000000,0.000000,0.000000
0.000000,-200.000000,0.000000,0.000000,-4448.000000,0.000000,0.000000
-300.000000,-300.000000,0.000000,0.000000,-4421.000000,0.000000,0.000000
100.000000,-100.000000,0.000000,0.000000,-4367.000000,0.000000,0.000000
-100.000000,0.000000,0.000000,0.000000,-4322.000000,0.000000,0.000000
0.000000,0.000000,0.000000,0.000000,-4253.000000,0.000000,0.000000
-100.000000,-100.000000,0.000000,0.000000,-4172.000000,0.000000,0.000000
-100.000000,-100.000000,0.000000,0.000000,-4111.000000,0.000000,0.000000
-100.000000,-200.000000,0.000000,0.000000,-4035.000000,0.000000,0.000000
-100.000000,-100.000000,0.000000,0.000000,-3978.000000,0.000000,0.000000
-300.000000,-100.000000,0.000000,0.000000,-3906.000000,0.000000,0.000000
-100.000000,-100.000000,0.000000,0.000000,-3837.000000,0.000000,0.000000
-200.000000,-400.000000,0.000000,0.000000,-3782.000000,0.000000,0.000000
0.000000,100.000000,0.000000,0.000000,-3706.000000,0.000000,0.000000
-200.000000,-300.000000,0.000000,0.000000,-3642.000000,0.000000,0.000000
0.000000,0.000000,0.000000,0.000000,-3579.000000,0.000000,0.000000
0.000000,-100.000000,0.000000,0.000000,-3511.000000,0.000000,0.000000
-100.000000,-100.000000,0.000000,0.000000,-3451.000000,0.000000,0.000000
0.000000,-100.000000,78.000000,78.000000,-3395.000000,0.000000,0.000000
0.000000,0.000000,0.000000,0.000000,-3349.000000,0.000000,0.000000
-200.000000,-100.000000,0.000000,0.000000,-3288.000000,196.000000,196.000000
200.000000,100.000000,0.000000,0.000000,-3250.000000,0.000000,0.000000
0.000000,-100.000000,0.000000,0.000000,-3204.000000,196.000000,0.000000
200.000000,0.000000,0.000000,0.000000,-3189.000000,196.000000,0.000000
100.000000,100.000000,0.000000,0.000000,-3184.000000,0.000000,0.000000
200.000000,300.000000,0.000000,0.000000,-3176.000000,196.000000,0.000000
-300.000000,-300.000000,0.000000,0.000000,-3168.000000,0.000000,0.000000
-100.000000,-300.000000,0.000000,0.000000,-3180.000000,0.000000,0.000000
-100.000000,-100.000000,0.000000,0.000000,-3199.000000,0.000000,0.000000
0.000000,-200.000000,0.000000,0.000000,-3225.000000,0.000000,0.000000
0.000000,-200.000000,0.000000,0.000000,-3254.000000,0.000000,0.000000
-100.000000,-200.000000,0.000000,0.000000,-3307.000000,0.000000,0.000000
0.000000,-100.000000,0.000000,0.000000,-3353.000000,0.000000,0.000000
-200.000000,0.000000,0.000000,0.000000,-3396.000000,0.000000,0.000000
-100.000000,0.000000,156.000000,156.000000,-3428.000000,0.000000,0.000000
-100.000000,100.000000,0.000000,0.000000,-3471.000000,0.000000,0.000000
-200.000000,-100.000000,0.000000,0.000000,-3528.000000,0.000000,0.000000
100.000000,0.000000,0.000000,0.000000,-3579.000000,0.000000,0.000000
-100.000000,-200.000000,0.000000,0.000000,-3640.000000,0.000000,0.000000
-100.000000,100.000000,0.000000,0.000000,-3704.000000,0.000000,0.000000
100.000000,-200.000000,0.000000,0.000000,-3779.000000,0.000000,0.000000
-100.000000,-200.000000,0.000000,0.000000,-3831.000000,0.000000,0.000000
-100.000000,-200.000000,0.000000,0.000000,-3893.000000,0.000000,0.000000
0.000000,0.000000,0.000000,0.000000,-3937.000000,0.000000,0.000000
-100.000000,0.000000,0.000000,0.000000,-3980.000000,0.000000,0.000000
0.000000,0.000000,0.000000,0.000000,-4028.000000,0.000000,0.000000
-300.000000,-100.000000,0.000000,0.000000,-4066.000000,0.000000,0.000000
100.000000,-200.000000,0.000000,0.000000,-4109.000000,0.000000,0.000000
0.000000,0.000000,0.000000,0.000000,-4149.000000,0.000000,0.000000
100.000000,0.000000,0.000000,0.000000,-4183.000000,0.000000,0.000000
100.000000,0.000000,0.000000,0.000000,-4220.000000,0.000000,0.000000
0.000000,-300.000000,0.000000,0.000000,-4242.000000,0.000000,0.000000
0.000000,-200.000000,0.000000,0.000000,-4258.000000,0.000000,0.000000
100.000000,-200.000000,0.000000,0.000000,-4280.000000,0.000000,0.000000
200.000000,-200.000000,0.000000,0.000000,-4279.000000,0.000000,0.000000
0.000000,-200.000000,0.000000,0.000000,-4280.000000,0.000000,0.000000
-100.000000,-300.000000,0.000000,0.000000,-4276.000000,0.000000,0.000000
100.000000,-200.000000,0.000000,0.000000,-4261.000000,0.000000,0.000000
100.000000,-300.000000,0.000000,0.000000,-4244.000000,0.000000,0.000000
0.000000,0.000000,0.000000,0.000000,-4229.000000,0.000000,0.000000
-100.000000,0.000000,0.000000,0.000000,-4204.000000,0.000000,0.000000
-100.000000,-100.000000,0.000000,0.000000,-4175.000000,0.000000,0.000000
200.000000,200.000000,0.000000,0.000000,-4131.000000,0.000000,0.000000
100.000000,-100.000000,0.000000,0.000000,-4099.000000,0.000000,0.000000
0.000000,-300.000000,0.000000,0.000000,-4073.000000,0.000000,0.000000
0.000000,0.000000,0.000000,0.000000,-4030.000000,0.000000,0.000000
-200.000000,0.000000,0.000000,0.000000,-3974.000000,0.000000,0.000000
200.000000,-100.000000,0.000000,0.000000,-3917.000000,0.000000,0.000000
-100.000000,-100.000000,0.000000,0.000000,-3872.000000,0.000000,0.000000
0.000000,-200.000000,0.000000,0.000000,-3832.000000,0.000000,0.000000
-100.000000,-100.000000,0.000000,0.000000,-3782.000000,0.000000,0.000000
-100.000000,0.000000,0.000000,0.000000,-3719.000000,0.000000,0.000000
-300.000000,-100.000000,0.000000,0.000000,-3682.000000,0.000000,0.000000
0.000000,0.000000,0.000000,0.000000,-3653.000000,0.000000,0.000000
0.000000,-200.000000,0.000000,0.000000,-3614.000000,0.000000,0.000000
100.000000,-100.000000,0.000000,0.000000,-3560.000000,0.000000,0.000000
-200.000000,0.000000,0.000000,0.000000,-3517.000000,0.000000,0.000000
-100.000000,-100.000000,0.000000,0.000000,-3502.000000,0.000000,0.000000
-100.000000,0.000000,0.000000,0.000000,-3478.000000,0.000000,0.000000
0.000000,100.000000,0.000000,0.000000,-3459.000000,0.000000,0.000000
-200.000000,-200.000000,0.000000,0.000000,-3436.000000,0.000000,0.000000
100.000000,-100.000000,156.000000,156.000000,-3412.000000,0.000000,0.000000
-100.000000,-100.000000,0.000000,0.000000,-3417.000000,0.000000,0.000000
-100.000000,0.000000,78.000000,78.000000,-3405.000000,0.000000,0.000000
-200.000000,-100.000000,0.000000,0.000000,-3403.000000,0.000000,0.000000
-100.000000,0.000000,0.000000,0.000000,-3412.000000,0.000000,0.000000
-200.000000,0.000000,0.000000,0.000000,-3409.000000,0.000000,0.000000
0.000000,0.000000,0.000000,0.000000,-3411.000000,0.000000,0.000000
100.000000,0.000000,0.000000,0.000000,-3421.000000,0.000000,0.000000
0.000000,-200.000000,0.000000,0.000000,-3444.000000,0.000000,0.000000
100.000000,-400.000000,0.000000,0.000000,-3465.000000,0.000000,0.000000
0.000000,-100.000000,0.000000,0.000000,-3487.000000,0.000000,0.000000
0.000000,-200.000000,0.000000,0.000000,-3521.000000,0.000000,0.000000
0.000000,-100.000000,0.000000,0.000000,-3534.000000,0.000000,0.000000
-200.000000,0.000000,0.000000,0.000000,-3568.000000,0.000000,0.000000
-100.000000,0.000000,0.000000,0.000000,-3599.000000,0.000000,0.000000
100.000000,-100.000000,0.000000,0.000000,-3626.000000,0.000000,0.000000
0.000000,-100.000000,0.000000,0.000000,-3667.000000,0.000000,0.000000
-100.000000,-100.000000,0.000000,0.000000,-3694.000000,0.000000,0.000000
-100.000000,0.000000,0.000000,0.000000,-3727.000000,0.000000,0.000000
0.000000,-200.000000,0.000000,0.000000,-3756.000000,0.000000,0.000000
0.000000,-100.000000,0.000000,0.000000,-3770.000000,0.000000,0.000000
0.000000,-200.000000,0.000000,0.000000,-3799.000000,0.000000,0.000000
-100.000000,0.000000,0.000000,0.000000,-3824.000000,0.000000,0.000000
-200.000000,-100.000000,0.000000,0.000000,-3851.000000,0.000000,0.000000
-100.000000,0.000000,0.000000,0.000000,-3861.000000,0.000000,0.000000
-300.000000,0.000000,0.000000,0.000000,-3886.000000,0.000000,0.000000
-200.000000,-300.000000,0.000000,0.000000,-3899.000000,0.000000,0.000000
100.000000,-200.000000,0.000000,0.000000,-3937.000000,0.000000,0.000000
0.000000,0.000000,0.000000,0.000000,-3956.000000,0.000000,0.000000
-100.000000,-200.000000,0.000000,0.000000,-3951.000000,0.000000,0.000000
0.000000,-300.000000,0.000000,0.000000,-3964.000000,0.000000,0.000000
-100.000000,-100.000000,0.000000,0.000000,-3961.000000,0.000000,0.000000
-100.000000,-100.000000,0.000000,0.000000,-3963.000000,0.000000,0.000000
-100.000000,-300.000000,0.000000,0.000000,-3963.000000,0.000000,0.000000
100.000000,-200.000000,0.000000,0.000000,-3970.000000,0.000000,0.000000
-500.000000,-100.000000,0.000000,0.000000,-3965.000000,0.000000,0.000000
-200.000000,-200.000000,0.000000,0.000000,-3968.000000,0.000000,0.000000
-100.000000,-100.000000,0.000000,0.000000,-3956.000000,0.000000,0.000000
0.000000,-200.000000,0.000000,0.000000,-3940.000000,0.000000,0.000000
0.000000,-300.000000,0.000000,0.000000,-3920.000000,0.000000,0.000000
-200.000000,-100.000000,0.000000,0.000000,-3897.000000,0.000000,0.000000
0.000000,-200.000000,0.000000,0.000000,-3888.000000,0.000000,0.000000
100.000000,-200.000000,0.000000,0.000000,-3876.000000,0.000000,0.000000
-100.000000,-100.000000,0.000000,0.000000,-3851.000000,0.000000,0.000000
-300.000000,200.000000,0.000000,0.000000,-3824.000000,0.000000,0.000000
-100.000000,-200.000000,0.000000,0.000000,-3807.000000,0.000000,0.000000
-100.000000,0.000000,0.000000,0.000000,-3760.000000,0.000000,0.000000
100.000000,0.000000,0.000000,0.000000,-3723.000000,0.000000,0.000000
100.000000,-400.000000,0.000000,0.000000,-3705.000000,0.000000,0.000000
-300.000000,-200.000000,0.000000,0.000000,-3682.000000,0.000000,0.000000
-100.000000,-100.000000,0.000000,0.000000,-3664.000000,0.000000,0.000000
-200.000000,0.000000,0.000000,0.000000,-3641.000000,0.000000,0.000000
100.000000,-100.000000,0.000000,0.000000,-3628.000000,0.000000,0.000000
300.000000,-300.000000,0.000000,0.000000,-3609.000000,0.000000,0.000000
-200.000000,0.000000,0.000000,0.000000,-3591.000000,0.000000,0.000000
-100.000000,200.000000,0.000000,0.000000,-3585.000000,0.000000,0.000000
200.000000,0.000000,0.000000,0.000000,-3565.000000,0.000000,0.000000
-100.000000,-200.000000,0.000000,0.000000,-3545.000000,0.000000,0.000000
-200.000000,100.000000,0.000000,0.000000,-3520.000000,0.000000,0.000000
-100.000000,-200.000000,0.000000,0.000000,-3525.000000,0.000000,0.000000
0.000000,-100.000000,0.000000,0.000000,-3528.000000,0.000000,0.000000
0.000000,-100.000000,0.000000,0.000000,-3536.000000,0.000000,0.000000
200.000000,0.000000,0.000000,0.000000,-3541.000000,0.000000,0.000000
0.000000,-100.000000,0.000000,0.000000,-3525.000000,0.000000,0.000000
0.000000,-300.000000,0.000000,0.000000,-3525.000000,0.000000,0.000000
0.000000,-100.000000,0.000000,0.000000,-3532.000000,0.000000,0.000000
100.000000,-300.000000,0.000000,0.000000,-3534.000000,0.000000,0.000000
0.000000,-100.000000,0.000000,0.000000,-3528.000000,0.000000,0.000000
0.000000,0.000000,0.000000,0.000000,-3554.000000,0.000000,0.000000
0.000000,-200.000000,0.000000,0.000000,-3558.000000,0.000000,0.000000
-200.000000,-300.000000,0.000000,0.000000,-3584.000000,0.000000,0.000000
-200.000000,0.000000,0.000000,0.000000,-3611.000000,0.000000,0.000000
200.000000,0.000000,0.000000,0.000000,-3622.000000,0.000000,0.000000
-200.000000,-300.000000,0.000000,0.000000,-3654.000000,0.000000,0.000000
-100.000000,-200.000000,0.000000,0.000000,-3686.000000,0.000000,0.000000
-100.000000,0.000000,0.000000,0.000000,-3721.000000,0.000000,0.000000
-300.000000,-200.000000,0.000000,0.000000,-3753.000000,0.000000,0.000000
200.000000,-200.000000,0.000000,0.000000,-3789.000000,0.000000,0.000000
-200.000000,0.000000,0.000000,0.000000,-3827.000000,0.000000,0.000000
-100.000000,-300.000000,0.000000,0.000000,-3852.000000,0.000000,0.000000
0.000000,-200.000000,0.000000,0.000000,-3903.000000,0.000000,0.000000
-100.000000,-200.000000,0.000000,0.000000,-3934.000000,0.000000,0.000000
-100.000000,-100.000000,0.000000,0.000000,-3938.000000,0.000000,0.000000
100.000000,-100.000000,0.000000,0.000000,-3962.000000,0.000000,0.000000
-200.000000,0.000000,0.000000,0.000000,-3975.000000,0.000000,0.000000
0.000000,-100.000000,0.000000,0.000000,-3987.000000,0.000000,0.000000
100.000000,-800.000000,0.000000,0.000000,-4001.000000,0.000000,0.000000
0.000000,-200.000000,0.000000,0.000000,-4018.000000,0.000000,0.000000
-200.000000,-300.000000,0.000000,0.000000,-4032.000000,0.000000,0.000000
0.000000,-200.000000,0.000000,0.000000,-4020.000000,0.000000,0.000000
-100.000000,0.000000,0.000000,0.000000,-4031.000000,0.000000,0.000000
-100.000000,0.000000,0.000000,0.000000,-4040.000000,0.000000,0.000000
0.000000,-100.000000,0.000000,0.000000,-4035.000000,0.000000,0.000000
-100.000000,-200.000000,0.000000,0.000000,-4036.000000,0.000000,0.000000
-100.000000,-100.000000,0.000000,0.000000,-4015.000000,0.000000,0.000000
0.000000,-100.000000,0.000000,0.000000,-4003.000000,0.000000,0.000000
-200.000000,-200.000000,0.000000,0.000000,-3993.000000,0.000000,0.000000
-100.000000,-300.000000,0.000000,0.000000,-3987.000000,0.000000,0.000000
0.000000,-100.000000,0.000000,0.000000,-3962.000000,0.000000,0.000000
100.000000,-200.000000,0.000000,0.000000,-3953.000000,0.000000,0.000000
0.000000,-300.000000,0.000000,0.000000,-3921.000000,0.000000,0.000000
-200.000000,-100.000000,0.000000,0.000000,-3910.000000,0.000000,0.000000
-100.000000,0.000000,0.000000,0.000000,-3876.000000,0.000000,0.000000
0.000000,100.000000,0.000000,0.000000,-3859.000000,0.000000,0.000000
-100.000000,0.000000,0.000000,0.000000,-3822.000000,0.000000,0.000000
0.000000,0.000000,0.000000,0.000000,-3806.000000,0.000000,0.000000
-200.000000,-200.000000,0.000000,0.000000,-3775.000000,0.000000,0.000000
-200.000000,0.000000,0.000000,0.000000,-3752.000000,0.000000,0.000000
0.000000,-200.000000,0.000000,0.000000,-3741.000000,0.000000,0.000000
0.000000,-100.000000,0.000000,0.000000,-3727.000000,0.000000,0.000000
-200.000000,-200.000000,0.000000,0.000000,-3717.000000,0.000000,0.000000
0.000000,0.000000,0.000000,0.000000,-3708.000000,0.000000,0.000000
0.000000,-100.000000,0.000000,0.000000,-3697.000000,0.000000,0.000000
0.000000,0.000000,0.000000,0.000000,-3694.000000,0.000000,0.000000
0.000000,-100.000000,0.000000,0.000000,-3673.000000,0.000000,0.000000
0.000000,0.000000,0.000000,0.000000,-3649.000000,0.000000,0.000000
0.000000,0.000000,0.000000,0.000000,-3634.000000,0.000000,0.000000
0.000000,-400.000000,0.000000,0.000000,-3634.000000,0.000000,0.000000
0.000000,-400.000000,0.000000,0.000000,-3637.000000,0.000000,0.000000
-200.000000,-100.000000,0.000000,0.000000,-3659.000000,0.000000,0.000000
-200.000000,0.000000,0.000000,0.000000,-3642.000000,0.000000,0.000000
-200.000000,100.000000,0.000000,0.000000,-3648.000000,0.000000,0.000000
0.000000,0.000000,0.000000,0.000000,-3650.000000,0.000000,0.000000
0.000000,0.000000,78.000000,78.000000,-3648.000000,0.000000,0.000000
100.000000,0.000000,0.000000,0.000000,-3629.000000,0.000000,0.000000
-100.000000,0.000000,0.000000,0.000000,-3622.000000,0.000000,0.000000
100.000000,-200.000000,0.000000,0.000000,-3630.000000,0.000000,0.000000
-100.000000,0.000000,0.000000,0.000000,-3648.000000,0.000000,0.000000
0.000000,-100.000000,0.000000,0.000000,-3656.000000,0.000000,0.000000
100.000000,0.000000,0.000000,0.000000,-3669.000000,0.000000,0.000000
0.000000,100.000000,0.000000,0.000000,-3665.000000,0.000000,0.000000
-200.000000,-100.000000,0.000000,0.000000,-3678.000000,0.000000,0.000000
-300.000000,-300.000000,0.000000,0.000000,-3700.000000,0.000000,0.000000
-100.000000,-100.000000,0.000000,0.000000,-3704.000000,0.000000,0.000000
-200.000000,-200.000000,0.000000,0.000000,-3721.000000,0.000000,0.000000
200.000000,0.000000,0.000000,0.000000,-3732.000000,0.000000,0.000000
-100.000000,0.000000,0.000000,0.000000,-3733.000000,0.000000,0.000000
-200.000000,0.000000,0.000000,0.000000,-3740.000000,0.000000,0.000000
-100.000000,-100.000000,0.000000,0.000000,-3748.000000,0.000000,0.000000
0.000000,0.000000,0.000000,0.000000,-3763.000000,0.000000,0.000000
-300.000000,-300.000000,0.000000,0.000000,-3769.000000,0.000000,0.000000
0.000000,-200.000000,0.000000,0.000000,-3775.000000,0.000000,0.000000
0.000000,-200.000000,0.000000,0.000000,-3784.000000,0.000000,0.000000
-200.000000,0.000000,156.000000,156.000000,-3804.000000,0.000000,0.000000
200.000000,-100.000000,0.000000,0.000000,-3807.000000,0.000000,0.000000
0.000000,0.000000,0.000000,0.000000,-3819.000000,0.000000,0.000000
-100.000000,0.000000,156.000000,156.000000,-3818.000000,0.000000,0.000000
-100.000000,0.000000,0.000000,0.000000,-3807.000000,0.000000,0.000000
-100.000000,-300.000000,0.000000,0.000000,-3797.000000,0.000000,0.000000
0.000000,-300.000000,0.000000,0.000000,-3793.000000,0.000000,0.000000
100.000000,-200.000000,0.000000,0.000000,-3799.000000,0.000000,0.000000
-100.000000,-100.000000,0.000000,0.000000,-3800.000000,0.000000,0.000000
100.000000,-100.000000,0.000000,0.000000,-3801.000000,0.000000,0.000000
-200.000000,0.000000,0.000000,0.000000,-3807.000000,0.000000,0.000000
0.000000,0.000000,0.000000,0.000000,-3803.000000,0.000000,0.000000
100.000000,0.000000,0.000000,0.000000,-3806.000000,0.000000,0.000000
-100.000000,-100.000000,0.000000,0.000000,-3786.000000,0.000000,0.000000
-200.000000,-700.000000,0.000000,0.000000,-3779.000000,0.000000,0.000000
-100.000000,0.000000,0.000000,0.000000,-3781.000000,0.000000,0.000000
100.000000,-300.000000,0.000000,0.000000,-3764.000000,0.000000,0.000000
-100.000000,0.000000,0.000000,0.000000,-3756.000000,0.000000,0.000000
0.000000,0.000000,0.000000,0.000000,-3743.000000,0.000000,0.000000
0.000000,0.000000,0.000000,0.000000,-3724.000000,0.000000,0.000000
-300.000000,-200.000000,0.000000,0.000000,-3715.000000,0.000000,0.000000
-200.000000,-300.000000,0.000000,0.000000,-3711.000000,0.000000,0.000000
-200.000000,100.000000,0.000000,0.000000,-3702.000000,0.000000,0.000000
200.000000,-200.000000,0.000000,0.000000,-3699.000000,0.000000,0.000000
