Channel 1,Channel 2,Channel 3,Channel 4,Channel 5,Channel 6,Channel 7
200.000000,-100.000000,156.000000,156.000000,-3528.000000,0.000000,0.000000
-100.000000,200.000000,0.000000,0.000000,-3537.000000,0.000000,0.000000
200.000000,-200.000000,0.000000,0.000000,-3551.000000,0.000000,0.000000
-200.000000,-100.000000,0.000000,0.000000,-3543.000000,0.000000,0.000000
0.000000,100.000000,0.000000,0.000000,-3534.000000,0.000000,0.000000
-200.000000,-100.000000,0.000000,0.000000,-3534.000000,0.000000,0.000000
0.000000,100.000000,0.000000,0.000000,-3534.000000,0.000000,0.000000
-300.000000,-100.000000,0.000000,0.000000,-3552.000000,0.000000,0.000000
-100.000000,-100.000000,0.000000,0.000000,-3555.000000,0.000000,0.000000
-100.000000,-200.000000,0.000000,0.000000,-3542.000000,0.000000,0.000000
0.000000,0.000000,0.000000,0.000000,-3552.000000,0.000000,0.000000
0.000000,0.000000,0.000000,0.000000,-3550.000000,0.000000,0.000000
-200.000000,0.000000,0.000000,0.000000,-3542.000000,0.000000,0.000000
-200.000000,0.000000,0.000000,0.000000,-3546.000000,0.000000,0.000000
-200.000000,100.000000,0.000000,0.000000,-3540.000000,0.000000,0.000000
0.000000,0.000000,0.000000,0.000000,-3541.000000,0.000000,0.000000
100.000000,-100.000000,0.000000,0.000000,-3541.000000,0.000000,0.000000
-200.000000,0.000000,0.000000,0.000000,-3540.000000,0.000000,0.000000
100.000000,-200.000000,0.000000,0.000000,-3545.000000,0.000000,0.000000
0.000000,0.000000,0.000000,0.000000,-3537.000000,0.000000,0.000000
0.000000,0.000000,0.000000,0.000000,-3525.000000,0.000000,0.000000
-100.000000,-100.000000,0.000000,0.000000,-3525.000000,0.000000,0.000000
-100.000000,-100.000000,0.000000,0.000000,-3509.000000,0.000000,0.000000
0.000000,0.000000,0.000000,0.000000,-3511.000000,0.000000,0.000000
-200.000000,0.000000,0.000000,0.000000,-3494.000000,0.000000,0.000000
0.000000,-200.000000,0.000000,0.000000,-3486.000000,0.000000,0.000000
-200.000000,-100.000000,0.000000,0.000000,-3470.000000,0.000000,0.000000
-100.000000,0.000000,0.000000,0.000000,-3465.000000,0.000000,0.000000
-100.000000,0.000000,0.000000,0.000000,-3471.000000,0.000000,0.000000
0.000000,-100.000000,0.000000,0.000000,-3457.000000,0.000000,0.000000
-300.000000,0.000000,0.000000,0.000000,-3455.000000,0.000000,0.000000
-100.000000,-100.000000,0.000000,0.000000,-3469.000000,0.000000,0.000000
-300.000000,-200.000000,0.000000,0.000000,-3470.000000,0.000000,0.000000
-300.000000,-100.000000,0.000000,0.000000,-3471.000000,0.000000,0.000000
-300.000000,0.000000,0.000000,0.000000,-3473.000000,0.000000,0.000000
-100.000000,0.000000,0.000000,0.000000,-3476.000000,0.000000,0.000000
-300.000000,-100.000000,0.000000,0.000000,-3472.000000,0.000000,0.000000
-200.000000,0.000000,0.000000,0.000000,-3478.000000,0.000000,0.000000
-100.000000,-400.000000,0.000000,0.000000,-3485.000000,0.000000,0.000000
-100.000000,0.000000,0.000000,0.000000,-3465.000000,0.000000,0.000000
-100.000000,-100.000000,0.000000,0.000000,-3456.000000,0.000000,0.000000
-200.000000,0.000000,0.000000,0.000000,-3479.000000,0.000000,0.000000
200.000000,-200.000000,0.000000,0.000000,-3479.000000,0.000000,0.000000
-100.000000,-100.000000,0.000000,0.000000,-3484.000000,0.000000,0.000000
0.000000,-100.000000,0.000000,0.000000,-3494.000000,0.000000,0.000000
-200.000000,100.000000,0.000000,0.000000,-3480.000000,0.000000,0.000000
-200.000000,0.000000,0.000000,0.000000,-3493.000000,0.000000,0.000000
0.000000,-100.000000,0.000000,0.000000,-3491.000000,0.000000,0.000000
-300.000000,-100.000000,0.000000,0.000000,-3471.000000,0.000000,0.000000
-100.000000,0.000000,0.000000,0.000000,-3479.000000,0.000000,0.000000
-200.000000,-200.000000,0.000000,0.000000,-3481.000000,0.000000,0.000000
0.000000,100.000000,0.000000,0.000000,-3472.000000,0.000000,0.000000
-200.000000,100.000000,156.000000,156.000000,-3473.000000,0.000000,0.000000
100.000000,-100.000000,0.000000,0.000000,-3462.000000,0.000000,0.000000
0.000000,15000.000000,20000.000000,20000.000000,-3538.000000,785.000000,785.000000
17900.000000,17700.000000,20000.000000,20000.000000,-3706.000000,3730.000000,3534.000000
18400.000000,18900.000000,20000.000000,20000.000000,-3326.000000,3730.000000,3926.000000
20400.000000,20800.000000,20000.000000,20000.000000,-2312.000000,589.000000,1178.000000
21300.000000,20600.000000,20000.000000,20000.000000,-1809.000000,-196.000000,-589.000000
19500.000000,20100.000000,20000.000000,20000.000000,-1876.000000,785.000000,392.000000
17200.000000,17100.000000,20000.000000,20000.000000,-1797.000000,2356.000000,2159.000000
16700.000000,21500.000000,20000.000000,20000.000000,-906.000000,3534.000000,3730.000000
17900.000000,21700.000000,20000.000000,20000.000000,269.000000,3926.000000,4516.000000
19400.000000,19600.000000,20000.000000,20000.000000,1272.000000,3141.000000,3730.000000
0.000000,0.000000,0.000000,0.000000,2020.000000,589.000000,196.000000
-400.000000,200.000000,0.000000,0.000000,2561.000000,-1374.000000,-1963.000000
0.000000,100.000000,0.000000,0.000000,3393.000000,-981.000000,-785.000000
0.000000,-100.000000,0.000000,0.000000,3464.000000,-392.000000,3141.000000
0.000000,-100.000000,0.000000,0.000000,3901.000000,2159.000000,5694.000000
-200.000000,200.000000,0.000000,0.000000,4934.000000,4516.000000,5301.000000
100.000000,-200.000000,0.000000,0.000000,5005.000000,4712.000000,4319.000000
-100.000000,0.000000,0.000000,0.000000,4615.000000,4908.000000,1963.000000
-200.000000,0.000000,0.000000,0.000000,5524.000000,4516.000000,392.000000
0.000000,0.000000,0.000000,0.000000,6576.000000,3926.000000,0.000000
-100.000000,0.000000,0.000000,0.000000,6545.000000,1963.000000,-196.000000
100.000000,0.000000,0.000000,0.000000,6995.000000,-196.000000,196.000000
300.000000,-100.000000,0.000000,0.000000,7365.000000,-589.000000,785.000000
0.000000,0.000000,0.000000,0.000000,7048.000000,-785.000000,1374.000000
-200.000000,0.000000,0.000000,0.000000,6769.000000,-392.000000,1374.000000
0.000000,0.000000,0.000000,0.000000,6709.000000,0.000000,1374.000000
-200.000000,0.000000,0.000000,0.000000,6550.000000,-196.000000,1767.000000
0.000000,0.000000,0.000000,0.000000,6082.000000,0.000000,785.000000
0.000000,0.000000,0.000000,0.000000,5638.000000,0.000000,785.000000
-100.000000,-100.000000,0.000000,0.000000,5162.000000,-196.000000,-196.000000
0.000000,-200.000000,0.000000,0.000000,4719.000000,392.000000,-981.000000
100.000000,-100.000000,0.000000,0.000000,4382.000000,0.000000,-1178.000000
0.000000,-100.000000,0.000000,0.000000,3763.000000,-392.000000,-1178.000000
0.000000,-100.000000,0.000000,0.000000,3024.000000,0.000000,-1178.000000
-100.000000,100.000000,0.000000,0.000000,2304.000000,0.000000,-981.000000
100.000000,0.000000,0.000000,0.000000,1654.000000,-196.000000,-785.000000
0.000000,-100.000000,0.000000,0.000000,824.000000,-589.000000,-981.000000
0.000000,100.000000,0.000000,0.000000,115.000000,-1570.000000,-981.000000
-100.000000,200.000000,0.000000,0.000000,-777.000000,-2159.000000,-1570.000000
100.000000,200.000000,0.000000,0.000000,-1809.000000,-1963.000000,-1570.000000
100.000000,-100.000000,0.000000,0.000000,-2562.000000,-1767.000000,-1570.000000
0.000000,200.000000,0.000000,0.000000,-3197.000000,-1963.000000,-1570.000000
100.000000,100.000000,0.000000,0.000000,-4053.000000,-1570.000000,-1374.000000
0.000000,0.000000,0.000000,0.000000,-4941.000000,-981.000000,-1374.000000
0.000000,0.000000,0.000000,0.000000,-5578.000000,-1178.000000,-1178.000000
100.000000,0.000000,0.000000,0.000000,-6232.000000,-981.000000,-1178.000000
0.000000,200.000000,0.000000,0.000000,-7069.000000,-981.000000,-981.000000
0.000000,100.000000,0.000000,0.000000,-7762.000000,-785.000000,-1178.000000
0.000000,100.000000,0.000000,0.000000,-8254.000000,-589.000000,-981.000000
0.000000,100.000000,0.000000,0.000000,-8882.000000,-196.000000,-785.000000
0.000000,0.000000,0.000000,0.000000,-9508.000000,-196.000000,-785.000000
0.000000,100.000000,0.000000,0.000000,-9980.000000,-196.000000,-589.000000
0.000000,100.000000,0.000000,0.000000,-10274.000000,0.000000,-589.000000
0.000000,-100.000000,0.000000,0.000000,-10590.000000,0.000000,-196.000000
0.000000,100.000000,0.000000,0.000000,-10925.000000,0.000000,-196.000000
100.000000,200.000000,0.000000,0.000000,-11088.000000,196.000000,0.000000
-200.000000,0.000000,0.000000,0.000000,-11214.000000,0.000000,392.000000
0.000000,0.000000,0.000000,0.000000,-11325.000000,0.000000,0.000000
200.000000,-100.000000,0.000000,0.000000,-11391.000000,0.000000,0.000000
-100.000000,0.000000,0.000000,0.000000,-11342.000000,0.000000,0.000000
-100.000000,-300.000000,0.000000,0.000000,-11220.000000,0.000000,0.000000
0.000000,200.000000,0.000000,0.000000,-11092.000000,196.000000,589.000000
200.000000,-100.000000,0.000000,0.000000,-10895.000000,0.000000,981.000000
0.000000,300.000000,0.000000,0.000000,-10731.000000,981.000000,1570.000000
200.000000,-100.000000,0.000000,0.000000,-10382.000000,1963.000000,1570.000000
-200.000000,-100.000000,0.000000,0.000000,-9983.000000,2748.000000,1374.000000
0.000000,0.000000,0.000000,0.000000,-9610.000000,2945.000000,1570.000000
0.000000,100.000000,0.000000,0.000000,-9193.000000,2552.000000,1374.000000
0.000000,0.000000,0.000000,0.000000,-8593.000000,2552.000000,1178.000000
100.000000,0.000000,0.000000,0.000000,-8144.000000,2356.000000,1178.000000
0.000000,100.000000,0.000000,0.000000,-7782.000000,2159.000000,1570.000000
100.000000,100.000000,0.000000,0.000000,-7129.000000,2159.000000,1963.000000
0.000000,300.000000,0.000000,0.000000,-6427.000000,1767.000000,2159.000000
300.000000,0.000000,0.000000,0.000000,-5892.000000,1570.000000,1963.000000
0.000000,100.000000,0.000000,0.000000,-5312.000000,1570.000000,1963.000000
100.000000,-100.000000,0.000000,0.000000,-4584.000000,1374.000000,1767.000000
100.000000,0.000000,0.000000,0.000000,-3908.000000,1178.000000,1570.000000
0.000000,400.000000,0.000000,0.000000,-3378.000000,1374.000000,1570.000000
0.000000,100.000000,0.000000,0.000000,-2823.000000,1963.000000,1374.000000
100.000000,0.000000,0.000000,0.000000,-2138.000000,2356.000000,1374.000000
0.000000,0.000000,0.000000,0.000000,-1580.000000,2356.000000,1374.000000
200.000000,-100.000000,0.000000,0.000000,-1016.000000,2356.000000,1374.000000
-200.000000,0.000000,0.000000,0.000000,-509.000000,1963.000000,1178.000000
0.000000,0.000000,0.000000,0.000000,63.000000,1963.000000,981.000000
0.000000,0.000000,0.000000,0.000000,374.000000,1767.000000,1178.000000
-100.000000,-100.000000,0.000000,0.000000,727.000000,1767.000000,981.000000
-100.000000,100.000000,0.000000,0.000000,1168.000000,1374.000000,785.000000
-100.000000,0.000000,0.000000,0.000000,1539.000000,1178.000000,785.000000
0.000000,0.000000,0.000000,0.000000,1728.000000,1178.000000,785.000000
0.000000,-100.000000,0.000000,0.000000,1886.000000,981.000000,589.000000
-100.000000,0.000000,0.000000,0.000000,2090.000000,785.000000,392.000000
0.000000,100.000000,0.000000,0.000000,2242.000000,589.000000,392.000000
-200.000000,0.000000,0.000000,0.000000,2238.000000,589.000000,0.000000
0.000000,0.000000,0.000000,0.000000,2218.000000,196.000000,0.000000
-100.000000,0.000000,0.000000,0.000000,2239.000000,0.000000,-196.000000
100.000000,0.000000,0.000000,0.000000,2136.000000,-196.000000,0.000000
-200.000000,0.000000,0.000000,0.000000,1916.000000,0.000000,-196.000000
0.000000,0.000000,0.000000,0.000000,1708.000000,-196.000000,0.000000
-200.000000,0.000000,0.000000,0.000000,1533.000000,0.000000,0.000000
-400.000000,200.000000,0.000000,0.000000,1181.000000,-196.000000,-196.000000
100.000000,100.000000,0.000000,0.000000,804.000000,-589.000000,-392.000000
0.000000,200.000000,0.000000,0.000000,552.000000,-1178.000000,-1178.000000
200.000000,200.000000,0.000000,0.000000,214.000000,-1570.000000,-1374.000000
0.000000,0.000000,0.000000,0.000000,-323.000000,-1570.000000,-1570.000000
0.000000,100.000000,0.000000,0.000000,-802.000000,-1374.000000,-1374.000000
100.000000,0.000000,0.000000,0.000000,-1139.000000,-1374.000000,-1178.000000
0.000000,0.000000,0.000000,0.000000,-1501.000000,-1374.000000,-1178.000000
-100.000000,0.000000,0.000000,0.000000,-2035.000000,-1178.000000,-981.000000
0.000000,0.000000,0.000000,0.000000,-2581.000000,-1178.000000,-981.000000
-400.000000,100.000000,0.000000,0.000000,-3003.000000,-1374.000000,-785.000000
0.000000,100.000000,0.000000,0.000000,-3402.000000,-1570.000000,-1178.000000
0.000000,0.000000,0.000000,0.000000,-3926.000000,-1570.000000,-1374.000000
0.000000,-100.000000,0.000000,0.000000,-4405.000000,-1570.000000,-1374.000000
0.000000,100.000000,0.000000,0.000000,-4814.000000,-1374.000000,-1374.000000
0.000000,100.000000,0.000000,0.000000,-5229.000000,-1374.000000,-1374.000000
100.000000,300.000000,0.000000,0.000000,-5649.000000,-1178.000000,-1178.000000
-100.000000,200.000000,0.000000,0.000000,-6004.000000,-1178.000000,-981.000000
-200.000000,0.000000,0.000000,0.000000,-6336.000000,-981.000000,-981.000000
-100.000000,200.000000,0.000000,0.000000,-6708.000000,-785.000000,-981.000000
0.000000,100.000000,0.000000,0.000000,-6998.000000,-785.000000,-785.000000
-200.000000,600.000000,0.000000,0.000000,-7192.000000,-785.000000,-785.000000
100.000000,-100.000000,0.000000,0.000000,-7398.000000,-785.000000,-785.000000
-100.000000,100.000000,0.000000,0.000000,-7647.000000,-589.000000,-785.000000
200.000000,200.000000,0.000000,0.000000,-7819.000000,-589.000000,-589.000000
300.000000,0.000000,0.000000,0.000000,-7854.000000,-589.000000,-589.000000
-200.000000,0.000000,0.000000,0.000000,-7924.000000,-392.000000,-392.000000
-100.000000,0.000000,0.000000,0.000000,-7984.000000,-196.000000,-392.000000
0.000000,0.000000,0.000000,0.000000,-7975.000000,0.000000,-196.000000
0.000000,0.000000,0.000000,0.000000,-7904.000000,0.000000,0.000000
-100.000000,0.000000,0.000000,0.000000,-7844.000000,196.000000,196.000000
0.000000,-100.000000,0.000000,0.000000,-7723.000000,0.000000,0.000000
-100.000000,0.000000,0.000000,0.000000,-7530.000000,0.000000,0.000000
100.000000,-100.000000,0.000000,0.000000,-7319.000000,0.000000,0.000000
-100.000000,-300.000000,0.000000,0.000000,-7107.000000,0.000000,0.000000
-200.000000,0.000000,0.000000,0.000000,-6854.000000,0.000000,196.000000
-200.000000,-200.000000,0.000000,0.000000,-6535.000000,0.000000,0.000000
-100.000000,-300.000000,0.000000,0.000000,-6227.000000,196.000000,0.000000
0.000000,0.000000,0.000000,0.000000,-5943.000000,0.000000,0.000000
0.000000,0.000000,0.000000,0.000000,-5611.000000,0.000000,196.000000
-100.000000,-100.000000,0.000000,0.000000,-5227.000000,0.000000,0.000000
0.000000,-100.000000,0.000000,0.000000,-4837.000000,0.000000,196.000000
0.000000,0.000000,0.000000,0.000000,-4506.000000,0.000000,392.000000
0.000000,200.000000,0.000000,0.000000,-4167.000000,0.000000,785.000000
-200.000000,-300.000000,0.000000,0.000000,-3781.000000,0.000000,785.000000
0.000000,0.000000,0.000000,0.000000,-3424.000000,196.000000,589.000000
0.000000,200.000000,0.000000,0.000000,-3086.000000,0.000000,589.000000
-100.000000,200.000000,0.000000,0.000000,-2744.000000,196.000000,589.000000
-200.000000,0.000000,0.000000,0.000000,-2392.000000,392.000000,392.000000
0.000000,-100.000000,0.000000,0.000000,-2081.000000,392.000000,392.000000
100.000000,0.000000,0.000000,0.000000,-1831.000000,392.000000,196.000000
100.000000,0.000000,0.000000,0.000000,-1571.000000,589.000000,0.000000
0.000000,0.000000,0.000000,0.000000,-1288.000000,392.000000,0.000000
0.000000,0.000000,0.000000,0.000000,-1063.000000,196.000000,0.000000
0.000000,0.000000,0.000000,0.000000,-892.000000,196.000000,0.000000
100.000000,200.000000,0.000000,0.000000,-703.000000,0.000000,0.000000
200.000000,-200.000000,0.000000,0.000000,-537.000000,0.000000,0.000000
0.000000,-400.000000,0.000000,0.000000,-461.000000,0.000000,0.000000
-200.000000,200.000000,0.000000,0.000000,-393.000000,0.000000,0.000000
-100.000000,0.000000,0.000000,0.000000,-333.000000,0.000000,-196.000000
0.000000,0.000000,0.000000,0.000000,-304.000000,0.000000,0.000000
200.000000,0.000000,0.000000,0.000000,-350.000000,0.000000,-196.000000
0.000000,0.000000,0.000000,0.000000,-399.000000,0.000000,0.000000
100.000000,-100.000000,0.000000,0.000000,-456.000000,0.000000,-196.000000
0.000000,0.000000,0.000000,0.000000,-574.000000,0.000000,-392.000000
300.000000,-100.000000,0.000000,0.000000,-736.000000,-196.000000,-981.000000
0.000000,-100.000000,0.000000,0.000000,-906.000000,-196.000000,-1178.000000
100.000000,-200.000000,0.000000,0.000000,-1064.000000,0.000000,-1374.000000
0.000000,0.000000,0.000000,0.000000,-1253.000000,-196.000000,-1178.000000
0.000000,0.000000,0.000000,0.000000,-1441.000000,-589.000000,-1178.000000
100.000000,0.000000,0.000000,0.000000,-1534.000000,-1178.000000,-981.000000
0.000000,100.000000,0.000000,0.000000,-1705.000000,-1374.000000,-981.000000
0.000000,-100.000000,0.000000,0.000000,-2142.000000,-1374.000000,-785.000000
0.000000,100.000000,0.000000,0.000000,-2461.000000,-1178.000000,-785.000000
100.000000,100.000000,0.000000,0.000000,-2631.000000,-1178.000000,-981.000000
100.000000,300.000000,0.000000,0.000000,-2805.000000,-785.000000,-1178.000000
100.000000,100.000000,0.000000,0.000000,-3147.000000,-981.000000,-1178.000000
0.000000,0.000000,0.000000,0.000000,-3450.000000,-589.000000,-1178.000000
0.000000,100.000000,0.000000,0.000000,-3675.000000,-589.000000,-1178.000000
0.000000,0.000000,0.000000,0.000000,-3858.000000,-785.000000,-981.000000
0.000000,0.000000,0.000000,0.000000,-4057.000000,-785.000000,-981.000000
0.000000,100.000000,0.000000,0.000000,-4281.000000,-1178.000000,-785.000000
0.000000,-100.000000,0.000000,0.000000,-4515.000000,-981.000000,-785.000000
-100.000000,0.000000,0.000000,0.000000,-4713.000000,-785.000000,-785.000000
100.000000,100.000000,0.000000,0.000000,-4891.000000,-785.000000,-785.000000
-100.000000,0.000000,0.000000,0.000000,-5061.000000,-785.000000,-785.000000
-100.000000,0.000000,0.000000,0.000000,-5209.000000,-589.000000,-589.000000
0.000000,100.000000,0.000000,0.000000,-5366.000000,-392.000000,-785.000000
0.000000,100.000000,0.000000,0.000000,-5485.000000,-196.000000,-392.000000
0.000000,200.000000,0.000000,0.000000,-5538.000000,-196.000000,-589.000000
0.000000,400.000000,0.000000,0.000000,-5601.000000,-392.000000,-392.000000
-200.000000,100.000000,0.000000,0.000000,-5674.000000,-196.000000,-196.000000
0.000000,100.000000,0.000000,0.000000,-5692.000000,-392.000000,-392.000000
0.000000,-100.000000,0.000000,0.000000,-5671.000000,-392.000000,-196.000000
100.000000,200.000000,0.000000,0.000000,-5621.000000,-196.000000,0.000000
-200.000000,200.000000,0.000000,0.000000,-5580.000000,0.000000,0.000000
-200.000000,0.000000,0.000000,0.000000,-5499.000000,0.000000,0.000000
0.000000,0.000000,0.000000,0.000000,-5420.000000,196.000000,0.000000
0.000000,-100.000000,0.000000,0.000000,-5336.000000,0.000000,0.000000
0.000000,-100.000000,0.000000,0.000000,-5226.000000,0.000000,0.000000
-100.000000,0.000000,0.000000,0.000000,-5095.000000,0.000000,196.000000
-100.000000,-100.000000,0.000000,0.000000,-4927.000000,0.000000,0.000000
-100.000000,0.000000,0.000000,0.000000,-4770.000000,0.000000,196.000000
0.000000,-400.000000,0.000000,0.000000,-4613.000000,196.000000,0.000000
0.000000,0.000000,0.000000,0.000000,-4399.000000,0.000000,0.000000
-100.000000,0.000000,0.000000,0.000000,-4202.000000,0.000000,0.000000
100.000000,-300.000000,0.000000,0.000000,-4026.000000,0.000000,0.000000
100.000000,-100.000000,0.000000,0.000000,-3824.000000,0.000000,0.000000
0.000000,0.000000,0.000000,0.000000,-3585.000000,0.000000,196.000000
0.000000,-100.000000,0.000000,0.000000,-3361.000000,0.000000,0.000000
0.000000,0.000000,0.000000,0.000000,-3150.000000,0.000000,196.000000
0.000000,-100.000000,0.000000,0.000000,-2950.000000,0.000000,196.000000
-100.000000,0.000000,0.000000,0.000000,-2754.000000,0.000000,392.000000
0.000000,0.000000,0.000000,0.000000,-2563.000000,0.000000,196.000000
-200.000000,-200.000000,0.000000,0.000000,-2409.000000,0.000000,196.000000
0.000000,0.000000,0.000000,0.000000,-2249.000000,0.000000,196.000000
-100.000000,100.000000,0.000000,0.000000,-2088.000000,0.000000,196.000000
0.000000,0.000000,0.000000,0.000000,-1949.000000,196.000000,0.000000
0.000000,-100.000000,0.000000,0.000000,-1830.000000,0.000000,196.000000
0.000000,0.000000,0.000000,0.000000,-1742.000000,0.000000,0.000000
0.000000,0.000000,0.000000,0.000000,-1658.000000,0.000000,0.000000
100.000000,0.000000,0.000000,0.000000,-1586.000000,196.000000,0.000000
-200.000000,0.000000,0.000000,0.000000,-1545.000000,0.000000,0.000000
0.000000,0.000000,0.000000,0.000000,-1490.000000,196.000000,0.000000
100.000000,0.000000,0.000000,0.000000,-1464.000000,0.000000,0.000000
-100.000000,0.000000,0.000000,0.000000,-1458.000000,0.000000,-196.000000
-100.000000,0.000000,0.000000,0.000000,-1486.000000,0.000000,0.000000
0.000000,200.000000,0.000000,0.000000,-1527.000000,0.000000,-196.000000
100.000000,0.000000,0.000000,0.000000,-1567.000000,0.000000,0.000000
200.000000,0.000000,0.000000,0.000000,-1655.000000,0.000000,-392.000000
0.000000,100.000000,0.000000,0.000000,-1764.000000,0.000000,-589.000000
100.000000,-200.000000,0.000000,0.000000,-1862.000000,0.000000,-785.000000
-100.000000,-200.000000,0.000000,0.000000,-1938.000000,0.000000,-785.000000
100.000000,300.000000,0.000000,0.000000,-2052.000000,0.000000,-589.000000
0.000000,-200.000000,0.000000,0.000000,-2218.000000,0.000000,-589.000000
0.000000,-100.000000,0.000000,0.000000,-2312.000000,0.000000,-392.000000
200.000000,-100.000000,0.000000,0.000000,-2414.000000,0.000000,-392.000000
0.000000,0.000000,0.000000,0.000000,-2593.000000,-196.000000,-392.000000
-100.000000,-200.000000,0.000000,0.000000,-2794.000000,-196.000000,-589.000000
0.000000,-200.000000,0.000000,0.000000,-2929.000000,0.000000,-785.000000
100.000000,-200.000000,0.000000,0.000000,-3081.000000,0.000000,-589.000000
200.000000,-100.000000,0.000000,0.000000,-3260.000000,-196.000000,-785.000000
0.000000,0.000000,0.000000,0.000000,-3365.000000,-392.000000,-589.000000
0.000000,300.000000,0.000000,0.000000,-3396.000000,-785.000000,-392.000000
0.000000,100.000000,0.000000,0.000000,-3562.000000,-981.000000,-589.000000
100.000000,100.000000,0.000000,0.000000,-3788.000000,-785.000000,-392.000000
100.000000,0.000000,0.000000,0.000000,-3913.000000,-785.000000,-392.000000
100.000000,200.000000,0.000000,0.000000,-3996.000000,-589.000000,-392.000000
100.000000,0.000000,0.000000,0.000000,-4088.000000,-589.000000,-589.000000
300.000000,-100.000000,0.000000,0.000000,-4183.000000,-392.000000,-392.000000
0.000000,-100.000000,0.000000,0.000000,-4313.000000,-196.000000,-392.000000
100.000000,0.000000,0.000000,0.000000,-4385.000000,-196.000000,-392.000000
0.000000,100.000000,0.000000,0.000000,-4440.000000,-196.000000,-196.000000
100.000000,200.000000,0.000000,0.000000,-4487.000000,-392.000000,-196.000000
0.000000,100.000000,0.000000,0.000000,-4551.000000,-196.000000,-196.000000
100.000000,0.000000,0.000000,0.000000,-4583.000000,-392.000000,-196.000000
-100.000000,-200.000000,0.000000,0.000000,-4616.000000,-392.000000,-196.000000
-100.000000,-100.000000,0.000000,0.000000,-4632.000000,-196.000000,-196.000000
200.000000,200.000000,0.000000,0.000000,-4632.000000,-392.000000,0.000000
0.000000,400.000000,0.000000,0.000000,-4612.000000,-196.000000,0.000000
-200.000000,-200.000000,0.000000,0.000000,-4580.000000,0.000000,0.000000
0.000000,100.000000,0.000000,0.000000,-4536.000000,0.000000,0.000000
-100.000000,100.000000,0.000000,0.000000,-4471.000000,0.000000,0.000000
0.000000,0.000000,0.000000,0.000000,-4419.000000,0.000000,0.000000
100.000000,-100.000000,0.000000,0.000000,-4369.000000,0.000000,0.000000
-200.000000,-100.000000,0.000000,0.000000,-4292.000000,0.000000,0.000000
0.000000,0.000000,0.000000,0.000000,-4190.000000,0.000000,0.000000
-100.000000,0.000000,0.000000,0.000000,-4114.000000,0.000000,0.000000
-200.000000,0.000000,0.000000,0.000000,-4048.000000,0.000000,196.000000
-100.000000,0.000000,0.000000,0.000000,-3958.000000,0.000000,0.000000
0.000000,100.000000,0.000000,0.000000,-3852.000000,0.000000,0.000000
0.000000,-100.000000,0.000000,0.000000,-3771.000000,0.000000,0.000000
-100.000000,100.000000,0.000000,0.000000,-3683.000000,0.000000,0.000000
0.000000,-200.000000,0.000000,0.000000,-3570.000000,0.000000,0.000000
-100.000000,0.000000,0.000000,0.000000,-3456.000000,0.000000,0.000000
100.000000,0.000000,0.000000,0.000000,-3368.000000,0.000000,0.000000
-100.000000,100.000000,0.000000,0.000000,-3280.000000,196.000000,0.000000
0.000000,-200.000000,0.000000,0.000000,-3191.000000,0.000000,196.000000
200.000000,200.000000,0.000000,0.000000,-3093.000000,0.000000,0.000000
-200.000000,-100.000000,0.000000,0.000000,-3022.000000,0.000000,0.000000
0.000000,0.000000,0.000000,0.000000,-2953.000000,0.000000,196.000000
100.000000,0.000000,0.000000,0.000000,-2885.000000,0.000000,0.000000
100.000000,-200.000000,0.000000,0.000000,-2827.000000,0.000000,0.000000
0.000000,0.000000,0.000000,0.000000,-2786.000000,0.000000,0.000000
0.000000,-100.000000,0.000000,0.000000,-2745.000000,0.000000,0.000000
0.000000,-100.000000,0.000000,0.000000,-2689.000000,0.000000,0.000000
200.000000,0.000000,0.000000,0.000000,-2678.000000,0.000000,0.000000
-100.000000,-100.000000,0.000000,0.000000,-2684.000000,0.000000,0.000000
300.000000,0.000000,0.000000,0.000000,-2682.000000,-196.000000,0.000000
-200.000000,-200.000000,0.000000,0.000000,-2687.000000,0.000000,0.000000
-200.000000,0.000000,0.000000,0.000000,-2697.000000,0.000000,0.000000
-200.000000,0.000000,0.000000,0.000000,-2715.000000,0.000000,0.000000
0.000000,-200.000000,0.000000,0.000000,-2735.000000,0.000000,0.000000
-200.000000,100.000000,0.000000,0.000000,-2746.000000,0.000000,-196.000000
-100.000000,100.000000,0.000000,0.000000,-2765.000000,-196.000000,0.000000
0.000000,0.000000,0.000000,0.000000,-2799.000000,-392.000000,0.000000
-100.000000,100.000000,0.000000,0.000000,-2874.000000,-392.000000,0.000000
-100.000000,0.000000,0.000000,0.000000,-2938.000000,-392.000000,0.000000
100.000000,0.000000,0.000000,0.000000,-2981.000000,-392.000000,-196.000000
100.000000,0.000000,0.000000,0.000000,-3018.000000,-196.000000,0.000000
0.000000,0.000000,0.000000,0.000000,-3079.000000,-392.000000,-196.000000
0.000000,0.000000,0.000000,0.000000,-3127.000000,0.000000,-392.000000
100.000000,200.000000,0.000000,0.000000,-3180.000000,-196.000000,-196.000000
-100.000000,100.000000,0.000000,0.000000,-3226.000000,0.000000,-196.000000
100.000000,100.000000,0.000000,0.000000,-3246.000000,-196.000000,-196.000000
0.000000,0.000000,0.000000,0.000000,-3258.000000,-392.000000,0.000000
100.000000,0.000000,0.000000,0.000000,-3303.000000,-196.000000,-196.000000
0.000000,-100.000000,0.000000,0.000000,-3366.000000,-392.000000,0.000000
100.000000,100.000000,0.000000,0.000000,-3390.000000,-392.000000,-196.000000
0.000000,-100.000000,0.000000,0.000000,-3397.000000,-196.000000,-196.000000
-100.000000,100.000000,0.000000,0.000000,-3407.000000,0.000000,0.000000
0.000000,0.000000,0.000000,0.000000,-3457.000000,-196.000000,0.000000
-100.000000,0.000000,0.000000,0.000000,-3487.000000,0.000000,0.000000
-400.000000,0.000000,0.000000,0.000000,-3477.000000,0.000000,0.000000
-100.000000,-100.000000,0.000000,0.000000,-3480.000000,0.000000,0.000000
100.000000,100.000000,0.000000,0.000000,-3501.000000,0.000000,0.000000
-300.000000,-100.000000,0.000000,0.000000,-3508.000000,0.000000,0.000000
-100.000000,-100.000000,0.000000,0.000000,-3495.000000,-196.000000,0.000000
-200.000000,200.000000,0.000000,0.000000,-3493.000000,0.000000,0.000000
0.000000,-100.000000,0.000000,0.000000,-3478.000000,0.000000,0.000000
-100.000000,0.000000,0.000000,0.000000,-3438.000000,0.000000,0.000000
0.000000,0.000000,0.000000,0.000000,-3420.000000,0.000000,0.000000
-100.000000,-200.000000,0.000000,0.000000,-3394.000000,0.000000,0.000000
100.000000,0.000000,0.000000,0.000000,-3374.000000,0.000000,0.000000
-100.000000,0.000000,0.000000,0.000000,-3355.000000,0.000000,0.000000
-100.000000,0.000000,0.000000,0.000000,-3329.000000,0.000000,0.000000
-200.000000,100.000000,0.000000,0.000000,-3307.000000,0.000000,0.000000
0.000000,-100.000000,0.000000,0.000000,-3275.000000,0.000000,0.000000
-100.000000,-100.000000,0.000000,0.000000,-3258.000000,0.000000,0.000000
0.000000,200.000000,0.000000,0.000000,-3221.000000,0.000000,0.000000
-300.000000,0.000000,0.000000,0.000000,-3193.000000,0.000000,0.000000
0.000000,0.000000,0.000000,0.000000,-3172.000000,0.000000,196.000000
-100.000000,0.000000,0.000000,0.000000,-3151.000000,0.000000,0.000000
0.000000,0.000000,0.000000,0.000000,-3137.000000,0.000000,0.000000
100.000000,-100.000000,0.000000,0.000000,-3109.000000,0.000000,0.000000
-100.000000,0.000000,0.000000,0.000000,-3093.000000,0.000000,0.000000
-300.000000,0.000000,0.000000,0.000000,-3063.000000,0.000000,0.000000
-100.000000,0.000000,0.000000,0.000000,-3041.000000,0.000000,0.000000
0.000000,0.000000,0.000000,0.000000,-3045.000000,0.000000,0.000000
100.000000,200.000000,0.000000,0.000000,-3042.000000,0.000000,0.000000
-100.000000,0.000000,0.000000,0.000000,-3032.000000,0.000000,0.000000
0.000000,0.000000,0.000000,0.000000,-3041.000000,0.000000,0.000000
100.000000,0.000000,0.000000,0.000000,-3051.000000,0.000000,0.000000
0.000000,-100.000000,0.000000,0.000000,-3061.000000,0.000000,0.000000
-200.000000,-200.000000,0.000000,0.000000,-3064.000000,0.000000,0.000000
0.000000,-100.000000,0.000000,0.000000,-3061.000000,0.000000,-196.000000
0.000000,-200.000000,0.000000,0.000000,-3055.000000,0.000000,0.000000
0.000000,-100.000000,0.000000,0.000000,-3057.000000,0.000000,0.000000
-200.000000,-200.000000,0.000000,0.000000,-3081.000000,0.000000,0.000000
0.000000,300.000000,0.000000,0.000000,-3097.000000,0.000000,0.000000
-200.000000,-200.000000,0.000000,0.000000,-3112.000000,0.000000,0.000000
100.000000,-100.000000,0.000000,0.000000,-3133.000000,0.000000,0.000000
-200.000000,-100.000000,0.000000,0.000000,-3147.000000,0.000000,0.000000
0.000000,100.000000,0.000000,0.000000,-3172.000000,0.000000,0.000000
-100.000000,0.000000,0.000000,0.000000,-3185.000000,-196.000000,0.000000
0.000000,200.000000,0.000000,0.000000,-3209.000000,0.000000,0.000000
0.000000,200.000000,0.000000,0.000000,-3253.000000,0.000000,0.000000
0.000000,-200.000000,0.000000,0.000000,-3279.000000,0.000000,0.000000
0.000000,0.000000,0.000000,0.000000,-3285.000000,0.000000,0.000000
-100.000000,0.000000,0.000000,0.000000,-3267.000000,0.000000,0.000000
0.000000,-100.000000,0.000000,0.000000,-3265.000000,0.000000,0.000000
0.000000,-100.000000,0.000000,0.000000,-3275.000000,0.000000,0.000000
-100.000000,0.000000,0.000000,0.000000,-3274.000000,0.000000,0.000000
0.000000,0.000000,0.000000,0.000000,-3260.000000,0.000000,0.000000
0.000000,-100.000000,0.000000,0.000000,-3253.000000,0.000000,0.000000
200.000000,0.000000,0.000000,0.000000,-3229.000000,0.000000,0.000000
0.000000,100.000000,0.000000,0.000000,-3225.000000,0.000000,0.000000
-100.000000,-100.000000,0.000000,0.000000,-3221.000000,0.000000,0.000000
0.000000,200.000000,0.000000,0.000000,-3208.000000,0.000000,0.000000
0.000000,0.000000,0.000000,0.000000,-3218.000000,0.000000,0.000000
0.000000,100.000000,0.000000,0.000000,-3217.000000,0.000000,0.000000
0.000000,-100.000000,0.000000,0.000000,-3214.000000,0.000000,0.000000
0.000000,-100.000000,0.000000,0.000000,-3208.000000,0.000000,0.000000
0.000000,100.000000,0.000000,0.000000,-3206.000000,0.000000,0.000000
-100.000000,-300.000000,0.000000,0.000000,-3188.000000,0.000000,0.000000
0.000000,-300.000000,0.000000,0.000000,-3173.000000,0.000000,0.000000
-100.000000,-300.000000,0.000000,0.000000,-3161.000000,0.000000,196.000000
0.000000,-100.000000,0.000000,0.000000,-3136.000000,0.000000,0.000000
-200.000000,0.000000,0.000000,0.000000,-3143.000000,0.000000,0.000000
-100.000000,100.000000,0.000000,0.000000,-3125.000000,0.000000,0.000000
100.000000,-300.000000,0.000000,0.000000,-3107.000000,0.000000,0.000000
100.000000,0.000000,0.000000,0.000000,-3096.000000,0.000000,0.000000
-200.000000,-200.000000,0.000000,0.000000,-3085.000000,0.000000,0.000000
-200.000000,100.000000,0.000000,0.000000,-3065.000000,0.000000,0.000000
-200.000000,0.000000,0.000000,0.000000,-3064.000000,0.000000,0.000000
0.000000,0.000000,0.000000,0.000000,-3064.000000,0.000000,0.000000
-200.000000,0.000000,0.000000,0.000000,-3053.000000,0.000000,0.000000
0.000000,100.000000,0.000000,0.000000,-3038.000000,0.000000,0.000000
-100.000000,-200.000000,0.000000,0.000000,-3046.000000,0.000000,0.000000
0.000000,0.000000,0.000000,0.000000,-3054.000000,0.000000,0.000000
-300.000000,0.000000,0.000000,0.000000,-3053.000000,0.000000,0.000000
-200.000000,-100.000000,0.000000,0.000000,-3052.000000,0.000000,0.000000
100.000000,0.000000,0.000000,0.000000,-3056.000000,0.000000,0.000000
0.000000,0.000000,0.000000,0.000000,-3065.000000,0.000000,0.000000
0.000000,-100.000000,0.000000,0.000000,-3065.000000,0.000000,0.000000
0.000000,200.000000,0.000000,0.000000,-3072.000000,0.000000,0.000000
0.000000,-200.000000,0.000000,0.000000,-3071.000000,0.000000,-196.000000
-100.000000,-200.000000,0.000000,0.000000,-3069.000000,0.000000,0.000000
0.000000,0.000000,0.000000,0.000000,-3087.000000,0.000000,0.000000
-100.000000,0.000000,0.000000,0.000000,-3094.000000,-196.000000,0.000000
-100.000000,0.000000,0.000000,0.000000,-3114.000000,0.000000,0.000000
0.000000,-100.000000,0.000000,0.000000,-3136.000000,-196.000000,0.000000
0.000000,-100.000000,0.000000,0.000000,-3157.000000,0.000000,0.000000
-200.000000,0.000000,0.000000,0.000000,-3148.000000,-196.000000,0.000000
-100.000000,100.000000,0.000000,0.000000,-3175.000000,0.000000,0.000000
-200.000000,-200.000000,0.000000,0.000000,-3189.000000,-196.000000,0.000000
-100.000000,0.000000,0.000000,0.000000,-3210.000000,0.000000,0.000000
-200.000000,0.000000,0.000000,0.000000,-3228.000000,0.000000,0.000000
0.000000,0.000000,0.000000,0.000000,-3255.000000,-196.000000,0.000000
0.000000,-200.000000,0.000000,0.000000,-3279.000000,0.000000,0.000000
0.000000,-100.000000,0.000000,0.000000,-3290.000000,0.000000,0.000000
-200.000000,0.000000,0.000000,0.000000,-3301.000000,0.000000,0.000000
-100.000000,-100.000000,0.000000,0.000000,-3309.000000,0.000000,0.000000
-200.000000,100.000000,0.000000,0.000000,-3313.000000,0.000000,0.000000
-100.000000,-100.000000,0.000000,0.000000,-3293.000000,0.000000,0.000000
-200.000000,0.000000,0.000000,0.000000,-3292.000000,0.000000,0.000000
100.000000,0.000000,0.000000,0.000000,-3298.000000,0.000000,0.000000
0.000000,-200.000000,0.000000,0.000000,-3278.000000,0.000000,0.000000
100.000000,-100.000000,0.000000,0.000000,-3266.000000,0.000000,0.000000
200.000000,0.000000,0.000000,0.000000,-3240.000000,0.000000,0.000000
-100.000000,0.000000,0.000000,0.000000,-3217.000000,0.000000,0.000000
0.000000,0.000000,0.000000,0.000000,-3216.000000,0.000000,0.000000
100.000000,0.000000,0.000000,0.000000,-3204.000000,0.000000,0.000000
0.000000,-100.000000,0.000000,0.000000,-3193.000000,0.000000,0.000000
-200.000000,-200.000000,0.000000,0.000000,-3180.000000,0.000000,0.000000
-100.000000,-100.000000,0.000000,0.000000,-3171.000000,0.000000,0.000000
0.000000,-200.000000,0.000000,0.000000,-3152.000000,0.000000,0.000000
0.000000,0.000000,0.000000,0.000000,-3153.000000,0.000000,0.000000
0.000000,100.000000,0.000000,0.000000,-3124.000000,0.000000,0.000000
0.000000,100.000000,0.000000,0.000000,-3123.000000,0.000000,0.000000
0.000000,0.000000,0.000000,0.000000,-3120.000000,0.000000,0.000000
0.000000,100.000000,0.000000,0.000000,-3110.000000,0.000000,0.000000
-100.000000,0.000000,0.000000,0.000000,-3087.000000,0.000000,0.000000
-100.000000,0.000000,0.000000,0.000000,-3079.000000,0.000000,0.000000
-100.000000,-200.000000,0.000000,0.000000,-3079.000000,0.000000,0.000000
-100.000000,-200.000000,0.000000,0.000000,-3090.000000,0.000000,0.000000
0.000000,0.000000,0.000000,0.000000,-3077.000000,0.000000,0.000000
0.000000,0.000000,0.000000,0.000000,-3072.000000,0.000000,0.000000
0.000000,-300.000000,0.000000,0.000000,-3083.000000,0.000000,0.000000
