Channel 1,Channel 2,Channel 3,Channel 4,Channel 5,Channel 6,Channel 7
0.000000,-200.000000,0.000000,0.000000,-3414.000000,0.000000,0.000000
0.000000,0.000000,0.000000,0.000000,-3409.000000,0.000000,0.000000
-200.000000,0.000000,0.000000,0.000000,-3411.000000,0.000000,0.000000
-300.000000,0.000000,0.000000,0.000000,-3402.000000,0.000000,0.000000
0.000000,100.000000,0.000000,0.000000,-3418.000000,0.000000,0.000000
100.000000,-200.000000,0.000000,0.000000,-3428.000000,0.000000,0.000000
-100.000000,0.000000,0.000000,0.000000,-3441.000000,0.000000,0.000000
-200.000000,-200.000000,0.000000,0.000000,-3447.000000,0.000000,0.000000
-200.000000,-100.000000,0.000000,0.000000,-3450.000000,0.000000,0.000000
0.000000,-100.000000,0.000000,0.000000,-3437.000000,0.000000,0.000000
0.000000,-100.000000,0.000000,0.000000,-3439.000000,0.000000,0.000000
-200.000000,-100.000000,0.000000,0.000000,-3459.000000,0.000000,0.000000
-200.000000,0.000000,0.000000,0.000000,-3468.000000,0.000000,0.000000
-200.000000,0.000000,0.000000,0.000000,-3448.000000,0.000000,0.000000
-100.000000,-300.000000,0.000000,0.000000,-3443.000000,0.000000,0.000000
0.000000,-100.000000,0.000000,0.000000,-3442.000000,0.000000,0.000000
100.000000,0.000000,0.000000,0.000000,-3437.000000,0.000000,0.000000
-100.000000,-100.000000,0.000000,0.000000,-3441.000000,0.000000,0.000000
0.000000,100.000000,0.000000,0.000000,-3428.000000,0.000000,0.000000
0.000000,-100.000000,0.000000,0.000000,-3431.000000,0.000000,0.000000
-100.000000,-100.000000,0.000000,0.000000,-3437.000000,0.000000,0.000000
-200.000000,-100.000000,0.000000,0.000000,-3438.000000,0.000000,0.000000
-100.000000,-300.000000,0.000000,0.000000,-3440.000000,0.000000,0.000000
-100.000000,0.000000,0.000000,0.000000,-3430.000000,0.000000,0.000000
-200.000000,-200.000000,0.000000,0.000000,-3425.000000,0.000000,0.000000
100.000000,-200.000000,0.000000,0.000000,-3421.000000,0.000000,0.000000
-200.000000,0.000000,0.000000,0.000000,-3415.000000,0.000000,0.000000
100.000000,-100.000000,78.000000,78.000000,-3413.000000,0.000000,0.000000
0.000000,-100.000000,0.000000,0.000000,-3425.000000,0.000000,196.000000
0.000000,-200.000000,0.000000,0.000000,-3421.000000,0.000000,0.000000
-200.000000,-200.000000,0.000000,0.000000,-3418.000000,0.000000,-196.000000
200.000000,0.000000,0.000000,0.000000,-3412.000000,0.000000,0.000000
-600.000000,0.000000,0.000000,0.000000,-3405.000000,0.000000,0.000000
-100.000000,-100.000000,0.000000,0.000000,-3402.000000,0.000000,0.000000
0.000000,-100.000000,0.000000,0.000000,-3404.000000,0.000000,0.000000
-200.000000,-100.000000,0.000000,0.000000,-3399.000000,0.000000,0.000000
0.000000,0.000000,0.000000,0.000000,-3388.000000,0.000000,0.000000
-100.000000,-100.000000,0.000000,0.000000,-3396.000000,0.000000,0.000000
0.000000,-300.000000,0.000000,0.000000,-3388.000000,0.000000,0.000000
-100.000000,-800.000000,0.000000,0.000000,-3384.000000,0.000000,0.000000
-100.000000,-200.000000,0.000000,0.000000,-3407.000000,0.000000,196.000000
-100.000000,0.000000,0.000000,0.000000,-3407.000000,0.000000,0.000000
0.000000,-100.000000,0.000000,0.000000,-3417.000000,0.000000,0.000000
0.000000,-100.000000,0.000000,0.000000,-3405.000000,0.000000,0.000000
-100.000000,0.000000,0.000000,0.000000,-3418.000000,0.000000,0.000000
-200.000000,100.000000,0.000000,0.000000,-3420.000000,0.000000,0.000000
-200.000000,100.000000,0.000000,0.000000,-3427.000000,0.000000,0.000000
0.000000,-100.000000,0.000000,0.000000,-3418.000000,0.000000,0.000000
0.000000,-200.000000,0.000000,0.000000,-3428.000000,0.000000,0.000000
400.000000,100.000000,0.000000,0.000000,-3425.000000,0.000000,0.000000
-200.000000,-200.000000,0.000000,0.000000,-3426.000000,0.000000,-196.000000
-100.000000,0.000000,0.000000,0.000000,-3421.000000,0.000000,0.000000
0.000000,-100.000000,0.000000,0.000000,-3425.000000,0.000000,0.000000
-100.000000,0.000000,0.000000,0.000000,-3422.000000,0.000000,0.000000
0.000000,0.000000,0.000000,0.000000,-3416.000000,0.000000,0.000000
0.000000,-200.000000,0.000000,0.000000,-3417.000000,0.000000,0.000000
-100.000000,0.000000,0.000000,0.000000,-3409.000000,0.000000,0.000000
-100.000000,0.000000,0.000000,0.000000,-3404.000000,0.000000,0.000000
-100.000000,0.000000,0.000000,0.000000,-3393.000000,0.000000,0.000000
-100.000000,-300.000000,0.000000,0.000000,-3408.000000,0.000000,0.000000
0.000000,0.000000,0.000000,0.000000,-3409.000000,0.000000,0.000000
-200.000000,0.000000,0.000000,0.000000,-3400.000000,0.000000,0.000000
0.000000,-200.000000,0.000000,0.000000,-3404.000000,0.000000,0.000000
-100.000000,-200.000000,0.000000,0.000000,-3407.000000,0.000000,0.000000
0.000000,0.000000,0.000000,0.000000,-3403.000000,0.000000,0.000000
-200.000000,-200.000000,0.000000,0.000000,-3404.000000,0.000000,0.000000
-100.000000,-200.000000,0.000000,0.000000,-3387.000000,0.000000,0.000000
-200.000000,100.000000,0.000000,0.000000,-3383.000000,0.000000,0.000000
0.000000,200.000000,0.000000,0.000000,-3374.000000,0.000000,0.000000
0.000000,-100.000000,0.000000,0.000000,-3370.000000,0.000000,0.000000
-100.000000,0.000000,0.000000,0.000000,-3364.000000,0.000000,0.000000
-100.000000,0.000000,0.000000,0.000000,-3362.000000,0.000000,0.000000
0.000000,0.000000,0.000000,0.000000,-3371.000000,0.000000,0.000000
0.000000,-100.000000,0.000000,0.000000,-3377.000000,0.000000,0.000000
-100.000000,-100.000000,0.000000,0.000000,-3366.000000,0.000000,0.000000
0.000000,-100.000000,0.000000,0.000000,-3364.000000,0.000000,0.000000
0.000000,-200.000000,0.000000,0.000000,-3377.000000,0.000000,0.000000
-100.000000,-200.000000,0.000000,0.000000,-3379.000000,0.000000,0.000000
-200.000000,-100.000000,0.000000,0.000000,-3379.000000,0.000000,0.000000
-100.000000,-400.000000,0.000000,0.000000,-3377.000000,0.000000,0.000000
0.000000,-100.000000,0.000000,0.000000,-3377.000000,0.000000,0.000000
-200.000000,0.000000,20000.000000,20000.000000,-3373.000000,0.000000,0.000000
9500.000000,17900.000000,20000.000000,20000.000000,-3503.000000,1178.000000,1767.000000
19400.000000,17800.000000,20000.000000,20000.000000,-3695.000000,5890.000000,4516.000000
19000.000000,20100.000000,20000.000000,20000.000000,-3888.000000,7264.000000,3730.000000
21400.000000,22800.000000,20000.000000,20000.000000,-2448.000000,2356.000000,196.000000
19500.000000,18100.000000,20000.000000,20000.000000,-619.000000,-1570.000000,-981.000000
18800.000000,17900.000000,20000.000000,20000.000000,-1522.000000,-981.000000,1178.000000
17800.000000,19300.000000,20000.000000,20000.000000,-2444.000000,1374.000000,3141.000000
19300.000000,19700.000000,20000.000000,20000.000000,-1534.000000,4712.000000,3926.000000
18500.000000,19100.000000,20000.000000,20000.000000,-60.000000,6283.000000,4123.000000
18400.000000,20400.000000,20000.000000,20000.000000,832.000000,4516.000000,3337.000000
22800.000000,20400.000000,20000.000000,20000.000000,1613.000000,1767.000000,2552.000000
18500.000000,20200.000000,20000.000000,20000.000000,2176.000000,1374.000000,2748.000000
17400.000000,18100.000000,20000.000000,20000.000000,2506.000000,3534.000000,4319.000000
21300.000000,20000.000000,20000.000000,20000.000000,3535.000000,6479.000000,5694.000000
22000.000000,20700.000000,20000.000000,20000.000000,5112.000000,6675.000000,5694.000000
20400.000000,19300.000000,20000.000000,20000.000000,6582.000000,4712.000000,4516.000000
22600.000000,21700.000000,20000.000000,20000.000000,7844.000000,3141.000000,3730.000000
22200.000000,17700.000000,20000.000000,20000.000000,8492.000000,4123.000000,4123.000000
17900.000000,18000.000000,20000.000000,20000.000000,9187.000000,5694.000000,4712.000000
19800.000000,18200.000000,20000.000000,20000.000000,10688.000000,6872.000000,5105.000000
22000.000000,20400.000000,20000.000000,20000.000000,12344.000000,6283.000000,5497.000000
21500.000000,22000.000000,20000.000000,20000.000000,13562.000000,4712.000000,5497.000000
18700.000000,19100.000000,20000.000000,20000.000000,14364.000000,4123.000000,5105.000000
18500.000000,18500.000000,20000.000000,20000.000000,15065.000000,4516.000000,4908.000000
19500.000000,17500.000000,20000.000000,20000.000000,15813.000000,6086.000000,4908.000000
18200.000000,19100.000000,20000.000000,20000.000000,17038.000000,7068.000000,5694.000000
18800.000000,19200.000000,20000.000000,20000.000000,18704.000000,6086.000000,5497.000000
21800.000000,19300.000000,20000.000000,20000.000000,19642.000000,4123.000000,5105.000000
17900.000000,18600.000000,20000.000000,20000.000000,20212.000000,3730.000000,5301.000000
21100.000000,19000.000000,20000.000000,20000.000000,20702.000000,4712.000000,5301.000000
21000.000000,17700.000000,20000.000000,20000.000000,21187.000000,5890.000000,5105.000000
18500.000000,19000.000000,20000.000000,20000.000000,21905.000000,6086.000000,4516.000000
17600.000000,20600.000000,20000.000000,20000.000000,22723.000000,5105.000000,4319.000000
18900.000000,18900.000000,20000.000000,20000.000000,23325.000000,3926.000000,4908.000000
19000.000000,18600.000000,20000.000000,20000.000000,23258.000000,3337.000000,4516.000000
18600.000000,21800.000000,20000.000000,20000.000000,23169.000000,3926.000000,4516.000000
21700.000000,21400.000000,20000.000000,20000.000000,23566.000000,4712.000000,4516.000000
18200.000000,18300.000000,20000.000000,20000.000000,23993.000000,5105.000000,4123.000000
19200.000000,20500.000000,20000.000000,20000.000000,23900.000000,4516.000000,3730.000000
22500.000000,18700.000000,20000.000000,20000.000000,23725.000000,3534.000000,3534.000000
17600.000000,22600.000000,20000.000000,20000.000000,23496.000000,3141.000000,4123.000000
17700.000000,18300.000000,20000.000000,20000.000000,23036.000000,3534.000000,4123.000000
18100.000000,18100.000000,20000.000000,20000.000000,22532.000000,3730.000000,3730.000000
17800.000000,18300.000000,20000.000000,20000.000000,22176.000000,3534.000000,3337.000000
22700.000000,21900.000000,20000.000000,20000.000000,21881.000000,3141.000000,3337.000000
17300.000000,19100.000000,20000.000000,20000.000000,21245.000000,3141.000000,3141.000000
20700.000000,18300.000000,20000.000000,20000.000000,20489.000000,3141.000000,3337.000000
19500.000000,21400.000000,20000.000000,20000.000000,19809.000000,3337.000000,3141.000000
18300.000000,18100.000000,20000.000000,20000.000000,19160.000000,3730.000000,2945.000000
18600.000000,18300.000000,0.000000,0.000000,18389.000000,3534.000000,2552.000000
0.000000,100.000000,0.000000,0.000000,17737.000000,392.000000,196.000000
-100.000000,200.000000,0.000000,0.000000,16604.000000,-981.000000,-981.000000
-100.000000,100.000000,0.000000,0.000000,14922.000000,-1178.000000,-785.000000
0.000000,0.000000,0.000000,0.000000,13634.000000,-981.000000,196.000000
-100.000000,200.000000,0.000000,0.000000,12582.000000,0.000000,1570.000000
-200.000000,200.000000,0.000000,0.000000,10728.000000,1374.000000,2552.000000
-200.000000,0.000000,0.000000,0.000000,8588.000000,2356.000000,2552.000000
-200.000000,0.000000,0.000000,0.000000,6579.000000,2552.000000,2356.000000
0.000000,0.000000,0.000000,0.000000,4609.000000,2748.000000,1963.000000
0.000000,0.000000,0.000000,0.000000,2954.000000,2356.000000,785.000000
-200.000000,0.000000,0.000000,0.000000,1228.000000,1767.000000,-392.000000
100.000000,0.000000,0.000000,0.000000,-713.000000,1963.000000,-589.000000
-100.000000,-100.000000,0.000000,0.000000,-2754.000000,1374.000000,-392.000000
0.000000,0.000000,0.000000,0.000000,-4615.000000,589.000000,-196.000000
100.000000,0.000000,0.000000,0.000000,-6391.000000,196.000000,-196.000000
0.000000,0.000000,0.000000,0.000000,-8267.000000,196.000000,196.000000
0.000000,-100.000000,0.000000,0.000000,-10161.000000,196.000000,392.000000
-100.000000,0.000000,0.000000,0.000000,-11865.000000,0.000000,981.000000
100.000000,-200.000000,0.000000,0.000000,-13333.000000,0.000000,1570.000000
100.000000,0.000000,0.000000,0.000000,-14662.000000,0.000000,1963.000000
0.000000,300.000000,0.000000,0.000000,-16011.000000,0.000000,1767.000000
0.000000,0.000000,0.000000,0.000000,-17281.000000,785.000000,1963.000000
-100.000000,0.000000,0.000000,0.000000,-18520.000000,2552.000000,1963.000000
0.000000,200.000000,0.000000,0.000000,-19457.000000,3926.000000,2356.000000
0.000000,300.000000,0.000000,0.000000,-20398.000000,4319.000000,3141.000000
0.000000,0.000000,0.000000,0.000000,-21304.000000,3730.000000,3534.000000
0.000000,200.000000,0.000000,0.000000,-22045.000000,4319.000000,3926.000000
0.000000,0.000000,0.000000,0.000000,-22507.000000,3730.000000,3926.000000
0.000000,100.000000,0.000000,0.000000,-22899.000000,3534.000000,3926.000000
-200.000000,0.000000,0.000000,0.000000,-23231.000000,3730.000000,4319.000000
-100.000000,0.000000,0.000000,0.000000,-23495.000000,5105.000000,4712.000000
-100.000000,0.000000,0.000000,0.000000,-23710.000000,6086.000000,5890.000000
-200.000000,-200.000000,0.000000,0.000000,-23740.000000,6872.000000,6283.000000
0.000000,-100.000000,0.000000,0.000000,-23572.000000,6872.000000,6283.000000
0.000000,0.000000,0.000000,0.000000,-23207.000000,6872.000000,6086.000000
-100.000000,0.000000,0.000000,0.000000,-22667.000000,6675.000000,6479.000000
0.000000,0.000000,0.000000,0.000000,-22040.000000,6675.000000,7068.000000
0.000000,100.000000,0.000000,0.000000,-21417.000000,7461.000000,7068.000000
-100.000000,100.000000,0.000000,0.000000,-20475.000000,8246.000000,6872.000000
0.000000,0.000000,0.000000,0.000000,-19297.000000,9032.000000,8246.000000
-100.000000,300.000000,0.000000,0.000000,-18222.000000,9032.000000,8246.000000
-100.000000,0.000000,0.000000,0.000000,-17016.000000,8835.000000,8050.000000
-100.000000,-100.000000,0.000000,0.000000,-15586.000000,8639.000000,8246.000000
-200.000000,0.000000,0.000000,0.000000,-14153.000000,8443.000000,8639.000000
0.000000,0.000000,0.000000,0.000000,-12870.000000,8639.000000,9228.000000
0.000000,300.000000,0.000000,0.000000,-11355.000000,9228.000000,9228.000000
0.000000,100.000000,0.000000,0.000000,-9753.000000,9817.000000,9228.000000
-100.000000,-100.000000,0.000000,0.000000,-8169.000000,10013.000000,9032.000000
-100.000000,100.000000,0.000000,0.000000,-6560.000000,10013.000000,9032.000000
-200.000000,0.000000,0.000000,0.000000,-4767.000000,9621.000000,9032.000000
0.000000,0.000000,0.000000,0.000000,-3027.000000,9032.000000,8246.000000
-100.000000,0.000000,0.000000,0.000000,-1548.000000,9228.000000,9228.000000
-100.000000,0.000000,0.000000,0.000000,-19.000000,8835.000000,9032.000000
100.000000,-200.000000,0.000000,0.000000,1535.000000,8835.000000,8835.000000
0.000000,100.000000,0.000000,0.000000,3076.000000,8443.000000,8639.000000
0.000000,0.000000,0.000000,0.000000,4541.000000,8246.000000,8443.000000
0.000000,0.000000,0.000000,0.000000,5970.000000,8246.000000,8246.000000
0.000000,100.000000,0.000000,0.000000,7268.000000,7853.000000,6675.000000
0.000000,400.000000,0.000000,0.000000,8467.000000,7853.000000,7853.000000
100.000000,-100.000000,0.000000,0.000000,9526.000000,7657.000000,7461.000000
0.000000,300.000000,0.000000,0.000000,10474.000000,7461.000000,7264.000000
0.000000,0.000000,0.000000,0.000000,11403.000000,7264.000000,6675.000000
0.000000,0.000000,0.000000,0.000000,12117.000000,6872.000000,6675.000000
100.000000,0.000000,0.000000,0.000000,12699.000000,6675.000000,6675.000000
0.000000,0.000000,0.000000,0.000000,13153.000000,6479.000000,5890.000000
100.000000,100.000000,0.000000,0.000000,13563.000000,6283.000000,5497.000000
0.000000,0.000000,0.000000,0.000000,13815.000000,5497.000000,5105.000000
0.000000,300.000000,0.000000,0.000000,14074.000000,4319.000000,4516.000000
100.000000,300.000000,0.000000,0.000000,14089.000000,3534.000000,3730.000000
0.000000,-100.000000,0.000000,0.000000,13741.000000,3141.000000,2945.000000
0.000000,0.000000,0.000000,0.000000,13414.000000,3141.000000,2159.000000
-200.000000,200.000000,0.000000,0.000000,13201.000000,2356.000000,2159.000000
0.000000,200.000000,0.000000,0.000000,12790.000000,2356.000000,1767.000000
0.000000,0.000000,0.000000,0.000000,12047.000000,2356.000000,1570.000000
-100.000000,100.000000,0.000000,0.000000,11216.000000,2159.000000,1374.000000
-100.000000,-100.000000,0.000000,0.000000,10372.000000,1963.000000,981.000000
0.000000,0.000000,0.000000,0.000000,9390.000000,1767.000000,981.000000
0.000000,0.000000,0.000000,0.000000,8237.000000,1178.000000,981.000000
-100.000000,100.000000,0.000000,0.000000,7074.000000,1374.000000,589.000000
-200.000000,0.000000,0.000000,0.000000,5844.000000,981.000000,196.000000
100.000000,0.000000,0.000000,0.000000,4464.000000,981.000000,196.000000
100.000000,0.000000,0.000000,0.000000,2966.000000,589.000000,0.000000
100.000000,0.000000,0.000000,0.000000,1532.000000,589.000000,-196.000000
100.000000,0.000000,0.000000,0.000000,107.000000,392.000000,-196.000000
100.000000,0.000000,0.000000,0.000000,-1493.000000,196.000000,-196.000000
0.000000,200.000000,0.000000,0.000000,-3160.000000,392.000000,-392.000000
0.000000,100.000000,0.000000,0.000000,-4652.000000,-196.000000,-392.000000
200.000000,0.000000,0.000000,0.000000,-6087.000000,0.000000,-785.000000
0.000000,100.000000,0.000000,0.000000,-7638.000000,196.000000,-589.000000
100.000000,0.000000,0.000000,0.000000,-9148.000000,392.000000,-392.000000
0.000000,0.000000,0.000000,0.000000,-10562.000000,1178.000000,-196.000000
0.000000,0.000000,0.000000,0.000000,-11868.000000,1570.000000,-196.000000
0.000000,100.000000,0.000000,0.000000,-13082.000000,1767.000000,196.000000
-100.000000,0.000000,0.000000,0.000000,-14280.000000,1767.000000,0.000000
-100.000000,0.000000,0.000000,0.000000,-15250.000000,1767.000000,0.000000
0.000000,200.000000,0.000000,0.000000,-16177.000000,1767.000000,0.000000
0.000000,-200.000000,0.000000,0.000000,-17166.000000,2356.000000,196.000000
0.000000,100.000000,0.000000,0.000000,-17885.000000,2945.000000,785.000000
0.000000,0.000000,0.000000,0.000000,-18492.000000,3141.000000,2159.000000
-100.000000,0.000000,0.000000,0.000000,-19190.000000,3534.000000,2945.000000
-100.000000,-100.000000,0.000000,0.000000,-19660.000000,3534.000000,2748.000000
0.000000,300.000000,0.000000,0.000000,-19904.000000,3730.000000,2945.000000
0.000000,200.000000,0.000000,0.000000,-20124.000000,3926.000000,2356.000000
0.000000,100.000000,0.000000,0.000000,-20280.000000,4516.000000,2748.000000
100.000000,0.000000,0.000000,0.000000,-20193.000000,5301.000000,2748.000000
0.000000,-100.000000,0.000000,0.000000,-20041.000000,5497.000000,3926.000000
0.000000,0.000000,0.000000,0.000000,-19837.000000,5890.000000,5105.000000
-100.000000,0.000000,0.000000,0.000000,-19442.000000,5694.000000,5301.000000
0.000000,100.000000,0.000000,0.000000,-18891.000000,5694.000000,4908.000000
0.000000,300.000000,0.000000,0.000000,-18365.000000,5890.000000,4908.000000
0.000000,0.000000,0.000000,0.000000,-17733.000000,6479.000000,4908.000000
0.000000,0.000000,0.000000,0.000000,-16858.000000,7264.000000,5105.000000
0.000000,100.000000,0.000000,0.000000,-15891.000000,7461.000000,5497.000000
0.000000,100.000000,0.000000,0.000000,-14969.000000,7461.000000,5694.000000
0.000000,0.000000,0.000000,0.000000,-13787.000000,7264.000000,5497.000000
-100.000000,-100.000000,0.000000,0.000000,-12443.000000,7068.000000,6479.000000
0.000000,-100.000000,0.000000,0.000000,-11288.000000,7068.000000,6479.000000
0.000000,100.000000,0.000000,0.000000,-10140.000000,7461.000000,6086.000000
200.000000,200.000000,0.000000,0.000000,-8765.000000,7853.000000,6086.000000
0.000000,0.000000,0.000000,0.000000,-7279.000000,8050.000000,5890.000000
0.000000,100.000000,0.000000,0.000000,-6018.000000,7853.000000,6283.000000
-100.000000,100.000000,0.000000,0.000000,-4660.000000,7853.000000,6872.000000
0.000000,0.000000,0.000000,0.000000,-3177.000000,7657.000000,7068.000000
0.000000,100.000000,0.000000,0.000000,-1871.000000,7657.000000,6872.000000
-100.000000,0.000000,0.000000,0.000000,-674.000000,7264.000000,6675.000000
-100.000000,200.000000,0.000000,0.000000,690.000000,7068.000000,6479.000000
100.000000,0.000000,0.000000,0.000000,2089.000000,6872.000000,6479.000000
100.000000,100.000000,0.000000,0.000000,3309.000000,6872.000000,6283.000000
0.000000,0.000000,0.000000,0.000000,4467.000000,6479.000000,6283.000000
0.000000,0.000000,0.000000,0.000000,5642.000000,6479.000000,5301.000000
100.000000,-100.000000,0.000000,0.000000,6735.000000,6283.000000,4712.000000
-100.000000,100.000000,0.000000,0.000000,7713.000000,6086.000000,4908.000000
-100.000000,300.000000,0.000000,0.000000,8533.000000,5890.000000,4712.000000
200.000000,-100.000000,0.000000,0.000000,9281.000000,5497.000000,4712.000000
0.000000,-100.000000,0.000000,0.000000,10011.000000,5497.000000,4319.000000
0.000000,0.000000,0.000000,0.000000,10595.000000,4908.000000,3926.000000
-100.000000,0.000000,0.000000,0.000000,10961.000000,4908.000000,3730.000000
100.000000,-100.000000,0.000000,0.000000,11262.000000,4319.000000,3534.000000
-200.000000,-100.000000,0.000000,0.000000,11642.000000,3534.000000,3337.000000
0.000000,200.000000,0.000000,0.000000,11798.000000,2748.000000,3141.000000
0.000000,0.000000,0.000000,0.000000,11665.000000,2159.000000,2748.000000
0.000000,0.000000,0.000000,0.000000,11454.000000,2159.000000,2552.000000
100.000000,-100.000000,0.000000,0.000000,11266.000000,1767.000000,2159.000000
-300.000000,0.000000,0.000000,0.000000,10936.000000,1374.000000,1570.000000
-100.000000,0.000000,0.000000,0.000000,10374.000000,1374.000000,981.000000
0.000000,300.000000,0.000000,0.000000,9774.000000,1178.000000,196.000000
0.000000,-100.000000,0.000000,0.000000,9080.000000,1178.000000,-392.000000
200.000000,200.000000,0.000000,0.000000,8280.000000,981.000000,-196.000000
0.000000,-400.000000,0.000000,0.000000,7440.000000,589.000000,-196.000000
0.000000,0.000000,0.000000,0.000000,6438.000000,392.000000,0.000000
-100.000000,0.000000,0.000000,0.000000,5414.000000,196.000000,0.000000
200.000000,100.000000,0.000000,0.000000,4321.000000,-196.000000,-392.000000
0.000000,0.000000,0.000000,0.000000,3151.000000,-392.000000,-785.000000
0.000000,0.000000,0.000000,0.000000,1937.000000,-392.000000,-1178.000000
-200.000000,0.000000,0.000000,0.000000,723.000000,-589.000000,-1374.000000
100.000000,200.000000,0.000000,0.000000,-559.000000,-392.000000,-1178.000000
0.000000,100.000000,0.000000,0.000000,-1936.000000,-785.000000,-1178.000000
-100.000000,0.000000,0.000000,0.000000,-3192.000000,-589.000000,-981.000000
200.000000,0.000000,0.000000,0.000000,-4403.000000,-785.000000,-981.000000
100.000000,-100.000000,0.000000,0.000000,-5703.000000,-392.000000,-785.000000
0.000000,-100.000000,0.000000,0.000000,-6950.000000,-589.000000,-589.000000
-300.000000,200.000000,0.000000,0.000000,-8110.000000,-196.000000,-589.000000
-100.000000,0.000000,0.000000,0.000000,-9172.000000,0.000000,-589.000000
0.000000,0.000000,0.000000,0.000000,-10292.000000,0.000000,-589.000000
0.000000,0.000000,0.000000,0.000000,-11379.000000,0.000000,-589.000000
100.000000,100.000000,0.000000,0.000000,-12331.000000,392.000000,-196.000000
0.000000,100.000000,0.000000,0.000000,-13108.000000,0.000000,-196.000000
100.000000,0.000000,0.000000,0.000000,-13889.000000,0.000000,0.000000
100.000000,0.000000,0.000000,0.000000,-14607.000000,392.000000,196.000000
-100.000000,0.000000,0.000000,0.000000,-15276.000000,981.000000,196.000000
100.000000,100.000000,0.000000,0.000000,-15795.000000,1767.000000,196.000000
0.000000,300.000000,0.000000,0.000000,-16212.000000,2159.000000,0.000000
100.000000,0.000000,0.000000,0.000000,-16563.000000,2356.000000,392.000000
100.000000,-100.000000,0.000000,0.000000,-16705.000000,2356.000000,981.000000
100.000000,0.000000,0.000000,0.000000,-16838.000000,2356.000000,2356.000000
0.000000,0.000000,0.000000,0.000000,-16940.000000,2552.000000,3141.000000
0.000000,300.000000,0.000000,0.000000,-16966.000000,2945.000000,3141.000000
-100.000000,300.000000,0.000000,0.000000,-16806.000000,3534.000000,2945.000000
0.000000,0.000000,0.000000,0.000000,-16626.000000,3730.000000,2552.000000
0.000000,0.000000,0.000000,0.000000,-16303.000000,3926.000000,2356.000000
0.000000,100.000000,0.000000,0.000000,-15863.000000,3926.000000,2356.000000
0.000000,0.000000,0.000000,0.000000,-15340.000000,3926.000000,2748.000000
0.000000,300.000000,0.000000,0.000000,-14762.000000,4123.000000,3337.000000
-100.000000,0.000000,0.000000,0.000000,-14173.000000,4319.000000,3926.000000
0.000000,0.000000,0.000000,0.000000,-13411.000000,4712.000000,4712.000000
-100.000000,0.000000,0.000000,0.000000,-12574.000000,5105.000000,4712.000000
0.000000,100.000000,0.000000,0.000000,-11752.000000,4908.000000,4516.000000
100.000000,-200.000000,0.000000,0.000000,-10789.000000,5105.000000,4319.000000
-300.000000,0.000000,0.000000,0.000000,-9705.000000,4712.000000,4123.000000
100.000000,0.000000,0.000000,0.000000,-8586.000000,4908.000000,3926.000000
100.000000,0.000000,0.000000,0.000000,-7511.000000,4908.000000,4123.000000
200.000000,200.000000,0.000000,0.000000,-6390.000000,5301.000000,4712.000000
0.000000,100.000000,0.000000,0.000000,-5252.000000,5301.000000,5301.000000
200.000000,-100.000000,0.000000,0.000000,-4137.000000,5497.000000,4712.000000
-200.000000,0.000000,0.000000,0.000000,-3095.000000,5105.000000,5105.000000
0.000000,100.000000,0.000000,0.000000,-2002.000000,5105.000000,4908.000000
-100.000000,0.000000,0.000000,0.000000,-967.000000,4908.000000,4516.000000
0.000000,0.000000,0.000000,0.000000,-34.000000,4516.000000,4319.000000
0.000000,-100.000000,0.000000,0.000000,885.000000,4516.000000,4123.000000
-100.000000,100.000000,0.000000,0.000000,1795.000000,4123.000000,4123.000000
0.000000,100.000000,0.000000,0.000000,2684.000000,4123.000000,3730.000000
-100.000000,0.000000,0.000000,0.000000,3511.000000,3730.000000,3730.000000
0.000000,0.000000,0.000000,0.000000,4240.000000,3730.000000,3730.000000
-200.000000,100.000000,0.000000,0.000000,4845.000000,3337.000000,3141.000000
-100.000000,0.000000,0.000000,0.000000,5416.000000,3337.000000,2748.000000
0.000000,-100.000000,0.000000,0.000000,5881.000000,2945.000000,2748.000000
0.000000,0.000000,0.000000,0.000000,6189.000000,2748.000000,1963.000000
0.000000,0.000000,0.000000,0.000000,6508.000000,2356.000000,2159.000000
0.000000,-100.000000,0.000000,0.000000,6744.000000,2356.000000,1963.000000
0.000000,-200.000000,0.000000,0.000000,6847.000000,2159.000000,1963.000000
-100.000000,0.000000,0.000000,0.000000,6864.000000,1963.000000,1570.000000
100.000000,0.000000,78.000000,78.000000,6856.000000,1570.000000,1374.000000
100.000000,0.000000,0.000000,0.000000,6777.000000,1374.000000,1178.000000
200.000000,100.000000,0.000000,0.000000,6586.000000,785.000000,785.000000
0.000000,-200.000000,0.000000,0.000000,6286.000000,589.000000,589.000000
0.000000,0.000000,0.000000,0.000000,5928.000000,196.000000,0.000000
200.000000,0.000000,0.000000,0.000000,5477.000000,0.000000,-196.000000
400.000000,-100.000000,0.000000,0.000000,4975.000000,0.000000,-196.000000
300.000000,0.000000,0.000000,0.000000,4392.000000,0.000000,0.000000
300.000000,0.000000,0.000000,0.000000,3745.000000,0.000000,-392.000000
300.000000,100.000000,0.000000,0.000000,3041.000000,0.000000,-392.000000
400.000000,0.000000,0.000000,0.000000,2314.000000,-196.000000,-589.000000
400.000000,100.000000,0.000000,0.000000,1552.000000,-589.000000,-981.000000
400.000000,200.000000,0.000000,0.000000,829.000000,-785.000000,-1374.000000
400.000000,100.000000,0.000000,0.000000,0.000000,-981.000000,-1178.000000
200.000000,100.000000,0.000000,0.000000,-887.000000,-785.000000,-1178.000000
200.000000,0.000000,0.000000,0.000000,-1732.000000,-785.000000,-981.000000
200.000000,0.000000,0.000000,0.000000,-2527.000000,-785.000000,-785.000000
200.000000,200.000000,0.000000,0.000000,-3429.000000,-589.000000,-785.000000
300.000000,300.000000,0.000000,0.000000,-4364.000000,-589.000000,-785.000000
100.000000,100.000000,0.000000,0.000000,-5181.000000,-392.000000,-981.000000
300.000000,0.000000,0.000000,0.000000,-5950.000000,-589.000000,-1178.000000
200.000000,100.000000,0.000000,0.000000,-6720.000000,-589.000000,-981.000000
200.000000,0.000000,0.000000,0.000000,-7497.000000,-589.000000,-981.000000
0.000000,300.000000,0.000000,0.000000,-8212.000000,-392.000000,-589.000000
200.000000,0.000000,0.000000,0.000000,-8891.000000,-196.000000,-589.000000
100.000000,100.000000,0.000000,0.000000,-9530.000000,-196.000000,-196.000000
0.000000,0.000000,0.000000,0.000000,-10119.000000,0.000000,-196.000000
-100.000000,-100.000000,0.000000,0.000000,-10675.000000,196.000000,0.000000
0.000000,0.000000,0.000000,0.000000,-11136.000000,196.000000,0.000000
0.000000,0.000000,156.000000,156.000000,-11549.000000,0.000000,196.000000
0.000000,0.000000,0.000000,0.000000,-11850.000000,0.000000,0.000000
100.000000,-100.000000,0.000000,0.000000,-12097.000000,0.000000,196.000000
-100.000000,200.000000,0.000000,0.000000,-12277.000000,0.000000,392.000000
-100.000000,100.000000,0.000000,0.000000,-12463.000000,196.000000,981.000000
0.000000,0.000000,0.000000,0.000000,-12683.000000,981.000000,1767.000000
0.000000,0.000000,0.000000,0.000000,-12734.000000,1963.000000,1767.000000
-100.000000,0.000000,0.000000,0.000000,-12711.000000,1963.000000,1570.000000
0.000000,300.000000,0.000000,0.000000,-12688.000000,1963.000000,1767.000000
-100.000000,0.000000,0.000000,0.000000,-12487.000000,1963.000000,1767.000000
0.000000,0.000000,0.000000,0.000000,-12165.000000,1767.000000,1767.000000
-100.000000,-100.000000,0.000000,0.000000,-11931.000000,1767.000000,2356.000000
0.000000,-100.000000,0.000000,0.000000,-11688.000000,1570.000000,2552.000000
0.000000,-500.000000,0.000000,0.000000,-11247.000000,1767.000000,2748.000000
-200.000000,-300.000000,0.000000,0.000000,-10771.000000,1963.000000,2945.000000
-200.000000,-300.000000,156.000000,156.000000,-10354.000000,2748.000000,2552.000000
0.000000,0.000000,0.000000,0.000000,-9855.000000,2748.000000,2748.000000
0.000000,200.000000,0.000000,0.000000,-9255.000000,2748.000000,2748.000000
-100.000000,200.000000,0.000000,0.000000,-8595.000000,2748.000000,2748.000000
0.000000,0.000000,0.000000,0.000000,-7905.000000,2748.000000,3141.000000
0.000000,100.000000,0.000000,0.000000,-7242.000000,2552.000000,3534.000000
100.000000,0.000000,0.000000,0.000000,-6568.000000,2552.000000,3141.000000
-100.000000,100.000000,0.000000,0.000000,-5873.000000,2945.000000,2945.000000
-100.000000,0.000000,0.000000,0.000000,-5178.000000,2945.000000,2945.000000
-100.000000,0.000000,0.000000,0.000000,-4456.000000,2945.000000,2748.000000
100.000000,0.000000,0.000000,0.000000,-3716.000000,2945.000000,2748.000000
0.000000,0.000000,0.000000,0.000000,-3020.000000,2748.000000,2356.000000
-200.000000,200.000000,0.000000,0.000000,-2398.000000,2748.000000,2552.000000
0.000000,200.000000,0.000000,0.000000,-1836.000000,2552.000000,2945.000000
0.000000,100.000000,0.000000,0.000000,-1186.000000,2552.000000,2748.000000
-100.000000,0.000000,0.000000,0.000000,-509.000000,2356.000000,2748.000000
0.000000,0.000000,0.000000,0.000000,46.000000,2356.000000,2748.000000
0.000000,0.000000,0.000000,0.000000,594.000000,2356.000000,2552.000000
0.000000,100.000000,0.000000,0.000000,1189.000000,2159.000000,2356.000000
0.000000,0.000000,0.000000,0.000000,1704.000000,2159.000000,2356.000000
0.000000,0.000000,0.000000,0.000000,2110.000000,2159.000000,2159.000000
0.000000,0.000000,0.000000,0.000000,2500.000000,1963.000000,1963.000000
0.000000,0.000000,0.000000,0.000000,2863.000000,1767.000000,1963.000000
0.000000,0.000000,0.000000,0.000000,3186.000000,1767.000000,1767.000000
0.000000,0.000000,0.000000,0.000000,3407.000000,1570.000000,1374.000000
-100.000000,100.000000,0.000000,0.000000,3584.000000,1570.000000,1374.000000
0.000000,0.000000,0.000000,0.000000,3720.000000,1178.000000,1178.000000
-200.000000,-200.000000,0.000000,0.000000,3794.000000,1178.000000,981.000000
-100.000000,-100.000000,0.000000,0.000000,3776.000000,981.000000,785.000000
-200.000000,200.000000,0.000000,0.000000,3718.000000,785.000000,589.000000
-100.000000,0.000000,0.000000,0.000000,3598.000000,785.000000,196.000000
-200.000000,0.000000,0.000000,0.000000,3433.000000,392.000000,392.000000
-100.000000,0.000000,0.000000,0.000000,3174.000000,196.000000,0.000000
100.000000,0.000000,0.000000,0.000000,2913.000000,0.000000,0.000000
100.000000,100.000000,0.000000,0.000000,2589.000000,196.000000,-196.000000
0.000000,0.000000,0.000000,0.000000,2166.000000,0.000000,0.000000
100.000000,0.000000,0.000000,0.000000,1718.000000,0.000000,196.000000
-100.000000,-100.000000,0.000000,0.000000,1267.000000,-196.000000,-196.000000
0.000000,200.000000,0.000000,0.000000,805.000000,-196.000000,-196.000000
-200.000000,0.000000,0.000000,0.000000,307.000000,-589.000000,-589.000000
0.000000,200.000000,0.000000,0.000000,-206.000000,-1178.000000,-981.000000
100.000000,100.000000,0.000000,0.000000,-774.000000,-981.000000,-1178.000000
100.000000,200.000000,0.000000,0.000000,-1366.000000,-1178.000000,-981.000000
0.000000,100.000000,0.000000,0.000000,-1941.000000,-785.000000,-981.000000
100.000000,-100.000000,0.000000,0.000000,-2392.000000,-981.000000,-785.000000
100.000000,0.000000,0.000000,0.000000,-2939.000000,-589.000000,-785.000000
-300.000000,-100.000000,0.000000,0.000000,-3557.000000,-785.000000,-589.000000
-200.000000,100.000000,0.000000,0.000000,-4126.000000,-589.000000,-785.000000
0.000000,100.000000,0.000000,0.000000,-4635.000000,-785.000000,-785.000000
0.000000,200.000000,0.000000,0.000000,-5130.000000,-785.000000,-785.000000
-100.000000,100.000000,0.000000,0.000000,-5631.000000,-981.000000,-785.000000
-100.000000,0.000000,78.000000,78.000000,-6094.000000,-589.000000,-785.000000
100.000000,0.000000,0.000000,0.000000,-6582.000000,-589.000000,-785.000000
0.000000,100.000000,0.000000,0.000000,-6999.000000,-589.000000,-589.000000
0.000000,100.000000,0.000000,0.000000,-7335.000000,-392.000000,-392.000000
0.000000,-100.000000,0.000000,0.000000,-7678.000000,-196.000000,-392.000000
-100.000000,400.000000,0.000000,0.000000,-8014.000000,0.000000,-196.000000
100.000000,0.000000,0.000000,0.000000,-8283.000000,-196.000000,0.000000
0.000000,0.000000,0.000000,0.000000,-8494.000000,0.000000,0.000000
-100.000000,200.000000,156.000000,156.000000,-8695.000000,0.000000,196.000000
200.000000,300.000000,0.000000,0.000000,-8835.000000,196.000000,0.000000
-300.000000,-200.000000,0.000000,0.000000,-8914.000000,0.000000,196.000000
-100.000000,-200.000000,0.000000,0.000000,-8979.000000,196.000000,0.000000
0.000000,-100.000000,0.000000,0.000000,-8997.000000,0.000000,0.000000
0.000000,-200.000000,156.000000,156.000000,-8957.000000,0.000000,0.000000
0.000000,400.000000,0.000000,0.000000,-8872.000000,0.000000,196.000000
-100.000000,0.000000,0.000000,0.000000,-8760.000000,0.000000,392.000000
0.000000,0.000000,0.000000,0.000000,-8607.000000,196.000000,981.000000
0.000000,-200.000000,0.000000,0.000000,-8474.000000,392.000000,1374.000000
100.000000,300.000000,0.000000,0.000000,-8321.000000,981.000000,1374.000000
-400.000000,0.000000,0.000000,0.000000,-8126.000000,1767.000000,1178.000000
0.000000,-100.000000,0.000000,0.000000,-7948.000000,1767.000000,1178.000000
-100.000000,-100.000000,0.000000,0.000000,-7689.000000,1570.000000,981.000000
-100.000000,0.000000,0.000000,0.000000,-7346.000000,1767.000000,981.000000
-200.000000,-100.000000,0.000000,0.000000,-7028.000000,1570.000000,981.000000
-100.000000,0.000000,0.000000,0.000000,-6780.000000,1178.000000,981.000000
0.000000,200.000000,0.000000,0.000000,-6441.000000,1374.000000,1374.000000
0.000000,0.000000,0.000000,0.000000,-5999.000000,1178.000000,1374.000000
100.000000,-100.000000,0.000000,0.000000,-5602.000000,981.000000,1374.000000
0.000000,400.000000,0.000000,0.000000,-5262.000000,1178.000000,1374.000000
-100.000000,200.000000,0.000000,0.000000,-4873.000000,1374.000000,1570.000000
0.000000,-600.000000,0.000000,0.000000,-4427.000000,1767.000000,1178.000000
0.000000,0.000000,0.000000,0.000000,-4058.000000,1963.000000,1374.000000
0.000000,-100.000000,0.000000,0.000000,-3700.000000,1767.000000,1178.000000
-200.000000,-1600.000000,0.000000,0.000000,-3277.000000,1767.000000,1178.000000
0.000000,200.000000,0.000000,0.000000,-2834.000000,1570.000000,1178.000000
200.000000,0.000000,0.000000,0.000000,-2463.000000,1374.000000,1178.000000
-100.000000,-200.000000,0.000000,0.000000,-2145.000000,1374.000000,1374.000000
0.000000,200.000000,0.000000,0.000000,-1799.000000,1374.000000,1178.000000
100.000000,0.000000,0.000000,0.000000,-1440.000000,1178.000000,1178.000000
-100.000000,0.000000,0.000000,0.000000,-1187.000000,981.000000,1178.000000
-100.000000,0.000000,0.000000,0.000000,-944.000000,981.000000,981.000000
-100.000000,200.000000,0.000000,0.000000,-661.000000,981.000000,981.000000
0.000000,-200.000000,0.000000,0.000000,-427.000000,785.000000,785.000000
-200.000000,-100.000000,0.000000,0.000000,-275.000000,785.000000,589.000000
-100.000000,-100.000000,0.000000,0.000000,-133.000000,785.000000,589.000000
100.000000,300.000000,0.000000,0.000000,32.000000,785.000000,392.000000
100.000000,0.000000,0.000000,0.000000,136.000000,589.000000,392.000000
-100.000000,0.000000,0.000000,0.000000,161.000000,392.000000,392.000000
-200.000000,200.000000,0.000000,0.000000,173.000000,589.000000,0.000000
0.000000,-300.000000,0.000000,0.000000,171.000000,392.000000,196.000000
-100.000000,100.000000,0.000000,0.000000,135.000000,0.000000,0.000000
100.000000,100.000000,0.000000,0.000000,39.000000,196.000000,0.000000
0.000000,0.000000,0.000000,0.000000,-53.000000,0.000000,-196.000000
0.000000,-200.000000,0.000000,0.000000,-150.000000,0.000000,0.000000
-100.000000,0.000000,0.000000,0.000000,-328.000000,0.000000,0.000000
-100.000000,0.000000,0.000000,0.000000,-538.000000,0.000000,0.000000
-100.000000,-300.000000,0.000000,0.000000,-718.000000,0.000000,0.000000
-100.000000,0.000000,0.000000,0.000000,-917.000000,0.000000,0.000000
-100.000000,-100.000000,0.000000,0.000000,-1185.000000,0.000000,-196.000000
0.000000,-100.000000,0.000000,0.000000,-1444.000000,0.000000,0.000000
400.000000,0.000000,0.000000,0.000000,-1709.000000,0.000000,0.000000
-300.000000,0.000000,0.000000,0.000000,-1992.000000,-196.000000,-392.000000
0.000000,-400.000000,0.000000,0.000000,-2322.000000,-196.000000,-392.000000
0.000000,0.000000,0.000000,0.000000,-2639.000000,0.000000,-981.000000
0.000000,100.000000,156.000000,156.000000,-2897.000000,0.000000,-981.000000
100.000000,300.000000,0.000000,0.000000,-3179.000000,-196.000000,-981.000000
0.000000,0.000000,0.000000,0.000000,-3496.000000,-392.000000,-785.000000
200.000000,200.000000,0.000000,0.000000,-3762.000000,-589.000000,-785.000000
0.000000,0.000000,0.000000,0.000000,-3992.000000,-589.000000,-589.000000
100.000000,200.000000,0.000000,0.000000,-4251.000000,-589.000000,-589.000000
0.000000,0.000000,0.000000,0.000000,-4527.000000,-392.000000,-392.000000
100.000000,200.000000,0.000000,0.000000,-4775.000000,-392.000000,-392.000000
0.000000,200.000000,0.000000,0.000000,-4958.000000,-392.000000,-392.000000
0.000000,0.000000,0.000000,0.000000,-5187.000000,-196.000000,-196.000000
0.000000,-100.000000,0.000000,0.000000,-5427.000000,0.000000,-589.000000
100.000000,0.000000,0.000000,0.000000,-5604.000000,0.000000,-589.000000
0.000000,-100.000000,0.000000,0.000000,-5690.000000,0.000000,-392.000000
200.000000,-400.000000,0.000000,0.000000,-5798.000000,0.000000,-392.000000
0.000000,0.000000,156.000000,156.000000,-5934.000000,0.000000,-196.000000
0.000000,100.000000,0.000000,0.000000,-5985.000000,196.000000,0.000000
0.000000,-200.000000,0.000000,0.000000,-6029.000000,0.000000,0.000000
-100.000000,-100.000000,0.000000,0.000000,-6038.000000,0.000000,0.000000
0.000000,0.000000,0.000000,0.000000,-6017.000000,0.000000,0.000000
0.000000,0.000000,0.000000,0.000000,-5977.000000,0.000000,0.000000
0.000000,-100.000000,0.000000,0.000000,-5928.000000,196.000000,0.000000
-100.000000,0.000000,0.000000,0.000000,-5861.000000,196.000000,0.000000
0.000000,-100.000000,0.000000,0.000000,-5768.000000,0.000000,196.000000
-200.000000,-200.000000,0.000000,0.000000,-5650.000000,0.000000,0.000000
-200.000000,-100.000000,0.000000,0.000000,-5513.000000,0.000000,0.000000
-100.000000,-100.000000,0.000000,0.000000,-5375.000000,0.000000,0.000000
0.000000,100.000000,0.000000,0.000000,-5220.000000,0.000000,0.000000
-100.000000,200.000000,0.000000,0.000000,-5034.000000,0.000000,0.000000
-300.000000,0.000000,0.000000,0.000000,-4860.000000,392.000000,196.000000
0.000000,0.000000,0.000000,0.000000,-4680.000000,392.000000,0.000000
-100.000000,-200.000000,0.000000,0.000000,-4487.000000,785.000000,392.000000
0.000000,100.000000,0.000000,0.000000,-4302.000000,785.000000,392.000000
-100.000000,0.000000,0.000000,0.000000,-4088.000000,785.000000,785.000000
100.000000,100.000000,0.000000,0.000000,-3903.000000,785.000000,589.000000
0.000000,0.000000,0.000000,0.000000,-3681.000000,589.000000,392.000000
100.000000,300.000000,0.000000,0.000000,-3503.000000,589.000000,589.000000
-100.000000,0.000000,0.000000,0.000000,-3334.000000,392.000000,392.000000
100.000000,0.000000,0.000000,0.000000,-3145.000000,196.000000,392.000000
-100.000000,0.000000,0.000000,0.000000,-2966.000000,392.000000,196.000000
-100.000000,200.000000,0.000000,0.000000,-2833.000000,196.000000,0.000000
-100.000000,-400.000000,0.000000,0.000000,-2704.000000,196.000000,196.000000
-300.000000,200.000000,0.000000,0.000000,-2562.000000,196.000000,392.000000
-200.000000,200.000000,0.000000,0.000000,-2442.000000,196.000000,196.000000
0.000000,0.000000,0.000000,0.000000,-2372.000000,196.000000,392.000000
0.000000,-300.000000,0.000000,0.000000,-2286.000000,0.000000,196.000000
0.000000,0.000000,0.000000,0.000000,-2204.000000,0.000000,196.000000
0.000000,100.000000,0.000000,0.000000,-2129.000000,0.000000,0.000000
-200.000000,0.000000,0.000000,0.000000,-2069.000000,0.000000,-196.000000
-100.000000,-100.000000,0.000000,0.000000,-2021.000000,0.000000,0.000000
0.000000,-100.000000,0.000000,0.000000,-2003.000000,0.000000,196.000000
100.000000,0.000000,0.000000,0.000000,-2001.000000,0.000000,-196.000000
0.000000,-200.000000,0.000000,0.000000,-2023.000000,0.000000,0.000000
0.000000,-200.000000,0.000000,0.000000,-2046.000000,-196.000000,0.000000
-200.000000,0.000000,0.000000,0.000000,-2069.000000,0.000000,0.000000
0.000000,0.000000,0.000000,0.000000,-2108.000000,0.000000,0.000000
0.000000,-100.000000,0.000000,0.000000,-2165.000000,0.000000,0.000000
-100.000000,0.000000,0.000000,0.000000,-2230.000000,0.000000,0.000000
-200.000000,0.000000,0.000000,0.000000,-2316.000000,0.000000,0.000000
0.000000,0.000000,0.000000,0.000000,-2402.000000,0.000000,0.000000
100.000000,0.000000,0.000000,0.000000,-2514.000000,0.000000,-196.000000
0.000000,-200.000000,0.000000,0.000000,-2610.000000,-196.000000,0.000000
-300.000000,-200.000000,0.000000,0.000000,-2738.000000,-196.000000,-196.000000
-100.000000,0.000000,0.000000,0.000000,-2877.000000,0.000000,-196.000000
-100.000000,100.000000,0.000000,0.000000,-3003.000000,-196.000000,-196.000000
100.000000,200.000000,0.000000,0.000000,-3120.000000,-196.000000,-392.000000
-100.000000,200.000000,0.000000,0.000000,-3208.000000,-589.000000,-589.000000
0.000000,0.000000,0.000000,0.000000,-3276.000000,-589.000000,-589.000000
-100.000000,0.000000,0.000000,0.000000,-3399.000000,-589.000000,-589.000000
300.000000,0.000000,0.000000,0.000000,-3546.000000,-589.000000,-392.000000
0.000000,0.000000,0.000000,0.000000,-3638.000000,-392.000000,-392.000000
0.000000,200.000000,0.000000,0.000000,-3677.000000,-392.000000,-392.000000
0.000000,300.000000,0.000000,0.000000,-3780.000000,-392.000000,-392.000000
0.000000,0.000000,0.000000,0.000000,-3910.000000,-196.000000,-196.000000
0.000000,200.000000,0.000000,0.000000,-3970.000000,-196.000000,-196.000000
-300.000000,-100.000000,0.000000,0.000000,-3999.000000,-196.000000,-196.000000
0.000000,100.000000,0.000000,0.000000,-4048.000000,-196.000000,-196.000000
0.000000,200.000000,0.000000,0.000000,-4084.000000,-196.000000,-196.000000
-100.000000,0.000000,0.000000,0.000000,-4102.000000,0.000000,0.000000
0.000000,200.000000,0.000000,0.000000,-4118.000000,-196.000000,-196.000000
-100.000000,200.000000,0.000000,0.000000,-4139.000000,-196.000000,-196.000000
0.000000,200.000000,0.000000,0.000000,-4166.000000,-196.000000,-392.000000
0.000000,0.000000,0.000000,0.000000,-4156.000000,-196.000000,-196.000000
0.000000,300.000000,0.000000,0.000000,-4137.000000,0.000000,-196.000000
0.000000,-100.000000,0.000000,0.000000,-4090.000000,0.000000,0.000000
0.000000,0.000000,0.000000,0.000000,-4060.000000,0.000000,0.000000
100.000000,0.000000,0.000000,0.000000,-4037.000000,0.000000,196.000000
0.000000,0.000000,0.000000,0.000000,-3993.000000,0.000000,0.000000
0.000000,0.000000,0.000000,0.000000,-3966.000000,0.000000,0.000000
0.000000,-200.000000,0.000000,0.000000,-3909.000000,0.000000,0.000000
0.000000,0.000000,0.000000,0.000000,-3837.000000,0.000000,0.000000
-200.000000,0.000000,0.000000,0.000000,-3753.000000,0.000000,0.000000
0.000000,0.000000,0.000000,0.000000,-3700.000000,0.000000,0.000000
-100.000000,-100.000000,0.000000,0.000000,-3629.000000,196.000000,0.000000
-200.000000,-200.000000,0.000000,0.000000,-3543.000000,196.000000,196.000000
-200.000000,0.000000,0.000000,0.000000,-3468.000000,0.000000,0.000000
0.000000,0.000000,0.000000,0.000000,-3393.000000,0.000000,0.000000
-100.000000,-100.000000,0.000000,0.000000,-3327.000000,0.000000,0.000000
0.000000,0.000000,0.000000,0.000000,-3240.000000,0.000000,0.000000
-100.000000,0.000000,0.000000,0.000000,-3183.000000,0.000000,0.000000
0.000000,-100.000000,0.000000,0.000000,-3125.000000,0.000000,0.000000
-200.000000,-400.000000,0.000000,0.000000,-3075.000000,0.000000,0.000000
100.000000,-200.000000,0.000000,0.000000,-3017.000000,0.000000,0.000000
0.000000,-100.000000,0.000000,0.000000,-2971.000000,0.000000,0.000000
0.000000,0.000000,0.000000,0.000000,-2929.000000,0.000000,0.000000
-200.000000,-200.000000,0.000000,0.000000,-2880.000000,0.000000,0.000000
