Channel 1,Channel 2,Channel 3,Channel 4,Channel 5,Channel 6,Channel 7
-200.000000,100.000000,0.000000,0.000000,-2737.000000,0.000000,0.000000
0.000000,0.000000,0.000000,0.000000,-2717.000000,0.000000,0.000000
-200.000000,200.000000,0.000000,0.000000,-2720.000000,0.000000,0.000000
-200.000000,0.000000,0.000000,0.000000,-2736.000000,-196.000000,0.000000
0.000000,-200.000000,0.000000,0.000000,-2727.000000,0.000000,0.000000
100.000000,100.000000,0.000000,0.000000,-2719.000000,0.000000,0.000000
-200.000000,-100.000000,0.000000,0.000000,-2724.000000,0.000000,0.000000
0.000000,-100.000000,0.000000,0.000000,-2752.000000,0.000000,0.000000
-200.000000,0.000000,0.000000,0.000000,-2749.000000,0.000000,0.000000
-200.000000,0.000000,0.000000,0.000000,-2730.000000,0.000000,0.000000
-200.000000,-100.000000,0.000000,0.000000,-2717.000000,0.000000,0.000000
-200.000000,-100.000000,0.000000,0.000000,-2744.000000,0.000000,0.000000
-200.000000,200.000000,156.000000,156.000000,-2766.000000,0.000000,0.000000
100.000000,-300.000000,0.000000,0.000000,-2756.000000,0.000000,0.000000
-300.000000,0.000000,0.000000,0.000000,-2756.000000,0.000000,0.000000
300.000000,-100.000000,0.000000,0.000000,-2745.000000,0.000000,0.000000
100.000000,0.000000,0.000000,0.000000,-2713.000000,0.000000,0.000000
100.000000,0.000000,0.000000,0.000000,-2691.000000,0.000000,0.000000
100.000000,0.000000,0.000000,0.000000,-2722.000000,0.000000,0.000000
-200.000000,100.000000,0.000000,0.000000,-2744.000000,0.000000,0.000000
100.000000,0.000000,0.000000,0.000000,-2744.000000,0.000000,0.000000
-200.000000,-300.000000,0.000000,0.000000,-2787.000000,0.000000,0.000000
-200.000000,-200.000000,0.000000,0.000000,-2768.000000,0.000000,0.000000
-200.000000,-100.000000,0.000000,0.000000,-2752.000000,0.000000,0.000000
0.000000,-300.000000,0.000000,0.000000,-2793.000000,0.000000,0.000000
-100.000000,0.000000,0.000000,0.000000,-2822.000000,0.000000,0.000000
-100.000000,-400.000000,0.000000,0.000000,-2801.000000,0.000000,0.000000
0.000000,-300.000000,0.000000,0.000000,-2783.000000,0.000000,0.000000
-100.000000,-100.000000,0.000000,0.000000,-2772.000000,0.000000,0.000000
-200.000000,0.000000,0.000000,0.000000,-2804.000000,0.000000,0.000000
-200.000000,-200.000000,0.000000,0.000000,-2796.000000,0.000000,0.000000
-200.000000,0.000000,0.000000,0.000000,-2820.000000,0.000000,0.000000
-300.000000,-200.000000,0.000000,0.000000,-2823.000000,0.000000,0.000000
-100.000000,-100.000000,0.000000,0.000000,-2813.000000,0.000000,0.000000
0.000000,0.000000,0.000000,0.000000,-2808.000000,0.000000,0.000000
-100.000000,-200.000000,0.000000,0.000000,-2791.000000,0.000000,0.000000
-300.000000,-100.000000,0.000000,0.000000,-2795.000000,0.000000,0.000000
0.000000,0.000000,0.000000,0.000000,-2791.000000,0.000000,0.000000
100.000000,-100.000000,0.000000,0.000000,-2773.000000,0.000000,0.000000
0.000000,-400.000000,0.000000,0.000000,-2773.000000,0.000000,0.000000
-100.000000,-100.000000,0.000000,0.000000,-2774.000000,0.000000,0.000000
0.000000,-100.000000,0.000000,0.000000,-2798.000000,0.000000,0.000000
-500.000000,-200.000000,0.000000,0.000000,-2788.000000,0.000000,0.000000
-200.000000,200.000000,0.000000,0.000000,-2804.000000,0.000000,0.000000
-300.000000,-100.000000,0.000000,0.000000,-2797.000000,0.000000,0.000000
-300.000000,-300.000000,0.000000,0.000000,-2780.000000,0.000000,0.000000
200.000000,-200.000000,0.000000,0.000000,-2791.000000,0.000000,0.000000
-100.000000,-100.000000,0.000000,0.000000,-2801.000000,0.000000,0.000000
-300.000000,-100.000000,0.000000,0.000000,-2843.000000,0.000000,0.000000
-200.000000,0.000000,0.000000,0.000000,-2855.000000,0.000000,0.000000
-200.000000,100.000000,0.000000,0.000000,-2834.000000,0.000000,0.000000
0.000000,0.000000,0.000000,0.000000,-2840.000000,0.000000,0.000000
0.000000,0.000000,0.000000,0.000000,-2845.000000,0.000000,0.000000
-100.000000,-100.000000,0.000000,0.000000,-2825.000000,0.000000,0.000000
-100.000000,0.000000,0.000000,0.000000,-2826.000000,0.000000,0.000000
-200.000000,0.000000,0.000000,0.000000,-2824.000000,0.000000,0.000000
-100.000000,-100.000000,0.000000,0.000000,-2797.000000,0.000000,0.000000
0.000000,0.000000,0.000000,0.000000,-2809.000000,0.000000,0.000000
-100.000000,0.000000,0.000000,0.000000,-2822.000000,0.000000,0.000000
-200.000000,100.000000,0.000000,0.000000,-2840.000000,0.000000,0.000000
-100.000000,-100.000000,0.000000,0.000000,-2846.000000,0.000000,0.000000
300.000000,-100.000000,0.000000,0.000000,-2852.000000,0.000000,0.000000
100.000000,-100.000000,0.000000,0.000000,-2856.000000,0.000000,0.000000
-100.000000,-100.000000,0.000000,0.000000,-2848.000000,0.000000,0.000000
0.000000,0.000000,0.000000,0.000000,-2855.000000,0.000000,0.000000
-300.000000,100.000000,0.000000,0.000000,-2876.000000,0.000000,0.000000
100.000000,-100.000000,0.000000,0.000000,-2887.000000,0.000000,0.000000
0.000000,-100.000000,0.000000,0.000000,-2861.000000,0.000000,0.000000
-100.000000,100.000000,0.000000,0.000000,-2884.000000,196.000000,0.000000
100.000000,0.000000,0.000000,0.000000,-2878.000000,0.000000,0.000000
-200.000000,0.000000,0.000000,0.000000,-2859.000000,0.000000,196.000000
0.000000,100.000000,0.000000,0.000000,-2837.000000,0.000000,0.000000
-200.000000,0.000000,0.000000,0.000000,-2813.000000,0.000000,0.000000
-300.000000,-100.000000,0.000000,0.000000,-2787.000000,0.000000,0.000000
-200.000000,-100.000000,0.000000,0.000000,-2777.000000,0.000000,0.000000
-200.000000,-200.000000,0.000000,0.000000,-2764.000000,196.000000,0.000000
0.000000,0.000000,0.000000,0.000000,-2754.000000,0.000000,0.000000
0.000000,0.000000,0.000000,0.000000,-2749.000000,0.000000,0.000000
0.000000,-100.000000,0.000000,0.000000,-2719.000000,0.000000,0.000000
0.000000,100.000000,0.000000,0.000000,-2703.000000,0.000000,0.000000
-200.000000,-200.000000,0.000000,0.000000,-2699.000000,0.000000,0.000000
0.000000,100.000000,0.000000,0.000000,-2710.000000,0.000000,0.000000
-200.000000,-100.000000,0.000000,0.000000,-2737.000000,0.000000,0.000000
100.000000,-100.000000,0.000000,0.000000,-2755.000000,0.000000,0.000000
200.000000,0.000000,0.000000,0.000000,-2772.000000,0.000000,0.000000
-100.000000,0.000000,0.000000,0.000000,-2805.000000,0.000000,0.000000
-100.000000,0.000000,0.000000,0.000000,-2803.000000,0.000000,0.000000
-200.000000,-200.000000,0.000000,0.000000,-2804.000000,0.000000,0.000000
-200.000000,-100.000000,0.000000,0.000000,-2835.000000,0.000000,0.000000
-200.000000,-100.000000,0.000000,0.000000,-2801.000000,0.000000,0.000000
-300.000000,0.000000,0.000000,0.000000,-2808.000000,0.000000,0.000000
0.000000,100.000000,0.000000,0.000000,-2797.000000,0.000000,0.000000
0.000000,0.000000,0.000000,0.000000,-2816.000000,0.000000,0.000000
-200.000000,-200.000000,0.000000,0.000000,-2828.000000,0.000000,0.000000
-100.000000,-200.000000,0.000000,0.000000,-2834.000000,0.000000,0.000000
0.000000,0.000000,0.000000,0.000000,-2842.000000,0.000000,0.000000
-100.000000,100.000000,0.000000,0.000000,-2862.000000,0.000000,0.000000
0.000000,0.000000,0.000000,0.000000,-2855.000000,0.000000,0.000000
0.000000,-100.000000,0.000000,0.000000,-2843.000000,0.000000,0.000000
-200.000000,0.000000,0.000000,0.000000,-2819.000000,0.000000,0.000000
-100.000000,0.000000,0.000000,0.000000,-2795.000000,0.000000,0.000000
-100.000000,0.000000,0.000000,0.000000,-2793.000000,0.000000,0.000000
0.000000,-300.000000,0.000000,0.000000,-2767.000000,0.000000,-196.000000
-100.000000,-200.000000,0.000000,0.000000,-2764.000000,0.000000,0.000000
-100.000000,-100.000000,0.000000,0.000000,-2766.000000,0.000000,0.000000
0.000000,0.000000,0.000000,0.000000,-2767.000000,0.000000,0.000000
200.000000,0.000000,0.000000,0.000000,-2787.000000,-196.000000,0.000000
-300.000000,-200.000000,0.000000,0.000000,-2781.000000,-196.000000,0.000000
-200.000000,0.000000,0.000000,0.000000,-2804.000000,0.000000,0.000000
0.000000,100.000000,0.000000,0.000000,-2774.000000,0.000000,0.000000
-100.000000,-100.000000,0.000000,0.000000,-2739.000000,0.000000,0.000000
200.000000,0.000000,0.000000,0.000000,-2714.000000,0.000000,0.000000
-100.000000,-200.000000,0.000000,0.000000,-2695.000000,0.000000,0.000000
-100.000000,-100.000000,0.000000,0.000000,-2685.000000,0.000000,0.000000
0.000000,100.000000,0.000000,0.000000,-2671.000000,0.000000,0.000000
-100.000000,-200.000000,0.000000,0.000000,-2678.000000,0.000000,0.000000
0.000000,-300.000000,0.000000,0.000000,-2725.000000,0.000000,0.000000
-100.000000,-100.000000,0.000000,0.000000,-2786.000000,0.000000,0.000000
-400.000000,100.000000,0.000000,0.000000,-2822.000000,-196.000000,0.000000
-100.000000,300.000000,0.000000,0.000000,-2874.000000,-196.000000,-196.000000
0.000000,0.000000,0.000000,0.000000,-2888.000000,-196.000000,0.000000
0.000000,300.000000,0.000000,0.000000,-2900.000000,-196.000000,0.000000
-200.000000,200.000000,0.000000,0.000000,-2906.000000,0.000000,0.000000
400.000000,200.000000,0.000000,0.000000,-2908.000000,0.000000,-196.000000
100.000000,-100.000000,0.000000,0.000000,-2869.000000,0.000000,0.000000
0.000000,200.000000,0.000000,0.000000,-2848.000000,0.000000,0.000000
-100.000000,0.000000,0.000000,0.000000,-2830.000000,0.000000,0.000000
-100.000000,-200.000000,0.000000,0.000000,-2839.000000,0.000000,0.000000
-100.000000,0.000000,0.000000,0.000000,-2833.000000,0.000000,0.000000
100.000000,-100.000000,0.000000,0.000000,-2814.000000,0.000000,0.000000
0.000000,0.000000,0.000000,0.000000,-2827.000000,0.000000,0.000000
0.000000,-300.000000,0.000000,0.000000,-2871.000000,0.000000,0.000000
100.000000,-100.000000,0.000000,0.000000,-2892.000000,0.000000,0.000000
0.000000,-100.000000,0.000000,0.000000,-2899.000000,0.000000,0.000000
-100.000000,-200.000000,0.000000,0.000000,-2937.000000,0.000000,0.000000
100.000000,-100.000000,0.000000,0.000000,-2954.000000,0.000000,0.000000
0.000000,0.000000,0.000000,0.000000,-2963.000000,0.000000,0.000000
-100.000000,-200.000000,0.000000,0.000000,-2941.000000,0.000000,0.000000
-200.000000,0.000000,0.000000,0.000000,-2942.000000,0.000000,0.000000
-200.000000,-100.000000,0.000000,0.000000,-2971.000000,0.000000,0.000000
-300.000000,0.000000,0.000000,0.000000,-2941.000000,0.000000,0.000000
-100.000000,0.000000,0.000000,0.000000,-2930.000000,0.000000,196.000000
-200.000000,0.000000,0.000000,0.000000,-2905.000000,196.000000,0.000000
0.000000,-400.000000,0.000000,0.000000,-2872.000000,196.000000,0.000000
0.000000,0.000000,0.000000,0.000000,-2831.000000,0.000000,0.000000
-200.000000,-100.000000,0.000000,0.000000,-2835.000000,0.000000,0.000000
100.000000,-100.000000,0.000000,0.000000,-2847.000000,0.000000,0.000000
100.000000,200.000000,0.000000,0.000000,-2855.000000,0.000000,0.000000
100.000000,-100.000000,0.000000,0.000000,-2854.000000,0.000000,0.000000
-100.000000,0.000000,0.000000,0.000000,-2858.000000,0.000000,0.000000
0.000000,0.000000,0.000000,0.000000,-2885.000000,0.000000,0.000000
-100.000000,200.000000,0.000000,0.000000,-2855.000000,0.000000,0.000000
0.000000,-300.000000,0.000000,0.000000,-2851.000000,0.000000,0.000000
100.000000,-200.000000,0.000000,0.000000,-2880.000000,0.000000,0.000000
0.000000,-200.000000,0.000000,0.000000,-2911.000000,0.000000,0.000000
-300.000000,-100.000000,0.000000,0.000000,-2935.000000,0.000000,0.000000
0.000000,0.000000,156.000000,156.000000,-2963.000000,0.000000,0.000000
-200.000000,100.000000,0.000000,0.000000,-2975.000000,0.000000,0.000000
-100.000000,-100.000000,0.000000,0.000000,-2930.000000,0.000000,196.000000
0.000000,0.000000,0.000000,0.000000,-2922.000000,0.000000,0.000000
-100.000000,0.000000,0.000000,0.000000,-2897.000000,0.000000,0.000000
400.000000,200.000000,0.000000,0.000000,-2903.000000,0.000000,0.000000
-200.000000,-100.000000,0.000000,0.000000,-2929.000000,0.000000,0.000000
300.000000,-100.000000,0.000000,0.000000,-2932.000000,0.000000,0.000000
200.000000,-100.000000,0.000000,0.000000,-2920.000000,0.000000,0.000000
-100.000000,0.000000,78.000000,78.000000,-2894.000000,0.000000,0.000000
-100.000000,100.000000,0.000000,0.000000,-2901.000000,0.000000,0.000000
-200.000000,-100.000000,0.000000,0.000000,-2904.000000,0.000000,0.000000
-100.000000,-100.000000,0.000000,0.000000,-2869.000000,0.000000,0.000000
-300.000000,-300.000000,0.000000,0.000000,-2855.000000,0.000000,0.000000
-100.000000,-100.000000,0.000000,0.000000,-2865.000000,0.000000,0.000000
0.000000,100.000000,0.000000,0.000000,-2896.000000,0.000000,0.000000
-100.000000,0.000000,0.000000,0.000000,-2900.000000,0.000000,0.000000
0.000000,-100.000000,0.000000,0.000000,-2931.000000,0.000000,0.000000
-100.000000,200.000000,0.000000,0.000000,-2956.000000,0.000000,0.000000
-200.000000,-100.000000,0.000000,0.000000,-2983.000000,0.000000,-196.000000
-200.000000,-100.000000,0.000000,0.000000,-2989.000000,0.000000,0.000000
-200.000000,-100.000000,0.000000,0.000000,-2949.000000,-196.000000,-196.000000
0.000000,-100.000000,0.000000,0.000000,-2945.000000,0.000000,0.000000
1100.000000,-300.000000,10000.000000,10000.000000,-2901.000000,-196.000000,196.000000
8400.000000,9400.000000,10000.000000,10000.000000,-2870.000000,1374.000000,1374.000000
8500.000000,10200.000000,10000.000000,10000.000000,-2823.000000,2945.000000,2356.000000
10300.000000,9400.000000,10000.000000,10000.000000,-2757.000000,2356.000000,1767.000000
7700.000000,10700.000000,10000.000000,10000.000000,-2760.000000,196.000000,-196.000000
10100.000000,10100.000000,10000.000000,10000.000000,-2945.000000,-981.000000,-589.000000
9400.000000,9400.000000,10000.000000,10000.000000,-2916.000000,-196.000000,196.000000
10500.000000,11100.000000,10000.000000,10000.000000,-2693.000000,1178.000000,1374.000000
11100.000000,9300.000000,10000.000000,10000.000000,-2489.000000,2159.000000,1963.000000
12100.000000,11200.000000,10000.000000,10000.000000,-2696.000000,2552.000000,2159.000000
11900.000000,9500.000000,10000.000000,10000.000000,-2978.000000,1963.000000,1374.000000
9800.000000,10000.000000,10000.000000,10000.000000,-2947.000000,785.000000,785.000000
9700.000000,9600.000000,10000.000000,10000.000000,-2791.000000,785.000000,1178.000000
9400.000000,9800.000000,10000.000000,10000.000000,-2736.000000,1767.000000,1963.000000
11500.000000,10200.000000,10000.000000,10000.000000,-2736.000000,2748.000000,2748.000000
8900.000000,9000.000000,10000.000000,10000.000000,-2815.000000,3141.000000,2748.000000
9500.000000,10800.000000,10000.000000,10000.000000,-2806.000000,2356.000000,1963.000000
8800.000000,10300.000000,10000.000000,10000.000000,-2775.000000,1767.000000,1767.000000
8600.000000,10300.000000,10000.000000,10000.000000,-2743.000000,1963.000000,1963.000000
8600.000000,10900.000000,10000.000000,10000.000000,-2703.000000,2356.000000,2552.000000
11900.000000,9000.000000,10000.000000,10000.000000,-2603.000000,2945.000000,2748.000000
8700.000000,11000.000000,10000.000000,10000.000000,-2504.000000,2945.000000,2748.000000
12000.000000,9000.000000,10000.000000,10000.000000,-2596.000000,2945.000000,2552.000000
11400.000000,9900.000000,10000.000000,10000.000000,-2638.000000,2356.000000,1767.000000
11000.000000,10800.000000,10000.000000,10000.000000,-2540.000000,2356.000000,1767.000000
9400.000000,10500.000000,10000.000000,10000.000000,-2483.000000,2552.000000,2159.000000
8500.000000,8300.000000,10000.000000,10000.000000,-2594.000000,2945.000000,2356.000000
8500.000000,-200.000000,0.000000,0.000000,-2651.000000,2356.000000,2159.000000
0.000000,100.000000,0.000000,0.000000,-2577.000000,392.000000,392.000000
100.000000,0.000000,0.000000,0.000000,-2641.000000,392.000000,196.000000
0.000000,-200.000000,0.000000,0.000000,-2589.000000,0.000000,0.000000
-100.000000,0.000000,0.000000,0.000000,-2603.000000,0.000000,0.000000
200.000000,-100.000000,0.000000,0.000000,-2571.000000,-392.000000,196.000000
-100.000000,0.000000,0.000000,0.000000,-2685.000000,392.000000,392.000000
0.000000,-100.000000,0.000000,0.000000,-2687.000000,0.000000,1178.000000
0.000000,0.000000,0.000000,0.000000,-2552.000000,0.000000,1374.000000
-200.000000,200.000000,0.000000,0.000000,-2537.000000,0.000000,1178.000000
0.000000,0.000000,0.000000,0.000000,-2550.000000,196.000000,981.000000
-300.000000,0.000000,0.000000,0.000000,-2538.000000,196.000000,981.000000
-200.000000,0.000000,0.000000,0.000000,-2524.000000,392.000000,785.000000
0.000000,0.000000,0.000000,0.000000,-2429.000000,196.000000,392.000000
-300.000000,0.000000,0.000000,0.000000,-2404.000000,196.000000,196.000000
-100.000000,0.000000,0.000000,0.000000,-2408.000000,0.000000,-589.000000
200.000000,0.000000,0.000000,0.000000,-2446.000000,0.000000,-1374.000000
-200.000000,-100.000000,0.000000,0.000000,-2360.000000,0.000000,-1767.000000
0.000000,0.000000,0.000000,0.000000,-2340.000000,0.000000,-1767.000000
-200.000000,0.000000,0.000000,0.000000,-2339.000000,0.000000,-1570.000000
0.000000,0.000000,0.000000,0.000000,-2343.000000,-196.000000,-1374.000000
-100.000000,-100.000000,0.000000,0.000000,-2333.000000,0.000000,-1178.000000
300.000000,200.000000,0.000000,0.000000,-2330.000000,-196.000000,-1178.000000
0.000000,-100.000000,0.000000,0.000000,-2405.000000,-392.000000,-981.000000
200.000000,100.000000,0.000000,0.000000,-2345.000000,-1374.000000,-785.000000
0.000000,200.000000,0.000000,0.000000,-2363.000000,-1767.000000,-981.000000
0.000000,100.000000,0.000000,0.000000,-2497.000000,-1767.000000,-1178.000000
200.000000,0.000000,0.000000,0.000000,-2492.000000,-1570.000000,-1374.000000
100.000000,200.000000,0.000000,0.000000,-2453.000000,-1767.000000,-1570.000000
0.000000,300.000000,0.000000,0.000000,-2553.000000,-1570.000000,-981.000000
300.000000,0.000000,0.000000,0.000000,-2707.000000,-1374.000000,-1178.000000
0.000000,100.000000,0.000000,0.000000,-2655.000000,-785.000000,-1178.000000
200.000000,0.000000,0.000000,0.000000,-2651.000000,-785.000000,-785.000000
0.000000,0.000000,0.000000,0.000000,-2730.000000,-785.000000,-392.000000
100.000000,500.000000,0.000000,0.000000,-2678.000000,-589.000000,-589.000000
400.000000,200.000000,0.000000,0.000000,-2670.000000,-392.000000,-196.000000
-100.000000,-200.000000,0.000000,0.000000,-2734.000000,-392.000000,-196.000000
200.000000,100.000000,0.000000,0.000000,-2696.000000,-196.000000,0.000000
-100.000000,0.000000,0.000000,0.000000,-2632.000000,0.000000,0.000000
0.000000,-100.000000,0.000000,0.000000,-2696.000000,196.000000,0.000000
0.000000,0.000000,0.000000,0.000000,-2786.000000,0.000000,0.000000
0.000000,0.000000,0.000000,0.000000,-2745.000000,0.000000,0.000000
-300.000000,0.000000,0.000000,0.000000,-2736.000000,0.000000,196.000000
-100.000000,100.000000,0.000000,0.000000,-2752.000000,0.000000,196.000000
-100.000000,0.000000,0.000000,0.000000,-2811.000000,589.000000,981.000000
-100.000000,100.000000,0.000000,0.000000,-2775.000000,1767.000000,1767.000000
-200.000000,0.000000,0.000000,0.000000,-2747.000000,2356.000000,2159.000000
300.000000,200.000000,0.000000,0.000000,-2751.000000,2356.000000,1963.000000
-300.000000,0.000000,0.000000,0.000000,-2794.000000,2356.000000,1963.000000
-100.000000,-100.000000,0.000000,0.000000,-2749.000000,2159.000000,1963.000000
-200.000000,100.000000,0.000000,0.000000,-2771.000000,2159.000000,1767.000000
-200.000000,0.000000,0.000000,0.000000,-2755.000000,1963.000000,1767.000000
-200.000000,0.000000,0.000000,0.000000,-2749.000000,1767.000000,1570.000000
-100.000000,0.000000,0.000000,0.000000,-2761.000000,1767.000000,1570.000000
0.000000,0.000000,0.000000,0.000000,-2837.000000,1570.000000,1963.000000
100.000000,0.000000,0.000000,0.000000,-2728.000000,1767.000000,2552.000000
-100.000000,0.000000,0.000000,0.000000,-2721.000000,1963.000000,2552.000000
-200.000000,100.000000,0.000000,0.000000,-2764.000000,2552.000000,2552.000000
-100.000000,0.000000,0.000000,0.000000,-2761.000000,2552.000000,2748.000000
-100.000000,0.000000,0.000000,0.000000,-2756.000000,2552.000000,2356.000000
-200.000000,0.000000,0.000000,0.000000,-2733.000000,2552.000000,2356.000000
0.000000,0.000000,0.000000,0.000000,-2785.000000,2356.000000,2159.000000
-100.000000,0.000000,0.000000,0.000000,-2735.000000,2159.000000,1963.000000
0.000000,-200.000000,0.000000,0.000000,-2705.000000,1963.000000,1963.000000
-300.000000,200.000000,0.000000,0.000000,-2718.000000,1963.000000,1963.000000
0.000000,-100.000000,0.000000,0.000000,-2739.000000,1767.000000,1767.000000
0.000000,0.000000,0.000000,0.000000,-2762.000000,1767.000000,1767.000000
0.000000,100.000000,0.000000,0.000000,-2764.000000,1570.000000,1570.000000
0.000000,0.000000,0.000000,0.000000,-2784.000000,1374.000000,1570.000000
-200.000000,0.000000,0.000000,0.000000,-2771.000000,1178.000000,1374.000000
-400.000000,200.000000,0.000000,0.000000,-2714.000000,1178.000000,1374.000000
200.000000,0.000000,0.000000,0.000000,-2696.000000,981.000000,1178.000000
-200.000000,-100.000000,0.000000,0.000000,-2685.000000,785.000000,981.000000
100.000000,0.000000,0.000000,0.000000,-2727.000000,785.000000,785.000000
0.000000,0.000000,0.000000,0.000000,-2697.000000,589.000000,589.000000
-100.000000,0.000000,0.000000,0.000000,-2676.000000,392.000000,589.000000
0.000000,-200.000000,0.000000,0.000000,-2659.000000,392.000000,392.000000
0.000000,100.000000,0.000000,0.000000,-2628.000000,196.000000,196.000000
200.000000,0.000000,0.000000,0.000000,-2633.000000,0.000000,196.000000
-100.000000,-100.000000,0.000000,0.000000,-2651.000000,0.000000,-196.000000
-200.000000,0.000000,0.000000,0.000000,-2634.000000,-196.000000,0.000000
0.000000,300.000000,0.000000,0.000000,-2623.000000,-196.000000,0.000000
-200.000000,0.000000,0.000000,0.000000,-2613.000000,0.000000,-196.000000
0.000000,-100.000000,0.000000,0.000000,-2601.000000,0.000000,-392.000000
100.000000,0.000000,0.000000,0.000000,-2638.000000,0.000000,-1178.000000
300.000000,0.000000,0.000000,0.000000,-2672.000000,-392.000000,-1767.000000
100.000000,100.000000,0.000000,0.000000,-2684.000000,-785.000000,-1767.000000
300.000000,0.000000,0.000000,0.000000,-2723.000000,-1963.000000,-1570.000000
100.000000,-100.000000,0.000000,0.000000,-2785.000000,-2356.000000,-1570.000000
0.000000,200.000000,0.000000,0.000000,-2774.000000,-2159.000000,-1178.000000
0.000000,-100.000000,0.000000,0.000000,-2727.000000,-2159.000000,-1178.000000
-400.000000,0.000000,0.000000,0.000000,-2760.000000,-1963.000000,-1178.000000
0.000000,0.000000,0.000000,0.000000,-2823.000000,-1767.000000,-1178.000000
-100.000000,200.000000,0.000000,0.000000,-2741.000000,-1767.000000,-1374.000000
0.000000,100.000000,0.000000,0.000000,-2778.000000,-1374.000000,-1767.000000
100.000000,100.000000,0.000000,0.000000,-2836.000000,-1374.000000,-1963.000000
-200.000000,0.000000,0.000000,0.000000,-2806.000000,-1178.000000,-1963.000000
-200.000000,0.000000,0.000000,0.000000,-2764.000000,-981.000000,-1570.000000
100.000000,100.000000,0.000000,0.000000,-2771.000000,-1178.000000,-1570.000000
100.000000,0.000000,0.000000,0.000000,-2781.000000,-1570.000000,-1374.000000
0.000000,0.000000,0.000000,0.000000,-2722.000000,-1570.000000,-981.000000
0.000000,-100.000000,0.000000,0.000000,-2740.000000,-1570.000000,-785.000000
200.000000,0.000000,0.000000,0.000000,-2766.000000,-1374.000000,-981.000000
200.000000,100.000000,0.000000,0.000000,-2737.000000,-1374.000000,-785.000000
100.000000,200.000000,0.000000,0.000000,-2723.000000,-1570.000000,-785.000000
100.000000,100.000000,0.000000,0.000000,-2766.000000,-1178.000000,-981.000000
200.000000,200.000000,0.000000,0.000000,-2784.000000,-785.000000,-785.000000
0.000000,100.000000,0.000000,0.000000,-2748.000000,-785.000000,-981.000000
0.000000,300.000000,0.000000,0.000000,-2751.000000,-785.000000,-589.000000
0.000000,-200.000000,0.000000,0.000000,-2751.000000,-589.000000,-589.000000
200.000000,0.000000,0.000000,0.000000,-2751.000000,-196.000000,-392.000000
100.000000,0.000000,0.000000,0.000000,-2734.000000,-196.000000,-392.000000
200.000000,0.000000,0.000000,0.000000,-2732.000000,0.000000,0.000000
-300.000000,-400.000000,0.000000,0.000000,-2693.000000,0.000000,0.000000
-200.000000,100.000000,0.000000,0.000000,-2689.000000,196.000000,196.000000
-100.000000,-200.000000,0.000000,0.000000,-2673.000000,0.000000,0.000000
-200.000000,-200.000000,0.000000,0.000000,-2656.000000,196.000000,196.000000
-100.000000,0.000000,0.000000,0.000000,-2682.000000,0.000000,0.000000
-300.000000,-100.000000,0.000000,0.000000,-2693.000000,0.000000,0.000000
200.000000,0.000000,0.000000,0.000000,-2658.000000,0.000000,0.000000
-100.000000,-200.000000,0.000000,0.000000,-2659.000000,0.000000,0.000000
0.000000,0.000000,0.000000,0.000000,-2726.000000,0.000000,0.000000
400.000000,100.000000,0.000000,0.000000,-2747.000000,0.000000,0.000000
0.000000,0.000000,0.000000,0.000000,-2737.000000,0.000000,0.000000
-300.000000,0.000000,0.000000,0.000000,-2725.000000,0.000000,196.000000
-100.000000,0.000000,0.000000,0.000000,-2709.000000,0.000000,196.000000
0.000000,-100.000000,0.000000,0.000000,-2719.000000,0.000000,589.000000
-100.000000,100.000000,0.000000,0.000000,-2690.000000,0.000000,981.000000
-100.000000,0.000000,0.000000,0.000000,-2725.000000,0.000000,785.000000
0.000000,-100.000000,0.000000,0.000000,-2772.000000,196.000000,785.000000
-200.000000,0.000000,0.000000,0.000000,-2769.000000,196.000000,785.000000
-200.000000,0.000000,0.000000,0.000000,-2756.000000,589.000000,589.000000
100.000000,-300.000000,0.000000,0.000000,-2757.000000,785.000000,589.000000
-200.000000,0.000000,0.000000,0.000000,-2751.000000,785.000000,392.000000
100.000000,0.000000,0.000000,0.000000,-2729.000000,589.000000,392.000000
-400.000000,0.000000,0.000000,0.000000,-2750.000000,589.000000,196.000000
-200.000000,0.000000,0.000000,0.000000,-2753.000000,392.000000,0.000000
-100.000000,100.000000,0.000000,0.000000,-2754.000000,196.000000,0.000000
-200.000000,200.000000,0.000000,0.000000,-2731.000000,196.000000,0.000000
-200.000000,200.000000,0.000000,0.000000,-2713.000000,196.000000,0.000000
0.000000,-100.000000,0.000000,0.000000,-2741.000000,0.000000,0.000000
200.000000,0.000000,0.000000,0.000000,-2767.000000,0.000000,0.000000
300.000000,0.000000,0.000000,0.000000,-2778.000000,0.000000,0.000000
-100.000000,100.000000,0.000000,0.000000,-2761.000000,0.000000,0.000000
-400.000000,0.000000,0.000000,0.000000,-2787.000000,0.000000,0.000000
0.000000,0.000000,0.000000,0.000000,-2772.000000,0.000000,-196.000000
-100.000000,0.000000,0.000000,0.000000,-2772.000000,-196.000000,0.000000
-100.000000,-100.000000,0.000000,0.000000,-2757.000000,-196.000000,0.000000
0.000000,-100.000000,0.000000,0.000000,-2726.000000,0.000000,-196.000000
0.000000,0.000000,0.000000,0.000000,-2701.000000,-196.000000,-785.000000
0.000000,-100.000000,0.000000,0.000000,-2756.000000,-392.000000,-1374.000000
0.000000,100.000000,0.000000,0.000000,-2725.000000,-1178.000000,-1767.000000
-100.000000,0.000000,0.000000,0.000000,-2747.000000,-1767.000000,-1374.000000
200.000000,100.000000,0.000000,0.000000,-2775.000000,-1963.000000,-1570.000000
-200.000000,200.000000,0.000000,0.000000,-2762.000000,-1767.000000,-1374.000000
200.000000,0.000000,0.000000,0.000000,-2736.000000,-1767.000000,-981.000000
-100.000000,100.000000,0.000000,0.000000,-2804.000000,-1570.000000,-981.000000
0.000000,100.000000,0.000000,0.000000,-2885.000000,-1374.000000,-785.000000
100.000000,0.000000,0.000000,0.000000,-2824.000000,-1178.000000,-785.000000
-100.000000,0.000000,0.000000,0.000000,-2790.000000,-1178.000000,-981.000000
100.000000,0.000000,0.000000,0.000000,-2847.000000,-981.000000,-1374.000000
300.000000,0.000000,0.000000,0.000000,-2867.000000,-1178.000000,-1570.000000
100.000000,0.000000,0.000000,0.000000,-2846.000000,-1374.000000,-1570.000000
-200.000000,0.000000,0.000000,0.000000,-2835.000000,-1570.000000,-1374.000000
0.000000,0.000000,0.000000,0.000000,-2855.000000,-1570.000000,-1178.000000
0.000000,0.000000,0.000000,0.000000,-2833.000000,-1767.000000,-981.000000
200.000000,300.000000,0.000000,0.000000,-2813.000000,-1374.000000,-981.000000
200.000000,0.000000,0.000000,0.000000,-2900.000000,-1374.000000,-981.000000
0.000000,0.000000,0.000000,0.000000,-2867.000000,-1374.000000,-785.000000
100.000000,100.000000,0.000000,0.000000,-2864.000000,-981.000000,-785.000000
0.000000,0.000000,0.000000,0.000000,-2928.000000,-981.000000,-785.000000
-300.000000,-100.000000,0.000000,0.000000,-2946.000000,-785.000000,-785.000000
-100.000000,0.000000,0.000000,0.000000,-2915.000000,-785.000000,-981.000000
100.000000,0.000000,0.000000,0.000000,-2874.000000,-589.000000,-785.000000
0.000000,-100.000000,0.000000,0.000000,-2936.000000,-589.000000,-589.000000
-100.000000,0.000000,0.000000,0.000000,-2926.000000,-589.000000,-589.000000
0.000000,0.000000,0.000000,0.000000,-2914.000000,-589.000000,-589.000000
200.000000,0.000000,0.000000,0.000000,-2913.000000,-392.000000,-196.000000
100.000000,0.000000,0.000000,0.000000,-2942.000000,-589.000000,-392.000000
0.000000,0.000000,0.000000,0.000000,-2943.000000,-392.000000,-196.000000
100.000000,0.000000,0.000000,0.000000,-2890.000000,-196.000000,-196.000000
-100.000000,0.000000,0.000000,0.000000,-2860.000000,0.000000,0.000000
0.000000,0.000000,0.000000,0.000000,-2897.000000,0.000000,0.000000
-200.000000,500.000000,0.000000,0.000000,-2891.000000,0.000000,0.000000
-100.000000,0.000000,0.000000,0.000000,-2879.000000,0.000000,0.000000
-300.000000,-100.000000,0.000000,0.000000,-2856.000000,196.000000,0.000000
-200.000000,-100.000000,0.000000,0.000000,-2884.000000,-196.000000,0.000000
-100.000000,0.000000,0.000000,0.000000,-2883.000000,0.000000,0.000000
0.000000,100.000000,0.000000,0.000000,-2886.000000,196.000000,0.000000
200.000000,100.000000,0.000000,0.000000,-2911.000000,0.000000,0.000000
-100.000000,-300.000000,0.000000,0.000000,-2929.000000,0.000000,196.000000
0.000000,-200.000000,0.000000,0.000000,-2924.000000,196.000000,0.000000
-200.000000,-100.000000,0.000000,0.000000,-2914.000000,0.000000,0.000000
-200.000000,0.000000,0.000000,0.000000,-2941.000000,0.000000,0.000000
0.000000,0.000000,0.000000,0.000000,-2913.000000,0.000000,0.000000
100.000000,0.000000,0.000000,0.000000,-2926.000000,0.000000,0.000000
-100.000000,-200.000000,0.000000,0.000000,-2898.000000,0.000000,0.000000
-100.000000,200.000000,0.000000,0.000000,-2903.000000,0.000000,0.000000
0.000000,-200.000000,0.000000,0.000000,-2897.000000,0.000000,0.000000
100.000000,-200.000000,0.000000,0.000000,-2871.000000,0.000000,0.000000
0.000000,-100.000000,0.000000,0.000000,-2882.000000,0.000000,0.000000
0.000000,0.000000,0.000000,0.000000,-2887.000000,0.000000,0.000000
100.000000,0.000000,0.000000,0.000000,-2861.000000,0.000000,196.000000
200.000000,0.000000,0.000000,0.000000,-2879.000000,0.000000,196.000000
-100.000000,-200.000000,0.000000,0.000000,-2889.000000,0.000000,0.000000
0.000000,0.000000,0.000000,0.000000,-2878.000000,0.000000,0.000000
0.000000,0.000000,0.000000,0.000000,-2904.000000,0.000000,0.000000
100.000000,0.000000,0.000000,0.000000,-2886.000000,0.000000,0.000000
-300.000000,-100.000000,0.000000,0.000000,-2900.000000,0.000000,0.000000
100.000000,-200.000000,0.000000,0.000000,-2920.000000,0.000000,0.000000
-100.000000,-200.000000,0.000000,0.000000,-2914.000000,0.000000,0.000000
0.000000,-200.000000,0.000000,0.000000,-2926.000000,0.000000,0.000000
0.000000,0.000000,0.000000,0.000000,-2957.000000,0.000000,0.000000
-100.000000,0.000000,0.000000,0.000000,-2957.000000,0.000000,0.000000
-100.000000,-100.000000,0.000000,0.000000,-2955.000000,0.000000,-196.000000
-100.000000,0.000000,0.000000,0.000000,-2919.000000,0.000000,0.000000
-300.000000,0.000000,0.000000,0.000000,-2944.000000,0.000000,-196.000000
200.000000,100.000000,0.000000,0.000000,-2927.000000,0.000000,-196.000000
200.000000,100.000000,0.000000,0.000000,-2936.000000,0.000000,-981.000000
200.000000,-200.000000,0.000000,0.000000,-2979.000000,0.000000,-1374.000000
0.000000,0.000000,0.000000,0.000000,-2971.000000,-196.000000,-1570.000000
200.000000,-100.000000,0.000000,0.000000,-2949.000000,0.000000,-1374.000000
0.000000,-200.000000,0.000000,0.000000,-2936.000000,-196.000000,-1374.000000
200.000000,0.000000,0.000000,0.000000,-2938.000000,-196.000000,-981.000000
0.000000,0.000000,0.000000,0.000000,-2978.000000,-589.000000,-981.000000
0.000000,200.000000,0.000000,0.000000,-3016.000000,-1178.000000,-785.000000
200.000000,0.000000,0.000000,0.000000,-3029.000000,-1767.000000,-785.000000
0.000000,100.000000,0.000000,0.000000,-3017.000000,-1570.000000,-589.000000
100.000000,-100.000000,0.000000,0.000000,-2961.000000,-1374.000000,-785.000000
-100.000000,0.000000,0.000000,0.000000,-2965.000000,-1374.000000,-1178.000000
100.000000,100.000000,0.000000,0.000000,-2993.000000,-1178.000000,-1178.000000
0.000000,200.000000,0.000000,0.000000,-2982.000000,-981.000000,-1374.000000
200.000000,-200.000000,0.000000,0.000000,-2960.000000,-981.000000,-1374.000000
200.000000,0.000000,0.000000,0.000000,-2932.000000,-785.000000,-981.000000
200.000000,0.000000,0.000000,0.000000,-2908.000000,-392.000000,-981.000000
0.000000,100.000000,0.000000,0.000000,-2920.000000,-589.000000,-981.000000
-100.000000,100.000000,0.000000,0.000000,-2969.000000,-392.000000,-785.000000
300.000000,0.000000,0.000000,0.000000,-2946.000000,-785.000000,-785.000000
100.000000,0.000000,0.000000,0.000000,-2899.000000,-1178.000000,-785.000000
200.000000,0.000000,0.000000,0.000000,-2908.000000,-1178.000000,-785.000000
100.000000,0.000000,0.000000,0.000000,-2945.000000,-1178.000000,-785.000000
-100.000000,200.000000,0.000000,0.000000,-2896.000000,-981.000000,-785.000000
100.000000,100.000000,0.000000,0.000000,-2849.000000,-785.000000,-785.000000
500.000000,0.000000,0.000000,0.000000,-2889.000000,-589.000000,-785.000000
200.000000,-100.000000,0.000000,0.000000,-2917.000000,-589.000000,-785.000000
0.000000,200.000000,0.000000,0.000000,-2879.000000,-589.000000,-589.000000
200.000000,100.000000,0.000000,0.000000,-2828.000000,-392.000000,-392.000000
300.000000,300.000000,0.000000,0.000000,-2819.000000,-392.000000,-392.000000
0.000000,0.000000,0.000000,0.000000,-2820.000000,-392.000000,-392.000000
-200.000000,200.000000,0.000000,0.000000,-2833.000000,-392.000000,-196.000000
100.000000,100.000000,0.000000,0.000000,-2800.000000,-589.000000,-392.000000
0.000000,200.000000,0.000000,0.000000,-2781.000000,-589.000000,-392.000000
100.000000,-100.000000,0.000000,0.000000,-2763.000000,-392.000000,-196.000000
0.000000,300.000000,0.000000,0.000000,-2798.000000,-392.000000,-196.000000
100.000000,0.000000,0.000000,0.000000,-2812.000000,-196.000000,-196.000000
0.000000,100.000000,0.000000,0.000000,-2859.000000,-196.000000,0.000000
-100.000000,200.000000,0.000000,0.000000,-2838.000000,-196.000000,-196.000000
-300.000000,100.000000,0.000000,0.000000,-2839.000000,-196.000000,0.000000
100.000000,0.000000,0.000000,0.000000,-2835.000000,-196.000000,-196.000000
-300.000000,200.000000,0.000000,0.000000,-2826.000000,0.000000,-196.000000
100.000000,0.000000,0.000000,0.000000,-2806.000000,0.000000,0.000000
400.000000,0.000000,0.000000,0.000000,-2824.000000,0.000000,-196.000000
200.000000,-200.000000,0.000000,0.000000,-2780.000000,0.000000,0.000000
0.000000,100.000000,0.000000,0.000000,-2751.000000,0.000000,0.000000
0.000000,-200.000000,0.000000,0.000000,-2723.000000,0.000000,0.000000
-100.000000,0.000000,0.000000,0.000000,-2722.000000,-196.000000,0.000000
-100.000000,0.000000,0.000000,0.000000,-2710.000000,0.000000,0.000000
-100.000000,0.000000,0.000000,0.000000,-2688.000000,0.000000,0.000000
0.000000,0.000000,0.000000,0.000000,-2697.000000,0.000000,0.000000
-200.000000,-100.000000,0.000000,0.000000,-2703.000000,0.000000,-196.000000
-300.000000,0.000000,0.000000,0.000000,-2682.000000,-196.000000,0.000000
100.000000,0.000000,0.000000,0.000000,-2701.000000,0.000000,0.000000
200.000000,-100.000000,0.000000,0.000000,-2700.000000,0.000000,-196.000000
100.000000,-100.000000,0.000000,0.000000,-2702.000000,0.000000,-392.000000
0.000000,-200.000000,0.000000,0.000000,-2704.000000,0.000000,-196.000000
200.000000,-200.000000,0.000000,0.000000,-2726.000000,0.000000,-196.000000
200.000000,0.000000,0.000000,0.000000,-2733.000000,-196.000000,-196.000000
0.000000,100.000000,0.000000,0.000000,-2742.000000,0.000000,-196.000000
400.000000,100.000000,0.000000,0.000000,-2762.000000,0.000000,-392.000000
200.000000,0.000000,0.000000,0.000000,-2758.000000,-196.000000,-392.000000
0.000000,200.000000,0.000000,0.000000,-2786.000000,0.000000,-392.000000
-300.000000,0.000000,0.000000,0.000000,-2767.000000,-196.000000,-392.000000
-100.000000,0.000000,0.000000,0.000000,-2766.000000,-196.000000,-196.000000
-100.000000,100.000000,0.000000,0.000000,-2753.000000,-196.000000,-392.000000
-300.000000,100.000000,0.000000,0.000000,-2772.000000,-196.000000,-589.000000
200.000000,0.000000,0.000000,0.000000,-2733.000000,-196.000000,-392.000000
0.000000,300.000000,0.000000,0.000000,-2706.000000,-196.000000,-392.000000
-100.000000,-100.000000,0.000000,0.000000,-2688.000000,-196.000000,-392.000000
0.000000,100.000000,0.000000,0.000000,-2731.000000,-196.000000,-589.000000
0.000000,0.000000,0.000000,0.000000,-2758.000000,-196.000000,-392.000000
100.000000,-100.000000,0.000000,0.000000,-2751.000000,-196.000000,-392.000000
300.000000,200.000000,0.000000,0.000000,-2760.000000,-196.000000,-392.000000
-100.000000,100.000000,0.000000,0.000000,-2786.000000,-196.000000,-392.000000
0.000000,-200.000000,0.000000,0.000000,-2814.000000,-196.000000,-589.000000
-100.000000,100.000000,0.000000,0.000000,-2820.000000,-392.000000,-392.000000
300.000000,0.000000,0.000000,0.000000,-2822.000000,-392.000000,-392.000000
200.000000,0.000000,0.000000,0.000000,-2830.000000,-196.000000,-392.000000
-200.000000,100.000000,0.000000,0.000000,-2851.000000,-196.000000,-392.000000
300.000000,0.000000,0.000000,0.000000,-2878.000000,-196.000000,-392.000000
100.000000,100.000000,0.000000,0.000000,-2901.000000,0.000000,-392.000000
0.000000,0.000000,0.000000,0.000000,-2872.000000,-196.000000,-196.000000
0.000000,100.000000,0.000000,0.000000,-2862.000000,-196.000000,-392.000000
200.000000,-100.000000,0.000000,0.000000,-2866.000000,-196.000000,-196.000000
100.000000,-100.000000,0.000000,0.000000,-2840.000000,-392.000000,-196.000000
100.000000,200.000000,0.000000,0.000000,-2839.000000,-392.000000,-196.000000
0.000000,0.000000,0.000000,0.000000,-2841.000000,-196.000000,-392.000000
0.000000,0.000000,0.000000,0.000000,-2835.000000,0.000000,0.000000
200.000000,-100.000000,0.000000,0.000000,-2867.000000,0.000000,-196.000000
-300.000000,-100.000000,0.000000,0.000000,-2887.000000,0.000000,0.000000
-300.000000,-200.000000,0.000000,0.000000,-2864.000000,0.000000,0.000000
-100.000000,-100.000000,0.000000,0.000000,-2837.000000,0.000000,0.000000
-200.000000,-200.000000,0.000000,0.000000,-2835.000000,-196.000000,0.000000
0.000000,0.000000,0.000000,0.000000,-2846.000000,0.000000,0.000000
200.000000,100.000000,0.000000,0.000000,-2862.000000,0.000000,0.000000
100.000000,0.000000,0.000000,0.000000,-2848.000000,0.000000,0.000000
0.000000,-200.000000,0.000000,0.000000,-2859.000000,0.000000,0.000000
-100.000000,-200.000000,0.000000,0.000000,-2852.000000,0.000000,0.000000
-200.000000,200.000000,0.000000,0.000000,-2898.000000,0.000000,0.000000
-300.000000,-200.000000,0.000000,0.000000,-2907.000000,0.000000,0.000000
0.000000,0.000000,0.000000,0.000000,-2907.000000,0.000000,0.000000
-100.000000,100.000000,0.000000,0.000000,-2886.000000,196.000000,0.000000
-200.000000,0.000000,0.000000,0.000000,-2906.000000,0.000000,0.000000
0.000000,-100.000000,0.000000,0.000000,-2915.000000,0.000000,196.000000
-200.000000,0.000000,0.000000,0.000000,-2867.000000,0.000000,0.000000
-200.000000,0.000000,0.000000,0.000000,-2862.000000,0.000000,0.000000
0.000000,0.000000,0.000000,0.000000,-2863.000000,0.000000,0.000000
200.000000,-200.000000,0.000000,0.000000,-2841.000000,0.000000,0.000000
0.000000,0.000000,0.000000,0.000000,-2833.000000,0.000000,0.000000
100.000000,-200.000000,0.000000,0.000000,-2820.000000,196.000000,0.000000
-200.000000,0.000000,0.000000,0.000000,-2839.000000,0.000000,0.000000
0.000000,100.000000,0.000000,0.000000,-2845.000000,0.000000,0.000000
-100.000000,-100.000000,0.000000,0.000000,-2819.000000,0.000000,0.000000
-100.000000,-100.000000,0.000000,0.000000,-2803.000000,0.000000,0.000000
-200.000000,0.000000,0.000000,0.000000,-2823.000000,0.000000,0.000000
0.000000,100.000000,78.000000,78.000000,-2826.000000,0.000000,0.000000
100.000000,100.000000,0.000000,0.000000,-2829.000000,0.000000,0.000000
-200.000000,-100.000000,0.000000,0.000000,-2807.000000,0.000000,0.000000
-100.000000,0.000000,0.000000,0.000000,-2804.000000,0.000000,0.000000
-100.000000,0.000000,0.000000,0.000000,-2755.000000,0.000000,0.000000
-100.000000,0.000000,0.000000,0.000000,-2775.000000,0.000000,0.000000
0.000000,0.000000,0.000000,0.000000,-2789.000000,0.000000,0.000000
-200.000000,100.000000,0.000000,0.000000,-2835.000000,0.000000,0.000000
0.000000,0.000000,0.000000,0.000000,-2824.000000,0.000000,0.000000
0.000000,-100.000000,0.000000,0.000000,-2822.000000,0.000000,0.000000
100.000000,-200.000000,0.000000,0.000000,-2852.000000,0.000000,196.000000
-100.000000,0.000000,0.000000,0.000000,-2873.000000,0.000000,0.000000
100.000000,0.000000,0.000000,0.000000,-2899.000000,0.000000,0.000000
0.000000,-200.000000,0.000000,0.000000,-2890.000000,0.000000,0.000000
-200.000000,200.000000,0.000000,0.000000,-2865.000000,0.000000,0.000000
0.000000,-100.000000,0.000000,0.000000,-2866.000000,0.000000,0.000000
-100.000000,0.000000,0.000000,0.000000,-2859.000000,0.000000,0.000000
-100.000000,-200.000000,0.000000,0.000000,-2850.000000,0.000000,0.000000
-200.000000,0.000000,0.000000,0.000000,-2878.000000,0.000000,0.000000
0.000000,100.000000,0.000000,0.000000,-2873.000000,0.000000,0.000000
-100.000000,0.000000,0.000000,0.000000,-2855.000000,0.000000,0.000000
-100.000000,0.000000,0.000000,0.000000,-2885.000000,0.000000,0.000000
300.000000,100.000000,0.000000,0.000000,-2863.000000,0.000000,0.000000
-200.000000,200.000000,0.000000,0.000000,-2844.000000,0.000000,0.000000
100.000000,300.000000,0.000000,0.000000,-2853.000000,0.000000,0.000000
100.000000,-200.000000,0.000000,0.000000,-2892.000000,0.000000,0.000000
0.000000,-100.000000,0.000000,0.000000,-2869.000000,0.000000,0.000000
0.000000,-100.000000,0.000000,0.000000,-2851.000000,0.000000,0.000000
-100.000000,0.000000,0.000000,0.000000,-2844.000000,0.000000,0.000000
0.000000,-100.000000,0.000000,0.000000,-2866.000000,0.000000,0.000000
-100.000000,100.000000,0.000000,0.000000,-2863.000000,0.000000,0.000000
-100.000000,0.000000,0.000000,0.000000,-2855.000000,0.000000,0.000000
-100.000000,-100.000000,0.000000,0.000000,-2882.000000,0.000000,0.000000
100.000000,0.000000,0.000000,0.000000,-2852.000000,0.000000,0.000000
-200.000000,0.000000,0.000000,0.000000,-2825.000000,0.000000,0.000000
-100.000000,-100.000000,0.000000,0.000000,-2807.000000,0.000000,0.000000
0.000000,0.000000,0.000000,0.000000,-2826.000000,0.000000,0.000000
-200.000000,0.000000,0.000000,0.000000,-2798.000000,0.000000,0.000000
-100.000000,-200.000000,0.000000,0.000000,-2768.000000,0.000000,0.000000
-100.000000,0.000000,0.000000,0.000000,-2760.000000,0.000000,0.000000
-100.000000,300.000000,0.000000,0.000000,-2747.000000,0.000000,0.000000
300.000000,100.000000,0.000000,0.000000,-2735.000000,0.000000,0.000000
-200.000000,0.000000,0.000000,0.000000,-2769.000000,0.000000,0.000000
-100.000000,0.000000,0.000000,0.000000,-2805.000000,0.000000,0.000000
-100.000000,0.000000,0.000000,0.000000,-2815.000000,0.000000,0.000000
0.000000,-100.000000,0.000000,0.000000,-2837.000000,0.000000,0.000000
-100.000000,0.000000,0.000000,0.000000,-2859.000000,0.000000,0.000000
-200.000000,0.000000,0.000000,0.000000,-2859.000000,0.000000,0.000000
-100.000000,100.000000,0.000000,0.000000,-2865.000000,0.000000,0.000000
-100.000000,-100.000000,0.000000,0.000000,-2825.000000,0.000000,0.000000
-200.000000,0.000000,0.000000,0.000000,-2802.000000,0.000000,0.000000
400.000000,0.000000,0.000000,0.000000,-2798.000000,0.000000,0.000000
400.000000,0.000000,0.000000,0.000000,-2788.000000,0.000000,0.000000
0.000000,0.000000,78.000000,78.000000,-2794.000000,0.000000,0.000000
200.000000,-100.000000,0.000000,0.000000,-2806.000000,0.000000,0.000000
-100.000000,0.000000,0.000000,0.000000,-2796.000000,0.000000,0.000000
0.000000,0.000000,0.000000,0.000000,-2790.000000,0.000000,0.000000
0.000000,0.000000,0.000000,0.000000,-2779.000000,0.000000,0.000000
200.000000,200.000000,0.000000,0.000000,-2772.000000,0.000000,0.000000
-400.000000,0.000000,0.000000,0.000000,-2779.000000,0.000000,0.000000
-200.000000,0.000000,0.000000,0.000000,-2809.000000,0.000000,0.000000
200.000000,0.000000,0.000000,0.000000,-2839.000000,0.000000,0.000000
-100.000000,-200.000000,0.000000,0.000000,-2861.000000,0.000000,0.000000
-200.000000,0.000000,0.000000,0.000000,-2845.000000,0.000000,0.000000
0.000000,0.000000,0.000000,0.000000,-2861.000000,0.000000,0.000000
-100.000000,-100.000000,0.000000,0.000000,-2874.000000,0.000000,0.000000
-300.000000,-100.000000,0.000000,0.000000,-2879.000000,0.000000,0.000000
-100.000000,0.000000,0.000000,0.000000,-2869.000000,0.000000,0.000000
-100.000000,-100.000000,0.000000,0.000000,-2903.000000,0.000000,0.000000
-100.000000,300.000000,0.000000,0.000000,-2903.000000,0.000000,0.000000
0.000000,-100.000000,0.000000,0.000000,-2907.000000,0.000000,0.000000
-100.000000,0.000000,0.000000,0.000000,-2877.000000,0.000000,0.000000
