Channel 1,Channel 2,Channel 3,Channel 4,Channel 5,Channel 6,Channel 7
-100.000000,-200.000000,0.000000,0.000000,-3686.000000,0.000000,0.000000
0.000000,-100.000000,0.000000,0.000000,-3675.000000,0.000000,0.000000
0.000000,-400.000000,0.000000,0.000000,-3671.000000,0.000000,0.000000
0.000000,-100.000000,0.000000,0.000000,-3669.000000,0.000000,0.000000
0.000000,-200.000000,0.000000,0.000000,-3671.000000,0.000000,0.000000
-100.000000,-100.000000,0.000000,0.000000,-3679.000000,0.000000,0.000000
0.000000,300.000000,0.000000,0.000000,-3692.000000,0.000000,0.000000
-200.000000,0.000000,0.000000,0.000000,-3703.000000,0.000000,0.000000
-100.000000,100.000000,0.000000,0.000000,-3698.000000,0.000000,0.000000
0.000000,100.000000,0.000000,0.000000,-3698.000000,0.000000,0.000000
0.000000,100.000000,0.000000,0.000000,-3689.000000,0.000000,0.000000
-200.000000,-200.000000,0.000000,0.000000,-3664.000000,0.000000,0.000000
-200.000000,-200.000000,0.000000,0.000000,-3682.000000,0.000000,0.000000
-300.000000,-100.000000,0.000000,0.000000,-3670.000000,0.000000,0.000000
0.000000,0.000000,0.000000,0.000000,-3666.000000,0.000000,0.000000
-200.000000,-200.000000,0.000000,0.000000,-3659.000000,0.000000,0.000000
100.000000,-300.000000,156.000000,156.000000,-3665.000000,0.000000,0.000000
-100.000000,-200.000000,0.000000,0.000000,-3684.000000,0.000000,0.000000
-200.000000,0.000000,0.000000,0.000000,-3682.000000,0.000000,0.000000
-100.000000,0.000000,0.000000,0.000000,-3695.000000,0.000000,0.000000
-200.000000,0.000000,0.000000,0.000000,-3688.000000,0.000000,0.000000
0.000000,-100.000000,0.000000,0.000000,-3692.000000,0.000000,0.000000
-100.000000,0.000000,0.000000,0.000000,-3690.000000,0.000000,0.000000
-100.000000,0.000000,0.000000,0.000000,-3716.000000,0.000000,0.000000
-100.000000,-100.000000,0.000000,0.000000,-3712.000000,0.000000,0.000000
-100.000000,0.000000,0.000000,0.000000,-3705.000000,0.000000,0.000000
-100.000000,-100.000000,0.000000,0.000000,-3717.000000,0.000000,0.000000
0.000000,-200.000000,0.000000,0.000000,-3724.000000,0.000000,0.000000
0.000000,0.000000,0.000000,0.000000,-3707.000000,0.000000,0.000000
-100.000000,0.000000,0.000000,0.000000,-3707.000000,0.000000,0.000000
100.000000,200.000000,0.000000,0.000000,-3718.000000,0.000000,0.000000
0.000000,0.000000,0.000000,0.000000,-3706.000000,0.000000,0.000000
0.000000,0.000000,78.000000,78.000000,-3701.000000,0.000000,0.000000
0.000000,-100.000000,0.000000,0.000000,-3717.000000,0.000000,0.000000
0.000000,-300.000000,0.000000,0.000000,-3705.000000,0.000000,0.000000
-200.000000,0.000000,0.000000,0.000000,-3692.000000,0.000000,0.000000
-100.000000,-100.000000,0.000000,0.000000,-3708.000000,0.000000,0.000000
-200.000000,-200.000000,0.000000,0.000000,-3716.000000,0.000000,0.000000
0.000000,0.000000,0.000000,0.000000,-3720.000000,0.000000,0.000000
-100.000000,-100.000000,0.000000,0.000000,-3717.000000,0.000000,0.000000
-300.000000,-300.000000,0.000000,0.000000,-3717.000000,0.000000,0.000000
-100.000000,-100.000000,0.000000,0.000000,-3720.000000,0.000000,0.000000
0.000000,-100.000000,0.000000,0.000000,-3733.000000,0.000000,0.000000
-100.000000,-300.000000,0.000000,0.000000,-3744.000000,0.000000,0.000000
-200.000000,0.000000,0.000000,0.000000,-3746.000000,0.000000,0.000000
0.000000,0.000000,0.000000,0.000000,-3756.000000,0.000000,0.000000
0.000000,100.000000,0.000000,0.000000,-3772.000000,0.000000,0.000000
100.000000,0.000000,78.000000,78.000000,-3769.000000,0.000000,0.000000
100.000000,0.000000,0.000000,0.000000,-3763.000000,0.000000,0.000000
-200.000000,0.000000,0.000000,0.000000,-3772.000000,0.000000,0.000000
0.000000,300.000000,0.000000,0.000000,-3776.000000,0.000000,0.000000
100.000000,200.000000,0.000000,0.000000,-3793.000000,0.000000,0.000000
0.000000,-100.000000,0.000000,0.000000,-3781.000000,0.000000,0.000000
-100.000000,200.000000,0.000000,0.000000,-3766.000000,0.000000,0.000000
-200.000000,0.000000,0.000000,0.000000,-3775.000000,0.000000,0.000000
-100.000000,0.000000,0.000000,0.000000,-3760.000000,0.000000,0.000000
-200.000000,0.000000,0.000000,0.000000,-3760.000000,0.000000,0.000000
0.000000,0.000000,0.000000,0.000000,-3749.000000,0.000000,0.000000
-200.000000,0.000000,0.000000,0.000000,-3737.000000,0.000000,0.000000
-100.000000,-200.000000,0.000000,0.000000,-3743.000000,0.000000,0.000000
-200.000000,100.000000,0.000000,0.000000,-3737.000000,0.000000,0.000000
-100.000000,-100.000000,0.000000,0.000000,-3761.000000,0.000000,-196.000000
0.000000,0.000000,0.000000,0.000000,-3785.000000,0.000000,0.000000
-100.000000,100.000000,0.000000,0.000000,-3799.000000,0.000000,-196.000000
100.000000,0.000000,0.000000,0.000000,-3805.000000,0.000000,0.000000
-100.000000,-200.000000,0.000000,0.000000,-3809.000000,0.000000,0.000000
0.000000,-200.000000,0.000000,0.000000,-3810.000000,-196.000000,0.000000
100.000000,-100.000000,0.000000,0.000000,-3780.000000,0.000000,0.000000
-100.000000,0.000000,0.000000,0.000000,-3790.000000,0.000000,0.000000
-200.000000,0.000000,0.000000,0.000000,-3788.000000,0.000000,0.000000
100.000000,200.000000,0.000000,0.000000,-3811.000000,0.000000,0.000000
100.000000,0.000000,0.000000,0.000000,-3812.000000,0.000000,0.000000
0.000000,-100.000000,0.000000,0.000000,-3816.000000,0.000000,0.000000
200.000000,-200.000000,0.000000,0.000000,-3822.000000,0.000000,0.000000
0.000000,100.000000,0.000000,0.000000,-3800.000000,0.000000,0.000000
0.000000,0.000000,0.000000,0.000000,-3801.000000,196.000000,0.000000
-100.000000,-300.000000,0.000000,0.000000,-3806.000000,0.000000,0.000000
-200.000000,-100.000000,0.000000,0.000000,-3827.000000,0.000000,0.000000
0.000000,0.000000,0.000000,0.000000,-3853.000000,0.000000,0.000000
-100.000000,0.000000,0.000000,0.000000,-3852.000000,0.000000,0.000000
0.000000,0.000000,0.000000,0.000000,-3855.000000,0.000000,0.000000
0.000000,-100.000000,0.000000,0.000000,-3856.000000,0.000000,0.000000
-100.000000,0.000000,0.000000,0.000000,-3857.000000,0.000000,0.000000
0.000000,0.000000,0.000000,0.000000,-3852.000000,0.000000,0.000000
0.000000,100.000000,0.000000,0.000000,-3868.000000,0.000000,0.000000
0.000000,0.000000,0.000000,0.000000,-3867.000000,0.000000,0.000000
0.000000,-200.000000,0.000000,0.000000,-3863.000000,0.000000,0.000000
-100.000000,-200.000000,0.000000,0.000000,-3850.000000,0.000000,0.000000
0.000000,-200.000000,0.000000,0.000000,-3850.000000,0.000000,0.000000
0.000000,0.000000,0.000000,0.000000,-3838.000000,0.000000,0.000000
-100.000000,-200.000000,0.000000,0.000000,-3817.000000,0.000000,0.000000
0.000000,100.000000,0.000000,0.000000,-3793.000000,0.000000,0.000000
0.000000,0.000000,0.000000,0.000000,-3796.000000,0.000000,0.000000
0.000000,100.000000,0.000000,0.000000,-3805.000000,0.000000,196.000000
-200.000000,-100.000000,0.000000,0.000000,-3805.000000,0.000000,0.000000
200.000000,-300.000000,0.000000,0.000000,-3813.000000,0.000000,0.000000
0.000000,-200.000000,0.000000,0.000000,-3806.000000,196.000000,0.000000
300.000000,-200.000000,0.000000,0.000000,-3818.000000,0.000000,0.000000
-100.000000,100.000000,0.000000,0.000000,-3824.000000,0.000000,0.000000
0.000000,-100.000000,0.000000,0.000000,-3830.000000,0.000000,0.000000
0.000000,0.000000,0.000000,0.000000,-3820.000000,0.000000,0.000000
-400.000000,-400.000000,0.000000,0.000000,-3822.000000,0.000000,0.000000
-100.000000,-200.000000,0.000000,0.000000,-3830.000000,0.000000,0.000000
-100.000000,0.000000,0.000000,0.000000,-3819.000000,0.000000,0.000000
-100.000000,0.000000,0.000000,0.000000,-3804.000000,0.000000,0.000000
-200.000000,-300.000000,0.000000,0.000000,-3791.000000,0.000000,0.000000
-100.000000,-200.000000,0.000000,0.000000,-3765.000000,0.000000,0.000000
0.000000,-400.000000,0.000000,0.000000,-3756.000000,0.000000,0.000000
0.000000,-300.000000,0.000000,0.000000,-3733.000000,0.000000,0.000000
-200.000000,0.000000,0.000000,0.000000,-3734.000000,0.000000,0.000000
-100.000000,-100.000000,0.000000,0.000000,-3735.000000,0.000000,0.000000
-100.000000,0.000000,0.000000,0.000000,-3729.000000,0.000000,0.000000
-100.000000,0.000000,0.000000,0.000000,-3748.000000,0.000000,0.000000
-100.000000,-200.000000,0.000000,0.000000,-3750.000000,0.000000,0.000000
-200.000000,200.000000,0.000000,0.000000,-3768.000000,0.000000,0.000000
0.000000,0.000000,0.000000,0.000000,-3768.000000,0.000000,0.000000
0.000000,100.000000,0.000000,0.000000,-3781.000000,-196.000000,0.000000
-200.000000,200.000000,0.000000,0.000000,-3761.000000,0.000000,0.000000
-100.000000,100.000000,0.000000,0.000000,-3755.000000,0.000000,0.000000
-100.000000,0.000000,0.000000,0.000000,-3751.000000,0.000000,0.000000
-100.000000,-300.000000,0.000000,0.000000,-3781.000000,0.000000,0.000000
0.000000,100.000000,0.000000,0.000000,-3763.000000,0.000000,0.000000
300.000000,0.000000,0.000000,0.000000,-3744.000000,0.000000,-196.000000
0.000000,-100.000000,0.000000,0.000000,-3740.000000,0.000000,0.000000
0.000000,0.000000,0.000000,0.000000,-3728.000000,0.000000,0.000000
0.000000,0.000000,0.000000,0.000000,-3720.000000,0.000000,0.000000
-100.000000,-200.000000,0.000000,0.000000,-3705.000000,0.000000,0.000000
0.000000,-200.000000,0.000000,0.000000,-3711.000000,0.000000,0.000000
0.000000,0.000000,0.000000,0.000000,-3682.000000,0.000000,0.000000
-200.000000,0.000000,0.000000,0.000000,-3680.000000,0.000000,0.000000
500.000000,0.000000,0.000000,0.000000,-3688.000000,0.000000,0.000000
-200.000000,200.000000,0.000000,0.000000,-3694.000000,0.000000,0.000000
-200.000000,-200.000000,0.000000,0.000000,-3693.000000,0.000000,0.000000
100.000000,0.000000,0.000000,0.000000,-3713.000000,-196.000000,0.000000
0.000000,-100.000000,0.000000,0.000000,-3745.000000,0.000000,0.000000
0.000000,-100.000000,0.000000,0.000000,-3748.000000,0.000000,0.000000
100.000000,0.000000,0.000000,0.000000,-3773.000000,0.000000,-196.000000
-100.000000,100.000000,0.000000,0.000000,-3782.000000,0.000000,0.000000
-100.000000,-300.000000,0.000000,0.000000,-3787.000000,0.000000,0.000000
-200.000000,0.000000,0.000000,0.000000,-3804.000000,0.000000,0.000000
0.000000,-200.000000,0.000000,0.000000,-3808.000000,0.000000,0.000000
-100.000000,0.000000,0.000000,0.000000,-3801.000000,0.000000,0.000000
0.000000,0.000000,0.000000,0.000000,-3802.000000,0.000000,0.000000
0.000000,-200.000000,0.000000,0.000000,-3789.000000,0.000000,0.000000
200.000000,-300.000000,0.000000,0.000000,-3788.000000,0.000000,196.000000
-100.000000,0.000000,0.000000,0.000000,-3788.000000,0.000000,0.000000
-200.000000,0.000000,0.000000,0.000000,-3791.000000,0.000000,0.000000
-200.000000,-100.000000,0.000000,0.000000,-3786.000000,0.000000,0.000000
-100.000000,100.000000,0.000000,0.000000,-3785.000000,0.000000,0.000000
-100.000000,-100.000000,0.000000,0.000000,-3770.000000,0.000000,0.000000
-100.000000,100.000000,156.000000,156.000000,-3771.000000,0.000000,0.000000
-100.000000,-100.000000,0.000000,0.000000,-3790.000000,196.000000,0.000000
-100.000000,0.000000,0.000000,0.000000,-3787.000000,0.000000,0.000000
-100.000000,0.000000,0.000000,0.000000,-3784.000000,0.000000,0.000000
-100.000000,0.000000,0.000000,0.000000,-3797.000000,0.000000,0.000000
-100.000000,0.000000,0.000000,0.000000,-3795.000000,0.000000,0.000000
0.000000,0.000000,0.000000,0.000000,-3821.000000,0.000000,0.000000
-100.000000,0.000000,0.000000,0.000000,-3840.000000,0.000000,0.000000
100.000000,100.000000,0.000000,0.000000,-3835.000000,0.000000,0.000000
-100.000000,0.000000,0.000000,0.000000,-3849.000000,0.000000,196.000000
100.000000,-300.000000,156.000000,156.000000,-3847.000000,0.000000,0.000000
-100.000000,-100.000000,0.000000,0.000000,-3852.000000,0.000000,0.000000
-100.000000,0.000000,0.000000,0.000000,-3861.000000,0.000000,0.000000
0.000000,-100.000000,0.000000,0.000000,-3855.000000,0.000000,0.000000
-300.000000,0.000000,0.000000,0.000000,-3851.000000,0.000000,0.000000
-200.000000,200.000000,0.000000,0.000000,-3852.000000,0.000000,0.000000
-500.000000,100.000000,0.000000,0.000000,-3831.000000,0.000000,0.000000
-100.000000,0.000000,0.000000,0.000000,-3820.000000,0.000000,0.000000
-300.000000,0.000000,0.000000,0.000000,-3819.000000,0.000000,0.000000
0.000000,-100.000000,0.000000,0.000000,-3822.000000,0.000000,0.000000
0.000000,-100.000000,0.000000,0.000000,-3827.000000,0.000000,0.000000
-200.000000,300.000000,0.000000,0.000000,-3847.000000,0.000000,0.000000
-100.000000,-100.000000,0.000000,0.000000,-3838.000000,0.000000,0.000000
0.000000,0.000000,0.000000,0.000000,-3825.000000,0.000000,0.000000
-100.000000,0.000000,0.000000,0.000000,-3842.000000,0.000000,-196.000000
200.000000,0.000000,0.000000,0.000000,-3840.000000,0.000000,0.000000
200.000000,0.000000,0.000000,0.000000,-3843.000000,0.000000,0.000000
0.000000,200.000000,0.000000,0.000000,-3855.000000,0.000000,0.000000
-300.000000,-100.000000,0.000000,0.000000,-3843.000000,0.000000,0.000000
-200.000000,0.000000,0.000000,0.000000,-3855.000000,0.000000,0.000000
-200.000000,-100.000000,0.000000,0.000000,-3851.000000,0.000000,0.000000
0.000000,0.000000,0.000000,0.000000,-3838.000000,0.000000,0.000000
0.000000,0.000000,0.000000,0.000000,-3823.000000,0.000000,0.000000
-100.000000,100.000000,0.000000,0.000000,-3818.000000,-196.000000,0.000000
0.000000,0.000000,0.000000,0.000000,-3805.000000,0.000000,0.000000
0.000000,-100.000000,0.000000,0.000000,-3774.000000,0.000000,0.000000
0.000000,-200.000000,0.000000,0.000000,-3765.000000,0.000000,-196.000000
-300.000000,0.000000,0.000000,0.000000,-3789.000000,0.000000,0.000000
0.000000,-200.000000,0.000000,0.000000,-3797.000000,0.000000,0.000000
-200.000000,0.000000,0.000000,0.000000,-3788.000000,0.000000,0.000000
-100.000000,-100.000000,0.000000,0.000000,-3791.000000,-196.000000,0.000000
0.000000,-100.000000,0.000000,0.000000,-3797.000000,0.000000,0.000000
-200.000000,100.000000,0.000000,0.000000,-3805.000000,-196.000000,-196.000000
0.000000,200.000000,0.000000,0.000000,-3814.000000,0.000000,0.000000
-100.000000,-100.000000,0.000000,0.000000,-3794.000000,0.000000,-196.000000
100.000000,100.000000,0.000000,0.000000,-3809.000000,0.000000,0.000000
-100.000000,-100.000000,0.000000,0.000000,-3831.000000,0.000000,0.000000
0.000000,0.000000,0.000000,0.000000,-3843.000000,0.000000,0.000000
0.000000,0.000000,0.000000,0.000000,-3841.000000,0.000000,0.000000
0.000000,0.000000,0.000000,0.000000,-3830.000000,0.000000,0.000000
-100.000000,-100.000000,0.000000,0.000000,-3813.000000,0.000000,0.000000
-100.000000,0.000000,156.000000,156.000000,-3806.000000,0.000000,0.000000
0.000000,100.000000,0.000000,0.000000,-3805.000000,0.000000,0.000000
0.000000,-100.000000,0.000000,0.000000,-3811.000000,0.000000,0.000000
-200.000000,-300.000000,0.000000,0.000000,-3799.000000,0.000000,0.000000
-200.000000,-200.000000,0.000000,0.000000,-3793.000000,0.000000,0.000000
0.000000,-300.000000,0.000000,0.000000,-3785.000000,0.000000,0.000000
-200.000000,-200.000000,0.000000,0.000000,-3779.000000,0.000000,0.000000
100.000000,-200.000000,0.000000,0.000000,-3782.000000,0.000000,0.000000
0.000000,0.000000,0.000000,0.000000,-3791.000000,0.000000,0.000000
100.000000,0.000000,0.000000,0.000000,-3793.000000,0.000000,0.000000
0.000000,-200.000000,0.000000,0.000000,-3782.000000,0.000000,0.000000
0.000000,-200.000000,0.000000,0.000000,-3793.000000,0.000000,0.000000
-100.000000,0.000000,0.000000,0.000000,-3821.000000,0.000000,0.000000
-100.000000,-100.000000,0.000000,0.000000,-3815.000000,0.000000,0.000000
-200.000000,-300.000000,0.000000,0.000000,-3794.000000,0.000000,0.000000
8700.000000,-100.000000,10000.000000,10000.000000,-3807.000000,392.000000,392.000000
11000.000000,9400.000000,10000.000000,10000.000000,-3775.000000,1963.000000,2159.000000
9300.000000,11000.000000,10000.000000,10000.000000,-3908.000000,2159.000000,2552.000000
9600.000000,9000.000000,10000.000000,10000.000000,-3893.000000,981.000000,981.000000
9600.000000,11400.000000,10000.000000,10000.000000,-4076.000000,-392.000000,-392.000000
9400.000000,9900.000000,10000.000000,10000.000000,-4140.000000,196.000000,-392.000000
9300.000000,9300.000000,10000.000000,10000.000000,-3986.000000,981.000000,785.000000
11500.000000,8700.000000,10000.000000,10000.000000,-3740.000000,1570.000000,1767.000000
11000.000000,11100.000000,10000.000000,10000.000000,-3752.000000,1963.000000,2356.000000
9600.000000,11600.000000,10000.000000,10000.000000,-3945.000000,1767.000000,2159.000000
11400.000000,11300.000000,10000.000000,10000.000000,-4056.000000,1374.000000,1178.000000
10100.000000,9800.000000,10000.000000,10000.000000,-3941.000000,1178.000000,785.000000
10200.000000,8700.000000,10000.000000,10000.000000,-3756.000000,1767.000000,1374.000000
11700.000000,11100.000000,10000.000000,10000.000000,-3819.000000,2552.000000,2356.000000
8500.000000,9100.000000,10000.000000,10000.000000,-3911.000000,2748.000000,2945.000000
10800.000000,9400.000000,10000.000000,10000.000000,-3811.000000,2159.000000,2552.000000
9500.000000,9700.000000,10000.000000,10000.000000,-3807.000000,1963.000000,1570.000000
9200.000000,9500.000000,10000.000000,10000.000000,-3862.000000,1963.000000,1570.000000
8500.000000,9500.000000,10000.000000,10000.000000,-3862.000000,2159.000000,1963.000000
8900.000000,9700.000000,10000.000000,10000.000000,-3715.000000,2552.000000,2552.000000
11200.000000,11200.000000,10000.000000,10000.000000,-3684.000000,2552.000000,2748.000000
8900.000000,8900.000000,10000.000000,10000.000000,-3778.000000,2552.000000,2748.000000
9700.000000,9500.000000,10000.000000,10000.000000,-3808.000000,2159.000000,1963.000000
9300.000000,9700.000000,10000.000000,10000.000000,-3699.000000,2159.000000,1767.000000
9300.000000,9700.000000,10000.000000,10000.000000,-3598.000000,2159.000000,2159.000000
9000.000000,11300.000000,10000.000000,10000.000000,-3575.000000,2748.000000,2552.000000
11200.000000,9000.000000,10000.000000,10000.000000,-3611.000000,2552.000000,2552.000000
8600.000000,9500.000000,10000.000000,10000.000000,-3590.000000,2356.000000,2159.000000
9300.000000,9400.000000,10000.000000,10000.000000,-3571.000000,2159.000000,1570.000000
9500.000000,10300.000000,10000.000000,10000.000000,-3577.000000,2356.000000,1374.000000
9200.000000,11100.000000,10000.000000,10000.000000,-3554.000000,2159.000000,1570.000000
8600.000000,10500.000000,10000.000000,10000.000000,-3511.000000,2159.000000,1963.000000
8700.000000,9700.000000,10000.000000,10000.000000,-3471.000000,2159.000000,1963.000000
8800.000000,8900.000000,10000.000000,10000.000000,-3506.000000,1963.000000,1963.000000
9200.000000,9200.000000,10000.000000,10000.000000,-3482.000000,1767.000000,1767.000000
9600.000000,10200.000000,10000.000000,10000.000000,-3468.000000,1963.000000,1374.000000
8600.000000,10600.000000,10000.000000,10000.000000,-3453.000000,1767.000000,1570.000000
11600.000000,11400.000000,10000.000000,10000.000000,-3431.000000,1963.000000,1767.000000
10900.000000,11300.000000,10000.000000,10000.000000,-3456.000000,1570.000000,1963.000000
10300.000000,10000.000000,10000.000000,10000.000000,-3427.000000,1570.000000,1570.000000
9700.000000,10000.000000,10000.000000,10000.000000,-3461.000000,1374.000000,1374.000000
9400.000000,9000.000000,10000.000000,10000.000000,-3517.000000,1374.000000,1178.000000
10900.000000,10600.000000,10000.000000,10000.000000,-3515.000000,1570.000000,1178.000000
9600.000000,10000.000000,10000.000000,10000.000000,-3455.000000,1374.000000,1570.000000
8900.000000,9700.000000,10000.000000,10000.000000,-3481.000000,1374.000000,1570.000000
10100.000000,11300.000000,10000.000000,10000.000000,-3540.000000,1374.000000,1374.000000
10000.000000,9600.000000,10000.000000,10000.000000,-3489.000000,1178.000000,981.000000
9200.000000,8600.000000,10000.000000,10000.000000,-3457.000000,1178.000000,981.000000
9900.000000,10800.000000,10000.000000,10000.000000,-3482.000000,1570.000000,981.000000
9500.000000,10200.000000,10000.000000,10000.000000,-3465.000000,1374.000000,981.000000
10300.000000,9300.000000,10000.000000,10000.000000,-3445.000000,1374.000000,1374.000000
9600.000000,10500.000000,10000.000000,10000.000000,-3442.000000,1374.000000,1178.000000
10600.000000,9300.000000,10000.000000,10000.000000,-3465.000000,1374.000000,981.000000
10300.000000,8900.000000,0.000000,0.000000,-3458.000000,785.000000,392.000000
200.000000,400.000000,0.000000,0.000000,-3395.000000,-392.000000,-785.000000
0.000000,300.000000,0.000000,0.000000,-3413.000000,-392.000000,-785.000000
300.000000,400.000000,0.000000,0.000000,-3348.000000,-196.000000,-589.000000
100.000000,300.000000,0.000000,0.000000,-3336.000000,-196.000000,-392.000000
300.000000,-200.000000,0.000000,0.000000,-3375.000000,-196.000000,-196.000000
300.000000,0.000000,0.000000,0.000000,-3476.000000,392.000000,196.000000
-200.000000,-300.000000,0.000000,0.000000,-3439.000000,0.000000,392.000000
0.000000,-100.000000,0.000000,0.000000,-3357.000000,196.000000,785.000000
0.000000,-100.000000,0.000000,0.000000,-3410.000000,589.000000,589.000000
-200.000000,0.000000,0.000000,0.000000,-3457.000000,589.000000,589.000000
-200.000000,-300.000000,0.000000,0.000000,-3477.000000,981.000000,392.000000
-100.000000,0.000000,0.000000,0.000000,-3444.000000,785.000000,392.000000
100.000000,-200.000000,0.000000,0.000000,-3421.000000,589.000000,196.000000
0.000000,-200.000000,0.000000,0.000000,-3449.000000,589.000000,196.000000
-100.000000,-200.000000,0.000000,0.000000,-3471.000000,589.000000,196.000000
0.000000,0.000000,0.000000,0.000000,-3455.000000,392.000000,0.000000
0.000000,-100.000000,0.000000,0.000000,-3415.000000,392.000000,0.000000
-200.000000,0.000000,0.000000,0.000000,-3442.000000,392.000000,196.000000
-100.000000,0.000000,0.000000,0.000000,-3502.000000,589.000000,0.000000
-100.000000,-300.000000,0.000000,0.000000,-3509.000000,981.000000,392.000000
-100.000000,-100.000000,0.000000,0.000000,-3494.000000,1178.000000,785.000000
-200.000000,-400.000000,0.000000,0.000000,-3505.000000,1374.000000,785.000000
-100.000000,0.000000,0.000000,0.000000,-3503.000000,1374.000000,981.000000
100.000000,-200.000000,0.000000,0.000000,-3543.000000,1178.000000,785.000000
-100.000000,-100.000000,0.000000,0.000000,-3533.000000,1374.000000,981.000000
0.000000,-300.000000,0.000000,0.000000,-3507.000000,1570.000000,785.000000
0.000000,-200.000000,0.000000,0.000000,-3507.000000,1570.000000,1178.000000
0.000000,-200.000000,0.000000,0.000000,-3531.000000,1767.000000,1374.000000
-200.000000,-200.000000,0.000000,0.000000,-3522.000000,1963.000000,1570.000000
-100.000000,0.000000,0.000000,0.000000,-3509.000000,2159.000000,1767.000000
100.000000,-100.000000,0.000000,0.000000,-3504.000000,2159.000000,1767.000000
100.000000,0.000000,0.000000,0.000000,-3515.000000,2356.000000,1767.000000
0.000000,0.000000,0.000000,0.000000,-3550.000000,2356.000000,2159.000000
0.000000,0.000000,0.000000,0.000000,-3557.000000,2748.000000,2159.000000
0.000000,-300.000000,0.000000,0.000000,-3553.000000,2748.000000,2159.000000
-200.000000,200.000000,0.000000,0.000000,-3585.000000,2945.000000,2552.000000
0.000000,-100.000000,0.000000,0.000000,-3591.000000,2945.000000,2748.000000
0.000000,-200.000000,0.000000,0.000000,-3573.000000,2945.000000,2748.000000
0.000000,-100.000000,0.000000,0.000000,-3596.000000,2748.000000,2748.000000
0.000000,0.000000,0.000000,0.000000,-3585.000000,2945.000000,2748.000000
200.000000,-300.000000,0.000000,0.000000,-3605.000000,2945.000000,2748.000000
0.000000,-200.000000,0.000000,0.000000,-3602.000000,3141.000000,2748.000000
-200.000000,-300.000000,0.000000,0.000000,-3599.000000,3337.000000,2945.000000
200.000000,-300.000000,0.000000,0.000000,-3594.000000,3337.000000,2945.000000
0.000000,-400.000000,0.000000,0.000000,-3564.000000,3337.000000,2945.000000
0.000000,-300.000000,0.000000,0.000000,-3537.000000,3534.000000,3141.000000
-300.000000,100.000000,0.000000,0.000000,-3530.000000,3337.000000,2945.000000
0.000000,-200.000000,0.000000,0.000000,-3541.000000,3337.000000,2945.000000
0.000000,-200.000000,0.000000,0.000000,-3525.000000,3141.000000,2748.000000
-200.000000,300.000000,0.000000,0.000000,-3497.000000,3141.000000,2748.000000
0.000000,100.000000,0.000000,0.000000,-3467.000000,2945.000000,2552.000000
0.000000,0.000000,0.000000,0.000000,-3460.000000,3141.000000,2356.000000
0.000000,-100.000000,0.000000,0.000000,-3461.000000,2748.000000,2159.000000
-100.000000,-100.000000,0.000000,0.000000,-3441.000000,2748.000000,2356.000000
200.000000,-300.000000,0.000000,0.000000,-3471.000000,2748.000000,2356.000000
300.000000,-200.000000,0.000000,0.000000,-3468.000000,2552.000000,2356.000000
100.000000,0.000000,0.000000,0.000000,-3455.000000,2748.000000,2159.000000
0.000000,100.000000,0.000000,0.000000,-3437.000000,2356.000000,1963.000000
-200.000000,-200.000000,0.000000,0.000000,-3416.000000,2552.000000,1963.000000
0.000000,-100.000000,0.000000,0.000000,-3427.000000,2356.000000,1767.000000
-100.000000,-100.000000,0.000000,0.000000,-3434.000000,2159.000000,1767.000000
0.000000,-400.000000,0.000000,0.000000,-3429.000000,1963.000000,1570.000000
0.000000,-100.000000,0.000000,0.000000,-3445.000000,1963.000000,1374.000000
-200.000000,0.000000,0.000000,0.000000,-3455.000000,1767.000000,1374.000000
0.000000,-200.000000,0.000000,0.000000,-3439.000000,1570.000000,1178.000000
0.000000,0.000000,0.000000,0.000000,-3443.000000,1374.000000,981.000000
0.000000,100.000000,0.000000,0.000000,-3437.000000,1374.000000,981.000000
0.000000,-100.000000,0.000000,0.000000,-3430.000000,1178.000000,785.000000
-100.000000,-200.000000,0.000000,0.000000,-3413.000000,981.000000,589.000000
-200.000000,-200.000000,0.000000,0.000000,-3402.000000,785.000000,589.000000
-100.000000,-100.000000,0.000000,0.000000,-3390.000000,589.000000,196.000000
0.000000,-100.000000,0.000000,0.000000,-3359.000000,589.000000,196.000000
-100.000000,0.000000,0.000000,0.000000,-3353.000000,392.000000,196.000000
0.000000,100.000000,0.000000,0.000000,-3341.000000,196.000000,0.000000
0.000000,-100.000000,0.000000,0.000000,-3347.000000,196.000000,0.000000
0.000000,-200.000000,0.000000,0.000000,-3377.000000,0.000000,0.000000
0.000000,-200.000000,0.000000,0.000000,-3402.000000,0.000000,-196.000000
0.000000,0.000000,0.000000,0.000000,-3371.000000,0.000000,-196.000000
0.000000,-300.000000,0.000000,0.000000,-3379.000000,0.000000,0.000000
0.000000,100.000000,0.000000,0.000000,-3374.000000,0.000000,0.000000
-200.000000,-200.000000,0.000000,0.000000,-3378.000000,0.000000,0.000000
300.000000,-200.000000,0.000000,0.000000,-3373.000000,0.000000,-196.000000
0.000000,-100.000000,0.000000,0.000000,-3374.000000,0.000000,-392.000000
0.000000,-200.000000,0.000000,0.000000,-3399.000000,0.000000,-785.000000
300.000000,-100.000000,0.000000,0.000000,-3448.000000,0.000000,-785.000000
200.000000,-200.000000,0.000000,0.000000,-3423.000000,0.000000,-785.000000
200.000000,0.000000,0.000000,0.000000,-3430.000000,0.000000,-589.000000
100.000000,-400.000000,0.000000,0.000000,-3412.000000,0.000000,-392.000000
200.000000,-200.000000,0.000000,0.000000,-3422.000000,0.000000,-196.000000
300.000000,-100.000000,0.000000,0.000000,-3443.000000,0.000000,-196.000000
-300.000000,-200.000000,0.000000,0.000000,-3430.000000,0.000000,0.000000
-200.000000,0.000000,0.000000,0.000000,-3425.000000,0.000000,196.000000
-300.000000,-100.000000,0.000000,0.000000,-3420.000000,0.000000,0.000000
-400.000000,-200.000000,0.000000,0.000000,-3474.000000,0.000000,196.000000
-100.000000,0.000000,0.000000,0.000000,-3480.000000,0.000000,0.000000
0.000000,0.000000,0.000000,0.000000,-3473.000000,0.000000,0.000000
0.000000,-200.000000,0.000000,0.000000,-3486.000000,196.000000,0.000000
-200.000000,300.000000,0.000000,0.000000,-3516.000000,589.000000,0.000000
-100.000000,-300.000000,0.000000,0.000000,-3522.000000,1178.000000,0.000000
-200.000000,-400.000000,0.000000,0.000000,-3543.000000,1374.000000,196.000000
-100.000000,-200.000000,0.000000,0.000000,-3514.000000,1374.000000,392.000000
-200.000000,-300.000000,0.000000,0.000000,-3490.000000,1374.000000,981.000000
0.000000,-300.000000,0.000000,0.000000,-3506.000000,1178.000000,1767.000000
300.000000,0.000000,0.000000,0.000000,-3492.000000,981.000000,1767.000000
-300.000000,0.000000,0.000000,0.000000,-3532.000000,1178.000000,1767.000000
0.000000,0.000000,0.000000,0.000000,-3533.000000,1374.000000,1570.000000
0.000000,0.000000,0.000000,0.000000,-3536.000000,1570.000000,1374.000000
-300.000000,-300.000000,0.000000,0.000000,-3565.000000,1767.000000,1374.000000
-100.000000,-100.000000,0.000000,0.000000,-3540.000000,1767.000000,1178.000000
-100.000000,-100.000000,0.000000,0.000000,-3567.000000,1767.000000,1178.000000
-300.000000,-200.000000,0.000000,0.000000,-3545.000000,1767.000000,1767.000000
0.000000,-300.000000,0.000000,0.000000,-3524.000000,1570.000000,1963.000000
0.000000,100.000000,0.000000,0.000000,-3503.000000,1570.000000,2159.000000
0.000000,-200.000000,0.000000,0.000000,-3513.000000,1570.000000,1963.000000
-100.000000,-100.000000,0.000000,0.000000,-3551.000000,1374.000000,1767.000000
0.000000,-100.000000,0.000000,0.000000,-3571.000000,1570.000000,1963.000000
-100.000000,-100.000000,0.000000,0.000000,-3551.000000,1767.000000,1767.000000
-100.000000,-300.000000,0.000000,0.000000,-3519.000000,1767.000000,1767.000000
200.000000,200.000000,0.000000,0.000000,-3503.000000,1570.000000,1570.000000
0.000000,0.000000,0.000000,0.000000,-3490.000000,1767.000000,1767.000000
-100.000000,-200.000000,0.000000,0.000000,-3479.000000,1570.000000,1767.000000
0.000000,-200.000000,0.000000,0.000000,-3476.000000,1374.000000,1767.000000
0.000000,-200.000000,0.000000,0.000000,-3449.000000,1374.000000,1767.000000
0.000000,0.000000,0.000000,0.000000,-3456.000000,1374.000000,1767.000000
0.000000,-100.000000,0.000000,0.000000,-3474.000000,1178.000000,1570.000000
0.000000,-300.000000,0.000000,0.000000,-3503.000000,1178.000000,1570.000000
-100.000000,-200.000000,0.000000,0.000000,-3493.000000,981.000000,1178.000000
-200.000000,-200.000000,0.000000,0.000000,-3482.000000,981.000000,1178.000000
0.000000,-200.000000,0.000000,0.000000,-3478.000000,785.000000,1178.000000
-100.000000,-100.000000,0.000000,0.000000,-3503.000000,981.000000,785.000000
0.000000,-200.000000,0.000000,0.000000,-3511.000000,589.000000,785.000000
200.000000,-100.000000,0.000000,0.000000,-3496.000000,785.000000,589.000000
400.000000,100.000000,0.000000,0.000000,-3495.000000,392.000000,589.000000
0.000000,-200.000000,0.000000,0.000000,-3488.000000,392.000000,392.000000
0.000000,-200.000000,0.000000,0.000000,-3481.000000,392.000000,196.000000
0.000000,-100.000000,0.000000,0.000000,-3464.000000,196.000000,196.000000
0.000000,0.000000,0.000000,0.000000,-3462.000000,196.000000,196.000000
300.000000,-200.000000,0.000000,0.000000,-3456.000000,0.000000,0.000000
100.000000,-100.000000,0.000000,0.000000,-3455.000000,0.000000,0.000000
100.000000,-300.000000,0.000000,0.000000,-3446.000000,0.000000,0.000000
-100.000000,0.000000,0.000000,0.000000,-3441.000000,0.000000,0.000000
0.000000,-300.000000,0.000000,0.000000,-3419.000000,0.000000,0.000000
100.000000,-200.000000,0.000000,0.000000,-3411.000000,0.000000,0.000000
-100.000000,-200.000000,0.000000,0.000000,-3409.000000,0.000000,0.000000
-200.000000,-200.000000,0.000000,0.000000,-3432.000000,-196.000000,0.000000
-200.000000,0.000000,0.000000,0.000000,-3412.000000,0.000000,-196.000000
-300.000000,-1200.000000,0.000000,0.000000,-3393.000000,-196.000000,0.000000
-100.000000,400.000000,0.000000,0.000000,-3402.000000,0.000000,0.000000
-300.000000,300.000000,0.000000,0.000000,-3410.000000,-589.000000,-196.000000
100.000000,200.000000,0.000000,0.000000,-3391.000000,-785.000000,-785.000000
300.000000,-100.000000,0.000000,0.000000,-3419.000000,-1374.000000,-1178.000000
0.000000,100.000000,0.000000,0.000000,-3468.000000,-1374.000000,-1374.000000
0.000000,-100.000000,0.000000,0.000000,-3465.000000,-981.000000,-981.000000
0.000000,-300.000000,78.000000,78.000000,-3412.000000,-1178.000000,-1374.000000
100.000000,100.000000,0.000000,0.000000,-3435.000000,-785.000000,-785.000000
100.000000,0.000000,0.000000,0.000000,-3474.000000,-785.000000,-785.000000
400.000000,100.000000,0.000000,0.000000,-3502.000000,-589.000000,-785.000000
400.000000,0.000000,0.000000,0.000000,-3494.000000,-589.000000,-392.000000
200.000000,100.000000,0.000000,0.000000,-3447.000000,-392.000000,-392.000000
300.000000,200.000000,0.000000,0.000000,-3476.000000,-392.000000,-196.000000
0.000000,0.000000,0.000000,0.000000,-3519.000000,-589.000000,-392.000000
0.000000,-100.000000,0.000000,0.000000,-3530.000000,-589.000000,-589.000000
0.000000,100.000000,0.000000,0.000000,-3473.000000,-589.000000,-785.000000
300.000000,100.000000,0.000000,0.000000,-3466.000000,-785.000000,-589.000000
300.000000,200.000000,0.000000,0.000000,-3491.000000,-392.000000,-589.000000
300.000000,0.000000,0.000000,0.000000,-3511.000000,-392.000000,-392.000000
200.000000,100.000000,0.000000,0.000000,-3499.000000,-392.000000,-196.000000
0.000000,0.000000,0.000000,0.000000,-3505.000000,-196.000000,0.000000
200.000000,-100.000000,0.000000,0.000000,-3514.000000,0.000000,0.000000
-100.000000,100.000000,0.000000,0.000000,-3528.000000,0.000000,0.000000
-100.000000,0.000000,0.000000,0.000000,-3526.000000,196.000000,0.000000
-300.000000,0.000000,0.000000,0.000000,-3510.000000,0.000000,0.000000
0.000000,0.000000,0.000000,0.000000,-3505.000000,0.000000,0.000000
-300.000000,0.000000,0.000000,0.000000,-3519.000000,0.000000,0.000000
-300.000000,0.000000,0.000000,0.000000,-3519.000000,0.000000,0.000000
0.000000,200.000000,0.000000,0.000000,-3517.000000,0.000000,0.000000
200.000000,0.000000,0.000000,0.000000,-3507.000000,0.000000,0.000000
-100.000000,200.000000,0.000000,0.000000,-3510.000000,0.000000,196.000000
0.000000,200.000000,0.000000,0.000000,-3492.000000,0.000000,0.000000
-200.000000,-100.000000,0.000000,0.000000,-3492.000000,196.000000,196.000000
200.000000,0.000000,0.000000,0.000000,-3494.000000,0.000000,0.000000
-300.000000,100.000000,0.000000,0.000000,-3497.000000,0.000000,0.000000
-100.000000,100.000000,0.000000,0.000000,-3491.000000,0.000000,0.000000
0.000000,0.000000,0.000000,0.000000,-3478.000000,0.000000,0.000000
0.000000,0.000000,0.000000,0.000000,-3479.000000,0.000000,0.000000
-100.000000,100.000000,0.000000,0.000000,-3462.000000,0.000000,0.000000
0.000000,0.000000,0.000000,0.000000,-3453.000000,0.000000,0.000000
0.000000,0.000000,0.000000,0.000000,-3451.000000,0.000000,0.000000
0.000000,0.000000,0.000000,0.000000,-3454.000000,0.000000,196.000000
0.000000,-100.000000,0.000000,0.000000,-3459.000000,0.000000,196.000000
0.000000,100.000000,0.000000,0.000000,-3475.000000,0.000000,196.000000
0.000000,200.000000,0.000000,0.000000,-3457.000000,0.000000,392.000000
0.000000,100.000000,0.000000,0.000000,-3472.000000,0.000000,196.000000
-200.000000,100.000000,0.000000,0.000000,-3470.000000,0.000000,196.000000
-100.000000,0.000000,0.000000,0.000000,-3470.000000,0.000000,0.000000
0.000000,0.000000,0.000000,0.000000,-3480.000000,0.000000,0.000000
0.000000,-200.000000,0.000000,0.000000,-3479.000000,0.000000,-196.000000
-300.000000,-100.000000,0.000000,0.000000,-3453.000000,0.000000,0.000000
-100.000000,100.000000,0.000000,0.000000,-3454.000000,0.000000,0.000000
-200.000000,-100.000000,0.000000,0.000000,-3444.000000,0.000000,0.000000
0.000000,-100.000000,0.000000,0.000000,-3454.000000,0.000000,0.000000
0.000000,200.000000,0.000000,0.000000,-3458.000000,0.000000,0.000000
-100.000000,-200.000000,0.000000,0.000000,-3447.000000,0.000000,0.000000
0.000000,-100.000000,0.000000,0.000000,-3459.000000,0.000000,0.000000
100.000000,0.000000,0.000000,0.000000,-3440.000000,0.000000,0.000000
0.000000,100.000000,0.000000,0.000000,-3422.000000,-196.000000,0.000000
-400.000000,200.000000,0.000000,0.000000,-3435.000000,0.000000,-196.000000
0.000000,200.000000,0.000000,0.000000,-3437.000000,0.000000,0.000000
0.000000,-100.000000,0.000000,0.000000,-3458.000000,-196.000000,0.000000
400.000000,-200.000000,0.000000,0.000000,-3454.000000,-589.000000,-392.000000
0.000000,-300.000000,0.000000,0.000000,-3458.000000,-1178.000000,-392.000000
300.000000,0.000000,0.000000,0.000000,-3496.000000,-1178.000000,-981.000000
500.000000,0.000000,0.000000,0.000000,-3494.000000,-1178.000000,-1178.000000
300.000000,0.000000,0.000000,0.000000,-3435.000000,-981.000000,-1178.000000
500.000000,200.000000,0.000000,0.000000,-3448.000000,-981.000000,-1178.000000
200.000000,0.000000,0.000000,0.000000,-3520.000000,-785.000000,-981.000000
400.000000,200.000000,0.000000,0.000000,-3497.000000,-785.000000,-785.000000
200.000000,-100.000000,0.000000,0.000000,-3483.000000,-392.000000,-589.000000
200.000000,0.000000,0.000000,0.000000,-3491.000000,-589.000000,-785.000000
100.000000,100.000000,0.000000,0.000000,-3469.000000,-392.000000,-392.000000
400.000000,0.000000,0.000000,0.000000,-3470.000000,-589.000000,-589.000000
300.000000,100.000000,0.000000,0.000000,-3513.000000,-981.000000,-785.000000
300.000000,100.000000,0.000000,0.000000,-3521.000000,-981.000000,-785.000000
200.000000,0.000000,0.000000,0.000000,-3462.000000,-981.000000,-981.000000
200.000000,100.000000,0.000000,0.000000,-3460.000000,-785.000000,-785.000000
200.000000,100.000000,0.000000,0.000000,-3530.000000,-589.000000,-785.000000
0.000000,0.000000,0.000000,0.000000,-3525.000000,-589.000000,-589.000000
400.000000,-100.000000,0.000000,0.000000,-3501.000000,-392.000000,-589.000000
300.000000,-100.000000,0.000000,0.000000,-3496.000000,-392.000000,-392.000000
100.000000,-300.000000,0.000000,0.000000,-3519.000000,-196.000000,-196.000000
