Channel 1,Channel 2,Channel 3,Channel 4,Channel 5,Channel 6,Channel 7
-100.000000,-100.000000,0.000000,0.000000,-2746.000000,0.000000,0.000000
0.000000,-100.000000,0.000000,0.000000,-2742.000000,0.000000,0.000000
0.000000,0.000000,0.000000,0.000000,-2733.000000,0.000000,0.000000
100.000000,-100.000000,0.000000,0.000000,-2754.000000,0.000000,0.000000
-200.000000,-100.000000,0.000000,0.000000,-2748.000000,0.000000,0.000000
0.000000,-100.000000,0.000000,0.000000,-2751.000000,0.000000,0.000000
0.000000,-100.000000,0.000000,0.000000,-2758.000000,0.000000,0.000000
0.000000,-200.000000,0.000000,0.000000,-2752.000000,0.000000,0.000000
0.000000,100.000000,0.000000,0.000000,-2749.000000,0.000000,0.000000
0.000000,-100.000000,0.000000,0.000000,-2745.000000,0.000000,0.000000
0.000000,-200.000000,0.000000,0.000000,-2728.000000,0.000000,0.000000
0.000000,0.000000,0.000000,0.000000,-2723.000000,0.000000,0.000000
0.000000,-100.000000,0.000000,0.000000,-2732.000000,0.000000,0.000000
-100.000000,200.000000,0.000000,0.000000,-2731.000000,0.000000,0.000000
0.000000,0.000000,0.000000,0.000000,-2724.000000,0.000000,0.000000
0.000000,-200.000000,0.000000,0.000000,-2749.000000,0.000000,0.000000
-100.000000,-100.000000,78.000000,78.000000,-2734.000000,0.000000,0.000000
-200.000000,0.000000,0.000000,0.000000,-2732.000000,0.000000,0.000000
0.000000,0.000000,0.000000,0.000000,-2747.000000,0.000000,0.000000
-200.000000,-100.000000,0.000000,0.000000,-2720.000000,0.000000,0.000000
0.000000,-200.000000,0.000000,0.000000,-2722.000000,0.000000,0.000000
0.000000,0.000000,0.000000,0.000000,-2745.000000,0.000000,0.000000
-200.000000,0.000000,0.000000,0.000000,-2731.000000,0.000000,0.000000
-100.000000,-100.000000,0.000000,0.000000,-2730.000000,0.000000,0.000000
-100.000000,0.000000,0.000000,0.000000,-2716.000000,0.000000,0.000000
-200.000000,-200.000000,0.000000,0.000000,-2713.000000,0.000000,0.000000
-100.000000,-200.000000,0.000000,0.000000,-2718.000000,0.000000,0.000000
-300.000000,0.000000,0.000000,0.000000,-2693.000000,0.000000,0.000000
-100.000000,-300.000000,0.000000,0.000000,-2670.000000,0.000000,0.000000
-200.000000,0.000000,0.000000,0.000000,-2683.000000,0.000000,0.000000
-100.000000,-200.000000,0.000000,0.000000,-2695.000000,0.000000,0.000000
-100.000000,0.000000,0.000000,0.000000,-2704.000000,0.000000,0.000000
-200.000000,-100.000000,0.000000,0.000000,-2691.000000,0.000000,0.000000
0.000000,0.000000,0.000000,0.000000,-2691.000000,0.000000,0.000000
200.000000,-100.000000,156.000000,156.000000,-2709.000000,0.000000,0.000000
-100.000000,-300.000000,0.000000,0.000000,-2687.000000,0.000000,0.000000
-100.000000,0.000000,0.000000,0.000000,-2660.000000,0.000000,0.000000
-100.000000,0.000000,0.000000,0.000000,-2661.000000,0.000000,0.000000
0.000000,-100.000000,0.000000,0.000000,-2676.000000,0.000000,0.000000
-100.000000,-100.000000,0.000000,0.000000,-2682.000000,0.000000,0.000000
100.000000,0.000000,0.000000,0.000000,-2706.000000,0.000000,0.000000
0.000000,0.000000,0.000000,0.000000,-2719.000000,0.000000,0.000000
-100.000000,-200.000000,0.000000,0.000000,-2706.000000,0.000000,0.000000
-100.000000,-100.000000,0.000000,0.000000,-2678.000000,0.000000,0.000000
0.000000,0.000000,0.000000,0.000000,-2670.000000,0.000000,0.000000
-200.000000,0.000000,0.000000,0.000000,-2684.000000,0.000000,0.000000
-200.000000,-100.000000,0.000000,0.000000,-2680.000000,0.000000,0.000000
-100.000000,-100.000000,0.000000,0.000000,-2664.000000,0.000000,0.000000
-400.000000,0.000000,0.000000,0.000000,-2673.000000,0.000000,0.000000
0.000000,0.000000,0.000000,0.000000,-2696.000000,0.000000,0.000000
0.000000,0.000000,0.000000,0.000000,-2694.000000,0.000000,0.000000
100.000000,-300.000000,156.000000,156.000000,-2691.000000,0.000000,0.000000
0.000000,-100.000000,0.000000,0.000000,-2716.000000,0.000000,0.000000
-100.000000,100.000000,0.000000,0.000000,-2729.000000,0.000000,0.000000
0.000000,0.000000,0.000000,0.000000,-2722.000000,0.000000,0.000000
100.000000,100.000000,0.000000,0.000000,-2728.000000,0.000000,0.000000
-100.000000,0.000000,0.000000,0.000000,-2723.000000,0.000000,0.000000
300.000000,100.000000,156.000000,156.000000,-2731.000000,0.000000,0.000000
-200.000000,-100.000000,0.000000,0.000000,-2720.000000,0.000000,0.000000
-200.000000,100.000000,0.000000,0.000000,-2725.000000,0.000000,0.000000
0.000000,0.000000,0.000000,0.000000,-2720.000000,0.000000,0.000000
0.000000,100.000000,0.000000,0.000000,-2710.000000,0.000000,0.000000
200.000000,0.000000,78.000000,78.000000,-2692.000000,0.000000,0.000000
0.000000,0.000000,0.000000,0.000000,-2675.000000,0.000000,0.000000
0.000000,100.000000,0.000000,0.000000,-2651.000000,0.000000,0.000000
-100.000000,0.000000,0.000000,0.000000,-2662.000000,0.000000,0.000000
-100.000000,0.000000,0.000000,0.000000,-2641.000000,0.000000,0.000000
-100.000000,-100.000000,0.000000,0.000000,-2665.000000,0.000000,0.000000
-200.000000,-100.000000,0.000000,0.000000,-2662.000000,0.000000,0.000000
0.000000,-200.000000,0.000000,0.000000,-2647.000000,0.000000,196.000000
-200.000000,-100.000000,0.000000,0.000000,-2640.000000,0.000000,0.000000
-200.000000,-100.000000,0.000000,0.000000,-2633.000000,0.000000,-196.000000
-200.000000,0.000000,0.000000,0.000000,-2661.000000,0.000000,0.000000
-500.000000,100.000000,78.000000,78.000000,-2676.000000,0.000000,0.000000
-100.000000,-100.000000,0.000000,0.000000,-2680.000000,0.000000,0.000000
-400.000000,0.000000,0.000000,0.000000,-2662.000000,0.000000,0.000000
-100.000000,-100.000000,0.000000,0.000000,-2654.000000,0.000000,0.000000
-200.000000,0.000000,0.000000,0.000000,-2643.000000,0.000000,0.000000
0.000000,-100.000000,0.000000,0.000000,-2645.000000,0.000000,0.000000
-200.000000,0.000000,0.000000,0.000000,-2618.000000,0.000000,0.000000
0.000000,-200.000000,0.000000,0.000000,-2615.000000,0.000000,0.000000
-200.000000,0.000000,0.000000,0.000000,-2615.000000,0.000000,0.000000
-100.000000,-300.000000,0.000000,0.000000,-2599.000000,0.000000,0.000000
-100.000000,0.000000,0.000000,0.000000,-2603.000000,0.000000,0.000000
-300.000000,0.000000,0.000000,0.000000,-2622.000000,0.000000,0.000000
0.000000,0.000000,0.000000,0.000000,-2593.000000,0.000000,0.000000
0.000000,0.000000,0.000000,0.000000,-2579.000000,0.000000,0.000000
-100.000000,-200.000000,0.000000,0.000000,-2582.000000,0.000000,0.000000
0.000000,0.000000,0.000000,0.000000,-2587.000000,0.000000,0.000000
0.000000,-100.000000,0.000000,0.000000,-2600.000000,0.000000,0.000000
-100.000000,0.000000,0.000000,0.000000,-2609.000000,0.000000,0.000000
-100.000000,-200.000000,0.000000,0.000000,-2607.000000,0.000000,0.000000
0.000000,-100.000000,78.000000,78.000000,-2598.000000,0.000000,0.000000
0.000000,0.000000,0.000000,0.000000,-2574.000000,0.000000,0.000000
100.000000,0.000000,0.000000,0.000000,-2559.000000,0.000000,0.000000
-200.000000,-100.000000,0.000000,0.000000,-2554.000000,0.000000,0.000000
-200.000000,-100.000000,0.000000,0.000000,-2548.000000,0.000000,0.000000
-200.000000,-200.000000,0.000000,0.000000,-2539.000000,0.000000,0.000000
0.000000,0.000000,0.000000,0.000000,-2539.000000,0.000000,0.000000
-200.000000,-200.000000,0.000000,0.000000,-2541.000000,0.000000,0.000000
-100.000000,200.000000,156.000000,156.000000,-2532.000000,0.000000,0.000000
0.000000,-100.000000,0.000000,0.000000,-2561.000000,0.000000,0.000000
-100.000000,-200.000000,0.000000,0.000000,-2563.000000,0.000000,0.000000
-100.000000,-200.000000,0.000000,0.000000,-2567.000000,0.000000,0.000000
-100.000000,0.000000,78.000000,78.000000,-2567.000000,0.000000,0.000000
0.000000,0.000000,0.000000,0.000000,-2555.000000,0.000000,0.000000
0.000000,0.000000,0.000000,0.000000,-2574.000000,0.000000,0.000000
-100.000000,-200.000000,0.000000,0.000000,-2585.000000,0.000000,0.000000
-100.000000,-200.000000,0.000000,0.000000,-2592.000000,0.000000,0.000000
0.000000,-100.000000,0.000000,0.000000,-2590.000000,0.000000,0.000000
-100.000000,100.000000,0.000000,0.000000,-2613.000000,0.000000,0.000000
0.000000,-200.000000,0.000000,0.000000,-2642.000000,0.000000,0.000000
-300.000000,-200.000000,0.000000,0.000000,-2651.000000,0.000000,0.000000
-100.000000,-200.000000,0.000000,0.000000,-2651.000000,0.000000,0.000000
0.000000,0.000000,0.000000,0.000000,-2648.000000,0.000000,0.000000
-200.000000,0.000000,0.000000,0.000000,-2650.000000,0.000000,0.000000
-100.000000,0.000000,0.000000,0.000000,-2638.000000,0.000000,196.000000
0.000000,0.000000,0.000000,0.000000,-2640.000000,0.000000,0.000000
-100.000000,100.000000,0.000000,0.000000,-2619.000000,0.000000,0.000000
100.000000,-200.000000,0.000000,0.000000,-2602.000000,0.000000,0.000000
-200.000000,200.000000,0.000000,0.000000,-2594.000000,196.000000,0.000000
0.000000,-400.000000,0.000000,0.000000,-2628.000000,0.000000,0.000000
-100.000000,-100.000000,0.000000,0.000000,-2660.000000,0.000000,196.000000
-100.000000,0.000000,0.000000,0.000000,-2660.000000,0.000000,0.000000
0.000000,-200.000000,0.000000,0.000000,-2685.000000,0.000000,0.000000
-100.000000,-100.000000,0.000000,0.000000,-2683.000000,0.000000,0.000000
-400.000000,0.000000,0.000000,0.000000,-2671.000000,0.000000,0.000000
100.000000,-100.000000,0.000000,0.000000,-2697.000000,0.000000,196.000000
-100.000000,0.000000,0.000000,0.000000,-2700.000000,0.000000,0.000000
0.000000,100.000000,0.000000,0.000000,-2710.000000,0.000000,0.000000
0.000000,-300.000000,0.000000,0.000000,-2728.000000,0.000000,196.000000
-100.000000,-200.000000,0.000000,0.000000,-2717.000000,0.000000,0.000000
0.000000,0.000000,0.000000,0.000000,-2723.000000,0.000000,196.000000
-200.000000,0.000000,0.000000,0.000000,-2700.000000,0.000000,0.000000
-300.000000,0.000000,0.000000,0.000000,-2695.000000,0.000000,0.000000
200.000000,0.000000,0.000000,0.000000,-2682.000000,0.000000,0.000000
0.000000,100.000000,0.000000,0.000000,-2674.000000,0.000000,0.000000
0.000000,-100.000000,0.000000,0.000000,-2652.000000,0.000000,0.000000
300.000000,-400.000000,0.000000,0.000000,-2625.000000,0.000000,196.000000
-200.000000,-100.000000,0.000000,0.000000,-2641.000000,0.000000,0.000000
-100.000000,200.000000,0.000000,0.000000,-2640.000000,0.000000,0.000000
0.000000,0.000000,0.000000,0.000000,-2674.000000,0.000000,0.000000
-100.000000,0.000000,0.000000,0.000000,-2671.000000,0.000000,0.000000
0.000000,-100.000000,0.000000,0.000000,-2675.000000,0.000000,196.000000
0.000000,0.000000,0.000000,0.000000,-2694.000000,0.000000,0.000000
-200.000000,-200.000000,0.000000,0.000000,-2679.000000,0.000000,0.000000
100.000000,-100.000000,0.000000,0.000000,-2673.000000,0.000000,0.000000
-100.000000,100.000000,0.000000,0.000000,-2669.000000,0.000000,0.000000
0.000000,-200.000000,0.000000,0.000000,-2673.000000,0.000000,0.000000
-100.000000,-100.000000,0.000000,0.000000,-2696.000000,0.000000,0.000000
-200.000000,0.000000,0.000000,0.000000,-2685.000000,0.000000,0.000000
-300.000000,-100.000000,0.000000,0.000000,-2690.000000,0.000000,0.000000
0.000000,0.000000,0.000000,0.000000,-2686.000000,0.000000,0.000000
0.000000,0.000000,0.000000,0.000000,-2674.000000,0.000000,0.000000
-100.000000,-100.000000,0.000000,0.000000,-2683.000000,0.000000,0.000000
-100.000000,100.000000,0.000000,0.000000,-2671.000000,0.000000,0.000000
-100.000000,0.000000,0.000000,0.000000,-2669.000000,0.000000,0.000000
-200.000000,-100.000000,0.000000,0.000000,-2675.000000,0.000000,0.000000
-100.000000,0.000000,0.000000,0.000000,-2684.000000,0.000000,0.000000
100.000000,0.000000,0.000000,0.000000,-2680.000000,0.000000,0.000000
0.000000,-100.000000,0.000000,0.000000,-2695.000000,0.000000,0.000000
-200.000000,-100.000000,0.000000,0.000000,-2710.000000,0.000000,0.000000
0.000000,-100.000000,0.000000,0.000000,-2739.000000,0.000000,0.000000
0.000000,-100.000000,0.000000,0.000000,-2748.000000,0.000000,0.000000
-200.000000,0.000000,0.000000,0.000000,-2750.000000,0.000000,0.000000
0.000000,-200.000000,0.000000,0.000000,-2754.000000,0.000000,0.000000
0.000000,-100.000000,0.000000,0.000000,-2774.000000,0.000000,0.000000
0.000000,0.000000,0.000000,0.000000,-2789.000000,0.000000,0.000000
-200.000000,0.000000,0.000000,0.000000,-2799.000000,0.000000,0.000000
0.000000,0.000000,0.000000,0.000000,-2803.000000,0.000000,0.000000
-100.000000,-200.000000,0.000000,0.000000,-2779.000000,0.000000,0.000000
-300.000000,-200.000000,0.000000,0.000000,-2781.000000,0.000000,0.000000
0.000000,200.000000,0.000000,0.000000,-2767.000000,0.000000,0.000000
100.000000,100.000000,0.000000,0.000000,-2774.000000,0.000000,0.000000
-100.000000,-200.000000,0.000000,0.000000,-2763.000000,0.000000,0.000000
-200.000000,-100.000000,0.000000,0.000000,-2768.000000,0.000000,0.000000
0.000000,0.000000,0.000000,0.000000,-2748.000000,0.000000,0.000000
0.000000,200.000000,0.000000,0.000000,-2735.000000,0.000000,0.000000
-100.000000,0.000000,0.000000,0.000000,-2752.000000,0.000000,0.000000
-200.000000,-100.000000,0.000000,0.000000,-2749.000000,0.000000,0.000000
-100.000000,0.000000,0.000000,0.000000,-2728.000000,0.000000,0.000000
-200.000000,-100.000000,0.000000,0.000000,-2708.000000,0.000000,0.000000
-200.000000,0.000000,0.000000,0.000000,-2721.000000,0.000000,0.000000
-100.000000,0.000000,0.000000,0.000000,-2704.000000,0.000000,0.000000
-100.000000,-100.000000,0.000000,0.000000,-2723.000000,0.000000,0.000000
-100.000000,-300.000000,0.000000,0.000000,-2727.000000,0.000000,0.000000
0.000000,-100.000000,0.000000,0.000000,-2729.000000,0.000000,0.000000
0.000000,-100.000000,0.000000,0.000000,-2732.000000,0.000000,0.000000
0.000000,-200.000000,0.000000,0.000000,-2717.000000,0.000000,0.000000
-100.000000,-200.000000,0.000000,0.000000,-2708.000000,0.000000,0.000000
-100.000000,-200.000000,0.000000,0.000000,-2725.000000,0.000000,0.000000
-100.000000,-100.000000,0.000000,0.000000,-2731.000000,0.000000,0.000000
0.000000,-100.000000,0.000000,0.000000,-2697.000000,0.000000,0.000000
0.000000,0.000000,0.000000,0.000000,-2688.000000,0.000000,0.000000
-100.000000,200.000000,0.000000,0.000000,-2690.000000,0.000000,0.000000
-100.000000,-100.000000,0.000000,0.000000,-2671.000000,0.000000,0.000000
0.000000,0.000000,0.000000,0.000000,-2688.000000,0.000000,0.000000
-300.000000,0.000000,0.000000,0.000000,-2671.000000,0.000000,0.000000
-100.000000,0.000000,0.000000,0.000000,-2672.000000,0.000000,0.000000
-100.000000,0.000000,0.000000,0.000000,-2670.000000,0.000000,0.000000
-100.000000,0.000000,78.000000,78.000000,-2668.000000,0.000000,0.000000
0.000000,-100.000000,0.000000,0.000000,-2667.000000,0.000000,0.000000
0.000000,100.000000,0.000000,0.000000,-2673.000000,0.000000,0.000000
0.000000,0.000000,0.000000,0.000000,-2680.000000,0.000000,0.000000
-400.000000,-100.000000,0.000000,0.000000,-2687.000000,0.000000,0.000000
-200.000000,-100.000000,0.000000,0.000000,-2697.000000,0.000000,0.000000
100.000000,-100.000000,0.000000,0.000000,-2700.000000,0.000000,0.000000
-100.000000,200.000000,0.000000,0.000000,-2718.000000,0.000000,0.000000
-100.000000,-100.000000,0.000000,0.000000,-2730.000000,0.000000,0.000000
-100.000000,200.000000,0.000000,0.000000,-2714.000000,0.000000,0.000000
0.000000,0.000000,0.000000,0.000000,-2683.000000,0.000000,0.000000
-100.000000,-100.000000,0.000000,0.000000,-2691.000000,0.000000,0.000000
0.000000,0.000000,0.000000,0.000000,-2677.000000,0.000000,0.000000
-100.000000,100.000000,0.000000,0.000000,-2660.000000,0.000000,0.000000
0.000000,0.000000,0.000000,0.000000,-2646.000000,0.000000,0.000000
100.000000,0.000000,0.000000,0.000000,-2642.000000,0.000000,0.000000
0.000000,-100.000000,0.000000,0.000000,-2668.000000,0.000000,0.000000
-100.000000,-100.000000,0.000000,0.000000,-2673.000000,0.000000,0.000000
0.000000,-200.000000,0.000000,0.000000,-2677.000000,0.000000,0.000000
100.000000,-200.000000,0.000000,0.000000,-2664.000000,0.000000,0.000000
100.000000,0.000000,0.000000,0.000000,-2655.000000,0.000000,0.000000
0.000000,200.000000,0.000000,0.000000,-2687.000000,0.000000,0.000000
0.000000,-100.000000,0.000000,0.000000,-2711.000000,0.000000,0.000000
0.000000,0.000000,0.000000,0.000000,-2736.000000,0.000000,0.000000
0.000000,0.000000,0.000000,0.000000,-2732.000000,0.000000,0.000000
-200.000000,-200.000000,0.000000,0.000000,-2751.000000,0.000000,0.000000
11100.000000,7300.000000,12000.000000,12000.000000,-2774.000000,392.000000,196.000000
10000.000000,9900.000000,12000.000000,12000.000000,-2678.000000,2748.000000,2748.000000
13100.000000,10300.000000,12000.000000,12000.000000,-2648.000000,4516.000000,2945.000000
11500.000000,12200.000000,12000.000000,12000.000000,-2767.000000,2748.000000,1178.000000
11700.000000,11900.000000,12000.000000,12000.000000,-2843.000000,-589.000000,-785.000000
11000.000000,12600.000000,12000.000000,12000.000000,-2981.000000,-981.000000,0.000000
9900.000000,11400.000000,12000.000000,12000.000000,-2928.000000,0.000000,1178.000000
10500.000000,10900.000000,12000.000000,12000.000000,-2611.000000,2159.000000,2159.000000
10600.000000,10800.000000,12000.000000,12000.000000,-2474.000000,3730.000000,2356.000000
11000.000000,11200.000000,12000.000000,12000.000000,-3024.000000,3337.000000,2356.000000
11800.000000,12500.000000,12000.000000,12000.000000,-3211.000000,1374.000000,1570.000000
10800.000000,12000.000000,12000.000000,12000.000000,-2926.000000,392.000000,1570.000000
10400.000000,9400.000000,12000.000000,12000.000000,-2905.000000,1570.000000,2159.000000
10200.000000,9600.000000,12000.000000,12000.000000,-2801.000000,3141.000000,3141.000000
10500.000000,10400.000000,12000.000000,12000.000000,-2879.000000,4319.000000,3337.000000
14100.000000,11000.000000,12000.000000,12000.000000,-3051.000000,3534.000000,2945.000000
10400.000000,14400.000000,12000.000000,12000.000000,-3040.000000,2552.000000,2748.000000
11700.000000,13500.000000,12000.000000,12000.000000,-3014.000000,1963.000000,2748.000000
10300.000000,11100.000000,12000.000000,12000.000000,-3127.000000,2748.000000,3141.000000
13900.000000,12400.000000,12000.000000,12000.000000,-3096.000000,3534.000000,3337.000000
10500.000000,12200.000000,12000.000000,12000.000000,-2971.000000,3926.000000,3141.000000
11100.000000,10900.000000,12000.000000,12000.000000,-3049.000000,3337.000000,2356.000000
11400.000000,11800.000000,12000.000000,12000.000000,-3233.000000,2748.000000,2552.000000
10800.000000,10600.000000,12000.000000,12000.000000,-3059.000000,2356.000000,2552.000000
13300.000000,12400.000000,12000.000000,12000.000000,-2842.000000,3141.000000,3141.000000
10500.000000,10400.000000,12000.000000,12000.000000,-2815.000000,3730.000000,3337.000000
11100.000000,10800.000000,12000.000000,12000.000000,-2923.000000,3534.000000,3534.000000
11100.000000,11600.000000,12000.000000,12000.000000,-2950.000000,3337.000000,3141.000000
13900.000000,12000.000000,12000.000000,12000.000000,-2829.000000,2945.000000,3141.000000
10100.000000,11600.000000,12000.000000,12000.000000,-2656.000000,2748.000000,3337.000000
13700.000000,10400.000000,12000.000000,12000.000000,-2675.000000,2945.000000,2945.000000
10500.000000,11900.000000,12000.000000,12000.000000,-2707.000000,3141.000000,2748.000000
13600.000000,11500.000000,12000.000000,12000.000000,-2609.000000,2945.000000,2748.000000
10300.000000,12700.000000,12000.000000,12000.000000,-2611.000000,2748.000000,2748.000000
11500.000000,11000.000000,12000.000000,12000.000000,-2573.000000,2552.000000,2552.000000
13400.000000,11400.000000,12000.000000,12000.000000,-2525.000000,2552.000000,2748.000000
10200.000000,13500.000000,12000.000000,12000.000000,-2450.000000,2552.000000,2356.000000
10900.000000,10600.000000,12000.000000,12000.000000,-2458.000000,2748.000000,2356.000000
12800.000000,10900.000000,12000.000000,12000.000000,-2490.000000,2748.000000,2159.000000
13800.000000,13900.000000,12000.000000,12000.000000,-2507.000000,2552.000000,2159.000000
13900.000000,10900.000000,12000.000000,12000.000000,-2511.000000,2159.000000,2356.000000
12400.000000,10400.000000,12000.000000,12000.000000,-2523.000000,2356.000000,2159.000000
10900.000000,10800.000000,12000.000000,12000.000000,-2512.000000,2356.000000,2159.000000
10200.000000,10800.000000,12000.000000,12000.000000,-2515.000000,2356.000000,1767.000000
12300.000000,11300.000000,0.000000,0.000000,-2520.000000,1767.000000,1374.000000
0.000000,-100.000000,0.000000,0.000000,-2469.000000,0.000000,-196.000000
200.000000,0.000000,0.000000,0.000000,-2379.000000,0.000000,-785.000000
200.000000,0.000000,0.000000,0.000000,-2298.000000,0.000000,0.000000
0.000000,0.000000,0.000000,0.000000,-2349.000000,589.000000,0.000000
0.000000,0.000000,0.000000,0.000000,-2179.000000,1570.000000,392.000000
-100.000000,0.000000,0.000000,0.000000,-2233.000000,1767.000000,589.000000
-200.000000,0.000000,0.000000,0.000000,-2381.000000,1374.000000,785.000000
-200.000000,-100.000000,0.000000,0.000000,-2263.000000,1570.000000,392.000000
100.000000,100.000000,0.000000,0.000000,-2208.000000,981.000000,589.000000
0.000000,0.000000,0.000000,0.000000,-2140.000000,392.000000,785.000000
100.000000,-100.000000,0.000000,0.000000,-2114.000000,-196.000000,392.000000
-200.000000,0.000000,0.000000,0.000000,-2134.000000,-392.000000,0.000000
-200.000000,0.000000,0.000000,0.000000,-2228.000000,-196.000000,196.000000
200.000000,200.000000,0.000000,0.000000,-2237.000000,-196.000000,-392.000000
200.000000,0.000000,0.000000,0.000000,-2297.000000,-196.000000,0.000000
0.000000,100.000000,0.000000,0.000000,-2397.000000,0.000000,-196.000000
0.000000,100.000000,0.000000,0.000000,-2432.000000,196.000000,-196.000000
-100.000000,-100.000000,0.000000,0.000000,-2371.000000,196.000000,-392.000000
0.000000,-100.000000,0.000000,0.000000,-2356.000000,0.000000,-196.000000
100.000000,-100.000000,0.000000,0.000000,-2533.000000,0.000000,-196.000000
100.000000,-200.000000,0.000000,0.000000,-2609.000000,196.000000,0.000000
0.000000,0.000000,0.000000,0.000000,-2468.000000,196.000000,196.000000
-100.000000,-200.000000,0.000000,0.000000,-2537.000000,785.000000,196.000000
0.000000,0.000000,0.000000,0.000000,-2723.000000,1374.000000,0.000000
-100.000000,-100.000000,0.000000,0.000000,-2720.000000,1374.000000,196.000000
100.000000,100.000000,0.000000,0.000000,-2643.000000,1570.000000,196.000000
-100.000000,0.000000,0.000000,0.000000,-2709.000000,1570.000000,589.000000
200.000000,100.000000,0.000000,0.000000,-2687.000000,1767.000000,1178.000000
-100.000000,0.000000,0.000000,0.000000,-2728.000000,1767.000000,2159.000000
-200.000000,0.000000,0.000000,0.000000,-2725.000000,2552.000000,2159.000000
-200.000000,0.000000,0.000000,0.000000,-2785.000000,2748.000000,2356.000000
-100.000000,0.000000,0.000000,0.000000,-2911.000000,3141.000000,2552.000000
0.000000,-100.000000,0.000000,0.000000,-2877.000000,3141.000000,2356.000000
-200.000000,-100.000000,0.000000,0.000000,-2880.000000,3337.000000,2356.000000
-200.000000,0.000000,0.000000,0.000000,-2857.000000,3337.000000,2552.000000
-200.000000,-100.000000,0.000000,0.000000,-2855.000000,3534.000000,3337.000000
-300.000000,0.000000,0.000000,0.000000,-2875.000000,3730.000000,3926.000000
0.000000,0.000000,0.000000,0.000000,-2891.000000,3926.000000,3926.000000
-200.000000,0.000000,0.000000,0.000000,-2963.000000,4516.000000,4123.000000
-100.000000,100.000000,0.000000,0.000000,-2987.000000,4516.000000,4123.000000
-100.000000,0.000000,0.000000,0.000000,-2908.000000,4712.000000,3926.000000
-200.000000,0.000000,0.000000,0.000000,-2885.000000,4712.000000,3926.000000
-100.000000,100.000000,0.000000,0.000000,-2856.000000,4908.000000,4123.000000
-100.000000,0.000000,0.000000,0.000000,-2840.000000,4908.000000,4319.000000
-200.000000,-200.000000,0.000000,0.000000,-2803.000000,5105.000000,4319.000000
-100.000000,-100.000000,0.000000,0.000000,-2785.000000,5105.000000,4712.000000
-100.000000,-100.000000,0.000000,0.000000,-2864.000000,5105.000000,4516.000000
0.000000,-100.000000,0.000000,0.000000,-2858.000000,5105.000000,5105.000000
0.000000,-100.000000,0.000000,0.000000,-2840.000000,5497.000000,4908.000000
-200.000000,0.000000,0.000000,0.000000,-2822.000000,5301.000000,4908.000000
-300.000000,-100.000000,0.000000,0.000000,-2806.000000,5497.000000,4712.000000
0.000000,0.000000,0.000000,0.000000,-2789.000000,5301.000000,4516.000000
0.000000,100.000000,0.000000,0.000000,-2751.000000,4908.000000,4516.000000
0.000000,0.000000,0.000000,0.000000,-2789.000000,4908.000000,4712.000000
-300.000000,-100.000000,0.000000,0.000000,-2748.000000,4712.000000,4908.000000
-200.000000,200.000000,0.000000,0.000000,-2768.000000,4516.000000,4516.000000
-200.000000,0.000000,0.000000,0.000000,-2775.000000,4319.000000,4123.000000
0.000000,0.000000,0.000000,0.000000,-2734.000000,4319.000000,4516.000000
-100.000000,0.000000,0.000000,0.000000,-2664.000000,4123.000000,4123.000000
0.000000,200.000000,0.000000,0.000000,-2624.000000,3926.000000,3926.000000
0.000000,-100.000000,0.000000,0.000000,-2614.000000,3730.000000,3534.000000
0.000000,-100.000000,0.000000,0.000000,-2591.000000,3730.000000,3337.000000
0.000000,-100.000000,0.000000,0.000000,-2548.000000,3337.000000,2945.000000
-100.000000,-100.000000,0.000000,0.000000,-2542.000000,3337.000000,2945.000000
-200.000000,0.000000,0.000000,0.000000,-2521.000000,2945.000000,2748.000000
-300.000000,-100.000000,0.000000,0.000000,-2479.000000,2945.000000,2356.000000
-200.000000,0.000000,0.000000,0.000000,-2498.000000,2552.000000,2159.000000
-100.000000,-200.000000,0.000000,0.000000,-2464.000000,2159.000000,1767.000000
-100.000000,0.000000,0.000000,0.000000,-2437.000000,2159.000000,1374.000000
0.000000,0.000000,0.000000,0.000000,-2413.000000,1963.000000,1178.000000
0.000000,0.000000,0.000000,0.000000,-2419.000000,1570.000000,785.000000
-100.000000,0.000000,0.000000,0.000000,-2420.000000,981.000000,589.000000
0.000000,0.000000,0.000000,0.000000,-2437.000000,785.000000,392.000000
-200.000000,0.000000,0.000000,0.000000,-2421.000000,392.000000,196.000000
0.000000,-100.000000,0.000000,0.000000,-2377.000000,196.000000,0.000000
100.000000,-100.000000,0.000000,0.000000,-2371.000000,0.000000,0.000000
100.000000,0.000000,0.000000,0.000000,-2395.000000,0.000000,0.000000
0.000000,0.000000,0.000000,0.000000,-2364.000000,0.000000,-196.000000
0.000000,100.000000,0.000000,0.000000,-2360.000000,0.000000,-196.000000
100.000000,-200.000000,0.000000,0.000000,-2363.000000,0.000000,-785.000000
0.000000,0.000000,0.000000,0.000000,-2410.000000,0.000000,-1178.000000
100.000000,100.000000,0.000000,0.000000,-2416.000000,-196.000000,-1374.000000
100.000000,-100.000000,0.000000,0.000000,-2420.000000,-392.000000,-1178.000000
0.000000,200.000000,0.000000,0.000000,-2419.000000,-785.000000,-981.000000
100.000000,0.000000,0.000000,0.000000,-2405.000000,-785.000000,-981.000000
200.000000,100.000000,0.000000,0.000000,-2416.000000,-589.000000,-785.000000
0.000000,-300.000000,0.000000,0.000000,-2448.000000,-589.000000,-981.000000
0.000000,-200.000000,0.000000,0.000000,-2414.000000,-589.000000,-1178.000000
100.000000,0.000000,0.000000,0.000000,-2421.000000,-392.000000,-1178.000000
200.000000,0.000000,0.000000,0.000000,-2480.000000,-392.000000,-1178.000000
200.000000,100.000000,0.000000,0.000000,-2527.000000,-196.000000,-981.000000
0.000000,0.000000,0.000000,0.000000,-2500.000000,0.000000,-981.000000
0.000000,100.000000,0.000000,0.000000,-2549.000000,0.000000,-785.000000
100.000000,-200.000000,0.000000,0.000000,-2558.000000,0.000000,-589.000000
100.000000,-100.000000,0.000000,0.000000,-2629.000000,0.000000,-392.000000
-100.000000,-100.000000,0.000000,0.000000,-2656.000000,196.000000,-392.000000
100.000000,0.000000,0.000000,0.000000,-2692.000000,196.000000,-196.000000
0.000000,0.000000,0.000000,0.000000,-2712.000000,0.000000,0.000000
0.000000,100.000000,0.000000,0.000000,-2778.000000,196.000000,0.000000
-100.000000,0.000000,0.000000,0.000000,-2854.000000,392.000000,196.000000
-100.000000,0.000000,0.000000,0.000000,-2922.000000,981.000000,0.000000
-200.000000,-200.000000,0.000000,0.000000,-2920.000000,1963.000000,0.000000
100.000000,0.000000,0.000000,0.000000,-2911.000000,2159.000000,0.000000
-200.000000,0.000000,0.000000,0.000000,-2959.000000,2159.000000,196.000000
-100.000000,0.000000,0.000000,0.000000,-2996.000000,2159.000000,589.000000
0.000000,100.000000,0.000000,0.000000,-2984.000000,1963.000000,1374.000000
-200.000000,100.000000,0.000000,0.000000,-2970.000000,1963.000000,1963.000000
0.000000,-100.000000,0.000000,0.000000,-3005.000000,1963.000000,1963.000000
-400.000000,-100.000000,0.000000,0.000000,-3084.000000,2356.000000,1767.000000
-200.000000,-100.000000,0.000000,0.000000,-3118.000000,2945.000000,1963.000000
0.000000,0.000000,0.000000,0.000000,-3127.000000,3337.000000,1570.000000
0.000000,-100.000000,0.000000,0.000000,-3072.000000,3337.000000,1570.000000
-200.000000,-100.000000,0.000000,0.000000,-3027.000000,3141.000000,1767.000000
0.000000,0.000000,0.000000,0.000000,-3058.000000,3141.000000,2159.000000
0.000000,0.000000,0.000000,0.000000,-2978.000000,3141.000000,2552.000000
-300.000000,100.000000,0.000000,0.000000,-2930.000000,2748.000000,2552.000000
-300.000000,-100.000000,0.000000,0.000000,-2981.000000,2945.000000,2552.000000
0.000000,200.000000,0.000000,0.000000,-3011.000000,3141.000000,2552.000000
0.000000,100.000000,0.000000,0.000000,-2975.000000,3337.000000,2356.000000
-200.000000,0.000000,0.000000,0.000000,-2977.000000,3730.000000,2552.000000
100.000000,0.000000,0.000000,0.000000,-2997.000000,3730.000000,2552.000000
-200.000000,0.000000,0.000000,0.000000,-2930.000000,3534.000000,2552.000000
-100.000000,100.000000,0.000000,0.000000,-2848.000000,3337.000000,2748.000000
0.000000,0.000000,0.000000,0.000000,-2844.000000,3337.000000,2552.000000
-200.000000,0.000000,0.000000,0.000000,-2854.000000,3141.000000,2748.000000
0.000000,200.000000,0.000000,0.000000,-2795.000000,2945.000000,2748.000000
-200.000000,0.000000,0.000000,0.000000,-2790.000000,2748.000000,2356.000000
-100.000000,100.000000,0.000000,0.000000,-2787.000000,2552.000000,2356.000000
-200.000000,0.000000,0.000000,0.000000,-2747.000000,2552.000000,2159.000000
0.000000,0.000000,0.000000,0.000000,-2727.000000,2356.000000,2159.000000
0.000000,0.000000,0.000000,0.000000,-2717.000000,2159.000000,1963.000000
0.000000,0.000000,0.000000,0.000000,-2707.000000,1963.000000,1963.000000
-200.000000,0.000000,0.000000,0.000000,-2686.000000,1767.000000,1570.000000
-300.000000,0.000000,0.000000,0.000000,-2685.000000,1767.000000,1374.000000
0.000000,100.000000,0.000000,0.000000,-2638.000000,1570.000000,1374.000000
0.000000,0.000000,0.000000,0.000000,-2604.000000,1570.000000,1178.000000
0.000000,0.000000,0.000000,0.000000,-2600.000000,1178.000000,981.000000
-200.000000,0.000000,0.000000,0.000000,-2591.000000,1178.000000,785.000000
-300.000000,0.000000,0.000000,0.000000,-2583.000000,981.000000,785.000000
-200.000000,0.000000,0.000000,0.000000,-2571.000000,785.000000,589.000000
-100.000000,-100.000000,0.000000,0.000000,-2537.000000,392.000000,392.000000
100.000000,-100.000000,0.000000,0.000000,-2500.000000,392.000000,196.000000
0.000000,300.000000,156.000000,156.000000,-2493.000000,392.000000,0.000000
-200.000000,200.000000,0.000000,0.000000,-2497.000000,-196.000000,196.000000
100.000000,100.000000,0.000000,0.000000,-2478.000000,-196.000000,0.000000
100.000000,0.000000,0.000000,0.000000,-2476.000000,-785.000000,0.000000
-100.000000,0.000000,0.000000,0.000000,-2499.000000,-981.000000,-392.000000
0.000000,0.000000,0.000000,0.000000,-2534.000000,-981.000000,-981.000000
100.000000,200.000000,0.000000,0.000000,-2499.000000,-1178.000000,-981.000000
0.000000,0.000000,0.000000,0.000000,-2441.000000,-981.000000,-1374.000000
200.000000,0.000000,0.000000,0.000000,-2481.000000,-1178.000000,-1178.000000
100.000000,0.000000,0.000000,0.000000,-2498.000000,-1178.000000,-981.000000
0.000000,0.000000,0.000000,0.000000,-2433.000000,-1374.000000,-981.000000
100.000000,0.000000,0.000000,0.000000,-2428.000000,-1374.000000,-1178.000000
0.000000,300.000000,0.000000,0.000000,-2453.000000,-1570.000000,-1570.000000
100.000000,0.000000,0.000000,0.000000,-2418.000000,-1570.000000,-1767.000000
100.000000,-100.000000,0.000000,0.000000,-2426.000000,-1374.000000,-1767.000000
100.000000,0.000000,0.000000,0.000000,-2434.000000,-1374.000000,-1767.000000
200.000000,0.000000,0.000000,0.000000,-2450.000000,-1374.000000,-1570.000000
200.000000,100.000000,0.000000,0.000000,-2391.000000,-1374.000000,-1570.000000
0.000000,-100.000000,0.000000,0.000000,-2386.000000,-1178.000000,-1570.000000
0.000000,0.000000,0.000000,0.000000,-2391.000000,-1178.000000,-1570.000000
100.000000,100.000000,0.000000,0.000000,-2408.000000,-981.000000,-1570.000000
100.000000,0.000000,0.000000,0.000000,-2410.000000,-1178.000000,-1570.000000
300.000000,0.000000,0.000000,0.000000,-2423.000000,-785.000000,-1570.000000
0.000000,200.000000,0.000000,0.000000,-2440.000000,-981.000000,-1374.000000
100.000000,100.000000,0.000000,0.000000,-2468.000000,-589.000000,-1374.000000
200.000000,0.000000,0.000000,0.000000,-2486.000000,-589.000000,-981.000000
100.000000,0.000000,0.000000,0.000000,-2504.000000,-589.000000,-1178.000000
0.000000,0.000000,0.000000,0.000000,-2552.000000,-392.000000,-981.000000
100.000000,100.000000,0.000000,0.000000,-2597.000000,-196.000000,-981.000000
0.000000,0.000000,0.000000,0.000000,-2614.000000,0.000000,-981.000000
100.000000,-100.000000,0.000000,0.000000,-2646.000000,196.000000,-785.000000
0.000000,-200.000000,0.000000,0.000000,-2705.000000,196.000000,-589.000000
100.000000,0.000000,0.000000,0.000000,-2699.000000,196.000000,-392.000000
100.000000,-300.000000,0.000000,0.000000,-2708.000000,0.000000,-589.000000
100.000000,-100.000000,0.000000,0.000000,-2735.000000,0.000000,-196.000000
100.000000,0.000000,0.000000,0.000000,-2728.000000,0.000000,-196.000000
0.000000,0.000000,0.000000,0.000000,-2732.000000,0.000000,0.000000
-200.000000,-100.000000,0.000000,0.000000,-2777.000000,196.000000,0.000000
-200.000000,-100.000000,0.000000,0.000000,-2827.000000,785.000000,196.000000
-200.000000,0.000000,0.000000,0.000000,-2842.000000,1570.000000,0.000000
0.000000,-200.000000,0.000000,0.000000,-2823.000000,1767.000000,196.000000
-200.000000,0.000000,0.000000,0.000000,-2839.000000,1767.000000,0.000000
0.000000,0.000000,0.000000,0.000000,-2831.000000,1570.000000,0.000000
0.000000,0.000000,0.000000,0.000000,-2833.000000,1570.000000,196.000000
-100.000000,0.000000,0.000000,0.000000,-2858.000000,1374.000000,196.000000
-100.000000,100.000000,0.000000,0.000000,-2835.000000,1374.000000,589.000000
-200.000000,0.000000,0.000000,0.000000,-2859.000000,1178.000000,785.000000
0.000000,100.000000,0.000000,0.000000,-2900.000000,981.000000,981.000000
0.000000,200.000000,0.000000,0.000000,-2909.000000,1178.000000,785.000000
-200.000000,-100.000000,0.000000,0.000000,-2901.000000,1178.000000,785.000000
-300.000000,0.000000,0.000000,0.000000,-2907.000000,1570.000000,785.000000
0.000000,-100.000000,0.000000,0.000000,-2947.000000,1570.000000,589.000000
0.000000,200.000000,0.000000,0.000000,-2939.000000,1767.000000,392.000000
-200.000000,100.000000,0.000000,0.000000,-2903.000000,1570.000000,392.000000
-200.000000,0.000000,0.000000,0.000000,-2922.000000,1374.000000,392.000000
0.000000,-100.000000,78.000000,78.000000,-2895.000000,1374.000000,196.000000
200.000000,0.000000,0.000000,0.000000,-2876.000000,1178.000000,392.000000
0.000000,200.000000,0.000000,0.000000,-2885.000000,1178.000000,196.000000
100.000000,0.000000,0.000000,0.000000,-2863.000000,981.000000,392.000000
0.000000,200.000000,0.000000,0.000000,-2877.000000,785.000000,392.000000
0.000000,-100.000000,0.000000,0.000000,-2864.000000,785.000000,0.000000
-100.000000,100.000000,0.000000,0.000000,-2852.000000,392.000000,0.000000
0.000000,0.000000,0.000000,0.000000,-2859.000000,392.000000,0.000000
100.000000,100.000000,0.000000,0.000000,-2832.000000,392.000000,-196.000000
-200.000000,0.000000,0.000000,0.000000,-2846.000000,196.000000,0.000000
-200.000000,-100.000000,0.000000,0.000000,-2839.000000,196.000000,-196.000000
200.000000,200.000000,0.000000,0.000000,-2855.000000,196.000000,0.000000
-200.000000,-300.000000,0.000000,0.000000,-2841.000000,-196.000000,-196.000000
100.000000,200.000000,0.000000,0.000000,-2826.000000,0.000000,-589.000000
200.000000,-400.000000,0.000000,0.000000,-2849.000000,0.000000,-981.000000
300.000000,-500.000000,156.000000,156.000000,-2844.000000,0.000000,-1178.000000
400.000000,400.000000,0.000000,0.000000,-2844.000000,-196.000000,-1178.000000
100.000000,200.000000,0.000000,0.000000,-2816.000000,-196.000000,-1178.000000
200.000000,100.000000,0.000000,0.000000,-2811.000000,0.000000,-981.000000
0.000000,-100.000000,0.000000,0.000000,-2818.000000,-392.000000,-981.000000
100.000000,200.000000,0.000000,0.000000,-2803.000000,-981.000000,-981.000000
100.000000,100.000000,0.000000,0.000000,-2802.000000,-1178.000000,-1178.000000
0.000000,200.000000,0.000000,0.000000,-2798.000000,-1374.000000,-1374.000000
0.000000,100.000000,0.000000,0.000000,-2755.000000,-1374.000000,-1374.000000
100.000000,0.000000,0.000000,0.000000,-2736.000000,-981.000000,-1570.000000
100.000000,0.000000,0.000000,0.000000,-2747.000000,-1178.000000,-1374.000000
-100.000000,100.000000,0.000000,0.000000,-2791.000000,-981.000000,-1374.000000
-100.000000,100.000000,0.000000,0.000000,-2742.000000,-785.000000,-1374.000000
0.000000,100.000000,0.000000,0.000000,-2711.000000,-1178.000000,-1178.000000
-200.000000,0.000000,0.000000,0.000000,-2714.000000,-1178.000000,-1374.000000
0.000000,100.000000,0.000000,0.000000,-2713.000000,-1570.000000,-1374.000000
100.000000,-200.000000,0.000000,0.000000,-2725.000000,-1374.000000,-1178.000000
100.000000,0.000000,0.000000,0.000000,-2715.000000,-1374.000000,-1374.000000
0.000000,0.000000,0.000000,0.000000,-2693.000000,-1374.000000,-1178.000000
-300.000000,0.000000,0.000000,0.000000,-2667.000000,-1178.000000,-1178.000000
0.000000,-100.000000,0.000000,0.000000,-2726.000000,-1178.000000,-981.000000
200.000000,100.000000,0.000000,0.000000,-2756.000000,-981.000000,-1178.000000
100.000000,0.000000,0.000000,0.000000,-2709.000000,-1178.000000,-981.000000
0.000000,0.000000,0.000000,0.000000,-2724.000000,-981.000000,-981.000000
100.000000,0.000000,0.000000,0.000000,-2759.000000,-1178.000000,-785.000000
200.000000,0.000000,0.000000,0.000000,-2781.000000,-981.000000,-589.000000
100.000000,0.000000,0.000000,0.000000,-2775.000000,-785.000000,-589.000000
0.000000,0.000000,0.000000,0.000000,-2757.000000,-981.000000,-392.000000
200.000000,100.000000,0.000000,0.000000,-2744.000000,-589.000000,-392.000000
0.000000,0.000000,0.000000,0.000000,-2753.000000,-589.000000,-392.000000
0.000000,-200.000000,0.000000,0.000000,-2737.000000,-589.000000,-392.000000
-200.000000,0.000000,0.000000,0.000000,-2737.000000,-392.000000,-196.000000
-100.000000,0.000000,0.000000,0.000000,-2719.000000,-196.000000,0.000000
-100.000000,100.000000,0.000000,0.000000,-2709.000000,-392.000000,0.000000
-200.000000,300.000000,78.000000,78.000000,-2717.000000,-392.000000,0.000000
0.000000,0.000000,0.000000,0.000000,-2719.000000,0.000000,0.000000
0.000000,0.000000,0.000000,0.000000,-2712.000000,-196.000000,0.000000
-100.000000,-100.000000,0.000000,0.000000,-2698.000000,0.000000,0.000000
100.000000,0.000000,0.000000,0.000000,-2707.000000,0.000000,196.000000
0.000000,-100.000000,0.000000,0.000000,-2692.000000,0.000000,0.000000
-200.000000,100.000000,0.000000,0.000000,-2679.000000,196.000000,0.000000
0.000000,-100.000000,0.000000,0.000000,-2698.000000,0.000000,0.000000
-200.000000,200.000000,0.000000,0.000000,-2668.000000,0.000000,196.000000
200.000000,200.000000,0.000000,0.000000,-2695.000000,0.000000,0.000000
-200.000000,0.000000,0.000000,0.000000,-2661.000000,196.000000,196.000000
100.000000,100.000000,0.000000,0.000000,-2671.000000,0.000000,392.000000
-100.000000,0.000000,0.000000,0.000000,-2678.000000,0.000000,392.000000
0.000000,0.000000,0.000000,0.000000,-2647.000000,0.000000,589.000000
-200.000000,100.000000,0.000000,0.000000,-2638.000000,0.000000,589.000000
0.000000,0.000000,0.000000,0.000000,-2659.000000,0.000000,589.000000
0.000000,0.000000,0.000000,0.000000,-2629.000000,196.000000,392.000000
-300.000000,-200.000000,0.000000,0.000000,-2606.000000,0.000000,392.000000
-100.000000,200.000000,0.000000,0.000000,-2611.000000,196.000000,196.000000
0.000000,200.000000,0.000000,0.000000,-2615.000000,196.000000,392.000000
0.000000,0.000000,0.000000,0.000000,-2618.000000,196.000000,0.000000
0.000000,0.000000,0.000000,0.000000,-2634.000000,196.000000,0.000000
-100.000000,0.000000,0.000000,0.000000,-2668.000000,392.000000,0.000000
-100.000000,0.000000,0.000000,0.000000,-2662.000000,196.000000,0.000000
0.000000,0.000000,0.000000,0.000000,-2683.000000,392.000000,0.000000
-200.000000,0.000000,0.000000,0.000000,-2702.000000,196.000000,0.000000
0.000000,-100.000000,0.000000,0.000000,-2692.000000,196.000000,0.000000
0.000000,0.000000,0.000000,0.000000,-2668.000000,0.000000,0.000000
0.000000,400.000000,0.000000,0.000000,-2673.000000,0.000000,0.000000
-100.000000,100.000000,0.000000,0.000000,-2673.000000,0.000000,-196.000000
0.000000,-600.000000,0.000000,0.000000,-2672.000000,0.000000,0.000000
0.000000,0.000000,0.000000,0.000000,-2650.000000,0.000000,-196.000000
0.000000,-100.000000,0.000000,0.000000,-2649.000000,0.000000,-392.000000
0.000000,-100.000000,0.000000,0.000000,-2658.000000,-196.000000,-785.000000
100.000000,0.000000,0.000000,0.000000,-2656.000000,-196.000000,-981.000000
100.000000,0.000000,0.000000,0.000000,-2673.000000,0.000000,-589.000000
0.000000,0.000000,0.000000,0.000000,-2643.000000,-196.000000,-785.000000
100.000000,0.000000,0.000000,0.000000,-2639.000000,-392.000000,-785.000000
-100.000000,100.000000,0.000000,0.000000,-2604.000000,-785.000000,-589.000000
100.000000,0.000000,0.000000,0.000000,-2606.000000,-1178.000000,-589.000000
-100.000000,-100.000000,0.000000,0.000000,-2657.000000,-981.000000,-785.000000
100.000000,0.000000,0.000000,0.000000,-2644.000000,-981.000000,-785.000000
200.000000,0.000000,0.000000,0.000000,-2638.000000,-785.000000,-981.000000
-100.000000,0.000000,0.000000,0.000000,-2653.000000,-785.000000,-981.000000
100.000000,0.000000,0.000000,0.000000,-2704.000000,-785.000000,-981.000000
0.000000,200.000000,0.000000,0.000000,-2684.000000,-589.000000,-785.000000
100.000000,0.000000,0.000000,0.000000,-2643.000000,-981.000000,-981.000000
100.000000,0.000000,0.000000,0.000000,-2687.000000,-981.000000,-981.000000
100.000000,-100.000000,0.000000,0.000000,-2750.000000,-1178.000000,-785.000000
0.000000,100.000000,0.000000,0.000000,-2709.000000,-981.000000,-1178.000000
0.000000,100.000000,0.000000,0.000000,-2683.000000,-981.000000,-981.000000
200.000000,0.000000,0.000000,0.000000,-2734.000000,-981.000000,-981.000000
-100.000000,100.000000,0.000000,0.000000,-2769.000000,-981.000000,-981.000000
0.000000,200.000000,0.000000,0.000000,-2770.000000,-785.000000,-1178.000000
0.000000,100.000000,0.000000,0.000000,-2776.000000,-981.000000,-981.000000
200.000000,100.000000,0.000000,0.000000,-2759.000000,-981.000000,-981.000000
100.000000,0.000000,0.000000,0.000000,-2771.000000,-981.000000,-981.000000
0.000000,0.000000,0.000000,0.000000,-2802.000000,-981.000000,-981.000000
100.000000,0.000000,0.000000,0.000000,-2811.000000,-981.000000,-981.000000
300.000000,0.000000,0.000000,0.000000,-2797.000000,-785.000000,-981.000000
0.000000,0.000000,0.000000,0.000000,-2816.000000,-981.000000,-981.000000
200.000000,0.000000,0.000000,0.000000,-2827.000000,-785.000000,-785.000000
0.000000,-200.000000,0.000000,0.000000,-2858.000000,-785.000000,-785.000000
200.000000,0.000000,0.000000,0.000000,-2846.000000,-785.000000,-785.000000
200.000000,0.000000,0.000000,0.000000,-2838.000000,-785.000000,-785.000000
100.000000,0.000000,0.000000,0.000000,-2869.000000,-785.000000,-589.000000
100.000000,0.000000,0.000000,0.000000,-2879.000000,-785.000000,-589.000000
200.000000,100.000000,0.000000,0.000000,-2882.000000,-589.000000,-589.000000
200.000000,100.000000,0.000000,0.000000,-2850.000000,-589.000000,-589.000000
100.000000,-100.000000,0.000000,0.000000,-2833.000000,-589.000000,-392.000000
100.000000,0.000000,0.000000,0.000000,-2827.000000,-392.000000,-392.000000
0.000000,100.000000,0.000000,0.000000,-2828.000000,-392.000000,-589.000000
100.000000,0.000000,0.000000,0.000000,-2826.000000,-589.000000,-392.000000
300.000000,0.000000,0.000000,0.000000,-2872.000000,-392.000000,-196.000000
200.000000,100.000000,0.000000,0.000000,-2850.000000,-392.000000,-392.000000
0.000000,0.000000,0.000000,0.000000,-2863.000000,-392.000000,-196.000000
100.000000,300.000000,0.000000,0.000000,-2858.000000,-196.000000,-196.000000
100.000000,0.000000,0.000000,0.000000,-2861.000000,-196.000000,-392.000000
0.000000,100.000000,0.000000,0.000000,-2851.000000,-392.000000,-196.000000
0.000000,100.000000,0.000000,0.000000,-2823.000000,-196.000000,-392.000000
100.000000,0.000000,0.000000,0.000000,-2835.000000,-196.000000,0.000000
200.000000,200.000000,0.000000,0.000000,-2799.000000,-196.000000,-196.000000
-200.000000,0.000000,0.000000,0.000000,-2775.000000,-196.000000,0.000000
0.000000,100.000000,0.000000,0.000000,-2773.000000,0.000000,0.000000
100.000000,0.000000,0.000000,0.000000,-2761.000000,0.000000,-196.000000
300.000000,0.000000,0.000000,0.000000,-2761.000000,0.000000,-392.000000
0.000000,0.000000,0.000000,0.000000,-2772.000000,-196.000000,-196.000000
0.000000,-200.000000,0.000000,0.000000,-2797.000000,0.000000,-392.000000
100.000000,0.000000,0.000000,0.000000,-2768.000000,-196.000000,-196.000000
0.000000,-100.000000,0.000000,0.000000,-2771.000000,0.000000,-196.000000
200.000000,0.000000,0.000000,0.000000,-2774.000000,0.000000,-196.000000
100.000000,0.000000,0.000000,0.000000,-2788.000000,-196.000000,0.000000
0.000000,0.000000,0.000000,0.000000,-2809.000000,0.000000,-392.000000
0.000000,0.000000,0.000000,0.000000,-2842.000000,0.000000,-196.000000
0.000000,-200.000000,0.000000,0.000000,-2851.000000,0.000000,-392.000000
0.000000,100.000000,0.000000,0.000000,-2850.000000,-196.000000,-589.000000
0.000000,0.000000,0.000000,0.000000,-2844.000000,0.000000,-392.000000
100.000000,0.000000,0.000000,0.000000,-2859.000000,-196.000000,-392.000000
300.000000,0.000000,0.000000,0.000000,-2839.000000,-196.000000,-392.000000
-100.000000,0.000000,0.000000,0.000000,-2833.000000,-196.000000,-392.000000
200.000000,100.000000,0.000000,0.000000,-2822.000000,0.000000,-589.000000
200.000000,-100.000000,0.000000,0.000000,-2814.000000,-196.000000,-589.000000
100.000000,100.000000,0.000000,0.000000,-2815.000000,0.000000,-589.000000
100.000000,100.000000,0.000000,0.000000,-2805.000000,-392.000000,-785.000000
0.000000,200.000000,0.000000,0.000000,-2785.000000,-196.000000,-589.000000
200.000000,0.000000,0.000000,0.000000,-2786.000000,-196.000000,-589.000000
0.000000,100.000000,0.000000,0.000000,-2801.000000,-392.000000,-589.000000
100.000000,0.000000,0.000000,0.000000,-2822.000000,-392.000000,-785.000000
100.000000,0.000000,0.000000,0.000000,-2855.000000,-392.000000,-785.000000
-100.000000,200.000000,0.000000,0.000000,-2888.000000,-392.000000,-785.000000
0.000000,200.000000,0.000000,0.000000,-2919.000000,-196.000000,-785.000000
100.000000,-100.000000,0.000000,0.000000,-2931.000000,-392.000000,-785.000000
200.000000,100.000000,0.000000,0.000000,-2924.000000,-392.000000,-785.000000
-100.000000,-100.000000,0.000000,0.000000,-2911.000000,-589.000000,-589.000000
0.000000,0.000000,0.000000,0.000000,-2903.000000,-589.000000,-785.000000
100.000000,-300.000000,0.000000,0.000000,-2931.000000,-392.000000,-981.000000
-100.000000,100.000000,0.000000,0.000000,-2924.000000,-392.000000,-785.000000
300.000000,300.000000,0.000000,0.000000,-2915.000000,-589.000000,-785.000000
100.000000,0.000000,0.000000,0.000000,-2914.000000,-392.000000,-785.000000
-300.000000,100.000000,0.000000,0.000000,-2933.000000,-392.000000,-589.000000
200.000000,100.000000,0.000000,0.000000,-2925.000000,-589.000000,-785.000000
100.000000,200.000000,0.000000,0.000000,-2948.000000,-589.000000,-785.000000
0.000000,100.000000,0.000000,0.000000,-2941.000000,-589.000000,-589.000000
0.000000,0.000000,0.000000,0.000000,-2944.000000,-392.000000,-589.000000
0.000000,200.000000,0.000000,0.000000,-2946.000000,-589.000000,-589.000000
-100.000000,0.000000,0.000000,0.000000,-2965.000000,-392.000000,-589.000000
200.000000,0.000000,78.000000,78.000000,-2994.000000,-589.000000,-589.000000
100.000000,-200.000000,0.000000,0.000000,-2985.000000,-392.000000,-392.000000
100.000000,100.000000,0.000000,0.000000,-2945.000000,-392.000000,-589.000000
-200.000000,0.000000,0.000000,0.000000,-2939.000000,-589.000000,-392.000000
0.000000,100.000000,0.000000,0.000000,-2930.000000,-392.000000,-196.000000
100.000000,0.000000,0.000000,0.000000,-2918.000000,-392.000000,-392.000000
0.000000,0.000000,0.000000,0.000000,-2932.000000,-392.000000,-196.000000
0.000000,100.000000,0.000000,0.000000,-2930.000000,-392.000000,-196.000000
200.000000,0.000000,0.000000,0.000000,-2918.000000,-392.000000,-196.000000
100.000000,500.000000,0.000000,0.000000,-2930.000000,-196.000000,-196.000000
0.000000,0.000000,0.000000,0.000000,-2920.000000,-392.000000,-196.000000
0.000000,100.000000,0.000000,0.000000,-2896.000000,-196.000000,0.000000
-100.000000,0.000000,0.000000,0.000000,-2882.000000,0.000000,0.000000
-100.000000,300.000000,78.000000,78.000000,-2887.000000,-196.000000,0.000000
100.000000,100.000000,0.000000,0.000000,-2861.000000,-196.000000,0.000000
-100.000000,0.000000,0.000000,0.000000,-2857.000000,-196.000000,0.000000
-400.000000,-200.000000,0.000000,0.000000,-2827.000000,-196.000000,0.000000
0.000000,0.000000,0.000000,0.000000,-2816.000000,-196.000000,0.000000
-100.000000,0.000000,156.000000,156.000000,-2816.000000,0.000000,0.000000
200.000000,-200.000000,0.000000,0.000000,-2804.000000,0.000000,0.000000
-100.000000,-300.000000,156.000000,156.000000,-2797.000000,0.000000,196.000000
100.000000,0.000000,0.000000,0.000000,-2817.000000,0.000000,0.000000
0.000000,100.000000,0.000000,0.000000,-2816.000000,0.000000,0.000000
-100.000000,0.000000,0.000000,0.000000,-2797.000000,0.000000,196.000000
-200.000000,-300.000000,0.000000,0.000000,-2817.000000,0.000000,0.000000
-100.000000,-100.000000,0.000000,0.000000,-2828.000000,0.000000,0.000000
-100.000000,0.000000,0.000000,0.000000,-2817.000000,0.000000,0.000000
0.000000,-200.000000,0.000000,0.000000,-2803.000000,0.000000,0.000000
0.000000,-200.000000,0.000000,0.000000,-2783.000000,0.000000,0.000000
-100.000000,-100.000000,0.000000,0.000000,-2804.000000,0.000000,0.000000
-100.000000,-100.000000,156.000000,156.000000,-2798.000000,196.000000,196.000000
0.000000,0.000000,0.000000,0.000000,-2823.000000,0.000000,196.000000
0.000000,0.000000,78.000000,78.000000,-2830.000000,0.000000,392.000000
100.000000,-300.000000,0.000000,0.000000,-2842.000000,0.000000,196.000000
0.000000,-200.000000,0.000000,0.000000,-2822.000000,0.000000,196.000000
0.000000,0.000000,0.000000,0.000000,-2825.000000,0.000000,196.000000
100.000000,0.000000,0.000000,0.000000,-2811.000000,0.000000,0.000000
-100.000000,0.000000,0.000000,0.000000,-2815.000000,0.000000,196.000000
-200.000000,100.000000,0.000000,0.000000,-2837.000000,0.000000,196.000000
0.000000,-200.000000,0.000000,0.000000,-2852.000000,0.000000,196.000000
0.000000,0.000000,0.000000,0.000000,-2850.000000,0.000000,0.000000
100.000000,0.000000,0.000000,0.000000,-2872.000000,0.000000,0.000000
-200.000000,200.000000,78.000000,78.000000,-2890.000000,0.000000,0.000000
200.000000,-100.000000,0.000000,0.000000,-2868.000000,0.000000,0.000000
-500.000000,-300.000000,0.000000,0.000000,-2884.000000,0.000000,0.000000
-200.000000,-200.000000,0.000000,0.000000,-2891.000000,0.000000,0.000000
0.000000,-100.000000,0.000000,0.000000,-2916.000000,0.000000,0.000000
-300.000000,0.000000,0.000000,0.000000,-2936.000000,-196.000000,0.000000
0.000000,-200.000000,156.000000,156.000000,-2935.000000,0.000000,0.000000
100.000000,-200.000000,0.000000,0.000000,-2926.000000,0.000000,0.000000
0.000000,0.000000,0.000000,0.000000,-2938.000000,0.000000,0.000000
-300.000000,-100.000000,0.000000,0.000000,-2939.000000,0.000000,0.000000
0.000000,-300.000000,0.000000,0.000000,-2932.000000,0.000000,0.000000
-100.000000,0.000000,0.000000,0.000000,-2929.000000,0.000000,0.000000
0.000000,0.000000,0.000000,0.000000,-2931.000000,0.000000,0.000000
-100.000000,-100.000000,0.000000,0.000000,-2921.000000,-196.000000,0.000000
0.000000,-100.000000,0.000000,0.000000,-2920.000000,0.000000,0.000000
0.000000,0.000000,0.000000,0.000000,-2930.000000,0.000000,-196.000000
0.000000,200.000000,0.000000,0.000000,-2955.000000,0.000000,0.000000
0.000000,100.000000,0.000000,0.000000,-2956.000000,0.000000,0.000000
100.000000,-100.000000,0.000000,0.000000,-2951.000000,-196.000000,0.000000
-300.000000,0.000000,0.000000,0.000000,-2960.000000,0.000000,0.000000
100.000000,0.000000,0.000000,0.000000,-2984.000000,-196.000000,0.000000
-100.000000,100.000000,0.000000,0.000000,-2974.000000,0.000000,0.000000
0.000000,-100.000000,0.000000,0.000000,-2970.000000,0.000000,-196.000000
-100.000000,-100.000000,0.000000,0.000000,-2995.000000,0.000000,0.000000
100.000000,0.000000,0.000000,0.000000,-3021.000000,0.000000,0.000000
-200.000000,-200.000000,0.000000,0.000000,-3006.000000,0.000000,0.000000
-100.000000,-100.000000,0.000000,0.000000,-2986.000000,0.000000,0.000000
-100.000000,100.000000,0.000000,0.000000,-2987.000000,0.000000,0.000000
-200.000000,-100.000000,0.000000,0.000000,-3002.000000,0.000000,0.000000
0.000000,100.000000,0.000000,0.000000,-3010.000000,0.000000,0.000000
0.000000,-200.000000,0.000000,0.000000,-2988.000000,0.000000,0.000000
-200.000000,-300.000000,0.000000,0.000000,-2984.000000,0.000000,0.000000
0.000000,-200.000000,0.000000,0.000000,-2966.000000,0.000000,0.000000
0.000000,-200.000000,0.000000,0.000000,-2964.000000,0.000000,0.000000
0.000000,0.000000,0.000000,0.000000,-2961.000000,196.000000,0.000000
0.000000,-200.000000,0.000000,0.000000,-2965.000000,0.000000,0.000000
0.000000,0.000000,0.000000,0.000000,-2968.000000,196.000000,196.000000
-100.000000,0.000000,0.000000,0.000000,-2963.000000,0.000000,0.000000
0.000000,100.000000,0.000000,0.000000,-2934.000000,0.000000,196.000000
-100.000000,0.000000,0.000000,0.000000,-2912.000000,0.000000,0.000000
-300.000000,-100.000000,0.000000,0.000000,-2892.000000,0.000000,0.000000
-200.000000,-200.000000,0.000000,0.000000,-2878.000000,0.000000,0.000000
-200.000000,-100.000000,0.000000,0.000000,-2903.000000,0.000000,0.000000
-100.000000,-200.000000,0.000000,0.000000,-2890.000000,0.000000,0.000000
-100.000000,-100.000000,0.000000,0.000000,-2879.000000,0.000000,0.000000
100.000000,0.000000,78.000000,78.000000,-2902.000000,0.000000,0.000000
-100.000000,100.000000,0.000000,0.000000,-2886.000000,0.000000,0.000000
0.000000,-300.000000,0.000000,0.000000,-2885.000000,0.000000,0.000000
0.000000,-300.000000,0.000000,0.000000,-2886.000000,0.000000,0.000000
-100.000000,0.000000,0.000000,0.000000,-2873.000000,0.000000,0.000000
0.000000,0.000000,156.000000,156.000000,-2859.000000,0.000000,0.000000
