Channel 1,Channel 2,Channel 3,Channel 4,Channel 5,Channel 6,Channel 7
0.000000,100.000000,0.000000,0.000000,-2945.000000,0.000000,0.000000
-200.000000,-100.000000,0.000000,0.000000,-2918.000000,0.000000,0.000000
-200.000000,100.000000,0.000000,0.000000,-2908.000000,0.000000,0.000000
-200.000000,0.000000,78.000000,78.000000,-2927.000000,0.000000,0.000000
100.000000,-100.000000,77.000000,78.000000,-2943.000000,0.000000,0.000000
300.000000,0.000000,0.000000,0.000000,-2945.000000,0.000000,0.000000
-300.000000,0.000000,0.000000,0.000000,-2974.000000,0.000000,0.000000
-100.000000,-200.000000,0.000000,0.000000,-2998.000000,0.000000,0.000000
-200.000000,-200.000000,0.000000,0.000000,-3004.000000,0.000000,0.000000
-100.000000,-300.000000,0.000000,0.000000,-2996.000000,0.000000,0.000000
-100.000000,100.000000,0.000000,0.000000,-2989.000000,0.000000,0.000000
0.000000,0.000000,0.000000,0.000000,-2956.000000,0.000000,0.000000
-200.000000,0.000000,0.000000,0.000000,-2976.000000,0.000000,0.000000
-100.000000,-100.000000,0.000000,0.000000,-2979.000000,0.000000,0.000000
0.000000,0.000000,0.000000,0.000000,-2951.000000,0.000000,0.000000
-200.000000,0.000000,0.000000,0.000000,-2943.000000,0.000000,0.000000
0.000000,100.000000,0.000000,0.000000,-2921.000000,0.000000,0.000000
0.000000,0.000000,0.000000,0.000000,-2942.000000,0.000000,0.000000
-100.000000,-200.000000,0.000000,0.000000,-2960.000000,0.000000,0.000000
300.000000,-300.000000,0.000000,0.000000,-2985.000000,0.000000,0.000000
-100.000000,0.000000,0.000000,0.000000,-3004.000000,0.000000,0.000000
0.000000,0.000000,0.000000,0.000000,-2987.000000,0.000000,0.000000
-200.000000,0.000000,0.000000,0.000000,-2969.000000,0.000000,0.000000
-100.000000,0.000000,0.000000,0.000000,-2982.000000,0.000000,0.000000
0.000000,-100.000000,0.000000,0.000000,-2969.000000,0.000000,0.000000
-100.000000,0.000000,0.000000,0.000000,-2964.000000,0.000000,0.000000
-300.000000,0.000000,0.000000,0.000000,-2985.000000,0.000000,0.000000
0.000000,0.000000,0.000000,0.000000,-2989.000000,0.000000,0.000000
-100.000000,0.000000,0.000000,0.000000,-2978.000000,0.000000,0.000000
-100.000000,0.000000,0.000000,0.000000,-2967.000000,0.000000,0.000000
-100.000000,0.000000,0.000000,0.000000,-2926.000000,0.000000,0.000000
0.000000,0.000000,0.000000,0.000000,-2943.000000,0.000000,0.000000
200.000000,-100.000000,0.000000,0.000000,-2926.000000,0.000000,0.000000
0.000000,-200.000000,0.000000,0.000000,-2946.000000,0.000000,0.000000
0.000000,-100.000000,0.000000,0.000000,-2935.000000,0.000000,0.000000
-100.000000,0.000000,0.000000,0.000000,-2895.000000,0.000000,0.000000
0.000000,0.000000,0.000000,0.000000,-2879.000000,0.000000,0.000000
0.000000,0.000000,0.000000,0.000000,-2885.000000,0.000000,0.000000
-200.000000,0.000000,0.000000,0.000000,-2865.000000,0.000000,0.000000
-100.000000,0.000000,0.000000,0.000000,-2860.000000,0.000000,0.000000
-100.000000,0.000000,0.000000,0.000000,-2837.000000,0.000000,0.000000
0.000000,0.000000,0.000000,0.000000,-2871.000000,0.000000,0.000000
-200.000000,0.000000,0.000000,0.000000,-2858.000000,0.000000,0.000000
-200.000000,-100.000000,0.000000,0.000000,-2861.000000,0.000000,0.000000
-100.000000,100.000000,0.000000,0.000000,-2870.000000,0.000000,0.000000
-100.000000,0.000000,0.000000,0.000000,-2854.000000,0.000000,0.000000
-200.000000,-100.000000,0.000000,0.000000,-2837.000000,0.000000,0.000000
0.000000,-300.000000,0.000000,0.000000,-2838.000000,0.000000,0.000000
-200.000000,0.000000,0.000000,0.000000,-2838.000000,0.000000,0.000000
-200.000000,0.000000,0.000000,0.000000,-2820.000000,0.000000,0.000000
0.000000,-100.000000,0.000000,0.000000,-2837.000000,0.000000,0.000000
100.000000,0.000000,0.000000,0.000000,-2835.000000,0.000000,0.000000
-200.000000,-100.000000,0.000000,0.000000,-2818.000000,0.000000,0.000000
0.000000,0.000000,0.000000,0.000000,-2801.000000,0.000000,0.000000
100.000000,-100.000000,0.000000,0.000000,-2770.000000,0.000000,0.000000
-100.000000,-300.000000,0.000000,0.000000,-2755.000000,0.000000,0.000000
0.000000,0.000000,0.000000,0.000000,-2741.000000,0.000000,0.000000
-100.000000,-100.000000,0.000000,0.000000,-2743.000000,0.000000,0.000000
300.000000,0.000000,0.000000,0.000000,-2733.000000,0.000000,0.000000
-200.000000,0.000000,0.000000,0.000000,-2717.000000,0.000000,0.000000
-100.000000,0.000000,0.000000,0.000000,-2729.000000,0.000000,0.000000
-100.000000,100.000000,0.000000,0.000000,-2722.000000,0.000000,0.000000
-300.000000,-100.000000,0.000000,0.000000,-2710.000000,0.000000,0.000000
-100.000000,0.000000,0.000000,0.000000,-2701.000000,0.000000,0.000000
0.000000,0.000000,0.000000,0.000000,-2733.000000,0.000000,0.000000
0.000000,0.000000,0.000000,0.000000,-2758.000000,0.000000,0.000000
0.000000,200.000000,0.000000,0.000000,-2732.000000,0.000000,0.000000
-100.000000,200.000000,0.000000,0.000000,-2711.000000,0.000000,0.000000
0.000000,-100.000000,0.000000,0.000000,-2712.000000,0.000000,0.000000
-200.000000,0.000000,0.000000,0.000000,-2709.000000,0.000000,0.000000
-100.000000,-100.000000,0.000000,0.000000,-2674.000000,0.000000,0.000000
-100.000000,-100.000000,0.000000,0.000000,-2648.000000,0.000000,0.000000
0.000000,0.000000,0.000000,0.000000,-2670.000000,0.000000,0.000000
-200.000000,0.000000,0.000000,0.000000,-2643.000000,0.000000,0.000000
300.000000,-100.000000,0.000000,0.000000,-2672.000000,0.000000,0.000000
0.000000,0.000000,78.000000,78.000000,-2704.000000,0.000000,0.000000
-100.000000,-100.000000,0.000000,0.000000,-2730.000000,0.000000,0.000000
-100.000000,-100.000000,0.000000,0.000000,-2747.000000,0.000000,0.000000
0.000000,-100.000000,0.000000,0.000000,-2787.000000,0.000000,0.000000
0.000000,0.000000,0.000000,0.000000,-2778.000000,0.000000,0.000000
0.000000,100.000000,0.000000,0.000000,-2775.000000,0.000000,0.000000
-100.000000,-200.000000,0.000000,0.000000,-2749.000000,0.000000,0.000000
-100.000000,-100.000000,0.000000,0.000000,-2750.000000,0.000000,0.000000
-100.000000,-200.000000,0.000000,0.000000,-2760.000000,0.000000,0.000000
-100.000000,-100.000000,0.000000,0.000000,-2729.000000,0.000000,0.000000
200.000000,0.000000,0.000000,0.000000,-2750.000000,0.000000,0.000000
0.000000,0.000000,0.000000,0.000000,-2748.000000,0.000000,0.000000
-200.000000,-200.000000,0.000000,0.000000,-2715.000000,0.000000,0.000000
-200.000000,-200.000000,0.000000,0.000000,-2706.000000,0.000000,0.000000
-300.000000,100.000000,0.000000,0.000000,-2695.000000,0.000000,0.000000
-300.000000,100.000000,0.000000,0.000000,-2665.000000,0.000000,0.000000
-200.000000,0.000000,0.000000,0.000000,-2652.000000,0.000000,0.000000
-100.000000,-100.000000,0.000000,0.000000,-2663.000000,0.000000,0.000000
0.000000,0.000000,0.000000,0.000000,-2630.000000,0.000000,0.000000
-300.000000,0.000000,0.000000,0.000000,-2626.000000,0.000000,0.000000
100.000000,0.000000,78.000000,78.000000,-2620.000000,0.000000,0.000000
-100.000000,-200.000000,0.000000,0.000000,-2633.000000,0.000000,0.000000
-100.000000,0.000000,0.000000,0.000000,-2630.000000,0.000000,0.000000
100.000000,-100.000000,78.000000,78.000000,-2672.000000,0.000000,0.000000
-100.000000,0.000000,0.000000,0.000000,-2704.000000,0.000000,0.000000
-100.000000,-100.000000,0.000000,0.000000,-2714.000000,0.000000,0.000000
-100.000000,-200.000000,0.000000,0.000000,-2745.000000,0.000000,0.000000
-100.000000,-200.000000,0.000000,0.000000,-2728.000000,0.000000,0.000000
0.000000,-100.000000,0.000000,0.000000,-2725.000000,0.000000,0.000000
-100.000000,-200.000000,0.000000,0.000000,-2730.000000,0.000000,0.000000
-100.000000,-100.000000,0.000000,0.000000,-2727.000000,0.000000,0.000000
0.000000,-200.000000,0.000000,0.000000,-2749.000000,0.000000,0.000000
0.000000,0.000000,0.000000,0.000000,-2771.000000,0.000000,0.000000
100.000000,0.000000,0.000000,0.000000,-2771.000000,0.000000,0.000000
-200.000000,0.000000,0.000000,0.000000,-2801.000000,0.000000,0.000000
0.000000,0.000000,0.000000,0.000000,-2781.000000,0.000000,0.000000
-100.000000,-200.000000,0.000000,0.000000,-2745.000000,0.000000,0.000000
0.000000,-100.000000,0.000000,0.000000,-2723.000000,0.000000,0.000000
0.000000,-200.000000,0.000000,0.000000,-2719.000000,0.000000,0.000000
0.000000,-200.000000,0.000000,0.000000,-2751.000000,0.000000,0.000000
0.000000,-300.000000,0.000000,0.000000,-2767.000000,0.000000,-196.000000
0.000000,0.000000,0.000000,0.000000,-2787.000000,0.000000,0.000000
0.000000,-100.000000,0.000000,0.000000,-2804.000000,0.000000,0.000000
0.000000,-100.000000,0.000000,0.000000,-2784.000000,0.000000,0.000000
-100.000000,0.000000,0.000000,0.000000,-2798.000000,0.000000,0.000000
-100.000000,0.000000,0.000000,0.000000,-2805.000000,0.000000,0.000000
0.000000,200.000000,0.000000,0.000000,-2781.000000,0.000000,196.000000
-100.000000,0.000000,0.000000,0.000000,-2816.000000,0.000000,0.000000
-200.000000,0.000000,0.000000,0.000000,-2812.000000,0.000000,0.000000
-200.000000,-100.000000,0.000000,0.000000,-2821.000000,0.000000,0.000000
0.000000,0.000000,0.000000,0.000000,-2842.000000,0.000000,0.000000
-100.000000,0.000000,0.000000,0.000000,-2838.000000,0.000000,0.000000
-100.000000,0.000000,0.000000,0.000000,-2837.000000,0.000000,0.000000
-100.000000,-300.000000,0.000000,0.000000,-2799.000000,0.000000,0.000000
0.000000,-300.000000,0.000000,0.000000,-2747.000000,0.000000,0.000000
0.000000,-100.000000,0.000000,0.000000,-2705.000000,0.000000,0.000000
100.000000,0.000000,0.000000,0.000000,-2710.000000,0.000000,0.000000
0.000000,0.000000,0.000000,0.000000,-2730.000000,0.000000,0.000000
-100.000000,-400.000000,0.000000,0.000000,-2731.000000,0.000000,0.000000
-300.000000,-100.000000,0.000000,0.000000,-2728.000000,0.000000,0.000000
-100.000000,-200.000000,0.000000,0.000000,-2728.000000,0.000000,0.000000
-100.000000,0.000000,0.000000,0.000000,-2761.000000,0.000000,0.000000
-200.000000,-100.000000,0.000000,0.000000,-2765.000000,196.000000,0.000000
-200.000000,0.000000,0.000000,0.000000,-2751.000000,196.000000,0.000000
-200.000000,100.000000,0.000000,0.000000,-2749.000000,196.000000,0.000000
0.000000,-300.000000,0.000000,0.000000,-2764.000000,392.000000,0.000000
-300.000000,0.000000,0.000000,0.000000,-2789.000000,392.000000,0.000000
-300.000000,0.000000,0.000000,0.000000,-2816.000000,196.000000,0.000000
-100.000000,300.000000,0.000000,0.000000,-2829.000000,392.000000,0.000000
0.000000,0.000000,0.000000,0.000000,-2848.000000,196.000000,0.000000
-300.000000,300.000000,0.000000,0.000000,-2866.000000,0.000000,0.000000
100.000000,200.000000,0.000000,0.000000,-2872.000000,0.000000,0.000000
0.000000,-100.000000,0.000000,0.000000,-2833.000000,0.000000,196.000000
0.000000,-100.000000,0.000000,0.000000,-2826.000000,0.000000,0.000000
-100.000000,0.000000,0.000000,0.000000,-2809.000000,0.000000,196.000000
-100.000000,0.000000,0.000000,0.000000,-2783.000000,0.000000,0.000000
-200.000000,-100.000000,0.000000,0.000000,-2803.000000,0.000000,0.000000
0.000000,0.000000,0.000000,0.000000,-2776.000000,0.000000,0.000000
-100.000000,0.000000,0.000000,0.000000,-2752.000000,0.000000,0.000000
100.000000,-200.000000,0.000000,0.000000,-2734.000000,0.000000,0.000000
0.000000,-100.000000,0.000000,0.000000,-2730.000000,0.000000,0.000000
0.000000,100.000000,0.000000,0.000000,-2718.000000,0.000000,0.000000
0.000000,-100.000000,0.000000,0.000000,-2757.000000,0.000000,0.000000
100.000000,0.000000,0.000000,0.000000,-2741.000000,0.000000,0.000000
-100.000000,-100.000000,0.000000,0.000000,-2731.000000,0.000000,0.000000
0.000000,-200.000000,0.000000,0.000000,-2745.000000,0.000000,0.000000
0.000000,0.000000,0.000000,0.000000,-2769.000000,0.000000,0.000000
0.000000,100.000000,156.000000,156.000000,-2736.000000,0.000000,0.000000
100.000000,100.000000,0.000000,0.000000,-2742.000000,0.000000,0.000000
-200.000000,-100.000000,0.000000,0.000000,-2744.000000,0.000000,0.000000
-100.000000,0.000000,0.000000,0.000000,-2744.000000,0.000000,0.000000
-100.000000,0.000000,0.000000,0.000000,-2745.000000,0.000000,0.000000
-200.000000,-100.000000,0.000000,0.000000,-2735.000000,0.000000,0.000000
0.000000,0.000000,0.000000,0.000000,-2718.000000,0.000000,0.000000
0.000000,-100.000000,0.000000,0.000000,-2709.000000,0.000000,0.000000
-200.000000,0.000000,0.000000,0.000000,-2682.000000,0.000000,0.000000
-100.000000,-100.000000,0.000000,0.000000,-2660.000000,0.000000,0.000000
-200.000000,0.000000,0.000000,0.000000,-2638.000000,0.000000,0.000000
-100.000000,0.000000,0.000000,0.000000,-2645.000000,0.000000,0.000000
-400.000000,100.000000,0.000000,0.000000,-2654.000000,0.000000,0.000000
-500.000000,-200.000000,0.000000,0.000000,-2659.000000,0.000000,0.000000
0.000000,-100.000000,0.000000,0.000000,-2657.000000,0.000000,0.000000
0.000000,-100.000000,0.000000,0.000000,-2663.000000,0.000000,0.000000
-200.000000,-100.000000,0.000000,0.000000,-2667.000000,0.000000,0.000000
-100.000000,-100.000000,0.000000,0.000000,-2703.000000,0.000000,0.000000
-100.000000,0.000000,0.000000,0.000000,-2725.000000,0.000000,0.000000
0.000000,-100.000000,0.000000,0.000000,-2750.000000,0.000000,0.000000
0.000000,200.000000,78.000000,78.000000,-2777.000000,0.000000,0.000000
0.000000,-100.000000,0.000000,0.000000,-2732.000000,0.000000,0.000000
0.000000,-100.000000,0.000000,0.000000,-2706.000000,0.000000,0.000000
-200.000000,100.000000,0.000000,0.000000,-2675.000000,0.000000,0.000000
-100.000000,-200.000000,0.000000,0.000000,-2662.000000,0.000000,0.000000
0.000000,-200.000000,15000.000000,15000.000000,-2693.000000,196.000000,196.000000
13900.000000,15600.000000,15000.000000,15000.000000,-2679.000000,3337.000000,3337.000000
13300.000000,14800.000000,15000.000000,15000.000000,-2591.000000,6086.000000,5497.000000
13800.000000,16200.000000,15000.000000,15000.000000,-2720.000000,4319.000000,3730.000000
16400.000000,18600.000000,15000.000000,15000.000000,-2928.000000,196.000000,-589.000000
16200.000000,15700.000000,15000.000000,15000.000000,-3276.000000,-1374.000000,-1570.000000
13800.000000,14200.000000,15000.000000,15000.000000,-3338.000000,-196.000000,785.000000
12400.000000,13500.000000,15000.000000,15000.000000,-3048.000000,2552.000000,2945.000000
16900.000000,13200.000000,15000.000000,15000.000000,-2576.000000,4319.000000,3926.000000
16600.000000,16000.000000,15000.000000,15000.000000,-2911.000000,4712.000000,3534.000000
17000.000000,14800.000000,15000.000000,15000.000000,-3340.000000,2748.000000,2159.000000
16600.000000,14300.000000,15000.000000,15000.000000,-3345.000000,785.000000,981.000000
14200.000000,14400.000000,15000.000000,15000.000000,-2961.000000,1374.000000,1374.000000
12200.000000,12300.000000,15000.000000,15000.000000,-2780.000000,3730.000000,3534.000000
13000.000000,13700.000000,15000.000000,15000.000000,-2984.000000,5497.000000,4908.000000
14800.000000,14100.000000,15000.000000,15000.000000,-3205.000000,5301.000000,4123.000000
13900.000000,16500.000000,15000.000000,15000.000000,-3073.000000,3337.000000,2748.000000
14400.000000,14100.000000,0.000000,0.000000,-2925.000000,2748.000000,2356.000000
-200.000000,100.000000,0.000000,0.000000,-2859.000000,981.000000,1178.000000
-100.000000,-200.000000,0.000000,0.000000,-2986.000000,785.000000,785.000000
0.000000,-400.000000,0.000000,0.000000,-2879.000000,392.000000,392.000000
-500.000000,-200.000000,0.000000,0.000000,-2657.000000,392.000000,589.000000
-100.000000,-500.000000,0.000000,0.000000,-3213.000000,1178.000000,1374.000000
0.000000,-400.000000,0.000000,0.000000,-3279.000000,2552.000000,3337.000000
0.000000,-100.000000,0.000000,0.000000,-3078.000000,3926.000000,4123.000000
-200.000000,-300.000000,0.000000,0.000000,-3072.000000,3730.000000,3534.000000
-100.000000,0.000000,0.000000,0.000000,-3197.000000,3730.000000,3926.000000
100.000000,-600.000000,0.000000,0.000000,-3187.000000,3141.000000,3141.000000
-100.000000,300.000000,0.000000,0.000000,-2996.000000,3141.000000,2159.000000
0.000000,-100.000000,0.000000,0.000000,-3005.000000,2356.000000,196.000000
100.000000,0.000000,0.000000,0.000000,-2873.000000,392.000000,-589.000000
0.000000,300.000000,0.000000,0.000000,-2796.000000,-392.000000,-589.000000
200.000000,0.000000,0.000000,0.000000,-2946.000000,-589.000000,-785.000000
300.000000,0.000000,0.000000,0.000000,-2687.000000,-589.000000,-392.000000
100.000000,100.000000,0.000000,0.000000,-2504.000000,-589.000000,-392.000000
200.000000,300.000000,0.000000,0.000000,-2673.000000,-392.000000,-392.000000
200.000000,0.000000,0.000000,0.000000,-2893.000000,-392.000000,0.000000
0.000000,0.000000,0.000000,0.000000,-2616.000000,-196.000000,-196.000000
-100.000000,-200.000000,0.000000,0.000000,-2621.000000,-392.000000,-981.000000
0.000000,-100.000000,0.000000,0.000000,-2860.000000,-785.000000,-1767.000000
0.000000,-100.000000,0.000000,0.000000,-2973.000000,-1374.000000,-1963.000000
100.000000,-100.000000,0.000000,0.000000,-2803.000000,-1767.000000,-1963.000000
100.000000,100.000000,0.000000,0.000000,-2866.000000,-1767.000000,-1963.000000
200.000000,0.000000,0.000000,0.000000,-2839.000000,-1570.000000,-1767.000000
100.000000,0.000000,0.000000,0.000000,-2786.000000,-1374.000000,-1374.000000
200.000000,200.000000,0.000000,0.000000,-2888.000000,-1178.000000,-1570.000000
0.000000,0.000000,0.000000,0.000000,-2946.000000,-981.000000,-1178.000000
0.000000,200.000000,0.000000,0.000000,-2740.000000,-981.000000,-1178.000000
0.000000,0.000000,0.000000,0.000000,-2674.000000,-981.000000,-1178.000000
0.000000,100.000000,0.000000,0.000000,-2827.000000,-785.000000,-1570.000000
200.000000,-300.000000,0.000000,0.000000,-2905.000000,-589.000000,-1570.000000
100.000000,100.000000,0.000000,0.000000,-2749.000000,-392.000000,-1570.000000
100.000000,300.000000,0.000000,0.000000,-2785.000000,-392.000000,-1178.000000
0.000000,-200.000000,0.000000,0.000000,-2895.000000,-196.000000,-1178.000000
0.000000,0.000000,0.000000,0.000000,-2934.000000,-392.000000,-981.000000
200.000000,100.000000,0.000000,0.000000,-2965.000000,0.000000,-981.000000
0.000000,-100.000000,0.000000,0.000000,-2895.000000,0.000000,-785.000000
-200.000000,-200.000000,0.000000,0.000000,-2889.000000,392.000000,-392.000000
100.000000,0.000000,0.000000,0.000000,-2881.000000,196.000000,-196.000000
-300.000000,-100.000000,0.000000,0.000000,-2931.000000,0.000000,-392.000000
-200.000000,0.000000,0.000000,0.000000,-2868.000000,0.000000,0.000000
0.000000,-200.000000,0.000000,0.000000,-2822.000000,0.000000,0.000000
-100.000000,0.000000,0.000000,0.000000,-2879.000000,0.000000,0.000000
-200.000000,-100.000000,0.000000,0.000000,-2923.000000,0.000000,196.000000
0.000000,0.000000,0.000000,0.000000,-2972.000000,392.000000,196.000000
0.000000,-500.000000,0.000000,0.000000,-3064.000000,1374.000000,1178.000000
0.000000,-300.000000,0.000000,0.000000,-3169.000000,2945.000000,1963.000000
-100.000000,-200.000000,0.000000,0.000000,-3117.000000,3534.000000,2552.000000
0.000000,-200.000000,0.000000,0.000000,-3212.000000,3337.000000,2356.000000
-100.000000,-200.000000,0.000000,0.000000,-3340.000000,3141.000000,2356.000000
0.000000,-300.000000,0.000000,0.000000,-3410.000000,2945.000000,2159.000000
-200.000000,-200.000000,0.000000,0.000000,-3369.000000,2748.000000,1963.000000
-300.000000,-200.000000,0.000000,0.000000,-3278.000000,2748.000000,1963.000000
0.000000,-300.000000,0.000000,0.000000,-3316.000000,2552.000000,1963.000000
-300.000000,0.000000,0.000000,0.000000,-3251.000000,2356.000000,2748.000000
-100.000000,-200.000000,0.000000,0.000000,-3146.000000,2159.000000,3141.000000
0.000000,-100.000000,0.000000,0.000000,-3149.000000,2356.000000,3534.000000
-100.000000,0.000000,0.000000,0.000000,-3130.000000,3141.000000,3337.000000
0.000000,0.000000,0.000000,0.000000,-3124.000000,3730.000000,3141.000000
0.000000,0.000000,0.000000,0.000000,-3107.000000,3926.000000,2945.000000
-300.000000,0.000000,0.000000,0.000000,-3090.000000,3730.000000,2748.000000
0.000000,0.000000,0.000000,0.000000,-3090.000000,3534.000000,2552.000000
-200.000000,-300.000000,0.000000,0.000000,-3054.000000,3337.000000,2356.000000
0.000000,0.000000,0.000000,0.000000,-3004.000000,3141.000000,2356.000000
-300.000000,0.000000,0.000000,0.000000,-2971.000000,3141.000000,2552.000000
-100.000000,-300.000000,0.000000,0.000000,-2955.000000,2945.000000,2945.000000
0.000000,-300.000000,0.000000,0.000000,-2899.000000,2552.000000,2748.000000
0.000000,0.000000,0.000000,0.000000,-2825.000000,2552.000000,2945.000000
100.000000,-200.000000,0.000000,0.000000,-2794.000000,2552.000000,2552.000000
0.000000,100.000000,0.000000,0.000000,-2789.000000,2159.000000,2552.000000
100.000000,-200.000000,0.000000,0.000000,-2785.000000,1963.000000,2356.000000
-100.000000,-200.000000,0.000000,0.000000,-2718.000000,1767.000000,2159.000000
0.000000,-300.000000,0.000000,0.000000,-2746.000000,1767.000000,1963.000000
0.000000,0.000000,0.000000,0.000000,-2754.000000,1570.000000,1963.000000
0.000000,100.000000,0.000000,0.000000,-2751.000000,1570.000000,1570.000000
-400.000000,0.000000,0.000000,0.000000,-2768.000000,1178.000000,1570.000000
0.000000,0.000000,0.000000,0.000000,-2777.000000,1178.000000,1178.000000
100.000000,-100.000000,0.000000,0.000000,-2749.000000,981.000000,1178.000000
-100.000000,-400.000000,0.000000,0.000000,-2737.000000,785.000000,981.000000
100.000000,-200.000000,0.000000,0.000000,-2705.000000,785.000000,785.000000
-300.000000,0.000000,0.000000,0.000000,-2709.000000,589.000000,392.000000
100.000000,0.000000,0.000000,0.000000,-2707.000000,392.000000,392.000000
-100.000000,-500.000000,0.000000,0.000000,-2677.000000,196.000000,196.000000
-100.000000,-400.000000,0.000000,0.000000,-2678.000000,-196.000000,196.000000
0.000000,300.000000,0.000000,0.000000,-2664.000000,-196.000000,-196.000000
200.000000,-100.000000,0.000000,0.000000,-2653.000000,0.000000,0.000000
200.000000,0.000000,0.000000,0.000000,-2611.000000,0.000000,-392.000000
0.000000,0.000000,0.000000,0.000000,-2661.000000,-196.000000,-785.000000
0.000000,0.000000,0.000000,0.000000,-2731.000000,-589.000000,-1178.000000
0.000000,0.000000,0.000000,0.000000,-2677.000000,-1374.000000,-1570.000000
0.000000,200.000000,0.000000,0.000000,-2623.000000,-1767.000000,-1374.000000
0.000000,-300.000000,0.000000,0.000000,-2605.000000,-1963.000000,-1178.000000
100.000000,200.000000,0.000000,0.000000,-2530.000000,-1767.000000,-1178.000000
0.000000,0.000000,0.000000,0.000000,-2526.000000,-1570.000000,-1178.000000
0.000000,200.000000,0.000000,0.000000,-2546.000000,-1570.000000,-981.000000
100.000000,0.000000,0.000000,0.000000,-2604.000000,-1374.000000,-1178.000000
200.000000,100.000000,0.000000,0.000000,-2563.000000,-1178.000000,-1570.000000
0.000000,0.000000,0.000000,0.000000,-2551.000000,-1178.000000,-1570.000000
100.000000,0.000000,0.000000,0.000000,-2587.000000,-981.000000,-1570.000000
100.000000,-100.000000,0.000000,0.000000,-2570.000000,-981.000000,-1374.000000
0.000000,-300.000000,0.000000,0.000000,-2551.000000,-981.000000,-1374.000000
100.000000,500.000000,0.000000,0.000000,-2557.000000,-1178.000000,-1178.000000
-100.000000,100.000000,0.000000,0.000000,-2553.000000,-1178.000000,-1178.000000
100.000000,100.000000,0.000000,0.000000,-2541.000000,-1374.000000,-785.000000
200.000000,100.000000,0.000000,0.000000,-2513.000000,-981.000000,-785.000000
0.000000,200.000000,0.000000,0.000000,-2541.000000,-981.000000,-589.000000
0.000000,100.000000,0.000000,0.000000,-2566.000000,-785.000000,-589.000000
0.000000,-200.000000,0.000000,0.000000,-2572.000000,-785.000000,-392.000000
100.000000,300.000000,0.000000,0.000000,-2593.000000,-392.000000,-589.000000
200.000000,0.000000,0.000000,0.000000,-2609.000000,-392.000000,-196.000000
0.000000,0.000000,0.000000,0.000000,-2624.000000,-392.000000,0.000000
0.000000,0.000000,0.000000,0.000000,-2616.000000,-196.000000,0.000000
0.000000,100.000000,0.000000,0.000000,-2595.000000,196.000000,0.000000
0.000000,-300.000000,0.000000,0.000000,-2570.000000,0.000000,196.000000
0.000000,0.000000,0.000000,0.000000,-2565.000000,0.000000,196.000000
-200.000000,-400.000000,0.000000,0.000000,-2574.000000,0.000000,0.000000
-200.000000,300.000000,0.000000,0.000000,-2568.000000,0.000000,0.000000
-100.000000,100.000000,0.000000,0.000000,-2588.000000,0.000000,0.000000
0.000000,0.000000,0.000000,0.000000,-2589.000000,0.000000,0.000000
-100.000000,0.000000,0.000000,0.000000,-2574.000000,0.000000,0.000000
0.000000,-100.000000,0.000000,0.000000,-2604.000000,196.000000,392.000000
0.000000,-400.000000,0.000000,0.000000,-2654.000000,0.000000,981.000000
0.000000,-300.000000,0.000000,0.000000,-2628.000000,0.000000,1570.000000
0.000000,-100.000000,0.000000,0.000000,-2640.000000,589.000000,1767.000000
-200.000000,0.000000,0.000000,0.000000,-2657.000000,1374.000000,1767.000000
-100.000000,-200.000000,0.000000,0.000000,-2662.000000,2159.000000,1570.000000
0.000000,-300.000000,0.000000,0.000000,-2618.000000,2159.000000,1570.000000
0.000000,0.000000,0.000000,0.000000,-2587.000000,1963.000000,1178.000000
-100.000000,0.000000,0.000000,0.000000,-2650.000000,1767.000000,1178.000000
0.000000,0.000000,0.000000,0.000000,-2675.000000,1767.000000,1178.000000
0.000000,-100.000000,0.000000,0.000000,-2652.000000,1570.000000,981.000000
100.000000,100.000000,0.000000,0.000000,-2612.000000,1570.000000,981.000000
-100.000000,-300.000000,0.000000,0.000000,-2627.000000,1374.000000,981.000000
-100.000000,0.000000,0.000000,0.000000,-2658.000000,981.000000,981.000000
0.000000,-200.000000,0.000000,0.000000,-2601.000000,1178.000000,1374.000000
-100.000000,-200.000000,0.000000,0.000000,-2515.000000,785.000000,1178.000000
0.000000,-100.000000,0.000000,0.000000,-2573.000000,785.000000,981.000000
0.000000,0.000000,0.000000,0.000000,-2599.000000,589.000000,981.000000
-300.000000,-100.000000,0.000000,0.000000,-2575.000000,392.000000,981.000000
-100.000000,-300.000000,0.000000,0.000000,-2569.000000,392.000000,589.000000
-100.000000,0.000000,0.000000,0.000000,-2602.000000,392.000000,589.000000
-100.000000,-200.000000,0.000000,0.000000,-2566.000000,196.000000,589.000000
0.000000,-200.000000,0.000000,0.000000,-2564.000000,0.000000,196.000000
-200.000000,-200.000000,0.000000,0.000000,-2599.000000,-196.000000,392.000000
-100.000000,-200.000000,0.000000,0.000000,-2581.000000,0.000000,0.000000
0.000000,0.000000,0.000000,0.000000,-2558.000000,0.000000,0.000000
0.000000,0.000000,0.000000,0.000000,-2548.000000,0.000000,-196.000000
0.000000,100.000000,0.000000,0.000000,-2579.000000,0.000000,0.000000
0.000000,0.000000,0.000000,0.000000,-2577.000000,0.000000,-196.000000
0.000000,-100.000000,0.000000,0.000000,-2525.000000,0.000000,0.000000
-100.000000,100.000000,0.000000,0.000000,-2548.000000,0.000000,0.000000
0.000000,0.000000,0.000000,0.000000,-2555.000000,0.000000,0.000000
100.000000,-100.000000,0.000000,0.000000,-2531.000000,0.000000,-589.000000
100.000000,0.000000,0.000000,0.000000,-2549.000000,0.000000,-1374.000000
200.000000,-300.000000,0.000000,0.000000,-2547.000000,-196.000000,-1767.000000
100.000000,-500.000000,0.000000,0.000000,-2574.000000,0.000000,-1570.000000
0.000000,200.000000,0.000000,0.000000,-2602.000000,-196.000000,-1570.000000
-200.000000,100.000000,0.000000,0.000000,-2577.000000,-196.000000,-1374.000000
100.000000,0.000000,0.000000,0.000000,-2644.000000,-785.000000,-1178.000000
100.000000,-200.000000,0.000000,0.000000,-2668.000000,-1374.000000,-1178.000000
0.000000,100.000000,0.000000,0.000000,-2679.000000,-2159.000000,-981.000000
300.000000,100.000000,0.000000,0.000000,-2665.000000,-2159.000000,-981.000000
0.000000,300.000000,0.000000,0.000000,-2577.000000,-1963.000000,-1374.000000
0.000000,100.000000,0.000000,0.000000,-2639.000000,-1767.000000,-1767.000000
0.000000,-200.000000,0.000000,0.000000,-2668.000000,-1570.000000,-1963.000000
0.000000,-200.000000,0.000000,0.000000,-2639.000000,-1570.000000,-1767.000000
100.000000,0.000000,0.000000,0.000000,-2619.000000,-1178.000000,-1570.000000
0.000000,200.000000,0.000000,0.000000,-2639.000000,-1178.000000,-1374.000000
100.000000,-200.000000,0.000000,0.000000,-2681.000000,-981.000000,-1178.000000
300.000000,200.000000,0.000000,0.000000,-2652.000000,-785.000000,-1178.000000
0.000000,0.000000,0.000000,0.000000,-2636.000000,-785.000000,-1178.000000
0.000000,0.000000,0.000000,0.000000,-2650.000000,-589.000000,-785.000000
200.000000,300.000000,0.000000,0.000000,-2623.000000,-785.000000,-981.000000
0.000000,200.000000,0.000000,0.000000,-2693.000000,-1178.000000,-785.000000
0.000000,200.000000,0.000000,0.000000,-2739.000000,-1178.000000,-981.000000
400.000000,0.000000,0.000000,0.000000,-2716.000000,-1374.000000,-981.000000
200.000000,100.000000,0.000000,0.000000,-2698.000000,-785.000000,-785.000000
0.000000,-100.000000,0.000000,0.000000,-2708.000000,-981.000000,-785.000000
0.000000,300.000000,0.000000,0.000000,-2752.000000,-981.000000,-589.000000
100.000000,100.000000,0.000000,0.000000,-2765.000000,-589.000000,-392.000000
300.000000,300.000000,0.000000,0.000000,-2744.000000,-392.000000,-392.000000
200.000000,0.000000,0.000000,0.000000,-2703.000000,-392.000000,-196.000000
0.000000,400.000000,0.000000,0.000000,-2720.000000,-392.000000,-196.000000
200.000000,300.000000,0.000000,0.000000,-2734.000000,-196.000000,0.000000
-200.000000,0.000000,0.000000,0.000000,-2714.000000,0.000000,0.000000
0.000000,0.000000,0.000000,0.000000,-2684.000000,0.000000,0.000000
0.000000,0.000000,0.000000,0.000000,-2721.000000,196.000000,0.000000
0.000000,-300.000000,0.000000,0.000000,-2717.000000,0.000000,0.000000
-100.000000,0.000000,0.000000,0.000000,-2712.000000,196.000000,0.000000
-200.000000,0.000000,0.000000,0.000000,-2755.000000,0.000000,0.000000
0.000000,100.000000,0.000000,0.000000,-2769.000000,0.000000,196.000000
0.000000,100.000000,0.000000,0.000000,-2768.000000,0.000000,0.000000
-100.000000,-100.000000,0.000000,0.000000,-2771.000000,0.000000,0.000000
-100.000000,100.000000,0.000000,0.000000,-2800.000000,0.000000,0.000000
-200.000000,0.000000,0.000000,0.000000,-2813.000000,0.000000,0.000000
0.000000,-100.000000,0.000000,0.000000,-2767.000000,0.000000,0.000000
-100.000000,100.000000,0.000000,0.000000,-2753.000000,0.000000,196.000000
-100.000000,200.000000,0.000000,0.000000,-2764.000000,0.000000,0.000000
-300.000000,-300.000000,0.000000,0.000000,-2729.000000,0.000000,0.000000
-100.000000,100.000000,0.000000,0.000000,-2747.000000,0.000000,0.000000
0.000000,0.000000,0.000000,0.000000,-2747.000000,0.000000,196.000000
-100.000000,200.000000,0.000000,0.000000,-2736.000000,0.000000,392.000000
0.000000,-600.000000,0.000000,0.000000,-2699.000000,0.000000,392.000000
-200.000000,200.000000,0.000000,0.000000,-2713.000000,0.000000,589.000000
-100.000000,-300.000000,0.000000,0.000000,-2714.000000,0.000000,589.000000
0.000000,0.000000,0.000000,0.000000,-2699.000000,0.000000,392.000000
0.000000,-300.000000,0.000000,0.000000,-2717.000000,0.000000,392.000000
-100.000000,100.000000,0.000000,0.000000,-2672.000000,196.000000,196.000000
0.000000,-200.000000,0.000000,0.000000,-2662.000000,0.000000,196.000000
-100.000000,0.000000,0.000000,0.000000,-2651.000000,0.000000,196.000000
0.000000,0.000000,0.000000,0.000000,-2599.000000,0.000000,0.000000
100.000000,200.000000,0.000000,0.000000,-2589.000000,0.000000,0.000000
-100.000000,100.000000,0.000000,0.000000,-2642.000000,0.000000,0.000000
0.000000,-100.000000,0.000000,0.000000,-2612.000000,0.000000,0.000000
0.000000,0.000000,0.000000,0.000000,-2603.000000,0.000000,0.000000
0.000000,0.000000,0.000000,0.000000,-2629.000000,0.000000,0.000000
0.000000,-100.000000,0.000000,0.000000,-2646.000000,0.000000,-196.000000
-100.000000,400.000000,0.000000,0.000000,-2647.000000,0.000000,0.000000
0.000000,0.000000,0.000000,0.000000,-2602.000000,0.000000,-196.000000
0.000000,-200.000000,0.000000,0.000000,-2634.000000,0.000000,0.000000
100.000000,-200.000000,0.000000,0.000000,-2664.000000,0.000000,0.000000
100.000000,200.000000,0.000000,0.000000,-2621.000000,-196.000000,-392.000000
0.000000,-100.000000,0.000000,0.000000,-2664.000000,-196.000000,-981.000000
800.000000,200.000000,0.000000,0.000000,-2696.000000,0.000000,-1178.000000
200.000000,0.000000,0.000000,0.000000,-2661.000000,-196.000000,-1374.000000
0.000000,300.000000,0.000000,0.000000,-2692.000000,-589.000000,-1178.000000
100.000000,300.000000,0.000000,0.000000,-2618.000000,-1178.000000,-785.000000
100.000000,300.000000,0.000000,0.000000,-2595.000000,-1570.000000,-981.000000
200.000000,100.000000,0.000000,0.000000,-2618.000000,-1570.000000,-589.000000
100.000000,0.000000,0.000000,0.000000,-2532.000000,-1178.000000,-589.000000
100.000000,200.000000,0.000000,0.000000,-2473.000000,-1374.000000,-392.000000
0.000000,0.000000,0.000000,0.000000,-2535.000000,-1178.000000,-785.000000
0.000000,-100.000000,0.000000,0.000000,-2599.000000,-981.000000,-589.000000
0.000000,0.000000,0.000000,0.000000,-2570.000000,-785.000000,-981.000000
200.000000,100.000000,0.000000,0.000000,-2513.000000,-785.000000,-981.000000
0.000000,300.000000,0.000000,0.000000,-2486.000000,-589.000000,-981.000000
200.000000,300.000000,0.000000,0.000000,-2509.000000,-589.000000,-785.000000
0.000000,0.000000,0.000000,0.000000,-2546.000000,-392.000000,-785.000000
100.000000,0.000000,0.000000,0.000000,-2588.000000,-785.000000,-785.000000
100.000000,400.000000,0.000000,0.000000,-2569.000000,-785.000000,-392.000000
-100.000000,0.000000,0.000000,0.000000,-2585.000000,-981.000000,-392.000000
100.000000,100.000000,0.000000,0.000000,-2629.000000,-981.000000,-392.000000
200.000000,0.000000,0.000000,0.000000,-2672.000000,-785.000000,-392.000000
200.000000,0.000000,0.000000,0.000000,-2668.000000,-589.000000,-392.000000
0.000000,-100.000000,0.000000,0.000000,-2696.000000,-589.000000,-589.000000
200.000000,-100.000000,0.000000,0.000000,-2769.000000,-392.000000,-589.000000
200.000000,200.000000,0.000000,0.000000,-2758.000000,-196.000000,-392.000000
100.000000,100.000000,0.000000,0.000000,-2715.000000,-196.000000,-392.000000
0.000000,-100.000000,0.000000,0.000000,-2684.000000,0.000000,-196.000000
100.000000,-200.000000,0.000000,0.000000,-2729.000000,0.000000,-196.000000
100.000000,-200.000000,0.000000,0.000000,-2749.000000,0.000000,-196.000000
-100.000000,0.000000,0.000000,0.000000,-2731.000000,-196.000000,-196.000000
-200.000000,0.000000,0.000000,0.000000,-2705.000000,0.000000,0.000000
-100.000000,300.000000,0.000000,0.000000,-2725.000000,0.000000,196.000000
0.000000,-100.000000,0.000000,0.000000,-2780.000000,0.000000,0.000000
-100.000000,0.000000,0.000000,0.000000,-2768.000000,0.000000,0.000000
-100.000000,-300.000000,0.000000,0.000000,-2727.000000,0.000000,0.000000
-100.000000,200.000000,0.000000,0.000000,-2745.000000,0.000000,0.000000
-100.000000,-100.000000,0.000000,0.000000,-2746.000000,0.000000,0.000000
-100.000000,-200.000000,0.000000,0.000000,-2724.000000,0.000000,0.000000
0.000000,0.000000,0.000000,0.000000,-2719.000000,0.000000,0.000000
100.000000,-200.000000,0.000000,0.000000,-2751.000000,0.000000,196.000000
-200.000000,-100.000000,0.000000,0.000000,-2779.000000,196.000000,0.000000
0.000000,-100.000000,0.000000,0.000000,-2773.000000,0.000000,0.000000
0.000000,300.000000,0.000000,0.000000,-2784.000000,0.000000,0.000000
-100.000000,-200.000000,0.000000,0.000000,-2745.000000,0.000000,0.000000
-100.000000,-100.000000,0.000000,0.000000,-2735.000000,0.000000,0.000000
-100.000000,-200.000000,0.000000,0.000000,-2717.000000,0.000000,0.000000
-300.000000,-100.000000,0.000000,0.000000,-2703.000000,0.000000,0.000000
-200.000000,0.000000,0.000000,0.000000,-2664.000000,0.000000,0.000000
0.000000,-200.000000,0.000000,0.000000,-2636.000000,0.000000,0.000000
-100.000000,0.000000,0.000000,0.000000,-2649.000000,196.000000,0.000000
0.000000,-100.000000,0.000000,0.000000,-2679.000000,0.000000,0.000000
-200.000000,0.000000,0.000000,0.000000,-2707.000000,0.000000,0.000000
-100.000000,0.000000,0.000000,0.000000,-2686.000000,0.000000,0.000000
0.000000,100.000000,0.000000,0.000000,-2678.000000,0.000000,0.000000
100.000000,-200.000000,0.000000,0.000000,-2694.000000,0.000000,0.000000
0.000000,0.000000,0.000000,0.000000,-2711.000000,0.000000,0.000000
0.000000,-500.000000,0.000000,0.000000,-2731.000000,0.000000,0.000000
100.000000,200.000000,0.000000,0.000000,-2700.000000,0.000000,0.000000
-100.000000,0.000000,0.000000,0.000000,-2665.000000,0.000000,0.000000
-200.000000,-100.000000,0.000000,0.000000,-2663.000000,0.000000,0.000000
0.000000,200.000000,0.000000,0.000000,-2681.000000,0.000000,0.000000
0.000000,-100.000000,0.000000,0.000000,-2654.000000,0.000000,0.000000
-200.000000,400.000000,0.000000,0.000000,-2658.000000,0.000000,0.000000
-100.000000,0.000000,0.000000,0.000000,-2681.000000,0.000000,-196.000000
-100.000000,-100.000000,0.000000,0.000000,-2678.000000,0.000000,0.000000
-200.000000,0.000000,0.000000,0.000000,-2697.000000,0.000000,0.000000
200.000000,100.000000,0.000000,0.000000,-2719.000000,0.000000,-196.000000
0.000000,0.000000,0.000000,0.000000,-2691.000000,0.000000,-196.000000
100.000000,0.000000,0.000000,0.000000,-2726.000000,0.000000,-981.000000
0.000000,-200.000000,0.000000,0.000000,-2747.000000,-196.000000,-981.000000
0.000000,0.000000,0.000000,0.000000,-2755.000000,-196.000000,-1178.000000
0.000000,0.000000,0.000000,0.000000,-2745.000000,0.000000,-981.000000
0.000000,-200.000000,0.000000,0.000000,-2724.000000,0.000000,-981.000000
0.000000,0.000000,0.000000,0.000000,-2749.000000,-196.000000,-785.000000
0.000000,-200.000000,0.000000,0.000000,-2798.000000,-196.000000,-589.000000
0.000000,0.000000,0.000000,0.000000,-2823.000000,-589.000000,-589.000000
0.000000,500.000000,0.000000,0.000000,-2779.000000,-981.000000,-589.000000
0.000000,400.000000,0.000000,0.000000,-2775.000000,-981.000000,-589.000000
0.000000,100.000000,0.000000,0.000000,-2797.000000,-981.000000,-785.000000
0.000000,-300.000000,0.000000,0.000000,-2754.000000,-785.000000,-981.000000
200.000000,-200.000000,0.000000,0.000000,-2739.000000,-785.000000,-981.000000
100.000000,100.000000,0.000000,0.000000,-2762.000000,-589.000000,-1178.000000
200.000000,0.000000,0.000000,0.000000,-2807.000000,-589.000000,-785.000000
100.000000,0.000000,0.000000,0.000000,-2770.000000,-392.000000,-981.000000
100.000000,-300.000000,0.000000,0.000000,-2765.000000,-392.000000,-589.000000
200.000000,0.000000,0.000000,0.000000,-2779.000000,-589.000000,-785.000000
0.000000,100.000000,0.000000,0.000000,-2782.000000,-589.000000,-392.000000
0.000000,-100.000000,0.000000,0.000000,-2760.000000,-785.000000,-589.000000
0.000000,100.000000,0.000000,0.000000,-2793.000000,-785.000000,-589.000000
0.000000,100.000000,0.000000,0.000000,-2815.000000,-785.000000,-589.000000
0.000000,300.000000,0.000000,0.000000,-2804.000000,-589.000000,-785.000000
200.000000,200.000000,0.000000,0.000000,-2821.000000,-589.000000,-589.000000
100.000000,100.000000,0.000000,0.000000,-2808.000000,-392.000000,-785.000000
0.000000,100.000000,0.000000,0.000000,-2771.000000,-392.000000,-589.000000
0.000000,300.000000,0.000000,0.000000,-2766.000000,-196.000000,-392.000000
100.000000,200.000000,0.000000,0.000000,-2769.000000,-392.000000,-392.000000
-100.000000,0.000000,0.000000,0.000000,-2808.000000,-196.000000,-392.000000
0.000000,0.000000,0.000000,0.000000,-2801.000000,-392.000000,-196.000000
100.000000,100.000000,0.000000,0.000000,-2836.000000,-196.000000,-196.000000
100.000000,300.000000,0.000000,0.000000,-2859.000000,-392.000000,-196.000000
-100.000000,300.000000,78.000000,78.000000,-2845.000000,-392.000000,-392.000000
-600.000000,-100.000000,0.000000,0.000000,-2841.000000,-196.000000,-196.000000
100.000000,200.000000,0.000000,0.000000,-2822.000000,-196.000000,-392.000000
0.000000,100.000000,0.000000,0.000000,-2846.000000,0.000000,-392.000000
100.000000,0.000000,0.000000,0.000000,-2839.000000,0.000000,-196.000000
-100.000000,-100.000000,0.000000,0.000000,-2822.000000,0.000000,0.000000
-100.000000,0.000000,0.000000,0.000000,-2836.000000,0.000000,0.000000
0.000000,0.000000,0.000000,0.000000,-2820.000000,0.000000,0.000000
0.000000,0.000000,0.000000,0.000000,-2839.000000,0.000000,0.000000
0.000000,0.000000,0.000000,0.000000,-2861.000000,0.000000,0.000000
0.000000,0.000000,0.000000,0.000000,-2866.000000,0.000000,0.000000
100.000000,100.000000,0.000000,0.000000,-2861.000000,0.000000,0.000000
-200.000000,0.000000,0.000000,0.000000,-2895.000000,0.000000,0.000000
-100.000000,-100.000000,0.000000,0.000000,-2881.000000,0.000000,0.000000
0.000000,100.000000,0.000000,0.000000,-2845.000000,0.000000,0.000000
100.000000,-200.000000,0.000000,0.000000,-2833.000000,0.000000,0.000000
100.000000,0.000000,0.000000,0.000000,-2860.000000,0.000000,0.000000
0.000000,-500.000000,0.000000,0.000000,-2851.000000,0.000000,0.000000
-100.000000,100.000000,0.000000,0.000000,-2853.000000,0.000000,0.000000
-100.000000,-100.000000,0.000000,0.000000,-2828.000000,0.000000,0.000000
0.000000,-200.000000,0.000000,0.000000,-2823.000000,0.000000,0.000000
0.000000,200.000000,156.000000,156.000000,-2832.000000,0.000000,0.000000
100.000000,-200.000000,0.000000,0.000000,-2858.000000,196.000000,0.000000
0.000000,0.000000,0.000000,0.000000,-2854.000000,0.000000,-196.000000
100.000000,-200.000000,0.000000,0.000000,-2830.000000,0.000000,0.000000
200.000000,0.000000,0.000000,0.000000,-2801.000000,0.000000,-196.000000
200.000000,0.000000,0.000000,0.000000,-2780.000000,0.000000,-196.000000
0.000000,100.000000,0.000000,0.000000,-2802.000000,0.000000,-196.000000
300.000000,-100.000000,0.000000,0.000000,-2802.000000,0.000000,-196.000000
400.000000,-100.000000,0.000000,0.000000,-2782.000000,0.000000,-196.000000
200.000000,0.000000,0.000000,0.000000,-2785.000000,0.000000,-196.000000
200.000000,100.000000,0.000000,0.000000,-2748.000000,-196.000000,-196.000000
0.000000,100.000000,0.000000,0.000000,-2736.000000,0.000000,-196.000000
0.000000,-200.000000,0.000000,0.000000,-2713.000000,0.000000,-196.000000
200.000000,200.000000,0.000000,0.000000,-2691.000000,0.000000,-196.000000
0.000000,100.000000,0.000000,0.000000,-2688.000000,0.000000,-196.000000
200.000000,400.000000,0.000000,0.000000,-2704.000000,-196.000000,-196.000000
0.000000,100.000000,0.000000,0.000000,-2681.000000,-196.000000,-392.000000
0.000000,100.000000,0.000000,0.000000,-2664.000000,-392.000000,-392.000000
100.000000,100.000000,0.000000,0.000000,-2701.000000,-196.000000,-589.000000
200.000000,100.000000,0.000000,0.000000,-2715.000000,-392.000000,-196.000000
0.000000,300.000000,0.000000,0.000000,-2705.000000,-196.000000,-196.000000
0.000000,0.000000,0.000000,0.000000,-2758.000000,-196.000000,-196.000000
0.000000,200.000000,0.000000,0.000000,-2768.000000,0.000000,-196.000000
0.000000,0.000000,0.000000,0.000000,-2779.000000,0.000000,-392.000000
-100.000000,0.000000,0.000000,0.000000,-2762.000000,-196.000000,-392.000000
100.000000,0.000000,0.000000,0.000000,-2734.000000,0.000000,-392.000000
0.000000,0.000000,0.000000,0.000000,-2735.000000,-196.000000,-392.000000
-100.000000,100.000000,0.000000,0.000000,-2751.000000,-196.000000,-196.000000
0.000000,200.000000,0.000000,0.000000,-2762.000000,-196.000000,-196.000000
100.000000,0.000000,0.000000,0.000000,-2764.000000,-196.000000,-196.000000
0.000000,100.000000,0.000000,0.000000,-2761.000000,-196.000000,-392.000000
0.000000,100.000000,0.000000,0.000000,-2733.000000,0.000000,-196.000000
0.000000,-100.000000,0.000000,0.000000,-2752.000000,-196.000000,-196.000000
0.000000,100.000000,0.000000,0.000000,-2747.000000,0.000000,-196.000000
0.000000,200.000000,0.000000,0.000000,-2750.000000,-196.000000,0.000000
0.000000,0.000000,0.000000,0.000000,-2738.000000,0.000000,0.000000
0.000000,100.000000,0.000000,0.000000,-2753.000000,0.000000,0.000000
0.000000,-100.000000,0.000000,0.000000,-2752.000000,0.000000,0.000000
0.000000,0.000000,0.000000,0.000000,-2733.000000,0.000000,-196.000000
0.000000,100.000000,0.000000,0.000000,-2752.000000,0.000000,0.000000
0.000000,0.000000,0.000000,0.000000,-2740.000000,0.000000,0.000000
0.000000,-100.000000,0.000000,0.000000,-2727.000000,0.000000,0.000000
-100.000000,-700.000000,0.000000,0.000000,-2719.000000,0.000000,196.000000
0.000000,0.000000,0.000000,0.000000,-2701.000000,0.000000,0.000000
100.000000,-100.000000,0.000000,0.000000,-2688.000000,0.000000,0.000000
0.000000,0.000000,0.000000,0.000000,-2673.000000,0.000000,0.000000
-200.000000,0.000000,0.000000,0.000000,-2637.000000,0.000000,0.000000
-100.000000,100.000000,0.000000,0.000000,-2625.000000,0.000000,0.000000
-200.000000,-200.000000,0.000000,0.000000,-2664.000000,0.000000,0.000000
0.000000,-100.000000,0.000000,0.000000,-2646.000000,0.000000,0.000000
-100.000000,-300.000000,0.000000,0.000000,-2607.000000,0.000000,0.000000
-100.000000,-100.000000,156.000000,156.000000,-2579.000000,0.000000,196.000000
0.000000,0.000000,0.000000,0.000000,-2548.000000,0.000000,0.000000
-200.000000,-100.000000,0.000000,0.000000,-2545.000000,0.000000,0.000000
-200.000000,0.000000,0.000000,0.000000,-2578.000000,196.000000,0.000000
-400.000000,-200.000000,0.000000,0.000000,-2578.000000,0.000000,0.000000
0.000000,100.000000,0.000000,0.000000,-2597.000000,196.000000,0.000000
0.000000,0.000000,0.000000,0.000000,-2616.000000,0.000000,0.000000
0.000000,-200.000000,0.000000,0.000000,-2642.000000,0.000000,0.000000
-200.000000,0.000000,0.000000,0.000000,-2641.000000,0.000000,0.000000
-200.000000,-100.000000,0.000000,0.000000,-2622.000000,0.000000,0.000000
-100.000000,0.000000,0.000000,0.000000,-2605.000000,0.000000,0.000000
0.000000,-100.000000,0.000000,0.000000,-2615.000000,0.000000,0.000000
0.000000,0.000000,0.000000,0.000000,-2648.000000,0.000000,0.000000
-100.000000,-100.000000,0.000000,0.000000,-2623.000000,0.000000,0.000000
-200.000000,-100.000000,0.000000,0.000000,-2606.000000,0.000000,0.000000
100.000000,-200.000000,0.000000,0.000000,-2599.000000,0.000000,0.000000
0.000000,0.000000,0.000000,0.000000,-2629.000000,0.000000,0.000000
0.000000,-300.000000,0.000000,0.000000,-2630.000000,0.000000,0.000000
-200.000000,0.000000,0.000000,0.000000,-2600.000000,0.000000,0.000000
0.000000,100.000000,0.000000,0.000000,-2578.000000,0.000000,0.000000
-200.000000,0.000000,0.000000,0.000000,-2589.000000,0.000000,0.000000
-100.000000,-100.000000,0.000000,0.000000,-2573.000000,0.000000,0.000000
0.000000,-200.000000,0.000000,0.000000,-2596.000000,0.000000,0.000000
0.000000,-300.000000,0.000000,0.000000,-2622.000000,0.000000,0.000000
0.000000,0.000000,0.000000,0.000000,-2634.000000,0.000000,0.000000
0.000000,-100.000000,0.000000,0.000000,-2649.000000,0.000000,0.000000
-200.000000,-100.000000,0.000000,0.000000,-2637.000000,0.000000,0.000000
0.000000,-100.000000,0.000000,0.000000,-2625.000000,0.000000,0.000000
-100.000000,0.000000,0.000000,0.000000,-2592.000000,0.000000,0.000000
0.000000,0.000000,0.000000,0.000000,-2613.000000,0.000000,0.000000
0.000000,0.000000,0.000000,0.000000,-2607.000000,0.000000,0.000000
100.000000,-100.000000,78.000000,78.000000,-2639.000000,0.000000,0.000000
0.000000,400.000000,77.000000,78.000000,-2651.000000,0.000000,0.000000
0.000000,0.000000,0.000000,0.000000,-2658.000000,0.000000,0.000000
-200.000000,0.000000,0.000000,0.000000,-2679.000000,0.000000,0.000000
-300.000000,100.000000,0.000000,0.000000,-2687.000000,0.000000,0.000000
-200.000000,-300.000000,0.000000,0.000000,-2728.000000,0.000000,0.000000
0.000000,-100.000000,0.000000,0.000000,-2758.000000,0.000000,0.000000
0.000000,-100.000000,0.000000,0.000000,-2763.000000,0.000000,0.000000
-200.000000,100.000000,0.000000,0.000000,-2774.000000,0.000000,0.000000
0.000000,100.000000,0.000000,0.000000,-2782.000000,0.000000,0.000000
-100.000000,0.000000,0.000000,0.000000,-2795.000000,0.000000,0.000000
-100.000000,-200.000000,0.000000,0.000000,-2790.000000,0.000000,0.000000
-100.000000,-200.000000,0.000000,0.000000,-2814.000000,0.000000,0.000000
100.000000,0.000000,0.000000,0.000000,-2830.000000,0.000000,0.000000
0.000000,0.000000,0.000000,0.000000,-2847.000000,-196.000000,0.000000
-100.000000,-100.000000,0.000000,0.000000,-2856.000000,0.000000,0.000000
-100.000000,-200.000000,0.000000,0.000000,-2842.000000,-196.000000,0.000000
-100.000000,0.000000,0.000000,0.000000,-2867.000000,0.000000,0.000000
