Channel 1,Channel 2,Channel 3,Channel 4,Channel 5,Channel 6,Channel 7
-100.000000,0.000000,0.000000,0.000000,-3071.000000,0.000000,0.000000
0.000000,-200.000000,0.000000,0.000000,-3065.000000,0.000000,0.000000
-100.000000,0.000000,0.000000,0.000000,-3069.000000,0.000000,0.000000
0.000000,0.000000,0.000000,0.000000,-3039.000000,0.000000,0.000000
-100.000000,-100.000000,0.000000,0.000000,-3024.000000,0.000000,0.000000
-200.000000,-100.000000,0.000000,0.000000,-3015.000000,0.000000,0.000000
-100.000000,0.000000,0.000000,0.000000,-3024.000000,0.000000,0.000000
-100.000000,-300.000000,0.000000,0.000000,-3011.000000,0.000000,0.000000
200.000000,100.000000,0.000000,0.000000,-3010.000000,0.000000,0.000000
0.000000,100.000000,0.000000,0.000000,-3018.000000,0.000000,0.000000
0.000000,0.000000,0.000000,0.000000,-3016.000000,0.000000,0.000000
0.000000,0.000000,0.000000,0.000000,-3022.000000,0.000000,0.000000
0.000000,0.000000,0.000000,0.000000,-3054.000000,0.000000,0.000000
0.000000,0.000000,0.000000,0.000000,-3062.000000,0.000000,0.000000
-100.000000,0.000000,0.000000,0.000000,-3052.000000,0.000000,0.000000
0.000000,0.000000,0.000000,0.000000,-3060.000000,0.000000,0.000000
-100.000000,0.000000,0.000000,0.000000,-3070.000000,0.000000,0.000000
0.000000,0.000000,0.000000,0.000000,-3064.000000,0.000000,0.000000
100.000000,100.000000,0.000000,0.000000,-3055.000000,0.000000,0.000000
-100.000000,-200.000000,0.000000,0.000000,-3033.000000,0.000000,0.000000
0.000000,0.000000,0.000000,0.000000,-2997.000000,0.000000,0.000000
300.000000,-100.000000,0.000000,0.000000,-3007.000000,0.000000,0.000000
0.000000,0.000000,0.000000,0.000000,-2990.000000,0.000000,0.000000
0.000000,-100.000000,0.000000,0.000000,-2962.000000,0.000000,0.000000
-200.000000,0.000000,0.000000,0.000000,-2928.000000,0.000000,0.000000
100.000000,0.000000,0.000000,0.000000,-2916.000000,0.000000,0.000000
0.000000,0.000000,0.000000,0.000000,-2949.000000,0.000000,0.000000
-300.000000,-100.000000,0.000000,0.000000,-2951.000000,0.000000,0.000000
-200.000000,100.000000,0.000000,0.000000,-2935.000000,0.000000,0.000000
0.000000,0.000000,0.000000,0.000000,-2927.000000,0.000000,0.000000
0.000000,0.000000,0.000000,0.000000,-2932.000000,0.000000,0.000000
0.000000,0.000000,0.000000,0.000000,-2950.000000,0.000000,0.000000
-100.000000,100.000000,78.000000,78.000000,-2947.000000,0.000000,0.000000
-200.000000,0.000000,0.000000,0.000000,-2968.000000,0.000000,0.000000
-300.000000,-100.000000,0.000000,0.000000,-2957.000000,0.000000,0.000000
-200.000000,400.000000,0.000000,0.000000,-2931.000000,0.000000,0.000000
-300.000000,-100.000000,0.000000,0.000000,-2912.000000,0.000000,0.000000
-100.000000,-200.000000,0.000000,0.000000,-2893.000000,0.000000,0.000000
0.000000,-100.000000,0.000000,0.000000,-2907.000000,0.000000,0.000000
0.000000,-200.000000,0.000000,0.000000,-2899.000000,0.000000,0.000000
-100.000000,-300.000000,0.000000,0.000000,-2878.000000,0.000000,0.000000
-100.000000,-200.000000,0.000000,0.000000,-2863.000000,0.000000,0.000000
-300.000000,0.000000,0.000000,0.000000,-2839.000000,0.000000,0.000000
-200.000000,-100.000000,0.000000,0.000000,-2844.000000,0.000000,0.000000
-200.000000,100.000000,0.000000,0.000000,-2851.000000,0.000000,0.000000
-100.000000,100.000000,0.000000,0.000000,-2839.000000,0.000000,0.000000
0.000000,-200.000000,0.000000,0.000000,-2828.000000,0.000000,0.000000
0.000000,200.000000,78.000000,78.000000,-2815.000000,0.000000,0.000000
0.000000,300.000000,0.000000,0.000000,-2817.000000,0.000000,0.000000
0.000000,-100.000000,0.000000,0.000000,-2807.000000,0.000000,0.000000
100.000000,0.000000,0.000000,0.000000,-2825.000000,0.000000,0.000000
100.000000,-200.000000,0.000000,0.000000,-2855.000000,0.000000,0.000000
0.000000,0.000000,0.000000,0.000000,-2839.000000,0.000000,0.000000
-200.000000,-100.000000,0.000000,0.000000,-2818.000000,0.000000,0.000000
0.000000,0.000000,0.000000,0.000000,-2833.000000,0.000000,0.000000
0.000000,0.000000,0.000000,0.000000,-2822.000000,0.000000,0.000000
-400.000000,100.000000,0.000000,0.000000,-2836.000000,0.000000,0.000000
0.000000,200.000000,0.000000,0.000000,-2837.000000,0.000000,0.000000
0.000000,0.000000,0.000000,0.000000,-2852.000000,0.000000,0.000000
-100.000000,0.000000,0.000000,0.000000,-2846.000000,0.000000,0.000000
0.000000,100.000000,0.000000,0.000000,-2863.000000,0.000000,0.000000
-200.000000,-100.000000,0.000000,0.000000,-2879.000000,0.000000,0.000000
-200.000000,200.000000,0.000000,0.000000,-2907.000000,0.000000,0.000000
-200.000000,0.000000,0.000000,0.000000,-2909.000000,0.000000,0.000000
0.000000,0.000000,0.000000,0.000000,-2891.000000,0.000000,0.000000
0.000000,0.000000,0.000000,0.000000,-2908.000000,0.000000,0.000000
200.000000,200.000000,0.000000,0.000000,-2898.000000,0.000000,0.000000
200.000000,0.000000,0.000000,0.000000,-2895.000000,0.000000,0.000000
-100.000000,100.000000,0.000000,0.000000,-2892.000000,0.000000,0.000000
100.000000,400.000000,0.000000,0.000000,-2887.000000,0.000000,0.000000
100.000000,0.000000,0.000000,0.000000,-2863.000000,0.000000,0.000000
100.000000,0.000000,0.000000,0.000000,-2841.000000,0.000000,0.000000
0.000000,0.000000,0.000000,0.000000,-2862.000000,0.000000,0.000000
0.000000,100.000000,0.000000,0.000000,-2884.000000,0.000000,0.000000
-100.000000,0.000000,0.000000,0.000000,-2876.000000,0.000000,0.000000
-100.000000,0.000000,0.000000,0.000000,-2863.000000,0.000000,0.000000
-200.000000,0.000000,0.000000,0.000000,-2835.000000,0.000000,0.000000
0.000000,100.000000,0.000000,0.000000,-2820.000000,0.000000,0.000000
100.000000,0.000000,0.000000,0.000000,-2818.000000,0.000000,0.000000
-200.000000,0.000000,0.000000,0.000000,-2794.000000,0.000000,0.000000
-200.000000,200.000000,0.000000,0.000000,-2784.000000,0.000000,0.000000
0.000000,100.000000,0.000000,0.000000,-2781.000000,0.000000,0.000000
-300.000000,0.000000,0.000000,0.000000,-2787.000000,0.000000,0.000000
-100.000000,-100.000000,0.000000,0.000000,-2808.000000,0.000000,0.000000
-200.000000,-100.000000,0.000000,0.000000,-2827.000000,0.000000,0.000000
-100.000000,200.000000,0.000000,0.000000,-2845.000000,0.000000,0.000000
-100.000000,0.000000,0.000000,0.000000,-2878.000000,0.000000,0.000000
-100.000000,-100.000000,0.000000,0.000000,-2918.000000,0.000000,0.000000
-300.000000,-100.000000,0.000000,0.000000,-2904.000000,0.000000,0.000000
100.000000,200.000000,0.000000,0.000000,-2884.000000,0.000000,0.000000
-100.000000,300.000000,0.000000,0.000000,-2848.000000,0.000000,0.000000
-100.000000,-300.000000,0.000000,0.000000,-2832.000000,0.000000,0.000000
-300.000000,-200.000000,0.000000,0.000000,-2832.000000,0.000000,0.000000
-100.000000,100.000000,0.000000,0.000000,-2846.000000,0.000000,0.000000
0.000000,0.000000,0.000000,0.000000,-2822.000000,0.000000,0.000000
-100.000000,0.000000,0.000000,0.000000,-2843.000000,0.000000,0.000000
-100.000000,0.000000,0.000000,0.000000,-2864.000000,0.000000,0.000000
-200.000000,-100.000000,0.000000,0.000000,-2875.000000,0.000000,0.000000
0.000000,0.000000,0.000000,0.000000,-2856.000000,0.000000,0.000000
0.000000,0.000000,0.000000,0.000000,-2830.000000,0.000000,0.000000
-100.000000,0.000000,0.000000,0.000000,-2799.000000,0.000000,0.000000
-100.000000,0.000000,0.000000,0.000000,-2784.000000,0.000000,0.000000
-200.000000,200.000000,0.000000,0.000000,-2769.000000,0.000000,0.000000
0.000000,0.000000,0.000000,0.000000,-2784.000000,0.000000,0.000000
-200.000000,-100.000000,0.000000,0.000000,-2790.000000,0.000000,0.000000
0.000000,100.000000,0.000000,0.000000,-2787.000000,0.000000,0.000000
-200.000000,0.000000,0.000000,0.000000,-2790.000000,0.000000,196.000000
0.000000,-100.000000,0.000000,0.000000,-2774.000000,0.000000,0.000000
100.000000,100.000000,0.000000,0.000000,-2753.000000,0.000000,0.000000
0.000000,200.000000,0.000000,0.000000,-2743.000000,0.000000,0.000000
0.000000,0.000000,0.000000,0.000000,-2708.000000,0.000000,0.000000
-100.000000,0.000000,0.000000,0.000000,-2723.000000,0.000000,0.000000
0.000000,100.000000,0.000000,0.000000,-2738.000000,0.000000,196.000000
-100.000000,0.000000,0.000000,0.000000,-2752.000000,0.000000,0.000000
0.000000,-100.000000,0.000000,0.000000,-2732.000000,0.000000,0.000000
-200.000000,0.000000,0.000000,0.000000,-2739.000000,0.000000,0.000000
-100.000000,100.000000,0.000000,0.000000,-2716.000000,0.000000,0.000000
-100.000000,100.000000,0.000000,0.000000,-2716.000000,0.000000,0.000000
-200.000000,0.000000,0.000000,0.000000,-2694.000000,196.000000,0.000000
-200.000000,0.000000,0.000000,0.000000,-2698.000000,0.000000,0.000000
-200.000000,0.000000,0.000000,0.000000,-2715.000000,0.000000,0.000000
0.000000,100.000000,0.000000,0.000000,-2760.000000,-196.000000,0.000000
0.000000,0.000000,0.000000,0.000000,-2757.000000,0.000000,0.000000
-200.000000,200.000000,0.000000,0.000000,-2769.000000,0.000000,0.000000
-200.000000,300.000000,0.000000,0.000000,-2742.000000,0.000000,0.000000
200.000000,0.000000,0.000000,0.000000,-2719.000000,0.000000,0.000000
0.000000,0.000000,0.000000,0.000000,-2698.000000,0.000000,0.000000
0.000000,0.000000,0.000000,0.000000,-2699.000000,0.000000,0.000000
0.000000,0.000000,0.000000,0.000000,-2709.000000,0.000000,0.000000
-100.000000,0.000000,0.000000,0.000000,-2738.000000,0.000000,0.000000
0.000000,100.000000,0.000000,0.000000,-2716.000000,0.000000,0.000000
0.000000,-100.000000,0.000000,0.000000,-2737.000000,0.000000,0.000000
-200.000000,-100.000000,0.000000,0.000000,-2766.000000,0.000000,0.000000
-100.000000,0.000000,0.000000,0.000000,-2787.000000,0.000000,0.000000
-100.000000,100.000000,0.000000,0.000000,-2782.000000,0.000000,0.000000
0.000000,0.000000,0.000000,0.000000,-2803.000000,0.000000,0.000000
0.000000,0.000000,0.000000,0.000000,-2811.000000,0.000000,0.000000
-200.000000,0.000000,20000.000000,20000.000000,-2813.000000,392.000000,589.000000
16400.000000,19700.000000,20000.000000,20000.000000,-2773.000000,4123.000000,4516.000000
19300.000000,18200.000000,20000.000000,20000.000000,-2544.000000,4319.000000,5105.000000
19900.000000,23300.000000,20000.000000,20000.000000,-2520.000000,785.000000,1767.000000
16800.000000,22900.000000,20000.000000,20000.000000,-2845.000000,-1178.000000,-785.000000
22400.000000,19600.000000,20000.000000,20000.000000,-3097.000000,589.000000,-392.000000
18500.000000,19900.000000,20000.000000,20000.000000,-2744.000000,2945.000000,1767.000000
16500.000000,17200.000000,20000.000000,20000.000000,-2363.000000,4123.000000,3926.000000
17400.000000,18500.000000,20000.000000,20000.000000,-2582.000000,3730.000000,4908.000000
21400.000000,18900.000000,20000.000000,20000.000000,-2960.000000,2552.000000,4516.000000
19300.000000,22000.000000,20000.000000,20000.000000,-3032.000000,2159.000000,2552.000000
18000.000000,21500.000000,20000.000000,20000.000000,-2801.000000,3141.000000,1570.000000
16400.000000,17500.000000,20000.000000,20000.000000,-2364.000000,4908.000000,3141.000000
21200.000000,20300.000000,20000.000000,20000.000000,-2431.000000,5890.000000,5105.000000
20600.000000,20200.000000,20000.000000,20000.000000,-2803.000000,4712.000000,5890.000000
21900.000000,20400.000000,20000.000000,20000.000000,-2624.000000,3534.000000,4319.000000
20100.000000,21100.000000,20000.000000,20000.000000,-2359.000000,3534.000000,3534.000000
21600.000000,18000.000000,20000.000000,20000.000000,-2304.000000,5105.000000,4123.000000
18100.000000,18600.000000,20000.000000,20000.000000,-2417.000000,6283.000000,5301.000000
21600.000000,18900.000000,20000.000000,20000.000000,-2319.000000,6086.000000,6086.000000
21600.000000,19100.000000,20000.000000,20000.000000,-2180.000000,5301.000000,6086.000000
21500.000000,22400.000000,20000.000000,20000.000000,-2237.000000,4516.000000,5301.000000
18800.000000,19700.000000,20000.000000,20000.000000,-2216.000000,4516.000000,4516.000000
20500.000000,18400.000000,20000.000000,20000.000000,-2195.000000,5105.000000,4516.000000
18800.000000,21000.000000,20000.000000,20000.000000,-1963.000000,5890.000000,5694.000000
18500.000000,21200.000000,20000.000000,20000.000000,-1967.000000,6086.000000,6479.000000
18400.000000,22000.000000,20000.000000,20000.000000,-2043.000000,5497.000000,5890.000000
18800.000000,19200.000000,20000.000000,20000.000000,-2017.000000,4908.000000,4516.000000
17900.000000,20800.000000,20000.000000,20000.000000,-2043.000000,4712.000000,4319.000000
17600.000000,18100.000000,20000.000000,20000.000000,-2098.000000,4908.000000,4908.000000
21600.000000,21600.000000,20000.000000,20000.000000,-2122.000000,5105.000000,5497.000000
21600.000000,18400.000000,20000.000000,20000.000000,-2113.000000,5105.000000,5890.000000
21900.000000,22100.000000,20000.000000,20000.000000,-2092.000000,4908.000000,5497.000000
18100.000000,18200.000000,20000.000000,20000.000000,-2239.000000,4908.000000,4516.000000
17900.000000,22300.000000,20000.000000,20000.000000,-2357.000000,4908.000000,3730.000000
17600.000000,18800.000000,20000.000000,20000.000000,-2341.000000,4319.000000,3926.000000
17700.000000,18000.000000,20000.000000,20000.000000,-2371.000000,4123.000000,4516.000000
21800.000000,18300.000000,20000.000000,20000.000000,-2420.000000,3926.000000,4908.000000
17900.000000,18100.000000,20000.000000,20000.000000,-2343.000000,4123.000000,4516.000000
22500.000000,18300.000000,20000.000000,20000.000000,-2500.000000,3926.000000,3730.000000
21300.000000,18400.000000,20000.000000,20000.000000,-2589.000000,4123.000000,3730.000000
17800.000000,19100.000000,20000.000000,20000.000000,-2587.000000,4123.000000,3730.000000
17500.000000,18800.000000,20000.000000,20000.000000,-2610.000000,3534.000000,4123.000000
18000.000000,18300.000000,20000.000000,20000.000000,-2659.000000,3141.000000,4319.000000
18000.000000,21800.000000,20000.000000,20000.000000,-2714.000000,3337.000000,4319.000000
17700.000000,18800.000000,20000.000000,20000.000000,-2663.000000,3337.000000,4123.000000
20500.000000,18900.000000,20000.000000,20000.000000,-2727.000000,3337.000000,3534.000000
21200.000000,19500.000000,20000.000000,20000.000000,-2691.000000,3534.000000,3534.000000
17300.000000,22100.000000,20000.000000,20000.000000,-2648.000000,3337.000000,3730.000000
17700.000000,18500.000000,20000.000000,20000.000000,-2633.000000,3141.000000,3926.000000
17700.000000,20500.000000,20000.000000,20000.000000,-2707.000000,3141.000000,3534.000000
19500.000000,18900.000000,20000.000000,20000.000000,-2739.000000,3534.000000,3141.000000
19800.000000,18100.000000,20000.000000,20000.000000,-2752.000000,3926.000000,2945.000000
17100.000000,18500.000000,20000.000000,20000.000000,-2794.000000,3926.000000,3337.000000
18100.000000,19000.000000,20000.000000,20000.000000,-2826.000000,3337.000000,3926.000000
17800.000000,18100.000000,20000.000000,20000.000000,-2853.000000,3141.000000,3926.000000
17700.000000,22300.000000,20000.000000,20000.000000,-2930.000000,3534.000000,4123.000000
17200.000000,20200.000000,20000.000000,20000.000000,-2896.000000,4123.000000,4123.000000
18000.000000,21700.000000,20000.000000,20000.000000,-2917.000000,4516.000000,4123.000000
19100.000000,18400.000000,20000.000000,20000.000000,-2899.000000,4908.000000,4319.000000
21900.000000,21500.000000,20000.000000,20000.000000,-2829.000000,4712.000000,4516.000000
18000.000000,18600.000000,20000.000000,20000.000000,-2875.000000,4712.000000,5105.000000
21800.000000,19600.000000,20000.000000,20000.000000,-2757.000000,4908.000000,5105.000000
18200.000000,18600.000000,20000.000000,20000.000000,-2672.000000,5301.000000,5105.000000
17900.000000,20200.000000,20000.000000,20000.000000,-2779.000000,5890.000000,5301.000000
17900.000000,20500.000000,20000.000000,20000.000000,-2873.000000,5890.000000,6283.000000
18900.000000,19500.000000,20000.000000,20000.000000,-2897.000000,6283.000000,6479.000000
21600.000000,18300.000000,20000.000000,20000.000000,-2918.000000,6872.000000,6479.000000
20000.000000,21500.000000,20000.000000,20000.000000,-2929.000000,7068.000000,6675.000000
17800.000000,18800.000000,20000.000000,20000.000000,-3036.000000,7264.000000,7264.000000
18200.000000,20000.000000,20000.000000,20000.000000,-2941.000000,7264.000000,7853.000000
18100.000000,21300.000000,20000.000000,20000.000000,-2897.000000,8050.000000,6872.000000
18700.000000,18900.000000,20000.000000,20000.000000,-2783.000000,8835.000000,7853.000000
19000.000000,19000.000000,20000.000000,20000.000000,-2828.000000,9228.000000,8246.000000
21100.000000,18800.000000,20000.000000,20000.000000,-2882.000000,9032.000000,9032.000000
18300.000000,19200.000000,20000.000000,20000.000000,-2935.000000,9228.000000,9621.000000
18500.000000,18200.000000,20000.000000,20000.000000,-2920.000000,9817.000000,9817.000000
18500.000000,19000.000000,20000.000000,20000.000000,-2952.000000,10210.000000,9424.000000
18400.000000,19100.000000,20000.000000,20000.000000,-2788.000000,10406.000000,10013.000000
18400.000000,20800.000000,20000.000000,20000.000000,-2945.000000,10995.000000,10210.000000
18200.000000,18600.000000,20000.000000,20000.000000,-2896.000000,10995.000000,10406.000000
20800.000000,20800.000000,20000.000000,20000.000000,-2832.000000,11191.000000,11191.000000
20600.000000,19300.000000,20000.000000,20000.000000,-2808.000000,11780.000000,15904.000000
18100.000000,19900.000000,20000.000000,20000.000000,-2855.000000,12173.000000,11191.000000
18700.000000,20500.000000,20000.000000,20000.000000,-2650.000000,12173.000000,11584.000000
21600.000000,21200.000000,20000.000000,20000.000000,-2333.000000,12566.000000,11388.000000
19900.000000,18600.000000,20000.000000,20000.000000,-2616.000000,12566.000000,10799.000000
18600.000000,19600.000000,20000.000000,20000.000000,-2450.000000,12566.000000,10995.000000
20500.000000,20400.000000,20000.000000,20000.000000,-2475.000000,12762.000000,12762.000000
21500.000000,18500.000000,20000.000000,20000.000000,-2527.000000,12959.000000,13155.000000
21000.000000,19400.000000,20000.000000,20000.000000,-2395.000000,12959.000000,12173.000000
18800.000000,19100.000000,20000.000000,20000.000000,-2330.000000,12959.000000,11584.000000
18600.000000,18800.000000,20000.000000,20000.000000,-2414.000000,12959.000000,11977.000000
18400.000000,21100.000000,20000.000000,20000.000000,-2539.000000,13155.000000,12370.000000
21800.000000,18500.000000,20000.000000,20000.000000,-2213.000000,13351.000000,12566.000000
18600.000000,18600.000000,20000.000000,20000.000000,-2386.000000,13155.000000,12762.000000
18200.000000,21100.000000,20000.000000,20000.000000,-2414.000000,13155.000000,12370.000000
20500.000000,18800.000000,20000.000000,20000.000000,-2155.000000,13155.000000,12566.000000
20800.000000,20300.000000,20000.000000,20000.000000,-2110.000000,13351.000000,12370.000000
18300.000000,20000.000000,0.000000,0.000000,-2092.000000,13155.000000,10995.000000
100.000000,200.000000,0.000000,0.000000,-1985.000000,10406.000000,9817.000000
-200.000000,0.000000,0.000000,0.000000,-2149.000000,9032.000000,8246.000000
0.000000,0.000000,0.000000,0.000000,-2314.000000,8443.000000,7657.000000
0.000000,-100.000000,0.000000,0.000000,-2389.000000,8246.000000,9228.000000
0.000000,-100.000000,0.000000,0.000000,-2274.000000,9032.000000,10799.000000
-100.000000,0.000000,0.000000,0.000000,-1633.000000,10995.000000,11977.000000
-100.000000,0.000000,0.000000,0.000000,-1986.000000,12370.000000,11780.000000
-100.000000,-100.000000,0.000000,0.000000,-1926.000000,12370.000000,11191.000000
-100.000000,0.000000,0.000000,0.000000,-1640.000000,12173.000000,9621.000000
-100.000000,300.000000,0.000000,0.000000,-1920.000000,11780.000000,10602.000000
-100.000000,-200.000000,0.000000,0.000000,-2307.000000,10995.000000,6086.000000
-200.000000,0.000000,0.000000,0.000000,-2369.000000,8246.000000,6086.000000
0.000000,0.000000,0.000000,0.000000,-2439.000000,6086.000000,5890.000000
0.000000,300.000000,0.000000,0.000000,-2503.000000,5301.000000,5301.000000
100.000000,0.000000,0.000000,0.000000,-2383.000000,5301.000000,5497.000000
-100.000000,100.000000,0.000000,0.000000,-2414.000000,4908.000000,6086.000000
0.000000,-100.000000,0.000000,0.000000,-2626.000000,4712.000000,7068.000000
100.000000,0.000000,0.000000,0.000000,-2565.000000,4712.000000,6479.000000
0.000000,200.000000,0.000000,0.000000,-2704.000000,5497.000000,6283.000000
300.000000,0.000000,0.000000,0.000000,-2676.000000,7264.000000,6283.000000
100.000000,0.000000,0.000000,0.000000,-2874.000000,7461.000000,6086.000000
-100.000000,0.000000,0.000000,0.000000,-2665.000000,7853.000000,6675.000000
0.000000,0.000000,0.000000,0.000000,-2195.000000,7461.000000,6479.000000
0.000000,100.000000,0.000000,0.000000,-2557.000000,7461.000000,5694.000000
0.000000,100.000000,0.000000,0.000000,-2745.000000,7264.000000,5105.000000
-100.000000,0.000000,0.000000,0.000000,-2338.000000,6872.000000,5105.000000
-100.000000,-100.000000,0.000000,0.000000,-2111.000000,6872.000000,4712.000000
-100.000000,100.000000,0.000000,0.000000,-2459.000000,6479.000000,5105.000000
-100.000000,300.000000,0.000000,0.000000,-2693.000000,6479.000000,5890.000000
-100.000000,-100.000000,0.000000,0.000000,-2315.000000,6086.000000,7264.000000
0.000000,0.000000,0.000000,0.000000,-2082.000000,6086.000000,7657.000000
0.000000,-200.000000,0.000000,0.000000,-2200.000000,6479.000000,7264.000000
100.000000,0.000000,0.000000,0.000000,-2375.000000,8443.000000,7264.000000
-100.000000,0.000000,0.000000,0.000000,-2583.000000,10210.000000,7068.000000
100.000000,0.000000,0.000000,0.000000,-2453.000000,10602.000000,6872.000000
0.000000,0.000000,0.000000,0.000000,-2344.000000,10602.000000,7657.000000
0.000000,0.000000,0.000000,0.000000,-2140.000000,10799.000000,9228.000000
-100.000000,200.000000,0.000000,0.000000,-2249.000000,10406.000000,10013.000000
-100.000000,-100.000000,0.000000,0.000000,-2365.000000,10013.000000,9817.000000
0.000000,200.000000,0.000000,0.000000,-2518.000000,10013.000000,9032.000000
0.000000,0.000000,0.000000,0.000000,-2378.000000,10013.000000,8050.000000
0.000000,100.000000,0.000000,0.000000,-2429.000000,11388.000000,9424.000000
100.000000,300.000000,0.000000,0.000000,-2451.000000,12762.000000,10602.000000
-100.000000,-100.000000,0.000000,0.000000,-2232.000000,13940.000000,11780.000000
0.000000,-100.000000,0.000000,0.000000,-2291.000000,13744.000000,11977.000000
-100.000000,0.000000,0.000000,0.000000,-2397.000000,13548.000000,11780.000000
-200.000000,0.000000,0.000000,0.000000,-2417.000000,13548.000000,11584.000000
0.000000,-100.000000,0.000000,0.000000,-2350.000000,13351.000000,11584.000000
0.000000,0.000000,0.000000,0.000000,-2319.000000,13155.000000,12370.000000
0.000000,100.000000,0.000000,0.000000,-2629.000000,13548.000000,17475.000000
-200.000000,0.000000,0.000000,0.000000,-2412.000000,14333.000000,13744.000000
-200.000000,100.000000,0.000000,0.000000,-2341.000000,15315.000000,13744.000000
-300.000000,0.000000,0.000000,0.000000,-2423.000000,15511.000000,12959.000000
100.000000,-200.000000,0.000000,0.000000,-2530.000000,15118.000000,11977.000000
0.000000,0.000000,0.000000,0.000000,-2352.000000,15511.000000,12173.000000
0.000000,0.000000,0.000000,0.000000,-2202.000000,15118.000000,13351.000000
0.000000,0.000000,0.000000,0.000000,-2059.000000,14922.000000,13744.000000
-100.000000,400.000000,0.000000,0.000000,-1984.000000,14726.000000,13744.000000
-100.000000,-100.000000,0.000000,0.000000,-1992.000000,14726.000000,14137.000000
0.000000,100.000000,0.000000,0.000000,-1856.000000,15118.000000,13744.000000
0.000000,200.000000,0.000000,0.000000,-1861.000000,15511.000000,13351.000000
0.000000,-100.000000,0.000000,0.000000,-1761.000000,15511.000000,11977.000000
100.000000,100.000000,0.000000,0.000000,-1712.000000,15118.000000,12762.000000
0.000000,0.000000,0.000000,0.000000,-1611.000000,15118.000000,12566.000000
100.000000,-200.000000,0.000000,0.000000,-1564.000000,14922.000000,12566.000000
0.000000,0.000000,0.000000,0.000000,-1530.000000,14333.000000,10406.000000
-100.000000,0.000000,0.000000,0.000000,-1545.000000,14333.000000,11977.000000
0.000000,-100.000000,0.000000,0.000000,-1424.000000,13744.000000,11977.000000
0.000000,0.000000,0.000000,0.000000,-1228.000000,13548.000000,11977.000000
0.000000,0.000000,0.000000,0.000000,-1277.000000,12762.000000,11780.000000
200.000000,0.000000,0.000000,0.000000,-1303.000000,11977.000000,11584.000000
-100.000000,100.000000,0.000000,0.000000,-1153.000000,11388.000000,11584.000000
-100.000000,-100.000000,0.000000,0.000000,-978.000000,10995.000000,11191.000000
-100.000000,0.000000,0.000000,0.000000,-1121.000000,10799.000000,11388.000000
0.000000,200.000000,0.000000,0.000000,-963.000000,10406.000000,9621.000000
0.000000,100.000000,0.000000,0.000000,-919.000000,10013.000000,13744.000000
-200.000000,300.000000,0.000000,0.000000,-825.000000,9817.000000,8443.000000
0.000000,0.000000,0.000000,0.000000,-879.000000,9621.000000,7461.000000
-100.000000,-100.000000,0.000000,0.000000,-813.000000,9228.000000,7264.000000
100.000000,100.000000,0.000000,0.000000,-762.000000,9032.000000,6283.000000
-100.000000,100.000000,0.000000,0.000000,-636.000000,8639.000000,5890.000000
0.000000,0.000000,0.000000,0.000000,-551.000000,8246.000000,5694.000000
0.000000,400.000000,0.000000,0.000000,-549.000000,7657.000000,5497.000000
0.000000,300.000000,0.000000,0.000000,-519.000000,7068.000000,5301.000000
0.000000,100.000000,0.000000,0.000000,-651.000000,6872.000000,5105.000000
-100.000000,0.000000,0.000000,0.000000,-561.000000,6479.000000,5301.000000
-200.000000,-100.000000,0.000000,0.000000,-553.000000,6675.000000,4908.000000
-100.000000,-100.000000,0.000000,0.000000,-655.000000,6283.000000,5105.000000
-100.000000,0.000000,0.000000,0.000000,-641.000000,5890.000000,5301.000000
-200.000000,0.000000,0.000000,0.000000,-762.000000,5890.000000,5301.000000
-100.000000,100.000000,0.000000,0.000000,-747.000000,5694.000000,5497.000000
200.000000,-100.000000,0.000000,0.000000,-925.000000,5497.000000,4908.000000
-100.000000,200.000000,0.000000,0.000000,-772.000000,5694.000000,4908.000000
0.000000,100.000000,0.000000,0.000000,-947.000000,5890.000000,4908.000000
-100.000000,-100.000000,0.000000,0.000000,-1058.000000,6479.000000,4516.000000
-100.000000,200.000000,0.000000,0.000000,-938.000000,6675.000000,4516.000000
200.000000,0.000000,0.000000,0.000000,-1096.000000,6479.000000,4123.000000
-100.000000,-100.000000,0.000000,0.000000,-1054.000000,6479.000000,4123.000000
-200.000000,0.000000,0.000000,0.000000,-1063.000000,6283.000000,4908.000000
-100.000000,300.000000,0.000000,0.000000,-1018.000000,6086.000000,5301.000000
-100.000000,-100.000000,0.000000,0.000000,-1035.000000,6283.000000,5497.000000
100.000000,100.000000,0.000000,0.000000,-1290.000000,6675.000000,5105.000000
-100.000000,-100.000000,0.000000,0.000000,-1093.000000,7264.000000,4908.000000
0.000000,0.000000,0.000000,0.000000,-1057.000000,7657.000000,5497.000000
0.000000,-100.000000,0.000000,0.000000,-1084.000000,7657.000000,5890.000000
-200.000000,-100.000000,0.000000,0.000000,-1146.000000,8050.000000,6675.000000
0.000000,-100.000000,0.000000,0.000000,-1158.000000,8050.000000,6675.000000
-100.000000,-100.000000,0.000000,0.000000,-1184.000000,8246.000000,7068.000000
0.000000,0.000000,0.000000,0.000000,-1204.000000,8443.000000,7264.000000
0.000000,0.000000,0.000000,0.000000,-1311.000000,9032.000000,6479.000000
-100.000000,200.000000,0.000000,0.000000,-1352.000000,9621.000000,6479.000000
-200.000000,0.000000,0.000000,0.000000,-1296.000000,9817.000000,7853.000000
0.000000,0.000000,0.000000,0.000000,-1348.000000,10013.000000,8050.000000
-100.000000,-100.000000,0.000000,0.000000,-1385.000000,10210.000000,8639.000000
-100.000000,100.000000,0.000000,0.000000,-1456.000000,10406.000000,9228.000000
0.000000,-100.000000,0.000000,0.000000,-1471.000000,10799.000000,9424.000000
-100.000000,-100.000000,0.000000,0.000000,-1545.000000,11191.000000,9424.000000
-200.000000,-100.000000,0.000000,0.000000,-1498.000000,11780.000000,9621.000000
0.000000,0.000000,0.000000,0.000000,-1579.000000,11780.000000,10013.000000
100.000000,0.000000,0.000000,0.000000,-1653.000000,11977.000000,10406.000000
-200.000000,-100.000000,0.000000,0.000000,-1604.000000,12173.000000,10995.000000
0.000000,0.000000,0.000000,0.000000,-1618.000000,12566.000000,11780.000000
0.000000,0.000000,0.000000,0.000000,-1676.000000,12762.000000,13940.000000
-100.000000,100.000000,0.000000,0.000000,-1709.000000,13155.000000,10602.000000
0.000000,200.000000,0.000000,0.000000,-1758.000000,13155.000000,10799.000000
0.000000,-100.000000,0.000000,0.000000,-1619.000000,13351.000000,10013.000000
0.000000,-100.000000,0.000000,0.000000,-1509.000000,13155.000000,10013.000000
-100.000000,100.000000,0.000000,0.000000,-1443.000000,13155.000000,10799.000000
100.000000,0.000000,0.000000,0.000000,-1329.000000,13351.000000,11388.000000
0.000000,0.000000,0.000000,0.000000,-1343.000000,13351.000000,11388.000000
-100.000000,100.000000,0.000000,0.000000,-1369.000000,13351.000000,10995.000000
0.000000,0.000000,0.000000,0.000000,-1199.000000,13155.000000,10602.000000
0.000000,0.000000,0.000000,0.000000,-1201.000000,12959.000000,10995.000000
0.000000,200.000000,0.000000,0.000000,-1192.000000,12762.000000,10995.000000
-100.000000,-100.000000,0.000000,0.000000,-1176.000000,12762.000000,10995.000000
100.000000,200.000000,0.000000,0.000000,-1161.000000,12566.000000,10013.000000
0.000000,100.000000,0.000000,0.000000,-1068.000000,12370.000000,10013.000000
0.000000,0.000000,0.000000,0.000000,-1060.000000,12173.000000,10210.000000
0.000000,100.000000,0.000000,0.000000,-1039.000000,11780.000000,9817.000000
0.000000,100.000000,0.000000,0.000000,-1017.000000,11977.000000,10013.000000
100.000000,0.000000,0.000000,0.000000,-956.000000,11584.000000,8443.000000
0.000000,0.000000,0.000000,0.000000,-879.000000,11191.000000,7657.000000
0.000000,0.000000,0.000000,0.000000,-852.000000,11388.000000,8835.000000
0.000000,100.000000,0.000000,0.000000,-804.000000,10995.000000,8639.000000
100.000000,0.000000,0.000000,0.000000,-716.000000,10602.000000,8050.000000
-100.000000,0.000000,0.000000,0.000000,-634.000000,10406.000000,8050.000000
-100.000000,100.000000,0.000000,0.000000,-620.000000,10602.000000,7657.000000
0.000000,0.000000,0.000000,0.000000,-438.000000,10013.000000,7461.000000
-100.000000,100.000000,0.000000,0.000000,-312.000000,9817.000000,6675.000000
0.000000,0.000000,0.000000,0.000000,-381.000000,9817.000000,6872.000000
-100.000000,300.000000,0.000000,0.000000,-217.000000,9424.000000,6872.000000
0.000000,0.000000,0.000000,0.000000,-232.000000,8835.000000,6479.000000
-200.000000,-100.000000,0.000000,0.000000,-55.000000,7461.000000,6086.000000
0.000000,200.000000,0.000000,0.000000,-81.000000,6283.000000,5890.000000
0.000000,-100.000000,0.000000,0.000000,-199.000000,6086.000000,5497.000000
100.000000,-100.000000,0.000000,0.000000,-85.000000,5497.000000,5694.000000
0.000000,300.000000,0.000000,0.000000,-43.000000,5301.000000,6675.000000
0.000000,0.000000,0.000000,0.000000,34.000000,5301.000000,4516.000000
-100.000000,0.000000,0.000000,0.000000,-92.000000,4712.000000,4123.000000
0.000000,0.000000,0.000000,0.000000,-11.000000,4908.000000,3926.000000
0.000000,100.000000,0.000000,0.000000,53.000000,4908.000000,3534.000000
-200.000000,0.000000,0.000000,0.000000,34.000000,4712.000000,3337.000000
-200.000000,100.000000,0.000000,0.000000,5.000000,5105.000000,3141.000000
-100.000000,100.000000,0.000000,0.000000,39.000000,5890.000000,3141.000000
-100.000000,100.000000,78.000000,78.000000,126.000000,6479.000000,2945.000000
100.000000,-100.000000,0.000000,0.000000,105.000000,6479.000000,2945.000000
0.000000,200.000000,0.000000,0.000000,141.000000,6086.000000,3337.000000
-100.000000,300.000000,0.000000,0.000000,126.000000,6086.000000,3730.000000
-100.000000,200.000000,0.000000,0.000000,45.000000,5890.000000,3141.000000
-200.000000,100.000000,0.000000,0.000000,-38.000000,5694.000000,3337.000000
100.000000,100.000000,0.000000,0.000000,-83.000000,5497.000000,3337.000000
-200.000000,400.000000,0.000000,0.000000,-186.000000,5301.000000,3141.000000
-200.000000,0.000000,0.000000,0.000000,-280.000000,5301.000000,3337.000000
0.000000,200.000000,0.000000,0.000000,-372.000000,5105.000000,3534.000000
-200.000000,100.000000,0.000000,0.000000,-363.000000,5497.000000,4319.000000
-100.000000,0.000000,0.000000,0.000000,-540.000000,6283.000000,4712.000000
200.000000,100.000000,0.000000,0.000000,-661.000000,7461.000000,4516.000000
-200.000000,0.000000,0.000000,0.000000,-636.000000,7853.000000,4516.000000
-100.000000,0.000000,0.000000,0.000000,-628.000000,7853.000000,4908.000000
-100.000000,200.000000,0.000000,0.000000,-814.000000,7657.000000,5105.000000
0.000000,0.000000,0.000000,0.000000,-953.000000,7461.000000,5890.000000
-100.000000,0.000000,0.000000,0.000000,-978.000000,7264.000000,6086.000000
0.000000,0.000000,0.000000,0.000000,-943.000000,7264.000000,5497.000000
0.000000,-100.000000,0.000000,0.000000,-1180.000000,7657.000000,6283.000000
-100.000000,100.000000,0.000000,0.000000,-1158.000000,8835.000000,6086.000000
0.000000,-100.000000,0.000000,0.000000,-1084.000000,9621.000000,6283.000000
0.000000,-100.000000,0.000000,0.000000,-1035.000000,9621.000000,7264.000000
0.000000,-100.000000,0.000000,0.000000,-1127.000000,9817.000000,7853.000000
-100.000000,0.000000,0.000000,0.000000,-1472.000000,9621.000000,7853.000000
0.000000,0.000000,0.000000,0.000000,-1462.000000,9424.000000,7068.000000
-100.000000,0.000000,0.000000,0.000000,-1463.000000,9228.000000,7068.000000
100.000000,100.000000,0.000000,0.000000,-1581.000000,9228.000000,7657.000000
100.000000,0.000000,0.000000,0.000000,-1720.000000,10013.000000,8050.000000
-200.000000,0.000000,0.000000,0.000000,-1681.000000,10995.000000,8246.000000
100.000000,200.000000,0.000000,0.000000,-1718.000000,11191.000000,8639.000000
0.000000,0.000000,0.000000,0.000000,-1723.000000,11191.000000,7853.000000
-200.000000,300.000000,0.000000,0.000000,-1663.000000,10995.000000,7461.000000
0.000000,0.000000,0.000000,0.000000,-1652.000000,10799.000000,8246.000000
-100.000000,100.000000,0.000000,0.000000,-1675.000000,10799.000000,8246.000000
-100.000000,0.000000,0.000000,0.000000,-1689.000000,10799.000000,8443.000000
0.000000,300.000000,0.000000,0.000000,-1616.000000,10602.000000,8835.000000
-200.000000,0.000000,0.000000,0.000000,-1657.000000,10799.000000,9032.000000
0.000000,300.000000,0.000000,0.000000,-1567.000000,10995.000000,8639.000000
-100.000000,0.000000,0.000000,0.000000,-1513.000000,11191.000000,8639.000000
100.000000,200.000000,0.000000,0.000000,-1382.000000,10799.000000,8639.000000
0.000000,0.000000,0.000000,0.000000,-1370.000000,10995.000000,8639.000000
100.000000,0.000000,0.000000,0.000000,-1338.000000,10602.000000,8246.000000
-200.000000,-100.000000,0.000000,0.000000,-1286.000000,10602.000000,8246.000000
0.000000,100.000000,0.000000,0.000000,-1147.000000,10210.000000,9228.000000
0.000000,200.000000,0.000000,0.000000,-1132.000000,10013.000000,10013.000000
-100.000000,-200.000000,0.000000,0.000000,-1165.000000,10013.000000,7264.000000
0.000000,200.000000,0.000000,0.000000,-1168.000000,9621.000000,7068.000000
0.000000,0.000000,0.000000,0.000000,-1009.000000,9032.000000,6872.000000
-100.000000,0.000000,0.000000,0.000000,-990.000000,9424.000000,6283.000000
0.000000,300.000000,0.000000,0.000000,-933.000000,9032.000000,5694.000000
0.000000,-100.000000,0.000000,0.000000,-865.000000,8639.000000,5497.000000
0.000000,0.000000,0.000000,0.000000,-806.000000,8443.000000,5301.000000
-200.000000,-100.000000,0.000000,0.000000,-773.000000,8246.000000,4908.000000
100.000000,-100.000000,0.000000,0.000000,-752.000000,8050.000000,5105.000000
200.000000,100.000000,0.000000,0.000000,-764.000000,7461.000000,4908.000000
0.000000,100.000000,0.000000,0.000000,-685.000000,6675.000000,4712.000000
100.000000,0.000000,0.000000,0.000000,-632.000000,6086.000000,4516.000000
100.000000,100.000000,0.000000,0.000000,-592.000000,5694.000000,4319.000000
-200.000000,200.000000,0.000000,0.000000,-466.000000,5694.000000,3926.000000
0.000000,300.000000,0.000000,0.000000,-429.000000,5301.000000,3730.000000
0.000000,200.000000,0.000000,0.000000,-412.000000,4516.000000,3337.000000
-200.000000,0.000000,0.000000,0.000000,-389.000000,4712.000000,3141.000000
100.000000,-100.000000,0.000000,0.000000,-362.000000,4908.000000,2945.000000
-200.000000,100.000000,0.000000,0.000000,-206.000000,4516.000000,2356.000000
-100.000000,0.000000,0.000000,0.000000,-251.000000,4319.000000,2356.000000
0.000000,0.000000,0.000000,0.000000,-250.000000,4319.000000,1963.000000
0.000000,-200.000000,0.000000,0.000000,-222.000000,4123.000000,1963.000000
-100.000000,0.000000,0.000000,0.000000,-214.000000,4319.000000,1963.000000
100.000000,100.000000,0.000000,0.000000,-230.000000,4516.000000,1570.000000
0.000000,0.000000,0.000000,0.000000,-257.000000,4908.000000,1570.000000
0.000000,100.000000,0.000000,0.000000,-265.000000,4908.000000,1178.000000
0.000000,0.000000,0.000000,0.000000,-307.000000,4712.000000,981.000000
-100.000000,0.000000,0.000000,0.000000,-353.000000,4516.000000,981.000000
-100.000000,0.000000,0.000000,0.000000,-386.000000,4319.000000,785.000000
0.000000,0.000000,0.000000,0.000000,-483.000000,4123.000000,981.000000
0.000000,-100.000000,0.000000,0.000000,-511.000000,4123.000000,1767.000000
-200.000000,-100.000000,0.000000,0.000000,-569.000000,4123.000000,2552.000000
0.000000,-100.000000,0.000000,0.000000,-550.000000,3926.000000,2748.000000
-100.000000,0.000000,0.000000,0.000000,-613.000000,4319.000000,2748.000000
-100.000000,0.000000,0.000000,0.000000,-695.000000,5105.000000,2356.000000
-100.000000,0.000000,0.000000,0.000000,-678.000000,5301.000000,2552.000000
-100.000000,0.000000,0.000000,0.000000,-766.000000,5301.000000,2159.000000
0.000000,0.000000,0.000000,0.000000,-754.000000,5105.000000,2159.000000
-200.000000,0.000000,0.000000,0.000000,-898.000000,5301.000000,2552.000000
-100.000000,200.000000,0.000000,0.000000,-987.000000,5497.000000,3141.000000
-100.000000,0.000000,0.000000,0.000000,-950.000000,5694.000000,3926.000000
-200.000000,100.000000,0.000000,0.000000,-1031.000000,6086.000000,3534.000000
100.000000,0.000000,0.000000,0.000000,-1078.000000,6086.000000,3730.000000
0.000000,0.000000,0.000000,0.000000,-1150.000000,6086.000000,3141.000000
0.000000,-100.000000,0.000000,0.000000,-1216.000000,6675.000000,3926.000000
0.000000,100.000000,0.000000,0.000000,-1296.000000,7068.000000,4319.000000
-100.000000,0.000000,0.000000,0.000000,-1369.000000,7068.000000,4712.000000
0.000000,200.000000,0.000000,0.000000,-1457.000000,7068.000000,5105.000000
-100.000000,200.000000,0.000000,0.000000,-1456.000000,7264.000000,5301.000000
300.000000,100.000000,0.000000,0.000000,-1579.000000,7068.000000,5105.000000
0.000000,0.000000,0.000000,0.000000,-1699.000000,7461.000000,5497.000000
100.000000,0.000000,0.000000,0.000000,-1682.000000,7657.000000,5694.000000
0.000000,200.000000,0.000000,0.000000,-1689.000000,7853.000000,5301.000000
0.000000,-200.000000,0.000000,0.000000,-1802.000000,8050.000000,4908.000000
0.000000,300.000000,0.000000,0.000000,-1899.000000,8050.000000,5890.000000
-100.000000,-100.000000,0.000000,0.000000,-1911.000000,8246.000000,5694.000000
-100.000000,0.000000,0.000000,0.000000,-1939.000000,8443.000000,5890.000000
100.000000,0.000000,0.000000,0.000000,-2055.000000,8246.000000,5890.000000
0.000000,300.000000,0.000000,0.000000,-2035.000000,8443.000000,6479.000000
-100.000000,0.000000,0.000000,0.000000,-2020.000000,8443.000000,6479.000000
100.000000,0.000000,0.000000,0.000000,-2093.000000,8443.000000,6283.000000
-100.000000,0.000000,0.000000,0.000000,-2035.000000,8443.000000,6283.000000
0.000000,100.000000,0.000000,0.000000,-2080.000000,8639.000000,6086.000000
0.000000,200.000000,0.000000,0.000000,-1986.000000,8639.000000,6283.000000
-200.000000,0.000000,0.000000,0.000000,-1914.000000,8639.000000,6479.000000
0.000000,100.000000,0.000000,0.000000,-1943.000000,8639.000000,6675.000000
0.000000,0.000000,0.000000,0.000000,-1953.000000,8246.000000,6675.000000
100.000000,100.000000,0.000000,0.000000,-1910.000000,8246.000000,6479.000000
0.000000,100.000000,0.000000,0.000000,-1899.000000,8246.000000,6283.000000
0.000000,-200.000000,0.000000,0.000000,-1826.000000,8050.000000,6086.000000
0.000000,0.000000,0.000000,0.000000,-1774.000000,7853.000000,8246.000000
0.000000,100.000000,0.000000,0.000000,-1751.000000,7264.000000,5301.000000
0.000000,200.000000,0.000000,0.000000,-1774.000000,7461.000000,5105.000000
0.000000,0.000000,0.000000,0.000000,-1801.000000,7264.000000,4908.000000
100.000000,300.000000,0.000000,0.000000,-1849.000000,7264.000000,4908.000000
0.000000,300.000000,0.000000,0.000000,-1830.000000,6872.000000,4516.000000
0.000000,0.000000,0.000000,0.000000,-1827.000000,6283.000000,4712.000000
0.000000,0.000000,0.000000,0.000000,-1777.000000,6283.000000,4319.000000
0.000000,200.000000,0.000000,0.000000,-1762.000000,6086.000000,4123.000000
-100.000000,0.000000,0.000000,0.000000,-1724.000000,5890.000000,3534.000000
-500.000000,300.000000,0.000000,0.000000,-1716.000000,5694.000000,3337.000000
-100.000000,-100.000000,0.000000,0.000000,-1663.000000,5301.000000,3141.000000
0.000000,0.000000,0.000000,0.000000,-1653.000000,5105.000000,3141.000000
0.000000,0.000000,0.000000,0.000000,-1634.000000,4712.000000,2748.000000
100.000000,100.000000,0.000000,0.000000,-1611.000000,4516.000000,2748.000000
0.000000,100.000000,0.000000,0.000000,-1532.000000,4516.000000,2356.000000
-100.000000,0.000000,0.000000,0.000000,-1529.000000,3926.000000,2356.000000
-200.000000,0.000000,0.000000,0.000000,-1582.000000,3926.000000,2159.000000
0.000000,-100.000000,0.000000,0.000000,-1577.000000,3730.000000,1963.000000
-200.000000,400.000000,0.000000,0.000000,-1568.000000,3730.000000,1963.000000
0.000000,300.000000,0.000000,0.000000,-1539.000000,3534.000000,1570.000000
0.000000,-100.000000,0.000000,0.000000,-1565.000000,3141.000000,1374.000000
0.000000,0.000000,0.000000,0.000000,-1561.000000,2945.000000,1374.000000
-100.000000,-100.000000,0.000000,0.000000,-1563.000000,2945.000000,981.000000
0.000000,-300.000000,0.000000,0.000000,-1565.000000,2945.000000,785.000000
-200.000000,300.000000,0.000000,0.000000,-1489.000000,2748.000000,589.000000
0.000000,300.000000,0.000000,0.000000,-1448.000000,2945.000000,589.000000
0.000000,400.000000,0.000000,0.000000,-1449.000000,3141.000000,392.000000
0.000000,200.000000,0.000000,0.000000,-1451.000000,3534.000000,196.000000
-100.000000,0.000000,0.000000,0.000000,-1439.000000,3337.000000,0.000000
0.000000,100.000000,0.000000,0.000000,-1473.000000,3337.000000,-196.000000
-100.000000,0.000000,0.000000,0.000000,-1534.000000,3337.000000,196.000000
0.000000,0.000000,0.000000,0.000000,-1534.000000,3141.000000,196.000000
200.000000,100.000000,0.000000,0.000000,-1570.000000,3141.000000,785.000000
0.000000,400.000000,0.000000,0.000000,-1658.000000,2748.000000,1374.000000
-200.000000,200.000000,0.000000,0.000000,-1659.000000,2945.000000,1570.000000
-200.000000,-100.000000,0.000000,0.000000,-1798.000000,2945.000000,1570.000000
-200.000000,0.000000,0.000000,0.000000,-1841.000000,3534.000000,1570.000000
100.000000,400.000000,0.000000,0.000000,-1902.000000,3926.000000,1178.000000
0.000000,100.000000,0.000000,0.000000,-1951.000000,4123.000000,1178.000000
-200.000000,0.000000,0.000000,0.000000,-1994.000000,4123.000000,1178.000000
0.000000,0.000000,0.000000,0.000000,-2079.000000,4123.000000,1178.000000
-100.000000,100.000000,0.000000,0.000000,-2122.000000,4123.000000,1767.000000
-100.000000,0.000000,0.000000,0.000000,-2207.000000,4123.000000,2356.000000
0.000000,-100.000000,0.000000,0.000000,-2250.000000,4123.000000,2748.000000
-100.000000,-100.000000,0.000000,0.000000,-2324.000000,4319.000000,2552.000000
0.000000,-200.000000,0.000000,0.000000,-2395.000000,4908.000000,2356.000000
-200.000000,200.000000,0.000000,0.000000,-2404.000000,5301.000000,2159.000000
0.000000,0.000000,0.000000,0.000000,-2454.000000,5301.000000,2159.000000
0.000000,0.000000,0.000000,0.000000,-2475.000000,5301.000000,1963.000000
-100.000000,200.000000,0.000000,0.000000,-2465.000000,5497.000000,2748.000000
-100.000000,0.000000,0.000000,0.000000,-2517.000000,5301.000000,3141.000000
-100.000000,0.000000,0.000000,0.000000,-2455.000000,5301.000000,3534.000000
-100.000000,0.000000,0.000000,0.000000,-2475.000000,5301.000000,3534.000000
-100.000000,500.000000,0.000000,0.000000,-2521.000000,5890.000000,3534.000000
0.000000,500.000000,0.000000,0.000000,-2504.000000,6086.000000,3337.000000
100.000000,0.000000,0.000000,0.000000,-2481.000000,6283.000000,3534.000000
0.000000,0.000000,0.000000,0.000000,-2511.000000,6086.000000,3534.000000
0.000000,0.000000,0.000000,0.000000,-2546.000000,6086.000000,3730.000000
0.000000,100.000000,0.000000,0.000000,-2531.000000,6086.000000,3730.000000
-100.000000,100.000000,0.000000,0.000000,-2553.000000,5890.000000,3926.000000
0.000000,0.000000,0.000000,0.000000,-2591.000000,5694.000000,3534.000000
0.000000,0.000000,0.000000,0.000000,-2573.000000,5890.000000,3534.000000
0.000000,-100.000000,0.000000,0.000000,-2551.000000,5890.000000,3141.000000
0.000000,-100.000000,0.000000,0.000000,-2550.000000,6086.000000,3337.000000
-700.000000,100.000000,156.000000,156.000000,-2552.000000,6086.000000,3926.000000
-200.000000,-100.000000,0.000000,0.000000,-2498.000000,6086.000000,3926.000000
-100.000000,0.000000,0.000000,0.000000,-2505.000000,6086.000000,3730.000000
100.000000,100.000000,0.000000,0.000000,-2482.000000,5890.000000,3730.000000
-200.000000,300.000000,0.000000,0.000000,-2468.000000,5890.000000,3534.000000
-100.000000,100.000000,0.000000,0.000000,-2464.000000,5694.000000,3337.000000
0.000000,0.000000,0.000000,0.000000,-2465.000000,5497.000000,3141.000000
0.000000,0.000000,0.000000,0.000000,-2447.000000,5301.000000,2945.000000
0.000000,200.000000,0.000000,0.000000,-2384.000000,5105.000000,2945.000000
0.000000,0.000000,0.000000,0.000000,-2414.000000,5105.000000,2748.000000
-100.000000,0.000000,0.000000,0.000000,-2405.000000,4712.000000,2552.000000
-100.000000,200.000000,156.000000,156.000000,-2351.000000,4712.000000,2356.000000
0.000000,200.000000,0.000000,0.000000,-2273.000000,4516.000000,1963.000000
0.000000,0.000000,0.000000,0.000000,-2210.000000,4319.000000,1963.000000
0.000000,0.000000,0.000000,0.000000,-2165.000000,4123.000000,1767.000000
0.000000,0.000000,0.000000,0.000000,-2123.000000,3926.000000,1570.000000
-100.000000,0.000000,0.000000,0.000000,-2078.000000,3730.000000,1570.000000
0.000000,-200.000000,0.000000,0.000000,-2091.000000,3730.000000,1374.000000
100.000000,100.000000,0.000000,0.000000,-2072.000000,3337.000000,1374.000000
0.000000,-100.000000,0.000000,0.000000,-2066.000000,3337.000000,1178.000000
0.000000,0.000000,0.000000,0.000000,-2121.000000,2945.000000,1178.000000
200.000000,-100.000000,0.000000,0.000000,-2108.000000,2945.000000,981.000000
0.000000,-100.000000,0.000000,0.000000,-2117.000000,2748.000000,981.000000
100.000000,0.000000,0.000000,0.000000,-2131.000000,2356.000000,589.000000
-100.000000,0.000000,0.000000,0.000000,-2150.000000,2356.000000,589.000000
0.000000,0.000000,0.000000,0.000000,-2173.000000,2356.000000,392.000000
-100.000000,0.000000,0.000000,0.000000,-2155.000000,1963.000000,196.000000
0.000000,0.000000,78.000000,78.000000,-2144.000000,1767.000000,196.000000
0.000000,100.000000,0.000000,0.000000,-2139.000000,1767.000000,0.000000
-200.000000,-100.000000,0.000000,0.000000,-2118.000000,1570.000000,196.000000
-100.000000,-200.000000,0.000000,0.000000,-2128.000000,1374.000000,0.000000
-200.000000,100.000000,0.000000,0.000000,-2178.000000,1374.000000,0.000000
0.000000,0.000000,0.000000,0.000000,-2107.000000,1374.000000,0.000000
0.000000,100.000000,0.000000,0.000000,-2006.000000,1374.000000,0.000000
-100.000000,0.000000,0.000000,0.000000,-2087.000000,1767.000000,0.000000
0.000000,-100.000000,0.000000,0.000000,-2158.000000,2159.000000,0.000000
-200.000000,-200.000000,0.000000,0.000000,-2188.000000,2356.000000,0.000000
0.000000,100.000000,0.000000,0.000000,-2184.000000,2159.000000,0.000000
-100.000000,0.000000,0.000000,0.000000,-2206.000000,2159.000000,0.000000
100.000000,400.000000,0.000000,0.000000,-2242.000000,2159.000000,0.000000
-200.000000,200.000000,0.000000,0.000000,-2294.000000,1963.000000,0.000000
-100.000000,0.000000,0.000000,0.000000,-2290.000000,1963.000000,0.000000
0.000000,-300.000000,0.000000,0.000000,-2369.000000,2159.000000,0.000000
-100.000000,200.000000,0.000000,0.000000,-2434.000000,2552.000000,0.000000
0.000000,-100.000000,0.000000,0.000000,-2469.000000,2748.000000,0.000000
-100.000000,100.000000,0.000000,0.000000,-2420.000000,2945.000000,0.000000
-100.000000,0.000000,0.000000,0.000000,-2433.000000,2945.000000,196.000000
-100.000000,-200.000000,0.000000,0.000000,-2470.000000,2945.000000,392.000000
-300.000000,0.000000,0.000000,0.000000,-2480.000000,2945.000000,785.000000
0.000000,0.000000,0.000000,0.000000,-2434.000000,2748.000000,981.000000
0.000000,-100.000000,0.000000,0.000000,-2447.000000,2748.000000,981.000000
-100.000000,0.000000,0.000000,0.000000,-2510.000000,3141.000000,1178.000000
0.000000,0.000000,0.000000,0.000000,-2495.000000,3337.000000,981.000000
-100.000000,200.000000,0.000000,0.000000,-2542.000000,3730.000000,981.000000
-200.000000,0.000000,0.000000,0.000000,-2559.000000,3926.000000,1178.000000
-200.000000,0.000000,0.000000,0.000000,-2551.000000,3730.000000,1178.000000
400.000000,-300.000000,78.000000,78.000000,-2585.000000,3730.000000,1570.000000
-100.000000,-100.000000,0.000000,0.000000,-2604.000000,3730.000000,1570.000000
-100.000000,100.000000,0.000000,0.000000,-2609.000000,3534.000000,1767.000000
-200.000000,0.000000,0.000000,0.000000,-2636.000000,3534.000000,1767.000000
0.000000,-200.000000,0.000000,0.000000,-2643.000000,3534.000000,1767.000000
0.000000,0.000000,0.000000,0.000000,-2636.000000,3534.000000,1767.000000
100.000000,0.000000,0.000000,0.000000,-2668.000000,3730.000000,1767.000000
-100.000000,-100.000000,0.000000,0.000000,-2726.000000,3926.000000,1570.000000
0.000000,0.000000,0.000000,0.000000,-2685.000000,4123.000000,1767.000000
-100.000000,200.000000,0.000000,0.000000,-2673.000000,4123.000000,1570.000000
0.000000,-100.000000,0.000000,0.000000,-2690.000000,3926.000000,1767.000000
0.000000,100.000000,0.000000,0.000000,-2681.000000,3926.000000,1570.000000
0.000000,-200.000000,0.000000,0.000000,-2607.000000,3730.000000,1570.000000
0.000000,-100.000000,0.000000,0.000000,-2596.000000,3534.000000,1570.000000
0.000000,0.000000,0.000000,0.000000,-2557.000000,3337.000000,1570.000000
0.000000,200.000000,0.000000,0.000000,-2563.000000,3534.000000,1570.000000
0.000000,0.000000,0.000000,0.000000,-2578.000000,3141.000000,1374.000000
200.000000,0.000000,0.000000,0.000000,-2587.000000,3337.000000,1374.000000
-100.000000,200.000000,0.000000,0.000000,-2549.000000,3141.000000,1374.000000
-200.000000,-100.000000,0.000000,0.000000,-2513.000000,2945.000000,1178.000000
0.000000,-200.000000,78.000000,78.000000,-2546.000000,3141.000000,1178.000000
100.000000,-100.000000,0.000000,0.000000,-2541.000000,2945.000000,1178.000000
-500.000000,0.000000,0.000000,0.000000,-2503.000000,2748.000000,981.000000
-200.000000,0.000000,0.000000,0.000000,-2517.000000,2945.000000,981.000000
-300.000000,0.000000,0.000000,0.000000,-2515.000000,2552.000000,981.000000
-200.000000,300.000000,0.000000,0.000000,-2528.000000,2552.000000,981.000000
-300.000000,-200.000000,0.000000,0.000000,-2510.000000,2356.000000,589.000000
-100.000000,0.000000,0.000000,0.000000,-2501.000000,2356.000000,785.000000
-300.000000,-100.000000,0.000000,0.000000,-2485.000000,2159.000000,589.000000
-100.000000,200.000000,0.000000,0.000000,-2449.000000,1963.000000,589.000000
0.000000,0.000000,0.000000,0.000000,-2479.000000,1963.000000,392.000000
-100.000000,0.000000,0.000000,0.000000,-2493.000000,1767.000000,392.000000
-100.000000,0.000000,0.000000,0.000000,-2447.000000,1570.000000,392.000000
-100.000000,0.000000,0.000000,0.000000,-2475.000000,1570.000000,392.000000
0.000000,100.000000,0.000000,0.000000,-2463.000000,1374.000000,196.000000
-100.000000,0.000000,0.000000,0.000000,-2454.000000,1374.000000,0.000000
100.000000,0.000000,0.000000,0.000000,-2450.000000,1178.000000,0.000000
-200.000000,100.000000,0.000000,0.000000,-2436.000000,981.000000,0.000000
