Channel 1,Channel 2,Channel 3,Channel 4,Channel 5,Channel 6,Channel 7
-200.000000,0.000000,0.000000,0.000000,-2923.000000,0.000000,0.000000
-300.000000,-200.000000,0.000000,0.000000,-2934.000000,0.000000,0.000000
100.000000,-100.000000,0.000000,0.000000,-2954.000000,0.000000,0.000000
-300.000000,-100.000000,0.000000,0.000000,-2945.000000,0.000000,0.000000
-200.000000,-100.000000,0.000000,0.000000,-2918.000000,0.000000,0.000000
-400.000000,-200.000000,0.000000,0.000000,-2943.000000,0.000000,0.000000
0.000000,-100.000000,0.000000,0.000000,-2918.000000,0.000000,0.000000
-200.000000,0.000000,0.000000,0.000000,-2909.000000,0.000000,0.000000
-200.000000,0.000000,0.000000,0.000000,-2907.000000,0.000000,0.000000
-300.000000,0.000000,0.000000,0.000000,-2889.000000,0.000000,0.000000
-100.000000,0.000000,0.000000,0.000000,-2869.000000,0.000000,0.000000
0.000000,0.000000,0.000000,0.000000,-2893.000000,0.000000,0.000000
0.000000,0.000000,0.000000,0.000000,-2915.000000,0.000000,0.000000
-100.000000,-400.000000,0.000000,0.000000,-2918.000000,0.000000,0.000000
0.000000,0.000000,0.000000,0.000000,-2943.000000,0.000000,0.000000
-300.000000,0.000000,0.000000,0.000000,-2954.000000,0.000000,0.000000
0.000000,-100.000000,0.000000,0.000000,-2929.000000,0.000000,0.000000
-100.000000,0.000000,0.000000,0.000000,-2921.000000,0.000000,0.000000
-100.000000,0.000000,0.000000,0.000000,-2911.000000,0.000000,0.000000
100.000000,-100.000000,0.000000,0.000000,-2891.000000,0.000000,0.000000
-100.000000,100.000000,0.000000,0.000000,-2872.000000,0.000000,0.000000
100.000000,-100.000000,0.000000,0.000000,-2885.000000,0.000000,0.000000
-200.000000,-200.000000,0.000000,0.000000,-2905.000000,0.000000,0.000000
0.000000,-100.000000,0.000000,0.000000,-2890.000000,0.000000,0.000000
-100.000000,0.000000,0.000000,0.000000,-2908.000000,0.000000,0.000000
-300.000000,-200.000000,0.000000,0.000000,-2936.000000,0.000000,0.000000
-100.000000,0.000000,0.000000,0.000000,-2939.000000,0.000000,0.000000
0.000000,0.000000,0.000000,0.000000,-2946.000000,0.000000,0.000000
-200.000000,-100.000000,0.000000,0.000000,-2955.000000,0.000000,0.000000
-100.000000,0.000000,0.000000,0.000000,-2970.000000,0.000000,0.000000
-200.000000,-200.000000,0.000000,0.000000,-2952.000000,0.000000,0.000000
100.000000,300.000000,156.000000,156.000000,-2969.000000,0.000000,0.000000
-300.000000,0.000000,0.000000,0.000000,-2949.000000,0.000000,0.000000
-300.000000,200.000000,0.000000,0.000000,-2965.000000,0.000000,0.000000
-300.000000,0.000000,0.000000,0.000000,-2946.000000,0.000000,0.000000
-200.000000,0.000000,0.000000,0.000000,-2931.000000,0.000000,0.000000
-100.000000,-100.000000,0.000000,0.000000,-2910.000000,0.000000,0.000000
-300.000000,-200.000000,0.000000,0.000000,-2905.000000,0.000000,0.000000
0.000000,100.000000,0.000000,0.000000,-2893.000000,0.000000,0.000000
0.000000,0.000000,0.000000,0.000000,-2913.000000,0.000000,0.000000
0.000000,-300.000000,0.000000,0.000000,-2902.000000,0.000000,0.000000
-200.000000,200.000000,0.000000,0.000000,-2916.000000,0.000000,0.000000
-100.000000,0.000000,0.000000,0.000000,-2929.000000,0.000000,0.000000
-100.000000,0.000000,0.000000,0.000000,-2948.000000,0.000000,0.000000
0.000000,0.000000,0.000000,0.000000,-2967.000000,0.000000,0.000000
-100.000000,-100.000000,0.000000,0.000000,-2968.000000,0.000000,0.000000
-100.000000,0.000000,0.000000,0.000000,-2958.000000,0.000000,0.000000
-100.000000,0.000000,0.000000,0.000000,-2983.000000,0.000000,0.000000
-200.000000,100.000000,0.000000,0.000000,-2972.000000,0.000000,0.000000
0.000000,0.000000,0.000000,0.000000,-2966.000000,0.000000,0.000000
-100.000000,0.000000,0.000000,0.000000,-2973.000000,0.000000,0.000000
0.000000,400.000000,0.000000,0.000000,-2959.000000,0.000000,0.000000
-200.000000,-100.000000,0.000000,0.000000,-2954.000000,0.000000,0.000000
-300.000000,100.000000,0.000000,0.000000,-2966.000000,0.000000,0.000000
-100.000000,0.000000,0.000000,0.000000,-2963.000000,0.000000,0.000000
0.000000,-100.000000,0.000000,0.000000,-2989.000000,0.000000,0.000000
-100.000000,0.000000,0.000000,0.000000,-3009.000000,0.000000,0.000000
-200.000000,-100.000000,0.000000,0.000000,-3008.000000,0.000000,0.000000
-500.000000,-100.000000,0.000000,0.000000,-3003.000000,0.000000,0.000000
-200.000000,-100.000000,0.000000,0.000000,-3002.000000,0.000000,0.000000
-100.000000,0.000000,0.000000,0.000000,-2975.000000,196.000000,0.000000
-100.000000,-100.000000,0.000000,0.000000,-2961.000000,0.000000,0.000000
-100.000000,0.000000,0.000000,0.000000,-2984.000000,0.000000,0.000000
-100.000000,-300.000000,0.000000,0.000000,-3003.000000,0.000000,0.000000
0.000000,0.000000,0.000000,0.000000,-2977.000000,0.000000,0.000000
-200.000000,-200.000000,0.000000,0.000000,-3002.000000,0.000000,0.000000
-100.000000,0.000000,0.000000,0.000000,-2990.000000,0.000000,0.000000
-100.000000,100.000000,0.000000,0.000000,-3000.000000,0.000000,0.000000
-100.000000,-100.000000,0.000000,0.000000,-3012.000000,0.000000,0.000000
-400.000000,-100.000000,0.000000,0.000000,-2986.000000,0.000000,0.000000
-200.000000,-300.000000,0.000000,0.000000,-2998.000000,0.000000,0.000000
-200.000000,0.000000,0.000000,0.000000,-2995.000000,-196.000000,0.000000
-100.000000,-100.000000,0.000000,0.000000,-3010.000000,0.000000,0.000000
-200.000000,-100.000000,0.000000,0.000000,-3038.000000,0.000000,0.000000
-200.000000,-100.000000,0.000000,0.000000,-3014.000000,0.000000,0.000000
-100.000000,-100.000000,0.000000,0.000000,-3018.000000,0.000000,0.000000
-100.000000,0.000000,0.000000,0.000000,-3016.000000,0.000000,0.000000
-200.000000,-100.000000,0.000000,0.000000,-2997.000000,0.000000,0.000000
-200.000000,0.000000,0.000000,0.000000,-2971.000000,0.000000,0.000000
-200.000000,0.000000,0.000000,0.000000,-2975.000000,0.000000,0.000000
-300.000000,0.000000,0.000000,0.000000,-2941.000000,0.000000,0.000000
-100.000000,-100.000000,0.000000,0.000000,-2931.000000,0.000000,0.000000
-100.000000,-200.000000,0.000000,0.000000,-2926.000000,0.000000,0.000000
-100.000000,-100.000000,0.000000,0.000000,-2950.000000,0.000000,0.000000
-200.000000,-300.000000,0.000000,0.000000,-2955.000000,0.000000,0.000000
0.000000,-100.000000,0.000000,0.000000,-2950.000000,0.000000,0.000000
-100.000000,-300.000000,0.000000,0.000000,-2956.000000,0.000000,0.000000
-200.000000,0.000000,0.000000,0.000000,-2953.000000,0.000000,0.000000
-200.000000,-300.000000,0.000000,0.000000,-2966.000000,0.000000,0.000000
0.000000,-100.000000,0.000000,0.000000,-2974.000000,0.000000,0.000000
-300.000000,0.000000,0.000000,0.000000,-2988.000000,0.000000,0.000000
-100.000000,-100.000000,0.000000,0.000000,-2996.000000,0.000000,0.000000
-300.000000,0.000000,0.000000,0.000000,-3004.000000,0.000000,0.000000
-300.000000,0.000000,0.000000,0.000000,-3016.000000,0.000000,0.000000
-200.000000,0.000000,0.000000,0.000000,-3019.000000,0.000000,0.000000
-100.000000,-100.000000,0.000000,0.000000,-3007.000000,0.000000,-196.000000
-100.000000,-300.000000,0.000000,0.000000,-3009.000000,0.000000,0.000000
0.000000,-200.000000,0.000000,0.000000,-2999.000000,0.000000,0.000000
-100.000000,-100.000000,0.000000,0.000000,-2982.000000,0.000000,196.000000
-200.000000,-200.000000,0.000000,0.000000,-2967.000000,0.000000,0.000000
-200.000000,0.000000,78.000000,78.000000,-2954.000000,0.000000,0.000000
300.000000,400.000000,0.000000,0.000000,-2952.000000,0.000000,0.000000
-100.000000,-200.000000,0.000000,0.000000,-2953.000000,0.000000,0.000000
-100.000000,-200.000000,0.000000,0.000000,-2933.000000,0.000000,0.000000
0.000000,-100.000000,0.000000,0.000000,-2932.000000,0.000000,0.000000
-200.000000,100.000000,0.000000,0.000000,-2942.000000,0.000000,0.000000
-200.000000,0.000000,0.000000,0.000000,-2942.000000,0.000000,0.000000
0.000000,0.000000,0.000000,0.000000,-2950.000000,0.000000,0.000000
-200.000000,-100.000000,0.000000,0.000000,-2948.000000,0.000000,0.000000
0.000000,100.000000,0.000000,0.000000,-2945.000000,0.000000,0.000000
-100.000000,-100.000000,0.000000,0.000000,-2939.000000,0.000000,0.000000
0.000000,0.000000,0.000000,0.000000,-2943.000000,0.000000,0.000000
0.000000,100.000000,0.000000,0.000000,-2937.000000,0.000000,0.000000
-100.000000,-300.000000,0.000000,0.000000,-2940.000000,0.000000,0.000000
-100.000000,0.000000,0.000000,0.000000,-2951.000000,0.000000,0.000000
-100.000000,100.000000,0.000000,0.000000,-2975.000000,0.000000,0.000000
-100.000000,0.000000,0.000000,0.000000,-2995.000000,196.000000,0.000000
0.000000,100.000000,0.000000,0.000000,-2980.000000,0.000000,0.000000
0.000000,-100.000000,0.000000,0.000000,-2992.000000,0.000000,0.000000
-100.000000,-200.000000,0.000000,0.000000,-3016.000000,0.000000,0.000000
0.000000,-200.000000,0.000000,0.000000,-3007.000000,0.000000,0.000000
0.000000,300.000000,0.000000,0.000000,-3010.000000,196.000000,0.000000
0.000000,-100.000000,0.000000,0.000000,-3002.000000,0.000000,0.000000
0.000000,0.000000,0.000000,0.000000,-2990.000000,0.000000,0.000000
0.000000,-100.000000,0.000000,0.000000,-2987.000000,0.000000,0.000000
0.000000,0.000000,0.000000,0.000000,-2962.000000,0.000000,0.000000
-200.000000,-100.000000,0.000000,0.000000,-2963.000000,0.000000,0.000000
-100.000000,100.000000,0.000000,0.000000,-2956.000000,0.000000,0.000000
0.000000,0.000000,0.000000,0.000000,-2969.000000,0.000000,0.000000
0.000000,200.000000,0.000000,0.000000,-2970.000000,0.000000,0.000000
0.000000,0.000000,0.000000,0.000000,-2964.000000,0.000000,0.000000
-200.000000,-100.000000,0.000000,0.000000,-2959.000000,0.000000,0.000000
-100.000000,-200.000000,0.000000,0.000000,-2978.000000,0.000000,196.000000
-100.000000,0.000000,0.000000,0.000000,-2972.000000,0.000000,0.000000
0.000000,-400.000000,0.000000,0.000000,-2980.000000,0.000000,0.000000
-200.000000,0.000000,0.000000,0.000000,-2975.000000,0.000000,0.000000
0.000000,300.000000,0.000000,0.000000,-2990.000000,0.000000,0.000000
0.000000,-200.000000,78.000000,78.000000,-3005.000000,0.000000,0.000000
-100.000000,0.000000,0.000000,0.000000,-2970.000000,0.000000,0.000000
0.000000,-100.000000,0.000000,0.000000,-2953.000000,0.000000,0.000000
-200.000000,-100.000000,0.000000,0.000000,-2952.000000,0.000000,0.000000
0.000000,-300.000000,0.000000,0.000000,-2971.000000,0.000000,0.000000
0.000000,200.000000,0.000000,0.000000,-2949.000000,0.000000,0.000000
0.000000,0.000000,0.000000,0.000000,-2917.000000,0.000000,0.000000
-200.000000,0.000000,0.000000,0.000000,-2915.000000,0.000000,-196.000000
0.000000,-100.000000,0.000000,0.000000,-2917.000000,0.000000,0.000000
-200.000000,-100.000000,0.000000,0.000000,-2906.000000,0.000000,0.000000
0.000000,-100.000000,156.000000,156.000000,-2887.000000,0.000000,0.000000
0.000000,0.000000,0.000000,0.000000,-2878.000000,0.000000,0.000000
-200.000000,0.000000,0.000000,0.000000,-2890.000000,0.000000,0.000000
0.000000,-200.000000,0.000000,0.000000,-2891.000000,-196.000000,0.000000
-100.000000,0.000000,0.000000,0.000000,-2904.000000,0.000000,0.000000
-300.000000,0.000000,0.000000,0.000000,-2913.000000,0.000000,0.000000
-300.000000,0.000000,0.000000,0.000000,-2920.000000,-196.000000,0.000000
-300.000000,-200.000000,0.000000,0.000000,-2925.000000,0.000000,0.000000
0.000000,200.000000,0.000000,0.000000,-2970.000000,0.000000,0.000000
-100.000000,-100.000000,0.000000,0.000000,-2967.000000,0.000000,0.000000
100.000000,200.000000,0.000000,0.000000,-2968.000000,0.000000,0.000000
200.000000,-200.000000,0.000000,0.000000,-2962.000000,0.000000,0.000000
-100.000000,0.000000,0.000000,0.000000,-2979.000000,0.000000,0.000000
-100.000000,100.000000,0.000000,0.000000,-2980.000000,0.000000,0.000000
-100.000000,0.000000,0.000000,0.000000,-2976.000000,0.000000,0.000000
0.000000,200.000000,0.000000,0.000000,-2946.000000,0.000000,0.000000
-100.000000,-100.000000,0.000000,0.000000,-2958.000000,0.000000,0.000000
0.000000,0.000000,0.000000,0.000000,-2936.000000,0.000000,0.000000
0.000000,200.000000,0.000000,0.000000,-2931.000000,0.000000,0.000000
0.000000,200.000000,0.000000,0.000000,-2925.000000,0.000000,0.000000
-200.000000,-100.000000,0.000000,0.000000,-2892.000000,0.000000,0.000000
0.000000,0.000000,0.000000,0.000000,-2888.000000,0.000000,0.000000
-200.000000,200.000000,0.000000,0.000000,-2866.000000,0.000000,0.000000
0.000000,-100.000000,0.000000,0.000000,-2846.000000,0.000000,0.000000
0.000000,100.000000,0.000000,0.000000,-2855.000000,0.000000,0.000000
-200.000000,0.000000,0.000000,0.000000,-2881.000000,0.000000,0.000000
-100.000000,200.000000,0.000000,0.000000,-2900.000000,0.000000,0.000000
0.000000,0.000000,0.000000,0.000000,-2919.000000,0.000000,0.000000
-200.000000,0.000000,0.000000,0.000000,-2934.000000,0.000000,0.000000
-100.000000,-100.000000,0.000000,0.000000,-2950.000000,0.000000,0.000000
0.000000,100.000000,0.000000,0.000000,-2958.000000,0.000000,0.000000
-100.000000,-100.000000,0.000000,0.000000,-2970.000000,0.000000,0.000000
-100.000000,-200.000000,0.000000,0.000000,-2986.000000,0.000000,0.000000
0.000000,100.000000,0.000000,0.000000,-2968.000000,196.000000,0.000000
-100.000000,0.000000,0.000000,0.000000,-2976.000000,0.000000,0.000000
-100.000000,-100.000000,0.000000,0.000000,-2986.000000,0.000000,0.000000
-100.000000,-100.000000,0.000000,0.000000,-3000.000000,196.000000,0.000000
16700.000000,11400.000000,20000.000000,20000.000000,-2976.000000,196.000000,589.000000
17000.000000,17300.000000,20000.000000,20000.000000,-2829.000000,4123.000000,3534.000000
18800.000000,19100.000000,20000.000000,20000.000000,-2835.000000,4516.000000,3337.000000
20600.000000,20900.000000,20000.000000,20000.000000,-2923.000000,1374.000000,785.000000
18200.000000,20200.000000,20000.000000,20000.000000,-3185.000000,-196.000000,-392.000000
20700.000000,20500.000000,20000.000000,20000.000000,-3392.000000,589.000000,392.000000
21200.000000,18100.000000,20000.000000,20000.000000,-2912.000000,1767.000000,2552.000000
20900.000000,19400.000000,20000.000000,20000.000000,-2504.000000,3534.000000,4123.000000
21700.000000,21600.000000,20000.000000,20000.000000,-2803.000000,4516.000000,4319.000000
23300.000000,21600.000000,20000.000000,20000.000000,-3059.000000,3730.000000,2945.000000
21400.000000,19300.000000,20000.000000,20000.000000,-3140.000000,2356.000000,1767.000000
21400.000000,18900.000000,20000.000000,20000.000000,-3145.000000,2552.000000,2356.000000
17200.000000,17900.000000,20000.000000,20000.000000,-2835.000000,3926.000000,4319.000000
18500.000000,19100.000000,20000.000000,20000.000000,-2723.000000,5301.000000,5497.000000
22600.000000,18600.000000,20000.000000,20000.000000,-2921.000000,5497.000000,5105.000000
20700.000000,20400.000000,20000.000000,20000.000000,-2873.000000,4712.000000,3926.000000
20700.000000,18700.000000,20000.000000,20000.000000,-2810.000000,4123.000000,3926.000000
18300.000000,18700.000000,20000.000000,20000.000000,-2734.000000,4319.000000,4712.000000
22100.000000,18200.000000,20000.000000,20000.000000,-2700.000000,4908.000000,4908.000000
20200.000000,18600.000000,20000.000000,20000.000000,-2645.000000,5497.000000,4516.000000
18600.000000,19400.000000,20000.000000,20000.000000,-2654.000000,5694.000000,4516.000000
18100.000000,20600.000000,20000.000000,20000.000000,-2844.000000,5105.000000,4712.000000
21400.000000,18800.000000,20000.000000,20000.000000,-2838.000000,4908.000000,4908.000000
17900.000000,20000.000000,20000.000000,20000.000000,-2737.000000,5301.000000,5497.000000
18200.000000,18400.000000,20000.000000,20000.000000,-2710.000000,5497.000000,6086.000000
18600.000000,18800.000000,20000.000000,20000.000000,-2782.000000,5497.000000,5890.000000
22000.000000,21200.000000,20000.000000,20000.000000,-2754.000000,4908.000000,4712.000000
22100.000000,18500.000000,20000.000000,20000.000000,-2719.000000,4908.000000,4123.000000
19300.000000,19700.000000,20000.000000,20000.000000,-2720.000000,5301.000000,4516.000000
20900.000000,18100.000000,20000.000000,20000.000000,-2659.000000,5694.000000,5105.000000
18600.000000,18700.000000,20000.000000,20000.000000,-2614.000000,5301.000000,5497.000000
18300.000000,21300.000000,20000.000000,20000.000000,-2420.000000,4908.000000,5301.000000
18800.000000,21600.000000,20000.000000,20000.000000,-2466.000000,4319.000000,4319.000000
17700.000000,19700.000000,20000.000000,20000.000000,-2479.000000,4319.000000,3730.000000
17400.000000,18200.000000,20000.000000,20000.000000,-2397.000000,4712.000000,3730.000000
17600.000000,21700.000000,20000.000000,20000.000000,-2410.000000,5105.000000,4319.000000
22100.000000,21700.000000,20000.000000,20000.000000,-2497.000000,5301.000000,4908.000000
18700.000000,18700.000000,20000.000000,20000.000000,-2365.000000,4516.000000,4516.000000
19200.000000,22300.000000,20000.000000,20000.000000,-2307.000000,3730.000000,3730.000000
22100.000000,22300.000000,20000.000000,20000.000000,-2317.000000,3337.000000,3141.000000
17400.000000,18300.000000,20000.000000,20000.000000,-2307.000000,4123.000000,3534.000000
18400.000000,18100.000000,20000.000000,20000.000000,-2231.000000,4319.000000,4123.000000
21200.000000,19400.000000,20000.000000,20000.000000,-2184.000000,4123.000000,4123.000000
21200.000000,21500.000000,20000.000000,20000.000000,-2207.000000,3926.000000,2945.000000
22100.000000,21600.000000,20000.000000,20000.000000,-2205.000000,3730.000000,3337.000000
17500.000000,20100.000000,20000.000000,20000.000000,-2134.000000,3534.000000,2945.000000
23200.000000,18000.000000,20000.000000,20000.000000,-2106.000000,3730.000000,3141.000000
17300.000000,18100.000000,20000.000000,20000.000000,-2061.000000,3730.000000,3534.000000
21500.000000,18800.000000,20000.000000,20000.000000,-1993.000000,3534.000000,3730.000000
22000.000000,22300.000000,20000.000000,20000.000000,-2014.000000,3141.000000,3534.000000
18700.000000,18600.000000,20000.000000,20000.000000,-1986.000000,3337.000000,3141.000000
18700.000000,18000.000000,20000.000000,20000.000000,-2016.000000,3730.000000,2748.000000
17800.000000,19900.000000,20000.000000,20000.000000,-1988.000000,3926.000000,3141.000000
21700.000000,20600.000000,20000.000000,20000.000000,-1923.000000,3926.000000,3337.000000
18100.000000,20200.000000,20000.000000,20000.000000,-1942.000000,4123.000000,3337.000000
17400.000000,20200.000000,20000.000000,20000.000000,-1875.000000,3926.000000,3534.000000
22500.000000,20000.000000,20000.000000,20000.000000,-1831.000000,3926.000000,3534.000000
18000.000000,19800.000000,20000.000000,20000.000000,-1804.000000,4123.000000,3730.000000
17600.000000,18700.000000,20000.000000,20000.000000,-1758.000000,4319.000000,3534.000000
17800.000000,18400.000000,20000.000000,20000.000000,-1816.000000,4712.000000,3730.000000
17800.000000,19800.000000,20000.000000,20000.000000,-1802.000000,4712.000000,4319.000000
17800.000000,19000.000000,20000.000000,20000.000000,-1895.000000,5301.000000,4516.000000
19600.000000,19700.000000,20000.000000,20000.000000,-1843.000000,5497.000000,4516.000000
20900.000000,18400.000000,20000.000000,20000.000000,-1760.000000,5694.000000,5105.000000
20800.000000,18600.000000,20000.000000,20000.000000,-1802.000000,5497.000000,5694.000000
18200.000000,18700.000000,20000.000000,20000.000000,-1805.000000,5890.000000,5497.000000
18200.000000,18900.000000,0.000000,0.000000,-2025.000000,5694.000000,5497.000000
-100.000000,0.000000,0.000000,0.000000,-1978.000000,3337.000000,2748.000000
-100.000000,-100.000000,0.000000,0.000000,-1931.000000,2748.000000,1767.000000
0.000000,-100.000000,0.000000,0.000000,-1929.000000,2356.000000,2552.000000
-100.000000,200.000000,0.000000,0.000000,-1963.000000,3141.000000,5105.000000
-100.000000,-100.000000,0.000000,0.000000,-2201.000000,5301.000000,6872.000000
200.000000,100.000000,0.000000,0.000000,-2278.000000,8050.000000,7264.000000
0.000000,0.000000,0.000000,0.000000,-2289.000000,8246.000000,6479.000000
100.000000,-100.000000,0.000000,0.000000,-2116.000000,8443.000000,4712.000000
0.000000,0.000000,0.000000,0.000000,-1740.000000,8246.000000,3534.000000
0.000000,-100.000000,0.000000,0.000000,-1718.000000,8050.000000,3141.000000
-100.000000,-100.000000,0.000000,0.000000,-1867.000000,7068.000000,3730.000000
100.000000,0.000000,0.000000,0.000000,-1778.000000,6086.000000,4908.000000
-100.000000,200.000000,0.000000,0.000000,-1639.000000,5105.000000,5694.000000
-100.000000,0.000000,0.000000,0.000000,-1722.000000,5301.000000,5694.000000
-100.000000,0.000000,0.000000,0.000000,-1989.000000,4712.000000,6086.000000
-100.000000,200.000000,0.000000,0.000000,-1771.000000,4516.000000,5890.000000
0.000000,100.000000,0.000000,0.000000,-1664.000000,4516.000000,5301.000000
-100.000000,0.000000,0.000000,0.000000,-2118.000000,5301.000000,5105.000000
-100.000000,0.000000,0.000000,0.000000,-2040.000000,7264.000000,4908.000000
0.000000,-100.000000,0.000000,0.000000,-1912.000000,8639.000000,4712.000000
0.000000,0.000000,0.000000,0.000000,-1916.000000,8639.000000,4712.000000
-100.000000,-100.000000,0.000000,0.000000,-2025.000000,8639.000000,5301.000000
-200.000000,300.000000,0.000000,0.000000,-2057.000000,8443.000000,5301.000000
100.000000,200.000000,0.000000,0.000000,-1925.000000,8246.000000,6675.000000
0.000000,0.000000,0.000000,0.000000,-1981.000000,7853.000000,7068.000000
-100.000000,0.000000,0.000000,0.000000,-1895.000000,7657.000000,6872.000000
-100.000000,0.000000,0.000000,0.000000,-1964.000000,7461.000000,6479.000000
-100.000000,200.000000,0.000000,0.000000,-2076.000000,7264.000000,6479.000000
-200.000000,0.000000,0.000000,0.000000,-2073.000000,7068.000000,6086.000000
-100.000000,-100.000000,0.000000,0.000000,-1915.000000,6872.000000,5890.000000
-100.000000,0.000000,0.000000,0.000000,-1858.000000,6675.000000,6086.000000
0.000000,-100.000000,0.000000,0.000000,-2019.000000,6872.000000,7068.000000
100.000000,200.000000,0.000000,0.000000,-2075.000000,7657.000000,7853.000000
-100.000000,0.000000,0.000000,0.000000,-2025.000000,9032.000000,8246.000000
-100.000000,300.000000,0.000000,0.000000,-2091.000000,9817.000000,8050.000000
0.000000,0.000000,0.000000,0.000000,-2233.000000,9817.000000,7657.000000
-300.000000,-200.000000,0.000000,0.000000,-2213.000000,9621.000000,7853.000000
0.000000,-100.000000,0.000000,0.000000,-2217.000000,9424.000000,7068.000000
0.000000,-200.000000,0.000000,0.000000,-2296.000000,9032.000000,6675.000000
0.000000,0.000000,0.000000,0.000000,-2117.000000,9032.000000,6872.000000
100.000000,-100.000000,0.000000,0.000000,-2085.000000,8639.000000,7068.000000
-200.000000,0.000000,0.000000,0.000000,-2200.000000,8639.000000,7657.000000
-100.000000,200.000000,0.000000,0.000000,-2213.000000,8050.000000,8443.000000
0.000000,0.000000,0.000000,0.000000,-2172.000000,8246.000000,8050.000000
0.000000,-100.000000,0.000000,0.000000,-2166.000000,7853.000000,8246.000000
0.000000,0.000000,0.000000,0.000000,-2177.000000,7853.000000,7068.000000
-200.000000,0.000000,0.000000,0.000000,-2090.000000,7657.000000,7461.000000
-100.000000,300.000000,0.000000,0.000000,-2111.000000,8246.000000,7461.000000
0.000000,200.000000,0.000000,0.000000,-2142.000000,8835.000000,7461.000000
-100.000000,-900.000000,0.000000,0.000000,-2112.000000,9424.000000,7461.000000
0.000000,0.000000,0.000000,0.000000,-1982.000000,9032.000000,6872.000000
0.000000,0.000000,0.000000,0.000000,-1969.000000,9621.000000,6872.000000
-200.000000,0.000000,0.000000,0.000000,-2071.000000,9032.000000,6872.000000
-200.000000,0.000000,0.000000,0.000000,-1942.000000,8639.000000,7264.000000
200.000000,0.000000,0.000000,0.000000,-1710.000000,8835.000000,7068.000000
-200.000000,0.000000,0.000000,0.000000,-1761.000000,8835.000000,6872.000000
0.000000,0.000000,0.000000,0.000000,-1743.000000,8246.000000,6479.000000
0.000000,0.000000,0.000000,0.000000,-1693.000000,7657.000000,6479.000000
0.000000,0.000000,0.000000,0.000000,-1687.000000,7853.000000,6086.000000
0.000000,300.000000,0.000000,0.000000,-1779.000000,7657.000000,5105.000000
0.000000,0.000000,0.000000,0.000000,-1787.000000,7264.000000,4908.000000
200.000000,0.000000,0.000000,0.000000,-1720.000000,7068.000000,5301.000000
0.000000,0.000000,0.000000,0.000000,-1744.000000,6872.000000,5301.000000
-100.000000,0.000000,0.000000,0.000000,-1713.000000,6479.000000,5105.000000
0.000000,0.000000,0.000000,0.000000,-1656.000000,6086.000000,5301.000000
0.000000,0.000000,0.000000,0.000000,-1687.000000,6086.000000,4908.000000
-200.000000,0.000000,0.000000,0.000000,-1685.000000,5694.000000,5105.000000
-100.000000,0.000000,0.000000,0.000000,-1629.000000,5301.000000,5105.000000
0.000000,0.000000,0.000000,0.000000,-1636.000000,5301.000000,4516.000000
-100.000000,-200.000000,0.000000,0.000000,-1616.000000,5301.000000,3730.000000
-100.000000,200.000000,0.000000,0.000000,-1616.000000,4712.000000,3730.000000
0.000000,0.000000,0.000000,0.000000,-1588.000000,4712.000000,3534.000000
0.000000,0.000000,0.000000,0.000000,-1489.000000,4712.000000,3926.000000
0.000000,0.000000,0.000000,0.000000,-1486.000000,4712.000000,3730.000000
0.000000,0.000000,0.000000,0.000000,-1385.000000,5497.000000,3730.000000
0.000000,-200.000000,0.000000,0.000000,-1418.000000,6086.000000,3534.000000
-100.000000,-100.000000,0.000000,0.000000,-1355.000000,6086.000000,3534.000000
0.000000,0.000000,0.000000,0.000000,-1315.000000,5890.000000,3730.000000
0.000000,200.000000,0.000000,0.000000,-1438.000000,6086.000000,3730.000000
-100.000000,100.000000,0.000000,0.000000,-1481.000000,5694.000000,3926.000000
100.000000,-200.000000,0.000000,0.000000,-1412.000000,5301.000000,3926.000000
-100.000000,100.000000,0.000000,0.000000,-1301.000000,5694.000000,3534.000000
100.000000,100.000000,0.000000,0.000000,-1394.000000,5105.000000,3730.000000
0.000000,0.000000,0.000000,0.000000,-1429.000000,5105.000000,3337.000000
0.000000,-100.000000,0.000000,0.000000,-1430.000000,4908.000000,3534.000000
-100.000000,0.000000,0.000000,0.000000,-1476.000000,4516.000000,3534.000000
-200.000000,0.000000,0.000000,0.000000,-1533.000000,4712.000000,3926.000000
0.000000,200.000000,0.000000,0.000000,-1551.000000,4908.000000,4319.000000
0.000000,0.000000,0.000000,0.000000,-1574.000000,5497.000000,4319.000000
0.000000,0.000000,0.000000,0.000000,-1583.000000,6283.000000,4319.000000
0.000000,100.000000,0.000000,0.000000,-1612.000000,6283.000000,4123.000000
100.000000,100.000000,0.000000,0.000000,-1627.000000,6283.000000,4123.000000
0.000000,100.000000,0.000000,0.000000,-1687.000000,6086.000000,4123.000000
0.000000,0.000000,0.000000,0.000000,-1642.000000,6086.000000,4319.000000
-200.000000,-100.000000,0.000000,0.000000,-1744.000000,5890.000000,4908.000000
0.000000,0.000000,0.000000,0.000000,-1743.000000,5694.000000,5694.000000
100.000000,0.000000,0.000000,0.000000,-1718.000000,5890.000000,4712.000000
0.000000,0.000000,0.000000,0.000000,-1804.000000,6283.000000,4319.000000
0.000000,300.000000,0.000000,0.000000,-1772.000000,6872.000000,4908.000000
0.000000,-200.000000,0.000000,0.000000,-1757.000000,7264.000000,4516.000000
-200.000000,0.000000,0.000000,0.000000,-1787.000000,7264.000000,4516.000000
-100.000000,0.000000,0.000000,0.000000,-1812.000000,7068.000000,4319.000000
0.000000,-100.000000,0.000000,0.000000,-1815.000000,6872.000000,4712.000000
-100.000000,0.000000,0.000000,0.000000,-1779.000000,7068.000000,5301.000000
0.000000,-200.000000,0.000000,0.000000,-1755.000000,6675.000000,5497.000000
0.000000,0.000000,0.000000,0.000000,-1800.000000,6675.000000,5497.000000
-100.000000,100.000000,0.000000,0.000000,-1832.000000,6872.000000,5301.000000
-300.000000,200.000000,0.000000,0.000000,-1861.000000,7264.000000,4712.000000
0.000000,100.000000,0.000000,0.000000,-1909.000000,7657.000000,4516.000000
0.000000,0.000000,0.000000,0.000000,-1892.000000,7657.000000,4319.000000
-100.000000,-100.000000,0.000000,0.000000,-1876.000000,7657.000000,4123.000000
0.000000,0.000000,0.000000,0.000000,-1831.000000,7461.000000,5105.000000
100.000000,100.000000,0.000000,0.000000,-1745.000000,7461.000000,5301.000000
-200.000000,0.000000,0.000000,0.000000,-1759.000000,7068.000000,5301.000000
0.000000,0.000000,0.000000,0.000000,-1735.000000,7068.000000,5301.000000
-100.000000,200.000000,0.000000,0.000000,-1700.000000,6675.000000,5301.000000
0.000000,100.000000,0.000000,0.000000,-1671.000000,6675.000000,4908.000000
0.000000,0.000000,0.000000,0.000000,-1619.000000,6675.000000,4908.000000
0.000000,0.000000,0.000000,0.000000,-1630.000000,6872.000000,4516.000000
-200.000000,0.000000,0.000000,0.000000,-1519.000000,7068.000000,4123.000000
-100.000000,0.000000,0.000000,0.000000,-1504.000000,7068.000000,4319.000000
0.000000,0.000000,0.000000,0.000000,-1521.000000,6872.000000,4319.000000
0.000000,0.000000,0.000000,0.000000,-1456.000000,6872.000000,4319.000000
-100.000000,0.000000,0.000000,0.000000,-1440.000000,6479.000000,4319.000000
0.000000,100.000000,0.000000,0.000000,-1434.000000,6479.000000,4516.000000
0.000000,0.000000,0.000000,0.000000,-1447.000000,6283.000000,4319.000000
0.000000,300.000000,0.000000,0.000000,-1453.000000,6086.000000,4319.000000
0.000000,0.000000,0.000000,0.000000,-1422.000000,5890.000000,4123.000000
0.000000,100.000000,0.000000,0.000000,-1461.000000,5694.000000,4516.000000
-100.000000,0.000000,0.000000,0.000000,-1467.000000,5497.000000,3534.000000
0.000000,0.000000,0.000000,0.000000,-1440.000000,5301.000000,2748.000000
100.000000,-200.000000,0.000000,0.000000,-1411.000000,5301.000000,2748.000000
0.000000,-100.000000,0.000000,0.000000,-1416.000000,4908.000000,2552.000000
0.000000,0.000000,0.000000,0.000000,-1334.000000,4712.000000,2945.000000
0.000000,100.000000,0.000000,0.000000,-1284.000000,4712.000000,2552.000000
0.000000,0.000000,0.000000,0.000000,-1301.000000,4516.000000,2748.000000
0.000000,100.000000,0.000000,0.000000,-1319.000000,4319.000000,2552.000000
-200.000000,200.000000,0.000000,0.000000,-1250.000000,4319.000000,2552.000000
-100.000000,-100.000000,0.000000,0.000000,-1244.000000,4516.000000,2552.000000
-100.000000,0.000000,0.000000,0.000000,-1213.000000,4516.000000,2356.000000
0.000000,0.000000,0.000000,0.000000,-1267.000000,4516.000000,2552.000000
0.000000,0.000000,0.000000,0.000000,-1280.000000,4319.000000,2356.000000
-100.000000,0.000000,0.000000,0.000000,-1245.000000,4516.000000,2159.000000
0.000000,300.000000,0.000000,0.000000,-1324.000000,4123.000000,2159.000000
0.000000,-100.000000,0.000000,0.000000,-1293.000000,4123.000000,2159.000000
0.000000,0.000000,0.000000,0.000000,-1285.000000,4123.000000,2159.000000
0.000000,0.000000,0.000000,0.000000,-1343.000000,3926.000000,2159.000000
0.000000,0.000000,0.000000,0.000000,-1422.000000,3926.000000,2159.000000
-100.000000,0.000000,0.000000,0.000000,-1529.000000,3730.000000,2356.000000
0.000000,0.000000,0.000000,0.000000,-1526.000000,3926.000000,1963.000000
0.000000,200.000000,0.000000,0.000000,-1552.000000,4123.000000,1963.000000
-100.000000,100.000000,0.000000,0.000000,-1610.000000,4123.000000,1963.000000
100.000000,0.000000,0.000000,0.000000,-1652.000000,4319.000000,1767.000000
100.000000,100.000000,0.000000,0.000000,-1600.000000,4319.000000,1767.000000
200.000000,-200.000000,0.000000,0.000000,-1607.000000,4319.000000,1570.000000
100.000000,0.000000,0.000000,0.000000,-1591.000000,4319.000000,1767.000000
0.000000,0.000000,0.000000,0.000000,-1622.000000,4123.000000,2159.000000
0.000000,-100.000000,0.000000,0.000000,-1593.000000,4123.000000,2552.000000
0.000000,0.000000,0.000000,0.000000,-1630.000000,4123.000000,2552.000000
-200.000000,0.000000,0.000000,0.000000,-1577.000000,4319.000000,2552.000000
-200.000000,100.000000,0.000000,0.000000,-1637.000000,4712.000000,2356.000000
-200.000000,0.000000,0.000000,0.000000,-1679.000000,5105.000000,2748.000000
0.000000,0.000000,0.000000,0.000000,-1665.000000,5105.000000,2748.000000
0.000000,0.000000,0.000000,0.000000,-1654.000000,4908.000000,2945.000000
-100.000000,-100.000000,0.000000,0.000000,-1645.000000,4908.000000,3141.000000
0.000000,0.000000,0.000000,0.000000,-1690.000000,4712.000000,3141.000000
-300.000000,0.000000,0.000000,0.000000,-1686.000000,4712.000000,3337.000000
100.000000,300.000000,0.000000,0.000000,-1788.000000,4712.000000,3141.000000
0.000000,100.000000,0.000000,0.000000,-1822.000000,4908.000000,3141.000000
0.000000,-100.000000,0.000000,0.000000,-1852.000000,5301.000000,3337.000000
-100.000000,0.000000,0.000000,0.000000,-1907.000000,5497.000000,3534.000000
-100.000000,-100.000000,0.000000,0.000000,-1907.000000,5497.000000,3730.000000
-100.000000,0.000000,0.000000,0.000000,-1900.000000,5301.000000,4123.000000
100.000000,100.000000,0.000000,0.000000,-1961.000000,5301.000000,3926.000000
0.000000,0.000000,0.000000,0.000000,-2015.000000,4908.000000,4123.000000
0.000000,-100.000000,0.000000,0.000000,-2017.000000,5105.000000,4123.000000
0.000000,300.000000,0.000000,0.000000,-1976.000000,5497.000000,3926.000000
-300.000000,0.000000,0.000000,0.000000,-2018.000000,5694.000000,3926.000000
100.000000,0.000000,0.000000,0.000000,-2047.000000,5497.000000,3926.000000
0.000000,0.000000,0.000000,0.000000,-2033.000000,5694.000000,3926.000000
-100.000000,200.000000,0.000000,0.000000,-2084.000000,5497.000000,4123.000000
-100.000000,-100.000000,0.000000,0.000000,-2122.000000,5497.000000,4319.000000
0.000000,100.000000,0.000000,0.000000,-2064.000000,5301.000000,4516.000000
0.000000,200.000000,0.000000,0.000000,-2020.000000,5301.000000,4319.000000
-200.000000,100.000000,0.000000,0.000000,-2052.000000,5497.000000,3534.000000
-200.000000,-100.000000,0.000000,0.000000,-2063.000000,5301.000000,3337.000000
0.000000,-100.000000,0.000000,0.000000,-2022.000000,5301.000000,3337.000000
0.000000,0.000000,0.000000,0.000000,-1990.000000,5105.000000,3337.000000
-100.000000,100.000000,0.000000,0.000000,-2035.000000,5301.000000,3337.000000
0.000000,0.000000,0.000000,0.000000,-2034.000000,4908.000000,3534.000000
0.000000,0.000000,0.000000,0.000000,-1970.000000,4908.000000,3534.000000
100.000000,0.000000,0.000000,0.000000,-1957.000000,4908.000000,3534.000000
0.000000,-100.000000,0.000000,0.000000,-1992.000000,4712.000000,3141.000000
0.000000,0.000000,0.000000,0.000000,-1913.000000,4516.000000,3141.000000
-200.000000,-100.000000,0.000000,0.000000,-1917.000000,4516.000000,2748.000000
0.000000,-200.000000,0.000000,0.000000,-1885.000000,4319.000000,2748.000000
-100.000000,0.000000,0.000000,0.000000,-1892.000000,4319.000000,2748.000000
-100.000000,0.000000,0.000000,0.000000,-1777.000000,4123.000000,1963.000000
0.000000,100.000000,0.000000,0.000000,-1833.000000,4123.000000,1570.000000
0.000000,0.000000,0.000000,0.000000,-1985.000000,3926.000000,1767.000000
0.000000,0.000000,0.000000,0.000000,-1870.000000,3926.000000,1178.000000
-100.000000,0.000000,78.000000,78.000000,-1778.000000,3730.000000,981.000000
200.000000,-100.000000,0.000000,0.000000,-1745.000000,3534.000000,1178.000000
-300.000000,0.000000,0.000000,0.000000,-1785.000000,3337.000000,785.000000
-200.000000,0.000000,0.000000,0.000000,-1718.000000,3337.000000,981.000000
0.000000,0.000000,0.000000,0.000000,-1728.000000,3337.000000,1374.000000
-200.000000,100.000000,0.000000,0.000000,-1775.000000,3141.000000,1767.000000
-200.000000,-200.000000,0.000000,0.000000,-1821.000000,3141.000000,1963.000000
-100.000000,0.000000,0.000000,0.000000,-1817.000000,2945.000000,1963.000000
0.000000,0.000000,0.000000,0.000000,-1813.000000,2748.000000,1570.000000
0.000000,0.000000,0.000000,0.000000,-1798.000000,2748.000000,1570.000000
0.000000,-100.000000,0.000000,0.000000,-1796.000000,2552.000000,1570.000000
-100.000000,-100.000000,0.000000,0.000000,-1798.000000,2748.000000,1178.000000
100.000000,0.000000,0.000000,0.000000,-1826.000000,2552.000000,1178.000000
100.000000,0.000000,0.000000,0.000000,-1872.000000,2748.000000,981.000000
-200.000000,0.000000,0.000000,0.000000,-1918.000000,2748.000000,785.000000
100.000000,0.000000,0.000000,0.000000,-1890.000000,2748.000000,785.000000
0.000000,400.000000,0.000000,0.000000,-1952.000000,2748.000000,392.000000
0.000000,0.000000,0.000000,0.000000,-1967.000000,2748.000000,589.000000
-100.000000,-100.000000,0.000000,0.000000,-2004.000000,2748.000000,196.000000
-100.000000,0.000000,0.000000,0.000000,-2003.000000,2356.000000,392.000000
-300.000000,-600.000000,156.000000,156.000000,-2016.000000,2552.000000,589.000000
200.000000,0.000000,0.000000,0.000000,-1973.000000,2356.000000,981.000000
-100.000000,0.000000,0.000000,0.000000,-2008.000000,2356.000000,1178.000000
200.000000,-100.000000,0.000000,0.000000,-2072.000000,2552.000000,1178.000000
0.000000,0.000000,0.000000,0.000000,-2084.000000,2945.000000,1374.000000
-100.000000,-100.000000,0.000000,0.000000,-2088.000000,2945.000000,981.000000
0.000000,100.000000,0.000000,0.000000,-2102.000000,2945.000000,1178.000000
0.000000,200.000000,0.000000,0.000000,-2131.000000,3141.000000,785.000000
0.000000,0.000000,0.000000,0.000000,-2171.000000,2945.000000,981.000000
0.000000,400.000000,0.000000,0.000000,-2185.000000,3141.000000,785.000000
0.000000,-200.000000,0.000000,0.000000,-2174.000000,2945.000000,1178.000000
0.000000,0.000000,0.000000,0.000000,-2201.000000,2945.000000,1374.000000
-100.000000,0.000000,0.000000,0.000000,-2209.000000,3141.000000,1570.000000
0.000000,0.000000,0.000000,0.000000,-2213.000000,3141.000000,1570.000000
100.000000,0.000000,0.000000,0.000000,-2231.000000,3337.000000,1570.000000
0.000000,0.000000,0.000000,0.000000,-2252.000000,3534.000000,1374.000000
0.000000,-300.000000,0.000000,0.000000,-2282.000000,3730.000000,1570.000000
-300.000000,-300.000000,78.000000,78.000000,-2291.000000,3534.000000,1570.000000
0.000000,-100.000000,0.000000,0.000000,-2304.000000,3730.000000,1570.000000
-200.000000,0.000000,0.000000,0.000000,-2335.000000,3730.000000,1767.000000
-300.000000,0.000000,0.000000,0.000000,-2317.000000,3730.000000,1963.000000
0.000000,-100.000000,0.000000,0.000000,-2280.000000,3730.000000,1963.000000
-100.000000,200.000000,0.000000,0.000000,-2294.000000,3730.000000,1963.000000
-300.000000,-100.000000,0.000000,0.000000,-2292.000000,3534.000000,1963.000000
-200.000000,0.000000,0.000000,0.000000,-2298.000000,3926.000000,1963.000000
0.000000,0.000000,0.000000,0.000000,-2308.000000,3926.000000,1767.000000
-100.000000,200.000000,0.000000,0.000000,-2319.000000,3926.000000,1767.000000
0.000000,0.000000,0.000000,0.000000,-2318.000000,4123.000000,1767.000000
0.000000,100.000000,0.000000,0.000000,-2294.000000,4123.000000,1767.000000
-100.000000,0.000000,0.000000,0.000000,-2290.000000,3926.000000,1767.000000
0.000000,100.000000,0.000000,0.000000,-2298.000000,3926.000000,1570.000000
-100.000000,200.000000,0.000000,0.000000,-2290.000000,3730.000000,1963.000000
-200.000000,200.000000,0.000000,0.000000,-2286.000000,3730.000000,1963.000000
0.000000,0.000000,0.000000,0.000000,-2305.000000,3534.000000,1570.000000
-200.000000,0.000000,0.000000,0.000000,-2301.000000,3534.000000,1767.000000
100.000000,100.000000,0.000000,0.000000,-2276.000000,3534.000000,1570.000000
-200.000000,0.000000,0.000000,0.000000,-2253.000000,3730.000000,1767.000000
-100.000000,0.000000,78.000000,78.000000,-2256.000000,3730.000000,1570.000000
-100.000000,200.000000,0.000000,0.000000,-2276.000000,3534.000000,1374.000000
100.000000,400.000000,0.000000,0.000000,-2275.000000,3730.000000,1570.000000
0.000000,0.000000,0.000000,0.000000,-2273.000000,3534.000000,1374.000000
-100.000000,-100.000000,0.000000,0.000000,-2254.000000,3337.000000,1374.000000
0.000000,-100.000000,0.000000,0.000000,-2239.000000,3141.000000,1178.000000
-100.000000,0.000000,0.000000,0.000000,-2211.000000,3141.000000,1178.000000
-200.000000,0.000000,0.000000,0.000000,-2226.000000,2945.000000,1178.000000
0.000000,-100.000000,0.000000,0.000000,-2211.000000,2748.000000,981.000000
-100.000000,-100.000000,0.000000,0.000000,-2177.000000,2552.000000,785.000000
100.000000,-100.000000,0.000000,0.000000,-2144.000000,2552.000000,785.000000
0.000000,0.000000,0.000000,0.000000,-2133.000000,2356.000000,589.000000
-100.000000,400.000000,0.000000,0.000000,-2124.000000,2159.000000,589.000000
0.000000,0.000000,0.000000,0.000000,-2118.000000,2159.000000,392.000000
0.000000,0.000000,0.000000,0.000000,-2132.000000,2159.000000,392.000000
-100.000000,0.000000,0.000000,0.000000,-2117.000000,1767.000000,196.000000
-100.000000,100.000000,0.000000,0.000000,-2105.000000,1963.000000,196.000000
0.000000,0.000000,0.000000,0.000000,-2109.000000,1570.000000,0.000000
-200.000000,0.000000,0.000000,0.000000,-2092.000000,1767.000000,0.000000
0.000000,0.000000,0.000000,0.000000,-2083.000000,1570.000000,0.000000
-100.000000,0.000000,0.000000,0.000000,-2087.000000,1374.000000,196.000000
0.000000,200.000000,0.000000,0.000000,-2108.000000,1374.000000,0.000000
0.000000,0.000000,0.000000,0.000000,-2112.000000,1374.000000,0.000000
100.000000,0.000000,0.000000,0.000000,-2114.000000,1374.000000,0.000000
0.000000,100.000000,0.000000,0.000000,-2141.000000,1178.000000,-196.000000
0.000000,400.000000,0.000000,0.000000,-2135.000000,1178.000000,0.000000
-100.000000,200.000000,0.000000,0.000000,-2158.000000,981.000000,0.000000
600.000000,-100.000000,0.000000,0.000000,-2184.000000,1178.000000,-196.000000
0.000000,-100.000000,0.000000,0.000000,-2179.000000,981.000000,-196.000000
0.000000,0.000000,0.000000,0.000000,-2205.000000,981.000000,-589.000000
-100.000000,0.000000,0.000000,0.000000,-2256.000000,981.000000,-785.000000
-100.000000,200.000000,0.000000,0.000000,-2307.000000,785.000000,-785.000000
100.000000,0.000000,0.000000,0.000000,-2320.000000,981.000000,-589.000000
100.000000,0.000000,0.000000,0.000000,-2343.000000,981.000000,-589.000000
0.000000,0.000000,0.000000,0.000000,-2341.000000,785.000000,-589.000000
0.000000,200.000000,0.000000,0.000000,-2358.000000,981.000000,-392.000000
200.000000,200.000000,156.000000,156.000000,-2390.000000,785.000000,-196.000000
0.000000,0.000000,0.000000,0.000000,-2397.000000,981.000000,-196.000000
100.000000,-100.000000,0.000000,0.000000,-2390.000000,785.000000,-392.000000
0.000000,-100.000000,0.000000,0.000000,-2450.000000,981.000000,-589.000000
0.000000,-100.000000,0.000000,0.000000,-2481.000000,785.000000,-589.000000
0.000000,0.000000,0.000000,0.000000,-2446.000000,981.000000,-392.000000
200.000000,-300.000000,0.000000,0.000000,-2419.000000,981.000000,-196.000000
0.000000,0.000000,0.000000,0.000000,-2433.000000,981.000000,0.000000
200.000000,0.000000,0.000000,0.000000,-2444.000000,981.000000,-196.000000
-100.000000,-200.000000,0.000000,0.000000,-2462.000000,981.000000,0.000000
-100.000000,-200.000000,0.000000,0.000000,-2455.000000,981.000000,0.000000
0.000000,-100.000000,0.000000,0.000000,-2487.000000,981.000000,0.000000
0.000000,-200.000000,0.000000,0.000000,-2495.000000,1178.000000,196.000000
0.000000,-300.000000,156.000000,156.000000,-2518.000000,981.000000,0.000000
0.000000,0.000000,0.000000,0.000000,-2537.000000,1178.000000,196.000000
-100.000000,0.000000,0.000000,0.000000,-2553.000000,1178.000000,0.000000
100.000000,0.000000,0.000000,0.000000,-2540.000000,1178.000000,0.000000
0.000000,-100.000000,0.000000,0.000000,-2537.000000,1178.000000,0.000000
-100.000000,0.000000,0.000000,0.000000,-2526.000000,1178.000000,0.000000
0.000000,0.000000,0.000000,0.000000,-2534.000000,1178.000000,0.000000
0.000000,-100.000000,0.000000,0.000000,-2530.000000,1178.000000,196.000000
0.000000,0.000000,0.000000,0.000000,-2558.000000,1178.000000,196.000000
0.000000,200.000000,0.000000,0.000000,-2570.000000,1178.000000,785.000000
100.000000,100.000000,0.000000,0.000000,-2555.000000,1178.000000,785.000000
0.000000,100.000000,0.000000,0.000000,-2518.000000,981.000000,981.000000
0.000000,-200.000000,0.000000,0.000000,-2539.000000,1178.000000,785.000000
0.000000,100.000000,0.000000,0.000000,-2535.000000,981.000000,785.000000
100.000000,-200.000000,0.000000,0.000000,-2515.000000,981.000000,589.000000
0.000000,0.000000,0.000000,0.000000,-2498.000000,981.000000,589.000000
0.000000,-100.000000,0.000000,0.000000,-2470.000000,981.000000,392.000000
-100.000000,0.000000,0.000000,0.000000,-2439.000000,981.000000,392.000000
-100.000000,0.000000,0.000000,0.000000,-2464.000000,785.000000,196.000000
-100.000000,100.000000,0.000000,0.000000,-2483.000000,981.000000,589.000000
-200.000000,0.000000,0.000000,0.000000,-2487.000000,785.000000,392.000000
0.000000,-400.000000,0.000000,0.000000,-2454.000000,981.000000,589.000000
-200.000000,0.000000,0.000000,0.000000,-2438.000000,589.000000,589.000000
0.000000,0.000000,0.000000,0.000000,-2465.000000,589.000000,392.000000
-200.000000,200.000000,0.000000,0.000000,-2489.000000,589.000000,589.000000
-200.000000,0.000000,0.000000,0.000000,-2490.000000,589.000000,196.000000
-100.000000,200.000000,0.000000,0.000000,-2480.000000,392.000000,196.000000
-100.000000,-100.000000,0.000000,0.000000,-2463.000000,196.000000,196.000000
0.000000,0.000000,0.000000,0.000000,-2463.000000,196.000000,0.000000
200.000000,-200.000000,0.000000,0.000000,-2434.000000,196.000000,196.000000
300.000000,0.000000,0.000000,0.000000,-2453.000000,196.000000,0.000000
-100.000000,-300.000000,0.000000,0.000000,-2438.000000,0.000000,0.000000
100.000000,-300.000000,0.000000,0.000000,-2457.000000,0.000000,0.000000
-100.000000,0.000000,0.000000,0.000000,-2454.000000,0.000000,0.000000
0.000000,0.000000,156.000000,156.000000,-2461.000000,0.000000,0.000000
-200.000000,100.000000,0.000000,0.000000,-2433.000000,0.000000,0.000000
0.000000,0.000000,0.000000,0.000000,-2418.000000,0.000000,0.000000
-200.000000,0.000000,0.000000,0.000000,-2402.000000,0.000000,0.000000
100.000000,0.000000,0.000000,0.000000,-2397.000000,0.000000,-196.000000
-300.000000,-200.000000,0.000000,0.000000,-2390.000000,0.000000,0.000000
-300.000000,0.000000,0.000000,0.000000,-2409.000000,0.000000,0.000000
-100.000000,0.000000,0.000000,0.000000,-2400.000000,0.000000,-196.000000
200.000000,-100.000000,0.000000,0.000000,-2401.000000,0.000000,-196.000000
200.000000,-100.000000,0.000000,0.000000,-2398.000000,-392.000000,-589.000000
0.000000,0.000000,0.000000,0.000000,-2438.000000,0.000000,-785.000000
200.000000,0.000000,0.000000,0.000000,-2405.000000,0.000000,-981.000000
200.000000,0.000000,0.000000,0.000000,-2432.000000,0.000000,-589.000000
0.000000,200.000000,0.000000,0.000000,-2457.000000,-196.000000,-785.000000
0.000000,100.000000,0.000000,0.000000,-2447.000000,-785.000000,-392.000000
0.000000,-100.000000,0.000000,0.000000,-2459.000000,-1178.000000,-589.000000
-200.000000,0.000000,0.000000,0.000000,-2525.000000,-1374.000000,-392.000000
200.000000,400.000000,0.000000,0.000000,-2504.000000,-1178.000000,-589.000000
0.000000,-100.000000,0.000000,0.000000,-2438.000000,-1178.000000,-589.000000
0.000000,0.000000,0.000000,0.000000,-2531.000000,-981.000000,-785.000000
200.000000,0.000000,0.000000,0.000000,-2577.000000,-785.000000,-785.000000
0.000000,0.000000,0.000000,0.000000,-2581.000000,-785.000000,-589.000000
0.000000,0.000000,0.000000,0.000000,-2560.000000,-589.000000,-785.000000
200.000000,200.000000,0.000000,0.000000,-2553.000000,-392.000000,-392.000000
200.000000,0.000000,0.000000,0.000000,-2561.000000,-589.000000,-589.000000
0.000000,200.000000,0.000000,0.000000,-2584.000000,-589.000000,-392.000000
100.000000,0.000000,0.000000,0.000000,-2557.000000,-785.000000,-589.000000
100.000000,300.000000,0.000000,0.000000,-2553.000000,-981.000000,-589.000000
-300.000000,200.000000,0.000000,0.000000,-2549.000000,-785.000000,-589.000000
0.000000,0.000000,0.000000,0.000000,-2545.000000,-981.000000,-589.000000
