Channel 1,Channel 2,Channel 3,Channel 4,Channel 5,Channel 6,Channel 7
-100.000000,0.000000,0.000000,0.000000,-3002.000000,0.000000,0.000000
-100.000000,-200.000000,0.000000,0.000000,-3018.000000,0.000000,0.000000
200.000000,0.000000,0.000000,0.000000,-3005.000000,0.000000,0.000000
0.000000,0.000000,0.000000,0.000000,-2984.000000,0.000000,0.000000
-200.000000,0.000000,0.000000,0.000000,-3016.000000,0.000000,0.000000
0.000000,0.000000,0.000000,0.000000,-2996.000000,0.000000,0.000000
-100.000000,0.000000,0.000000,0.000000,-2975.000000,0.000000,0.000000
-100.000000,0.000000,0.000000,0.000000,-2998.000000,0.000000,0.000000
0.000000,0.000000,0.000000,0.000000,-2972.000000,0.000000,0.000000
-100.000000,0.000000,0.000000,0.000000,-2976.000000,0.000000,0.000000
0.000000,0.000000,0.000000,0.000000,-2988.000000,0.000000,0.000000
-200.000000,0.000000,0.000000,0.000000,-2965.000000,0.000000,0.000000
0.000000,-100.000000,0.000000,0.000000,-2939.000000,0.000000,0.000000
200.000000,0.000000,0.000000,0.000000,-2945.000000,0.000000,0.000000
0.000000,100.000000,0.000000,0.000000,-2959.000000,0.000000,0.000000
0.000000,100.000000,0.000000,0.000000,-2960.000000,0.000000,0.000000
-100.000000,200.000000,0.000000,0.000000,-2957.000000,0.000000,0.000000
-200.000000,300.000000,0.000000,0.000000,-2936.000000,0.000000,0.000000
-100.000000,200.000000,0.000000,0.000000,-2921.000000,0.000000,0.000000
0.000000,0.000000,0.000000,0.000000,-2931.000000,0.000000,0.000000
0.000000,0.000000,0.000000,0.000000,-2948.000000,0.000000,0.000000
-200.000000,0.000000,0.000000,0.000000,-2951.000000,0.000000,0.000000
0.000000,-100.000000,0.000000,0.000000,-2939.000000,0.000000,0.000000
-100.000000,0.000000,0.000000,0.000000,-2955.000000,0.000000,0.000000
200.000000,0.000000,0.000000,0.000000,-2948.000000,0.000000,0.000000
200.000000,-100.000000,0.000000,0.000000,-2951.000000,0.000000,0.000000
-100.000000,0.000000,0.000000,0.000000,-2941.000000,0.000000,0.000000
0.000000,100.000000,0.000000,0.000000,-2927.000000,0.000000,0.000000
-100.000000,-100.000000,0.000000,0.000000,-2915.000000,0.000000,0.000000
-100.000000,-100.000000,0.000000,0.000000,-2932.000000,0.000000,0.000000
-100.000000,-100.000000,156.000000,156.000000,-2934.000000,0.000000,0.000000
100.000000,0.000000,0.000000,0.000000,-2954.000000,0.000000,0.000000
-100.000000,-100.000000,0.000000,0.000000,-2968.000000,0.000000,0.000000
-300.000000,-100.000000,0.000000,0.000000,-2988.000000,0.000000,0.000000
200.000000,0.000000,0.000000,0.000000,-2992.000000,0.000000,0.000000
-300.000000,-300.000000,0.000000,0.000000,-2991.000000,0.000000,0.000000
-200.000000,100.000000,0.000000,0.000000,-2972.000000,0.000000,0.000000
0.000000,-100.000000,0.000000,0.000000,-2965.000000,0.000000,0.000000
0.000000,0.000000,0.000000,0.000000,-2970.000000,0.000000,0.000000
200.000000,0.000000,0.000000,0.000000,-2955.000000,0.000000,0.000000
100.000000,-100.000000,0.000000,0.000000,-2942.000000,0.000000,0.000000
-100.000000,-100.000000,0.000000,0.000000,-2955.000000,0.000000,0.000000
200.000000,-200.000000,0.000000,0.000000,-2945.000000,0.000000,0.000000
-200.000000,-100.000000,0.000000,0.000000,-2951.000000,0.000000,0.000000
-200.000000,-100.000000,0.000000,0.000000,-2937.000000,0.000000,0.000000
100.000000,-200.000000,0.000000,0.000000,-2927.000000,0.000000,0.000000
0.000000,200.000000,0.000000,0.000000,-2952.000000,0.000000,0.000000
0.000000,-100.000000,0.000000,0.000000,-2940.000000,0.000000,0.000000
0.000000,0.000000,0.000000,0.000000,-2966.000000,0.000000,0.000000
-100.000000,0.000000,0.000000,0.000000,-2965.000000,0.000000,0.000000
-100.000000,0.000000,0.000000,0.000000,-2956.000000,0.000000,0.000000
200.000000,100.000000,0.000000,0.000000,-2931.000000,0.000000,0.000000
-200.000000,-100.000000,0.000000,0.000000,-2928.000000,0.000000,0.000000
0.000000,-200.000000,0.000000,0.000000,-2965.000000,0.000000,0.000000
-100.000000,-100.000000,0.000000,0.000000,-2970.000000,0.000000,0.000000
-100.000000,-100.000000,0.000000,0.000000,-2951.000000,0.000000,0.000000
100.000000,0.000000,0.000000,0.000000,-2972.000000,0.000000,0.000000
-200.000000,-200.000000,0.000000,0.000000,-2965.000000,0.000000,0.000000
100.000000,-100.000000,0.000000,0.000000,-2967.000000,0.000000,0.000000
0.000000,0.000000,0.000000,0.000000,-2981.000000,0.000000,0.000000
-100.000000,0.000000,0.000000,0.000000,-3004.000000,0.000000,0.000000
-300.000000,0.000000,0.000000,0.000000,-3003.000000,0.000000,0.000000
-200.000000,0.000000,0.000000,0.000000,-2968.000000,0.000000,0.000000
0.000000,100.000000,0.000000,0.000000,-2963.000000,0.000000,0.000000
0.000000,200.000000,0.000000,0.000000,-2984.000000,0.000000,0.000000
0.000000,0.000000,0.000000,0.000000,-2957.000000,0.000000,0.000000
0.000000,-200.000000,0.000000,0.000000,-2980.000000,0.000000,0.000000
0.000000,-100.000000,0.000000,0.000000,-2974.000000,0.000000,0.000000
0.000000,-100.000000,0.000000,0.000000,-2979.000000,0.000000,0.000000
300.000000,-100.000000,0.000000,0.000000,-2955.000000,0.000000,0.000000
200.000000,-100.000000,0.000000,0.000000,-2940.000000,0.000000,0.000000
0.000000,100.000000,0.000000,0.000000,-2923.000000,0.000000,0.000000
0.000000,0.000000,0.000000,0.000000,-2908.000000,0.000000,0.000000
-100.000000,100.000000,0.000000,0.000000,-2889.000000,0.000000,0.000000
-300.000000,100.000000,0.000000,0.000000,-2866.000000,0.000000,0.000000
0.000000,0.000000,0.000000,0.000000,-2849.000000,0.000000,0.000000
-100.000000,-100.000000,0.000000,0.000000,-2849.000000,0.000000,0.000000
-100.000000,0.000000,0.000000,0.000000,-2851.000000,0.000000,0.000000
-100.000000,-100.000000,0.000000,0.000000,-2882.000000,0.000000,0.000000
-100.000000,0.000000,0.000000,0.000000,-2872.000000,0.000000,0.000000
-100.000000,0.000000,0.000000,0.000000,-2889.000000,0.000000,0.000000
300.000000,200.000000,0.000000,0.000000,-2896.000000,0.000000,0.000000
0.000000,100.000000,0.000000,0.000000,-2903.000000,0.000000,0.000000
-200.000000,200.000000,0.000000,0.000000,-2898.000000,0.000000,0.000000
-100.000000,0.000000,0.000000,0.000000,-2911.000000,0.000000,0.000000
-200.000000,0.000000,0.000000,0.000000,-2889.000000,0.000000,0.000000
0.000000,0.000000,0.000000,0.000000,-2885.000000,0.000000,0.000000
0.000000,0.000000,0.000000,0.000000,-2894.000000,0.000000,0.000000
-100.000000,0.000000,0.000000,0.000000,-2888.000000,0.000000,0.000000
-100.000000,-300.000000,0.000000,0.000000,-2872.000000,0.000000,0.000000
-200.000000,0.000000,0.000000,0.000000,-2851.000000,0.000000,0.000000
-300.000000,0.000000,0.000000,0.000000,-2837.000000,0.000000,0.000000
-200.000000,-100.000000,0.000000,0.000000,-2860.000000,0.000000,0.000000
0.000000,0.000000,0.000000,0.000000,-2862.000000,0.000000,0.000000
300.000000,0.000000,0.000000,0.000000,-2878.000000,0.000000,0.000000
-100.000000,0.000000,0.000000,0.000000,-2899.000000,0.000000,0.000000
0.000000,0.000000,0.000000,0.000000,-2910.000000,0.000000,0.000000
0.000000,-100.000000,0.000000,0.000000,-2933.000000,0.000000,0.000000
-100.000000,0.000000,0.000000,0.000000,-2962.000000,0.000000,0.000000
100.000000,0.000000,0.000000,0.000000,-2947.000000,0.000000,0.000000
0.000000,0.000000,0.000000,0.000000,-2986.000000,0.000000,0.000000
0.000000,-200.000000,0.000000,0.000000,-2965.000000,0.000000,0.000000
-100.000000,0.000000,0.000000,0.000000,-2992.000000,0.000000,0.000000
-100.000000,-100.000000,0.000000,0.000000,-2977.000000,0.000000,0.000000
-200.000000,200.000000,0.000000,0.000000,-2989.000000,0.000000,0.000000
0.000000,0.000000,0.000000,0.000000,-3003.000000,0.000000,0.000000
-200.000000,-200.000000,0.000000,0.000000,-3025.000000,0.000000,0.000000
-200.000000,200.000000,0.000000,0.000000,-3041.000000,0.000000,0.000000
-200.000000,0.000000,0.000000,0.000000,-3030.000000,0.000000,0.000000
0.000000,0.000000,0.000000,0.000000,-3046.000000,0.000000,0.000000
-200.000000,-100.000000,156.000000,156.000000,-3025.000000,0.000000,0.000000
300.000000,-100.000000,0.000000,0.000000,-3010.000000,0.000000,0.000000
-300.000000,0.000000,0.000000,0.000000,-2982.000000,0.000000,0.000000
0.000000,0.000000,0.000000,0.000000,-2996.000000,0.000000,0.000000
-200.000000,-100.000000,0.000000,0.000000,-2994.000000,0.000000,0.000000
200.000000,-100.000000,0.000000,0.000000,-2985.000000,0.000000,0.000000
-200.000000,0.000000,0.000000,0.000000,-2986.000000,0.000000,0.000000
-100.000000,-100.000000,0.000000,0.000000,-2948.000000,0.000000,0.000000
0.000000,-200.000000,0.000000,0.000000,-2933.000000,0.000000,0.000000
0.000000,0.000000,78.000000,78.000000,-2954.000000,0.000000,0.000000
-200.000000,0.000000,0.000000,0.000000,-2992.000000,0.000000,0.000000
0.000000,0.000000,0.000000,0.000000,-2981.000000,0.000000,0.000000
-300.000000,0.000000,0.000000,0.000000,-2995.000000,0.000000,0.000000
-100.000000,0.000000,0.000000,0.000000,-2974.000000,0.000000,0.000000
0.000000,100.000000,0.000000,0.000000,-2984.000000,0.000000,0.000000
-100.000000,0.000000,0.000000,0.000000,-3001.000000,0.000000,0.000000
-100.000000,-100.000000,0.000000,0.000000,-2982.000000,0.000000,0.000000
-200.000000,100.000000,0.000000,0.000000,-2966.000000,-196.000000,-196.000000
-100.000000,0.000000,0.000000,0.000000,-2925.000000,0.000000,0.000000
200.000000,200.000000,0.000000,0.000000,-2902.000000,0.000000,0.000000
0.000000,0.000000,0.000000,0.000000,-2866.000000,-196.000000,-196.000000
-200.000000,0.000000,0.000000,0.000000,-2832.000000,0.000000,0.000000
0.000000,0.000000,0.000000,0.000000,-2817.000000,-196.000000,0.000000
200.000000,0.000000,0.000000,0.000000,-2809.000000,0.000000,-196.000000
0.000000,-100.000000,0.000000,0.000000,-2814.000000,0.000000,0.000000
200.000000,100.000000,0.000000,0.000000,-2790.000000,-196.000000,0.000000
0.000000,0.000000,0.000000,0.000000,-2812.000000,0.000000,-196.000000
-100.000000,0.000000,0.000000,0.000000,-2819.000000,-196.000000,0.000000
0.000000,200.000000,0.000000,0.000000,-2809.000000,-196.000000,-196.000000
-100.000000,100.000000,0.000000,0.000000,-2854.000000,-196.000000,0.000000
300.000000,0.000000,0.000000,0.000000,-2895.000000,0.000000,-196.000000
100.000000,-100.000000,0.000000,0.000000,-2928.000000,0.000000,-196.000000
-100.000000,-100.000000,0.000000,0.000000,-2957.000000,0.000000,0.000000
-100.000000,0.000000,0.000000,0.000000,-2958.000000,-196.000000,0.000000
0.000000,0.000000,0.000000,0.000000,-2963.000000,0.000000,0.000000
0.000000,100.000000,0.000000,0.000000,-2985.000000,-392.000000,0.000000
0.000000,-100.000000,0.000000,0.000000,-2988.000000,0.000000,-196.000000
-100.000000,0.000000,0.000000,0.000000,-2957.000000,-196.000000,0.000000
0.000000,0.000000,0.000000,0.000000,-2951.000000,0.000000,-196.000000
0.000000,-200.000000,0.000000,0.000000,-2982.000000,0.000000,-196.000000
-100.000000,200.000000,0.000000,0.000000,-3005.000000,0.000000,0.000000
-300.000000,100.000000,0.000000,0.000000,-2984.000000,0.000000,-196.000000
0.000000,300.000000,0.000000,0.000000,-3002.000000,-196.000000,0.000000
0.000000,100.000000,0.000000,0.000000,-2991.000000,0.000000,0.000000
0.000000,0.000000,0.000000,0.000000,-2990.000000,0.000000,0.000000
0.000000,0.000000,0.000000,0.000000,-3015.000000,-196.000000,0.000000
0.000000,0.000000,0.000000,0.000000,-2996.000000,0.000000,0.000000
100.000000,100.000000,0.000000,0.000000,-3014.000000,0.000000,0.000000
0.000000,100.000000,0.000000,0.000000,-3000.000000,0.000000,0.000000
-100.000000,100.000000,0.000000,0.000000,-3005.000000,0.000000,0.000000
0.000000,-200.000000,0.000000,0.000000,-3000.000000,0.000000,0.000000
-300.000000,0.000000,0.000000,0.000000,-2966.000000,0.000000,0.000000
-200.000000,-200.000000,0.000000,0.000000,-2976.000000,0.000000,0.000000
0.000000,0.000000,0.000000,0.000000,-2984.000000,0.000000,0.000000
0.000000,-100.000000,0.000000,0.000000,-3002.000000,196.000000,196.000000
-200.000000,0.000000,0.000000,0.000000,-2975.000000,0.000000,0.000000
-100.000000,-200.000000,0.000000,0.000000,-2950.000000,0.000000,0.000000
-200.000000,0.000000,0.000000,0.000000,-2936.000000,0.000000,0.000000
0.000000,0.000000,0.000000,0.000000,-2930.000000,0.000000,0.000000
0.000000,100.000000,0.000000,0.000000,-2922.000000,0.000000,0.000000
0.000000,0.000000,0.000000,0.000000,-2940.000000,0.000000,0.000000
0.000000,-200.000000,0.000000,0.000000,-2931.000000,0.000000,0.000000
8900.000000,0.000000,20000.000000,20000.000000,-2926.000000,196.000000,392.000000
21400.000000,20100.000000,20000.000000,20000.000000,-2882.000000,3337.000000,3141.000000
20500.000000,17900.000000,20000.000000,20000.000000,-2860.000000,4123.000000,3730.000000
20900.000000,19400.000000,20000.000000,20000.000000,-2857.000000,1178.000000,1178.000000
21900.000000,20500.000000,20000.000000,20000.000000,-3099.000000,-785.000000,-196.000000
16700.000000,19900.000000,20000.000000,20000.000000,-3242.000000,392.000000,0.000000
21400.000000,20100.000000,20000.000000,20000.000000,-2960.000000,2159.000000,1963.000000
17500.000000,21900.000000,20000.000000,20000.000000,-2495.000000,3534.000000,3337.000000
18500.000000,18900.000000,20000.000000,20000.000000,-2738.000000,4123.000000,3926.000000
18500.000000,20400.000000,20000.000000,20000.000000,-3112.000000,2945.000000,3337.000000
22400.000000,18500.000000,20000.000000,20000.000000,-3173.000000,1963.000000,1963.000000
19800.000000,17900.000000,20000.000000,20000.000000,-2995.000000,2159.000000,1767.000000
22200.000000,17200.000000,20000.000000,20000.000000,-2770.000000,4123.000000,2945.000000
21700.000000,18200.000000,20000.000000,20000.000000,-2853.000000,5301.000000,4516.000000
18000.000000,21800.000000,20000.000000,20000.000000,-3071.000000,5301.000000,4712.000000
22400.000000,19000.000000,20000.000000,20000.000000,-3037.000000,3926.000000,3926.000000
18400.000000,19200.000000,20000.000000,20000.000000,-2850.000000,3337.000000,3337.000000
17200.000000,18400.000000,20000.000000,20000.000000,-2910.000000,4123.000000,3926.000000
20300.000000,18600.000000,20000.000000,20000.000000,-3034.000000,5105.000000,4516.000000
18000.000000,20300.000000,20000.000000,20000.000000,-2870.000000,5694.000000,4908.000000
18500.000000,18500.000000,20000.000000,20000.000000,-2952.000000,5301.000000,5301.000000
20900.000000,19500.000000,20000.000000,20000.000000,-3082.000000,4712.000000,4516.000000
21500.000000,18500.000000,20000.000000,20000.000000,-3142.000000,4516.000000,3926.000000
20700.000000,21400.000000,20000.000000,20000.000000,-3018.000000,4712.000000,4123.000000
18500.000000,18300.000000,20000.000000,20000.000000,-2873.000000,5301.000000,5105.000000
19100.000000,21700.000000,20000.000000,20000.000000,-2865.000000,5301.000000,5497.000000
19400.000000,18900.000000,0.000000,0.000000,-2869.000000,4712.000000,5105.000000
0.000000,-200.000000,0.000000,0.000000,-2900.000000,1570.000000,1374.000000
0.000000,-100.000000,0.000000,0.000000,-2781.000000,392.000000,-196.000000
0.000000,0.000000,0.000000,0.000000,-2717.000000,0.000000,589.000000
-100.000000,-100.000000,0.000000,0.000000,-2868.000000,392.000000,2552.000000
0.000000,300.000000,0.000000,0.000000,-2738.000000,1963.000000,4908.000000
-100.000000,100.000000,0.000000,0.000000,-2953.000000,3730.000000,4908.000000
-100.000000,200.000000,0.000000,0.000000,-2698.000000,3730.000000,4516.000000
100.000000,0.000000,0.000000,0.000000,-3005.000000,4319.000000,2159.000000
0.000000,0.000000,0.000000,0.000000,-2942.000000,3337.000000,-196.000000
200.000000,0.000000,0.000000,0.000000,-2830.000000,3141.000000,-981.000000
100.000000,200.000000,0.000000,0.000000,-2851.000000,981.000000,-392.000000
0.000000,200.000000,0.000000,0.000000,-2863.000000,-1963.000000,-589.000000
200.000000,0.000000,0.000000,0.000000,-2898.000000,-2552.000000,-589.000000
100.000000,0.000000,0.000000,0.000000,-2954.000000,-2356.000000,-392.000000
-300.000000,0.000000,0.000000,0.000000,-3003.000000,-2356.000000,0.000000
-100.000000,0.000000,0.000000,0.000000,-2996.000000,-2159.000000,-196.000000
0.000000,0.000000,0.000000,0.000000,-3009.000000,-2159.000000,-392.000000
200.000000,100.000000,0.000000,0.000000,-3089.000000,-1570.000000,-981.000000
0.000000,0.000000,0.000000,0.000000,-3226.000000,-1570.000000,-2356.000000
0.000000,0.000000,0.000000,0.000000,-3189.000000,-1374.000000,-3141.000000
-200.000000,100.000000,0.000000,0.000000,-3141.000000,-981.000000,-2945.000000
100.000000,100.000000,0.000000,0.000000,-3017.000000,-1374.000000,-2945.000000
0.000000,100.000000,0.000000,0.000000,-3121.000000,-981.000000,-2748.000000
0.000000,0.000000,0.000000,0.000000,-3220.000000,-1570.000000,-2552.000000
-200.000000,0.000000,0.000000,0.000000,-3115.000000,-2748.000000,-2159.000000
0.000000,-100.000000,0.000000,0.000000,-3048.000000,-3141.000000,-1767.000000
200.000000,-200.000000,0.000000,0.000000,-3106.000000,-2748.000000,-1767.000000
100.000000,-100.000000,0.000000,0.000000,-3029.000000,-2945.000000,-1374.000000
0.000000,0.000000,0.000000,0.000000,-3094.000000,-2748.000000,-1374.000000
0.000000,0.000000,0.000000,0.000000,-3112.000000,-2356.000000,-1178.000000
-200.000000,0.000000,0.000000,0.000000,-3147.000000,-2159.000000,-1178.000000
0.000000,100.000000,0.000000,0.000000,-3090.000000,-1767.000000,-1178.000000
0.000000,100.000000,0.000000,0.000000,-3042.000000,-785.000000,-1178.000000
-100.000000,0.000000,0.000000,0.000000,-3114.000000,392.000000,-981.000000
300.000000,100.000000,0.000000,0.000000,-2966.000000,785.000000,-785.000000
0.000000,0.000000,0.000000,0.000000,-2943.000000,589.000000,-589.000000
0.000000,0.000000,0.000000,0.000000,-3043.000000,785.000000,-196.000000
-100.000000,-300.000000,0.000000,0.000000,-3130.000000,785.000000,392.000000
0.000000,200.000000,0.000000,0.000000,-3154.000000,1570.000000,981.000000
100.000000,0.000000,0.000000,0.000000,-3079.000000,2159.000000,1767.000000
0.000000,100.000000,0.000000,0.000000,-2993.000000,2748.000000,1963.000000
-100.000000,0.000000,0.000000,0.000000,-3106.000000,2748.000000,2356.000000
-100.000000,0.000000,0.000000,0.000000,-3167.000000,2945.000000,2356.000000
100.000000,-100.000000,0.000000,0.000000,-3152.000000,3337.000000,2748.000000
-100.000000,0.000000,0.000000,0.000000,-3143.000000,3534.000000,3141.000000
-100.000000,0.000000,0.000000,0.000000,-3109.000000,4319.000000,3730.000000
0.000000,0.000000,0.000000,0.000000,-3096.000000,4712.000000,3926.000000
-100.000000,100.000000,0.000000,0.000000,-3149.000000,5105.000000,3926.000000
100.000000,0.000000,0.000000,0.000000,-3211.000000,5105.000000,4123.000000
-100.000000,-100.000000,0.000000,0.000000,-3185.000000,5105.000000,4516.000000
0.000000,100.000000,0.000000,0.000000,-3107.000000,5105.000000,4712.000000
0.000000,0.000000,0.000000,0.000000,-3094.000000,5497.000000,5105.000000
0.000000,0.000000,0.000000,0.000000,-3133.000000,5694.000000,4712.000000
-200.000000,0.000000,0.000000,0.000000,-3208.000000,6479.000000,4712.000000
-100.000000,0.000000,0.000000,0.000000,-3096.000000,6675.000000,4908.000000
-100.000000,200.000000,0.000000,0.000000,-3124.000000,6675.000000,5301.000000
0.000000,0.000000,0.000000,0.000000,-3165.000000,6479.000000,5301.000000
0.000000,-200.000000,0.000000,0.000000,-3116.000000,6479.000000,5301.000000
-100.000000,0.000000,0.000000,0.000000,-3099.000000,6086.000000,5694.000000
0.000000,0.000000,0.000000,0.000000,-3032.000000,6086.000000,5890.000000
0.000000,0.000000,0.000000,0.000000,-3025.000000,6086.000000,6086.000000
0.000000,0.000000,0.000000,0.000000,-3048.000000,6086.000000,6086.000000
0.000000,100.000000,0.000000,0.000000,-3030.000000,6283.000000,5497.000000
0.000000,0.000000,0.000000,0.000000,-3029.000000,6086.000000,5497.000000
-100.000000,0.000000,0.000000,0.000000,-2966.000000,6086.000000,5105.000000
0.000000,0.000000,0.000000,0.000000,-2978.000000,5890.000000,5105.000000
-200.000000,100.000000,0.000000,0.000000,-2972.000000,5694.000000,4712.000000
-100.000000,200.000000,0.000000,0.000000,-2920.000000,5694.000000,4516.000000
-200.000000,-100.000000,0.000000,0.000000,-2922.000000,5301.000000,4319.000000
-100.000000,0.000000,0.000000,0.000000,-2873.000000,5301.000000,4123.000000
0.000000,0.000000,0.000000,0.000000,-2864.000000,4712.000000,3730.000000
200.000000,200.000000,0.000000,0.000000,-2810.000000,4516.000000,3730.000000
-100.000000,0.000000,0.000000,0.000000,-2771.000000,4516.000000,3534.000000
-200.000000,200.000000,0.000000,0.000000,-2826.000000,3926.000000,3337.000000
100.000000,100.000000,0.000000,0.000000,-2819.000000,2748.000000,3141.000000
0.000000,0.000000,0.000000,0.000000,-2770.000000,1570.000000,2552.000000
-100.000000,-100.000000,0.000000,0.000000,-2771.000000,1178.000000,1963.000000
-100.000000,0.000000,0.000000,0.000000,-2744.000000,1374.000000,2159.000000
0.000000,200.000000,0.000000,0.000000,-2605.000000,785.000000,1570.000000
0.000000,100.000000,0.000000,0.000000,-2631.000000,392.000000,981.000000
0.000000,0.000000,0.000000,0.000000,-2714.000000,392.000000,196.000000
100.000000,200.000000,0.000000,0.000000,-2658.000000,196.000000,0.000000
200.000000,-200.000000,0.000000,0.000000,-2627.000000,0.000000,-196.000000
0.000000,200.000000,0.000000,0.000000,-2646.000000,0.000000,-196.000000
-100.000000,0.000000,0.000000,0.000000,-2575.000000,0.000000,-196.000000
0.000000,0.000000,0.000000,0.000000,-2543.000000,-196.000000,-392.000000
0.000000,0.000000,0.000000,0.000000,-2576.000000,-785.000000,-981.000000
-200.000000,0.000000,0.000000,0.000000,-2591.000000,-1570.000000,-1374.000000
200.000000,0.000000,0.000000,0.000000,-2560.000000,-2159.000000,-1767.000000
300.000000,0.000000,0.000000,0.000000,-2532.000000,-2159.000000,-1963.000000
-200.000000,-100.000000,0.000000,0.000000,-2540.000000,-1963.000000,-1767.000000
200.000000,0.000000,0.000000,0.000000,-2494.000000,-1963.000000,-1963.000000
-400.000000,-100.000000,0.000000,0.000000,-2455.000000,-1767.000000,-2159.000000
100.000000,200.000000,0.000000,0.000000,-2556.000000,-1767.000000,-2356.000000
0.000000,-100.000000,0.000000,0.000000,-2559.000000,-1767.000000,-2552.000000
0.000000,0.000000,0.000000,0.000000,-2559.000000,-1963.000000,-2552.000000
0.000000,100.000000,0.000000,0.000000,-2570.000000,-2356.000000,-2552.000000
0.000000,100.000000,0.000000,0.000000,-2577.000000,-2159.000000,-2356.000000
0.000000,-300.000000,0.000000,0.000000,-2590.000000,-1963.000000,-2159.000000
200.000000,-100.000000,0.000000,0.000000,-2614.000000,-1963.000000,-1963.000000
0.000000,0.000000,0.000000,0.000000,-2571.000000,-1767.000000,-1963.000000
100.000000,0.000000,0.000000,0.000000,-2606.000000,-1570.000000,-1570.000000
0.000000,0.000000,0.000000,0.000000,-2675.000000,-1374.000000,-1374.000000
0.000000,-100.000000,0.000000,0.000000,-2666.000000,-981.000000,-1374.000000
-200.000000,0.000000,0.000000,0.000000,-2600.000000,-1178.000000,-1178.000000
-100.000000,0.000000,0.000000,0.000000,-2560.000000,-785.000000,-785.000000
100.000000,0.000000,0.000000,0.000000,-2640.000000,-785.000000,-785.000000
0.000000,400.000000,0.000000,0.000000,-2700.000000,-589.000000,-589.000000
100.000000,0.000000,0.000000,0.000000,-2646.000000,-392.000000,-392.000000
100.000000,-100.000000,0.000000,0.000000,-2654.000000,-196.000000,-196.000000
0.000000,100.000000,0.000000,0.000000,-2662.000000,196.000000,0.000000
0.000000,0.000000,0.000000,0.000000,-2692.000000,196.000000,392.000000
0.000000,100.000000,0.000000,0.000000,-2788.000000,1178.000000,589.000000
0.000000,0.000000,0.000000,0.000000,-2787.000000,1963.000000,1178.000000
0.000000,0.000000,0.000000,0.000000,-2845.000000,2748.000000,2159.000000
-100.000000,0.000000,0.000000,0.000000,-2841.000000,2945.000000,2356.000000
100.000000,0.000000,0.000000,0.000000,-2922.000000,2748.000000,2552.000000
0.000000,0.000000,0.000000,0.000000,-2979.000000,2748.000000,2356.000000
-200.000000,0.000000,0.000000,0.000000,-2955.000000,2748.000000,2552.000000
0.000000,0.000000,0.000000,0.000000,-2913.000000,3337.000000,2552.000000
-200.000000,0.000000,0.000000,0.000000,-2898.000000,3926.000000,3337.000000
-100.000000,0.000000,0.000000,0.000000,-2917.000000,4319.000000,3926.000000
300.000000,0.000000,0.000000,0.000000,-2980.000000,4319.000000,4123.000000
-200.000000,0.000000,0.000000,0.000000,-2964.000000,4319.000000,3926.000000
-100.000000,-100.000000,0.000000,0.000000,-2894.000000,4319.000000,3730.000000
0.000000,-200.000000,0.000000,0.000000,-2860.000000,4516.000000,3534.000000
200.000000,-100.000000,0.000000,0.000000,-2854.000000,4712.000000,4123.000000
-100.000000,100.000000,0.000000,0.000000,-2841.000000,5105.000000,4319.000000
0.000000,0.000000,0.000000,0.000000,-2854.000000,5497.000000,4516.000000
0.000000,100.000000,0.000000,0.000000,-2812.000000,5301.000000,4908.000000
-100.000000,0.000000,0.000000,0.000000,-2774.000000,5301.000000,4908.000000
0.000000,0.000000,0.000000,0.000000,-2781.000000,5105.000000,5105.000000
-100.000000,-100.000000,0.000000,0.000000,-2781.000000,4908.000000,5105.000000
0.000000,100.000000,0.000000,0.000000,-2696.000000,4908.000000,4712.000000
0.000000,-100.000000,0.000000,0.000000,-2669.000000,4712.000000,4712.000000
-200.000000,0.000000,0.000000,0.000000,-2707.000000,4908.000000,4319.000000
-200.000000,0.000000,0.000000,0.000000,-2741.000000,4908.000000,3926.000000
0.000000,0.000000,0.000000,0.000000,-2671.000000,4712.000000,3730.000000
0.000000,-300.000000,0.000000,0.000000,-2632.000000,4712.000000,3730.000000
0.000000,0.000000,0.000000,0.000000,-2606.000000,4712.000000,3926.000000
-200.000000,0.000000,0.000000,0.000000,-2546.000000,4319.000000,3926.000000
0.000000,100.000000,0.000000,0.000000,-2492.000000,4123.000000,3730.000000
100.000000,0.000000,0.000000,0.000000,-2506.000000,3926.000000,3730.000000
0.000000,100.000000,0.000000,0.000000,-2471.000000,3730.000000,3534.000000
-100.000000,0.000000,0.000000,0.000000,-2421.000000,3337.000000,3141.000000
-100.000000,-100.000000,0.000000,0.000000,-2441.000000,3141.000000,2945.000000
0.000000,100.000000,0.000000,0.000000,-2385.000000,2945.000000,2945.000000
0.000000,0.000000,0.000000,0.000000,-2300.000000,2552.000000,2356.000000
100.000000,0.000000,0.000000,0.000000,-2267.000000,1963.000000,2356.000000
0.000000,0.000000,0.000000,0.000000,-2220.000000,1374.000000,1963.000000
-100.000000,-200.000000,0.000000,0.000000,-2193.000000,1374.000000,1767.000000
-100.000000,0.000000,0.000000,0.000000,-2195.000000,785.000000,1178.000000
-100.000000,0.000000,0.000000,0.000000,-2201.000000,785.000000,589.000000
0.000000,0.000000,0.000000,0.000000,-2195.000000,785.000000,196.000000
100.000000,0.000000,0.000000,0.000000,-2173.000000,196.000000,-196.000000
200.000000,0.000000,0.000000,0.000000,-2176.000000,392.000000,0.000000
0.000000,0.000000,0.000000,0.000000,-2166.000000,196.000000,-196.000000
400.000000,0.000000,0.000000,0.000000,-2107.000000,0.000000,-392.000000
-100.000000,0.000000,0.000000,0.000000,-2049.000000,-196.000000,-589.000000
0.000000,0.000000,0.000000,0.000000,-2121.000000,-196.000000,-785.000000
0.000000,0.000000,0.000000,0.000000,-2138.000000,-392.000000,-1178.000000
-100.000000,0.000000,0.000000,0.000000,-2103.000000,-785.000000,-1374.000000
0.000000,100.000000,0.000000,0.000000,-2107.000000,-1374.000000,-1374.000000
100.000000,200.000000,0.000000,0.000000,-2142.000000,-1178.000000,-1374.000000
200.000000,0.000000,0.000000,0.000000,-2131.000000,-1178.000000,-1374.000000
-100.000000,200.000000,0.000000,0.000000,-2090.000000,-1178.000000,-1374.000000
-100.000000,0.000000,0.000000,0.000000,-2159.000000,-981.000000,-1570.000000
0.000000,-200.000000,0.000000,0.000000,-2202.000000,-981.000000,-1570.000000
-200.000000,300.000000,0.000000,0.000000,-2200.000000,-785.000000,-1767.000000
0.000000,0.000000,0.000000,0.000000,-2220.000000,-785.000000,-1374.000000
0.000000,-100.000000,0.000000,0.000000,-2247.000000,-981.000000,-1374.000000
-100.000000,-200.000000,0.000000,0.000000,-2252.000000,-981.000000,-1374.000000
0.000000,0.000000,0.000000,0.000000,-2256.000000,-981.000000,-1178.000000
0.000000,0.000000,0.000000,0.000000,-2340.000000,-589.000000,-981.000000
100.000000,-100.000000,0.000000,0.000000,-2352.000000,-589.000000,-981.000000
0.000000,-100.000000,0.000000,0.000000,-2332.000000,-392.000000,-785.000000
100.000000,200.000000,0.000000,0.000000,-2361.000000,0.000000,-589.000000
-300.000000,200.000000,0.000000,0.000000,-2372.000000,0.000000,-392.000000
0.000000,0.000000,0.000000,0.000000,-2412.000000,0.000000,-196.000000
-100.000000,0.000000,0.000000,0.000000,-2448.000000,196.000000,-196.000000
-100.000000,0.000000,0.000000,0.000000,-2492.000000,0.000000,0.000000
0.000000,100.000000,0.000000,0.000000,-2520.000000,392.000000,0.000000
0.000000,-100.000000,0.000000,0.000000,-2561.000000,785.000000,196.000000
-100.000000,200.000000,0.000000,0.000000,-2592.000000,1570.000000,0.000000
100.000000,-100.000000,0.000000,0.000000,-2563.000000,2159.000000,0.000000
-300.000000,0.000000,0.000000,0.000000,-2571.000000,2356.000000,589.000000
100.000000,0.000000,0.000000,0.000000,-2623.000000,2159.000000,1374.000000
100.000000,0.000000,0.000000,0.000000,-2638.000000,2159.000000,2159.000000
0.000000,100.000000,0.000000,0.000000,-2645.000000,2159.000000,2552.000000
0.000000,300.000000,0.000000,0.000000,-2696.000000,2356.000000,2159.000000
0.000000,-100.000000,0.000000,0.000000,-2709.000000,2945.000000,2356.000000
-200.000000,-300.000000,0.000000,0.000000,-2656.000000,3534.000000,1963.000000
-200.000000,0.000000,0.000000,0.000000,-2715.000000,3730.000000,2159.000000
0.000000,-100.000000,0.000000,0.000000,-2699.000000,3534.000000,2356.000000
200.000000,0.000000,0.000000,0.000000,-2672.000000,3534.000000,2945.000000
-200.000000,0.000000,0.000000,0.000000,-2681.000000,3534.000000,3534.000000
-100.000000,0.000000,0.000000,0.000000,-2724.000000,3337.000000,3534.000000
-100.000000,200.000000,0.000000,0.000000,-2757.000000,3534.000000,3141.000000
0.000000,0.000000,0.000000,0.000000,-2752.000000,3730.000000,3141.000000
200.000000,-100.000000,0.000000,0.000000,-2748.000000,4516.000000,3141.000000
-100.000000,0.000000,0.000000,0.000000,-2748.000000,4319.000000,3141.000000
200.000000,0.000000,0.000000,0.000000,-2699.000000,4319.000000,3337.000000
300.000000,0.000000,0.000000,0.000000,-2684.000000,4319.000000,3141.000000
0.000000,100.000000,0.000000,0.000000,-2698.000000,3926.000000,3534.000000
-100.000000,-300.000000,0.000000,0.000000,-2667.000000,3926.000000,3730.000000
0.000000,200.000000,0.000000,0.000000,-2648.000000,3730.000000,3926.000000
-100.000000,0.000000,0.000000,0.000000,-2660.000000,3534.000000,3926.000000
0.000000,-300.000000,0.000000,0.000000,-2678.000000,3337.000000,3534.000000
100.000000,0.000000,0.000000,0.000000,-2688.000000,3337.000000,3534.000000
0.000000,0.000000,0.000000,0.000000,-2706.000000,3141.000000,3141.000000
0.000000,200.000000,0.000000,0.000000,-2677.000000,3337.000000,2748.000000
0.000000,0.000000,0.000000,0.000000,-2680.000000,3141.000000,2552.000000
0.000000,0.000000,0.000000,0.000000,-2616.000000,3141.000000,2356.000000
-300.000000,0.000000,0.000000,0.000000,-2619.000000,2945.000000,1963.000000
0.000000,0.000000,0.000000,0.000000,-2600.000000,2945.000000,1963.000000
-100.000000,0.000000,0.000000,0.000000,-2571.000000,2748.000000,1570.000000
100.000000,0.000000,0.000000,0.000000,-2537.000000,2356.000000,1767.000000
100.000000,100.000000,0.000000,0.000000,-2474.000000,2159.000000,1570.000000
0.000000,200.000000,0.000000,0.000000,-2490.000000,1963.000000,1374.000000
-200.000000,0.000000,0.000000,0.000000,-2477.000000,1963.000000,1570.000000
-100.000000,-200.000000,0.000000,0.000000,-2425.000000,1570.000000,1178.000000
300.000000,0.000000,0.000000,0.000000,-2381.000000,1178.000000,1178.000000
-200.000000,-100.000000,0.000000,0.000000,-2358.000000,785.000000,785.000000
300.000000,0.000000,0.000000,0.000000,-2329.000000,392.000000,589.000000
-200.000000,0.000000,0.000000,0.000000,-2332.000000,0.000000,589.000000
0.000000,0.000000,0.000000,0.000000,-2339.000000,0.000000,196.000000
-200.000000,0.000000,0.000000,0.000000,-2330.000000,-196.000000,0.000000
100.000000,0.000000,0.000000,0.000000,-2331.000000,0.000000,-196.000000
100.000000,100.000000,0.000000,0.000000,-2365.000000,0.000000,-392.000000
100.000000,0.000000,0.000000,0.000000,-2355.000000,-196.000000,-785.000000
-100.000000,0.000000,0.000000,0.000000,-2314.000000,-589.000000,-981.000000
100.000000,200.000000,0.000000,0.000000,-2300.000000,-981.000000,-981.000000
-200.000000,0.000000,0.000000,0.000000,-2334.000000,-1178.000000,-981.000000
0.000000,0.000000,0.000000,0.000000,-2335.000000,-981.000000,-981.000000
100.000000,0.000000,0.000000,0.000000,-2306.000000,-1178.000000,-1178.000000
0.000000,200.000000,0.000000,0.000000,-2324.000000,-981.000000,-1374.000000
0.000000,0.000000,0.000000,0.000000,-2332.000000,-981.000000,-1374.000000
100.000000,100.000000,0.000000,0.000000,-2350.000000,-981.000000,-1178.000000
0.000000,100.000000,0.000000,0.000000,-2375.000000,-785.000000,-1178.000000
0.000000,100.000000,0.000000,0.000000,-2375.000000,-1178.000000,-1374.000000
0.000000,0.000000,0.000000,0.000000,-2367.000000,-981.000000,-1374.000000
100.000000,0.000000,0.000000,0.000000,-2375.000000,-1178.000000,-1178.000000
0.000000,0.000000,0.000000,0.000000,-2410.000000,-981.000000,-1374.000000
0.000000,0.000000,0.000000,0.000000,-2411.000000,-785.000000,-1178.000000
0.000000,0.000000,0.000000,0.000000,-2434.000000,-785.000000,-1178.000000
0.000000,-100.000000,0.000000,0.000000,-2488.000000,-589.000000,-1178.000000
100.000000,-100.000000,0.000000,0.000000,-2521.000000,-392.000000,-981.000000
0.000000,100.000000,0.000000,0.000000,-2542.000000,-392.000000,-981.000000
0.000000,-200.000000,0.000000,0.000000,-2553.000000,-196.000000,-785.000000
-100.000000,0.000000,0.000000,0.000000,-2553.000000,0.000000,-589.000000
0.000000,100.000000,0.000000,0.000000,-2603.000000,0.000000,-589.000000
300.000000,200.000000,0.000000,0.000000,-2580.000000,0.000000,-392.000000
-100.000000,-100.000000,0.000000,0.000000,-2552.000000,392.000000,0.000000
0.000000,100.000000,0.000000,0.000000,-2528.000000,0.000000,0.000000
-100.000000,-100.000000,0.000000,0.000000,-2572.000000,0.000000,196.000000
0.000000,-300.000000,0.000000,0.000000,-2586.000000,0.000000,196.000000
0.000000,0.000000,0.000000,0.000000,-2604.000000,196.000000,0.000000
-100.000000,0.000000,0.000000,0.000000,-2651.000000,589.000000,196.000000
0.000000,-100.000000,0.000000,0.000000,-2636.000000,1570.000000,589.000000
0.000000,0.000000,0.000000,0.000000,-2626.000000,1963.000000,981.000000
0.000000,0.000000,0.000000,0.000000,-2579.000000,2159.000000,1570.000000
100.000000,-100.000000,0.000000,0.000000,-2610.000000,1963.000000,1767.000000
0.000000,0.000000,0.000000,0.000000,-2668.000000,1963.000000,1767.000000
0.000000,300.000000,0.000000,0.000000,-2744.000000,1767.000000,1570.000000
0.000000,-100.000000,0.000000,0.000000,-2713.000000,1767.000000,1570.000000
200.000000,200.000000,0.000000,0.000000,-2696.000000,1767.000000,1570.000000
0.000000,0.000000,0.000000,0.000000,-2734.000000,1963.000000,1570.000000
0.000000,200.000000,0.000000,0.000000,-2745.000000,2748.000000,1963.000000
0.000000,200.000000,0.000000,0.000000,-2704.000000,2748.000000,2552.000000
-100.000000,200.000000,0.000000,0.000000,-2661.000000,2748.000000,2552.000000
-200.000000,0.000000,0.000000,0.000000,-2697.000000,2552.000000,2552.000000
0.000000,200.000000,0.000000,0.000000,-2696.000000,2552.000000,2552.000000
-200.000000,300.000000,0.000000,0.000000,-2648.000000,2356.000000,2356.000000
0.000000,0.000000,0.000000,0.000000,-2595.000000,2356.000000,2159.000000
0.000000,200.000000,0.000000,0.000000,-2590.000000,2159.000000,2356.000000
0.000000,-100.000000,0.000000,0.000000,-2564.000000,2159.000000,2356.000000
200.000000,0.000000,0.000000,0.000000,-2515.000000,2356.000000,2552.000000
0.000000,0.000000,0.000000,0.000000,-2476.000000,2356.000000,2552.000000
0.000000,-100.000000,0.000000,0.000000,-2467.000000,2552.000000,2748.000000
-500.000000,-100.000000,0.000000,0.000000,-2422.000000,2552.000000,2356.000000
-200.000000,-100.000000,0.000000,0.000000,-2407.000000,2552.000000,2552.000000
200.000000,0.000000,0.000000,0.000000,-2426.000000,2159.000000,2159.000000
0.000000,100.000000,0.000000,0.000000,-2429.000000,2159.000000,1963.000000
-100.000000,100.000000,0.000000,0.000000,-2439.000000,2159.000000,1963.000000
-200.000000,300.000000,0.000000,0.000000,-2417.000000,1767.000000,1570.000000
-200.000000,200.000000,0.000000,0.000000,-2427.000000,1767.000000,1570.000000
0.000000,0.000000,0.000000,0.000000,-2413.000000,1374.000000,1374.000000
300.000000,0.000000,0.000000,0.000000,-2399.000000,1374.000000,1374.000000
0.000000,0.000000,0.000000,0.000000,-2341.000000,1374.000000,1178.000000
0.000000,100.000000,0.000000,0.000000,-2323.000000,981.000000,981.000000
-100.000000,100.000000,0.000000,0.000000,-2349.000000,785.000000,981.000000
0.000000,100.000000,0.000000,0.000000,-2348.000000,589.000000,785.000000
100.000000,200.000000,0.000000,0.000000,-2339.000000,589.000000,589.000000
0.000000,0.000000,0.000000,0.000000,-2342.000000,196.000000,589.000000
-100.000000,100.000000,0.000000,0.000000,-2298.000000,392.000000,589.000000
-200.000000,-100.000000,0.000000,0.000000,-2301.000000,0.000000,392.000000
-100.000000,-100.000000,0.000000,0.000000,-2314.000000,0.000000,196.000000
100.000000,0.000000,0.000000,0.000000,-2299.000000,-196.000000,196.000000
0.000000,0.000000,0.000000,0.000000,-2297.000000,0.000000,0.000000
0.000000,0.000000,0.000000,0.000000,-2295.000000,0.000000,-196.000000
0.000000,-100.000000,0.000000,0.000000,-2311.000000,-392.000000,0.000000
0.000000,0.000000,0.000000,0.000000,-2288.000000,-589.000000,0.000000
0.000000,0.000000,0.000000,0.000000,-2294.000000,-1178.000000,0.000000
-200.000000,100.000000,0.000000,0.000000,-2319.000000,-1178.000000,0.000000
-200.000000,-100.000000,0.000000,0.000000,-2325.000000,-1178.000000,-196.000000
100.000000,0.000000,0.000000,0.000000,-2313.000000,-1178.000000,-589.000000
-200.000000,0.000000,0.000000,0.000000,-2354.000000,-981.000000,-589.000000
100.000000,100.000000,0.000000,0.000000,-2388.000000,-785.000000,-589.000000
0.000000,0.000000,0.000000,0.000000,-2375.000000,-785.000000,-589.000000
100.000000,100.000000,0.000000,0.000000,-2360.000000,-981.000000,-589.000000
200.000000,0.000000,0.000000,0.000000,-2338.000000,-1374.000000,-392.000000
-100.000000,-100.000000,0.000000,0.000000,-2335.000000,-1178.000000,-196.000000
0.000000,0.000000,0.000000,0.000000,-2370.000000,-1374.000000,-196.000000
0.000000,0.000000,0.000000,0.000000,-2379.000000,-1178.000000,-392.000000
-100.000000,100.000000,0.000000,0.000000,-2354.000000,-981.000000,-392.000000
200.000000,-100.000000,0.000000,0.000000,-2342.000000,-981.000000,-392.000000
0.000000,-100.000000,0.000000,0.000000,-2383.000000,-785.000000,-392.000000
100.000000,-100.000000,0.000000,0.000000,-2422.000000,-785.000000,-196.000000
-100.000000,-200.000000,0.000000,0.000000,-2414.000000,-785.000000,-196.000000
0.000000,100.000000,0.000000,0.000000,-2387.000000,-589.000000,-196.000000
100.000000,0.000000,0.000000,0.000000,-2407.000000,-589.000000,0.000000
-100.000000,100.000000,0.000000,0.000000,-2445.000000,-589.000000,0.000000
0.000000,0.000000,0.000000,0.000000,-2450.000000,-392.000000,196.000000
-200.000000,100.000000,0.000000,0.000000,-2461.000000,-392.000000,0.000000
0.000000,0.000000,0.000000,0.000000,-2517.000000,0.000000,0.000000
-100.000000,100.000000,0.000000,0.000000,-2529.000000,-196.000000,196.000000
-100.000000,0.000000,0.000000,0.000000,-2511.000000,196.000000,196.000000
-200.000000,0.000000,0.000000,0.000000,-2491.000000,0.000000,196.000000
0.000000,0.000000,0.000000,0.000000,-2494.000000,196.000000,589.000000
-100.000000,-100.000000,0.000000,0.000000,-2481.000000,0.000000,981.000000
-200.000000,0.000000,0.000000,0.000000,-2480.000000,0.000000,981.000000
-100.000000,0.000000,0.000000,0.000000,-2480.000000,0.000000,785.000000
-100.000000,0.000000,0.000000,0.000000,-2508.000000,0.000000,981.000000
-100.000000,0.000000,0.000000,0.000000,-2511.000000,196.000000,785.000000
-100.000000,0.000000,0.000000,0.000000,-2514.000000,785.000000,981.000000
0.000000,0.000000,0.000000,0.000000,-2544.000000,1374.000000,785.000000
-100.000000,0.000000,0.000000,0.000000,-2553.000000,1570.000000,785.000000
-100.000000,0.000000,0.000000,0.000000,-2521.000000,1570.000000,981.000000
-200.000000,0.000000,0.000000,0.000000,-2535.000000,1374.000000,1178.000000
-200.000000,100.000000,0.000000,0.000000,-2529.000000,1178.000000,1374.000000
-100.000000,100.000000,0.000000,0.000000,-2544.000000,1374.000000,1570.000000
200.000000,0.000000,0.000000,0.000000,-2548.000000,1178.000000,1374.000000
-100.000000,0.000000,0.000000,0.000000,-2547.000000,981.000000,1374.000000
-200.000000,100.000000,0.000000,0.000000,-2533.000000,785.000000,1178.000000
-100.000000,0.000000,0.000000,0.000000,-2557.000000,785.000000,1178.000000
100.000000,-200.000000,0.000000,0.000000,-2553.000000,981.000000,981.000000
100.000000,-100.000000,0.000000,0.000000,-2545.000000,1178.000000,981.000000
-100.000000,0.000000,0.000000,0.000000,-2532.000000,1374.000000,981.000000
-200.000000,200.000000,0.000000,0.000000,-2553.000000,1570.000000,981.000000
0.000000,-100.000000,0.000000,0.000000,-2575.000000,1374.000000,1178.000000
-200.000000,100.000000,0.000000,0.000000,-2594.000000,1178.000000,981.000000
0.000000,0.000000,0.000000,0.000000,-2620.000000,1178.000000,1178.000000
0.000000,0.000000,0.000000,0.000000,-2646.000000,981.000000,785.000000
0.000000,0.000000,0.000000,0.000000,-2614.000000,981.000000,981.000000
0.000000,0.000000,0.000000,0.000000,-2606.000000,785.000000,589.000000
-100.000000,-100.000000,0.000000,0.000000,-2642.000000,589.000000,589.000000
0.000000,0.000000,0.000000,0.000000,-2647.000000,589.000000,589.000000
0.000000,-100.000000,0.000000,0.000000,-2623.000000,392.000000,392.000000
-100.000000,0.000000,0.000000,0.000000,-2646.000000,196.000000,196.000000
0.000000,-100.000000,0.000000,0.000000,-2621.000000,196.000000,0.000000
0.000000,0.000000,0.000000,0.000000,-2590.000000,0.000000,0.000000
0.000000,0.000000,0.000000,0.000000,-2612.000000,0.000000,0.000000
-200.000000,0.000000,0.000000,0.000000,-2597.000000,0.000000,0.000000
0.000000,-100.000000,0.000000,0.000000,-2599.000000,0.000000,0.000000
-200.000000,-100.000000,0.000000,0.000000,-2559.000000,0.000000,0.000000
-200.000000,-100.000000,0.000000,0.000000,-2541.000000,0.000000,-196.000000
-200.000000,-100.000000,0.000000,0.000000,-2549.000000,0.000000,-196.000000
200.000000,-100.000000,0.000000,0.000000,-2532.000000,-196.000000,0.000000
100.000000,-100.000000,0.000000,0.000000,-2517.000000,0.000000,-392.000000
-100.000000,0.000000,0.000000,0.000000,-2504.000000,-196.000000,-589.000000
400.000000,0.000000,0.000000,0.000000,-2516.000000,-392.000000,-981.000000
0.000000,100.000000,0.000000,0.000000,-2505.000000,-981.000000,-1178.000000
0.000000,0.000000,0.000000,0.000000,-2479.000000,-1178.000000,-981.000000
0.000000,-200.000000,0.000000,0.000000,-2506.000000,-981.000000,-785.000000
-100.000000,-200.000000,0.000000,0.000000,-2505.000000,-981.000000,-785.000000
100.000000,0.000000,0.000000,0.000000,-2505.000000,-981.000000,-785.000000
0.000000,0.000000,0.000000,0.000000,-2518.000000,-785.000000,-981.000000
100.000000,100.000000,0.000000,0.000000,-2555.000000,-589.000000,-981.000000
0.000000,0.000000,0.000000,0.000000,-2558.000000,-785.000000,-981.000000
0.000000,100.000000,0.000000,0.000000,-2568.000000,-981.000000,-1178.000000
0.000000,0.000000,0.000000,0.000000,-2591.000000,-981.000000,-981.000000
0.000000,0.000000,0.000000,0.000000,-2585.000000,-981.000000,-981.000000
0.000000,-100.000000,0.000000,0.000000,-2575.000000,-981.000000,-785.000000
-100.000000,0.000000,0.000000,0.000000,-2569.000000,-981.000000,-981.000000
100.000000,300.000000,0.000000,0.000000,-2574.000000,-785.000000,-785.000000
0.000000,0.000000,0.000000,0.000000,-2564.000000,-785.000000,-785.000000
100.000000,100.000000,0.000000,0.000000,-2611.000000,-589.000000,-589.000000
100.000000,0.000000,0.000000,0.000000,-2610.000000,-785.000000,-785.000000
100.000000,0.000000,0.000000,0.000000,-2646.000000,-589.000000,-785.000000
0.000000,0.000000,0.000000,0.000000,-2671.000000,-589.000000,-785.000000
0.000000,-100.000000,0.000000,0.000000,-2673.000000,-589.000000,-392.000000
200.000000,100.000000,0.000000,0.000000,-2676.000000,-589.000000,-589.000000
0.000000,0.000000,0.000000,0.000000,-2685.000000,-392.000000,-392.000000
0.000000,0.000000,0.000000,0.000000,-2710.000000,-196.000000,-196.000000
100.000000,0.000000,0.000000,0.000000,-2737.000000,-392.000000,-392.000000
-100.000000,100.000000,0.000000,0.000000,-2747.000000,-196.000000,-196.000000
100.000000,0.000000,0.000000,0.000000,-2782.000000,-196.000000,-196.000000
100.000000,0.000000,0.000000,0.000000,-2757.000000,-196.000000,0.000000
-300.000000,0.000000,0.000000,0.000000,-2768.000000,0.000000,0.000000
-100.000000,0.000000,0.000000,0.000000,-2801.000000,196.000000,196.000000
0.000000,100.000000,0.000000,0.000000,-2824.000000,0.000000,0.000000
0.000000,100.000000,0.000000,0.000000,-2820.000000,0.000000,0.000000
0.000000,-300.000000,0.000000,0.000000,-2833.000000,0.000000,0.000000
0.000000,200.000000,0.000000,0.000000,-2849.000000,0.000000,196.000000
0.000000,-200.000000,0.000000,0.000000,-2868.000000,0.000000,0.000000
0.000000,0.000000,0.000000,0.000000,-2889.000000,392.000000,196.000000
-200.000000,0.000000,0.000000,0.000000,-2860.000000,0.000000,0.000000
-100.000000,0.000000,0.000000,0.000000,-2874.000000,0.000000,196.000000
-100.000000,-100.000000,0.000000,0.000000,-2865.000000,0.000000,0.000000
-100.000000,0.000000,0.000000,0.000000,-2849.000000,0.000000,196.000000
-100.000000,100.000000,0.000000,0.000000,-2831.000000,0.000000,392.000000
-100.000000,0.000000,0.000000,0.000000,-2792.000000,0.000000,392.000000
-100.000000,0.000000,0.000000,0.000000,-2764.000000,0.000000,589.000000
-100.000000,-100.000000,0.000000,0.000000,-2736.000000,196.000000,392.000000
-100.000000,0.000000,0.000000,0.000000,-2755.000000,196.000000,392.000000
100.000000,0.000000,0.000000,0.000000,-2726.000000,392.000000,392.000000
-100.000000,0.000000,0.000000,0.000000,-2720.000000,196.000000,196.000000
-100.000000,0.000000,0.000000,0.000000,-2739.000000,392.000000,196.000000
0.000000,100.000000,0.000000,0.000000,-2727.000000,392.000000,0.000000
-100.000000,-100.000000,0.000000,0.000000,-2745.000000,196.000000,196.000000
-200.000000,-200.000000,0.000000,0.000000,-2714.000000,196.000000,0.000000
0.000000,0.000000,0.000000,0.000000,-2699.000000,0.000000,0.000000
100.000000,0.000000,0.000000,0.000000,-2696.000000,0.000000,0.000000
-200.000000,0.000000,0.000000,0.000000,-2684.000000,0.000000,0.000000
100.000000,0.000000,0.000000,0.000000,-2711.000000,0.000000,196.000000
-100.000000,0.000000,0.000000,0.000000,-2737.000000,0.000000,0.000000
0.000000,-200.000000,0.000000,0.000000,-2738.000000,0.000000,-196.000000
-100.000000,-100.000000,0.000000,0.000000,-2718.000000,-196.000000,0.000000
-100.000000,100.000000,0.000000,0.000000,-2733.000000,-196.000000,0.000000
100.000000,-100.000000,0.000000,0.000000,-2735.000000,0.000000,0.000000
-100.000000,0.000000,0.000000,0.000000,-2711.000000,-196.000000,-196.000000
0.000000,0.000000,0.000000,0.000000,-2728.000000,-392.000000,0.000000
-200.000000,0.000000,0.000000,0.000000,-2667.000000,-589.000000,-196.000000
100.000000,0.000000,0.000000,0.000000,-2632.000000,-981.000000,-392.000000
0.000000,-100.000000,0.000000,0.000000,-2676.000000,-785.000000,-589.000000
-100.000000,0.000000,0.000000,0.000000,-2646.000000,-785.000000,-589.000000
100.000000,200.000000,0.000000,0.000000,-2622.000000,-785.000000,-589.000000
0.000000,100.000000,0.000000,0.000000,-2633.000000,-589.000000,-589.000000
0.000000,100.000000,0.000000,0.000000,-2643.000000,-589.000000,-392.000000
-100.000000,-200.000000,0.000000,0.000000,-2630.000000,-785.000000,-392.000000
300.000000,-200.000000,0.000000,0.000000,-2582.000000,-785.000000,-392.000000
0.000000,-100.000000,0.000000,0.000000,-2602.000000,-785.000000,-589.000000
0.000000,0.000000,0.000000,0.000000,-2596.000000,-981.000000,-392.000000
0.000000,-100.000000,0.000000,0.000000,-2609.000000,-785.000000,-392.000000
0.000000,0.000000,0.000000,0.000000,-2613.000000,-785.000000,-589.000000
-100.000000,0.000000,0.000000,0.000000,-2625.000000,-785.000000,-589.000000
100.000000,0.000000,0.000000,0.000000,-2606.000000,-785.000000,-392.000000
-100.000000,100.000000,0.000000,0.000000,-2620.000000,-589.000000,-392.000000
100.000000,200.000000,0.000000,0.000000,-2592.000000,-785.000000,-589.000000
100.000000,0.000000,0.000000,0.000000,-2543.000000,-589.000000,-392.000000
0.000000,0.000000,0.000000,0.000000,-2491.000000,-785.000000,-392.000000
0.000000,-200.000000,0.000000,0.000000,-2489.000000,-589.000000,-392.000000
0.000000,0.000000,0.000000,0.000000,-2500.000000,-589.000000,-392.000000
0.000000,100.000000,0.000000,0.000000,-2488.000000,-392.000000,-392.000000
0.000000,-100.000000,0.000000,0.000000,-2481.000000,-589.000000,-392.000000
100.000000,-200.000000,0.000000,0.000000,-2454.000000,-196.000000,-196.000000
-100.000000,0.000000,0.000000,0.000000,-2447.000000,-392.000000,-392.000000
-100.000000,-300.000000,0.000000,0.000000,-2470.000000,-392.000000,-392.000000
0.000000,0.000000,0.000000,0.000000,-2484.000000,-196.000000,-196.000000
100.000000,0.000000,0.000000,0.000000,-2469.000000,-196.000000,-196.000000
-100.000000,-200.000000,0.000000,0.000000,-2502.000000,-196.000000,0.000000
100.000000,0.000000,0.000000,0.000000,-2531.000000,0.000000,0.000000
100.000000,-200.000000,0.000000,0.000000,-2528.000000,0.000000,0.000000
-100.000000,-100.000000,0.000000,0.000000,-2576.000000,0.000000,0.000000
100.000000,0.000000,0.000000,0.000000,-2595.000000,0.000000,0.000000
0.000000,0.000000,0.000000,0.000000,-2614.000000,0.000000,0.000000
-100.000000,0.000000,0.000000,0.000000,-2623.000000,0.000000,0.000000
-100.000000,0.000000,0.000000,0.000000,-2611.000000,0.000000,0.000000
0.000000,-100.000000,0.000000,0.000000,-2609.000000,0.000000,0.000000
0.000000,0.000000,0.000000,0.000000,-2619.000000,0.000000,0.000000
100.000000,100.000000,0.000000,0.000000,-2641.000000,196.000000,0.000000
-100.000000,0.000000,0.000000,0.000000,-2645.000000,196.000000,196.000000
0.000000,0.000000,0.000000,0.000000,-2646.000000,0.000000,0.000000
0.000000,-100.000000,0.000000,0.000000,-2624.000000,0.000000,0.000000
100.000000,0.000000,0.000000,0.000000,-2604.000000,0.000000,196.000000
0.000000,-100.000000,0.000000,0.000000,-2605.000000,0.000000,196.000000
-100.000000,-200.000000,0.000000,0.000000,-2585.000000,0.000000,0.000000
0.000000,0.000000,0.000000,0.000000,-2579.000000,0.000000,196.000000
100.000000,0.000000,0.000000,0.000000,-2614.000000,0.000000,196.000000
-500.000000,0.000000,0.000000,0.000000,-2606.000000,196.000000,196.000000
-100.000000,0.000000,0.000000,0.000000,-2605.000000,0.000000,392.000000
-100.000000,-100.000000,0.000000,0.000000,-2602.000000,196.000000,196.000000
-100.000000,0.000000,0.000000,0.000000,-2608.000000,196.000000,196.000000
-100.000000,200.000000,0.000000,0.000000,-2581.000000,196.000000,196.000000
0.000000,200.000000,0.000000,0.000000,-2552.000000,196.000000,392.000000
0.000000,-100.000000,0.000000,0.000000,-2582.000000,0.000000,196.000000
-100.000000,0.000000,0.000000,0.000000,-2576.000000,196.000000,196.000000
0.000000,100.000000,0.000000,0.000000,-2577.000000,0.000000,196.000000
0.000000,-100.000000,0.000000,0.000000,-2568.000000,196.000000,0.000000
0.000000,-100.000000,0.000000,0.000000,-2578.000000,0.000000,0.000000
-200.000000,0.000000,0.000000,0.000000,-2591.000000,196.000000,0.000000
-100.000000,0.000000,0.000000,0.000000,-2568.000000,0.000000,0.000000
-100.000000,100.000000,0.000000,0.000000,-2557.000000,0.000000,196.000000
0.000000,-100.000000,0.000000,0.000000,-2585.000000,0.000000,0.000000
-100.000000,0.000000,0.000000,0.000000,-2590.000000,196.000000,0.000000
-100.000000,0.000000,0.000000,0.000000,-2595.000000,0.000000,0.000000
0.000000,-200.000000,0.000000,0.000000,-2616.000000,0.000000,0.000000
-200.000000,100.000000,0.000000,0.000000,-2631.000000,0.000000,0.000000
0.000000,0.000000,0.000000,0.000000,-2644.000000,0.000000,0.000000
-100.000000,100.000000,0.000000,0.000000,-2647.000000,0.000000,0.000000
-100.000000,0.000000,0.000000,0.000000,-2649.000000,0.000000,0.000000
-100.000000,0.000000,0.000000,0.000000,-2662.000000,0.000000,0.000000
0.000000,-300.000000,0.000000,0.000000,-2684.000000,0.000000,0.000000
-200.000000,0.000000,0.000000,0.000000,-2687.000000,0.000000,0.000000
0.000000,0.000000,0.000000,0.000000,-2679.000000,0.000000,0.000000
200.000000,0.000000,0.000000,0.000000,-2696.000000,0.000000,0.000000
-100.000000,100.000000,0.000000,0.000000,-2696.000000,0.000000,0.000000
0.000000,-100.000000,0.000000,0.000000,-2685.000000,0.000000,0.000000
-200.000000,0.000000,0.000000,0.000000,-2662.000000,0.000000,0.000000
0.000000,0.000000,0.000000,0.000000,-2649.000000,0.000000,-196.000000
300.000000,0.000000,0.000000,0.000000,-2654.000000,0.000000,0.000000
100.000000,0.000000,0.000000,0.000000,-2642.000000,0.000000,0.000000
100.000000,0.000000,0.000000,0.000000,-2639.000000,0.000000,0.000000
0.000000,-100.000000,0.000000,0.000000,-2622.000000,0.000000,0.000000
0.000000,100.000000,0.000000,0.000000,-2621.000000,0.000000,0.000000
-100.000000,0.000000,0.000000,0.000000,-2616.000000,0.000000,0.000000
-300.000000,0.000000,0.000000,0.000000,-2624.000000,0.000000,0.000000
0.000000,100.000000,0.000000,0.000000,-2642.000000,0.000000,0.000000
0.000000,0.000000,0.000000,0.000000,-2630.000000,0.000000,0.000000
-200.000000,0.000000,0.000000,0.000000,-2653.000000,0.000000,0.000000
-100.000000,0.000000,0.000000,0.000000,-2632.000000,0.000000,0.000000
0.000000,-200.000000,0.000000,0.000000,-2645.000000,0.000000,196.000000
-200.000000,200.000000,0.000000,0.000000,-2664.000000,0.000000,0.000000
-100.000000,100.000000,0.000000,0.000000,-2654.000000,0.000000,0.000000
0.000000,200.000000,0.000000,0.000000,-2674.000000,0.000000,0.000000
0.000000,200.000000,0.000000,0.000000,-2689.000000,0.000000,0.000000
-100.000000,100.000000,0.000000,0.000000,-2709.000000,0.000000,0.000000
-100.000000,0.000000,0.000000,0.000000,-2720.000000,0.000000,0.000000
-100.000000,100.000000,0.000000,0.000000,-2721.000000,0.000000,0.000000
100.000000,100.000000,0.000000,0.000000,-2694.000000,196.000000,0.000000
-100.000000,200.000000,0.000000,0.000000,-2693.000000,0.000000,0.000000
0.000000,-200.000000,156.000000,156.000000,-2702.000000,0.000000,196.000000
0.000000,-200.000000,0.000000,0.000000,-2716.000000,0.000000,0.000000
-100.000000,-200.000000,0.000000,0.000000,-2693.000000,196.000000,0.000000
-100.000000,300.000000,0.000000,0.000000,-2677.000000,0.000000,196.000000
-100.000000,0.000000,0.000000,0.000000,-2697.000000,196.000000,0.000000
0.000000,0.000000,0.000000,0.000000,-2696.000000,0.000000,196.000000
0.000000,-100.000000,0.000000,0.000000,-2707.000000,196.000000,0.000000
-100.000000,0.000000,0.000000,0.000000,-2704.000000,0.000000,196.000000
-500.000000,0.000000,78.000000,78.000000,-2691.000000,0.000000,0.000000
0.000000,-300.000000,0.000000,0.000000,-2677.000000,0.000000,196.000000
-100.000000,-100.000000,0.000000,0.000000,-2678.000000,0.000000,0.000000
-100.000000,0.000000,0.000000,0.000000,-2696.000000,0.000000,196.000000
0.000000,0.000000,0.000000,0.000000,-2667.000000,0.000000,0.000000
-200.000000,0.000000,0.000000,0.000000,-2657.000000,0.000000,0.000000
0.000000,-100.000000,0.000000,0.000000,-2659.000000,0.000000,0.000000
0.000000,-200.000000,0.000000,0.000000,-2644.000000,0.000000,0.000000
-100.000000,-100.000000,0.000000,0.000000,-2651.000000,0.000000,0.000000
0.000000,0.000000,0.000000,0.000000,-2631.000000,0.000000,0.000000
100.000000,0.000000,0.000000,0.000000,-2630.000000,0.000000,0.000000
-100.000000,100.000000,0.000000,0.000000,-2601.000000,0.000000,0.000000
-300.000000,200.000000,0.000000,0.000000,-2582.000000,0.000000,0.000000
-200.000000,0.000000,0.000000,0.000000,-2577.000000,0.000000,0.000000
-100.000000,0.000000,0.000000,0.000000,-2561.000000,0.000000,0.000000
-300.000000,-100.000000,0.000000,0.000000,-2546.000000,0.000000,0.000000
