Channel 1,Channel 2,Channel 3,Channel 4,Channel 5,Channel 6,Channel 7
-200.000000,-200.000000,0.000000,0.000000,-2830.000000,0.000000,0.000000
0.000000,-100.000000,0.000000,0.000000,-2846.000000,0.000000,0.000000
-100.000000,-200.000000,0.000000,0.000000,-2831.000000,0.000000,0.000000
-100.000000,-200.000000,0.000000,0.000000,-2793.000000,0.000000,0.000000
-200.000000,-100.000000,0.000000,0.000000,-2802.000000,0.000000,0.000000
-100.000000,-400.000000,0.000000,0.000000,-2779.000000,0.000000,0.000000
0.000000,-100.000000,0.000000,0.000000,-2776.000000,0.000000,0.000000
100.000000,-100.000000,0.000000,0.000000,-2750.000000,0.000000,0.000000
0.000000,-200.000000,0.000000,0.000000,-2775.000000,0.000000,0.000000
-100.000000,100.000000,78.000000,78.000000,-2778.000000,0.000000,0.000000
100.000000,0.000000,0.000000,0.000000,-2803.000000,0.000000,0.000000
-100.000000,0.000000,0.000000,0.000000,-2784.000000,0.000000,0.000000
100.000000,0.000000,0.000000,0.000000,-2803.000000,0.000000,0.000000
0.000000,-200.000000,0.000000,0.000000,-2789.000000,0.000000,0.000000
0.000000,0.000000,0.000000,0.000000,-2804.000000,0.000000,0.000000
200.000000,-200.000000,0.000000,0.000000,-2800.000000,0.000000,0.000000
0.000000,0.000000,0.000000,0.000000,-2804.000000,0.000000,0.000000
-200.000000,-200.000000,0.000000,0.000000,-2828.000000,0.000000,0.000000
0.000000,0.000000,0.000000,0.000000,-2817.000000,0.000000,0.000000
-700.000000,100.000000,0.000000,0.000000,-2806.000000,0.000000,0.000000
0.000000,-400.000000,78.000000,78.000000,-2817.000000,0.000000,0.000000
0.000000,-300.000000,0.000000,0.000000,-2794.000000,0.000000,0.000000
200.000000,0.000000,0.000000,0.000000,-2765.000000,0.000000,0.000000
-200.000000,0.000000,0.000000,0.000000,-2760.000000,0.000000,0.000000
-100.000000,0.000000,0.000000,0.000000,-2723.000000,0.000000,0.000000
-100.000000,300.000000,0.000000,0.000000,-2732.000000,0.000000,0.000000
-200.000000,0.000000,0.000000,0.000000,-2742.000000,0.000000,0.000000
-100.000000,0.000000,0.000000,0.000000,-2713.000000,0.000000,0.000000
0.000000,-100.000000,0.000000,0.000000,-2737.000000,0.000000,0.000000
-200.000000,0.000000,0.000000,0.000000,-2721.000000,0.000000,0.000000
-100.000000,100.000000,0.000000,0.000000,-2745.000000,0.000000,0.000000
0.000000,0.000000,78.000000,78.000000,-2725.000000,0.000000,0.000000
0.000000,300.000000,0.000000,0.000000,-2744.000000,0.000000,0.000000
0.000000,-200.000000,0.000000,0.000000,-2741.000000,0.000000,0.000000
0.000000,0.000000,0.000000,0.000000,-2761.000000,0.000000,0.000000
0.000000,-100.000000,0.000000,0.000000,-2740.000000,0.000000,0.000000
0.000000,0.000000,0.000000,0.000000,-2764.000000,0.000000,0.000000
0.000000,0.000000,0.000000,0.000000,-2787.000000,0.000000,0.000000
-100.000000,0.000000,0.000000,0.000000,-2768.000000,0.000000,0.000000
0.000000,0.000000,0.000000,0.000000,-2785.000000,0.000000,0.000000
-500.000000,0.000000,0.000000,0.000000,-2782.000000,0.000000,0.000000
-100.000000,0.000000,0.000000,0.000000,-2772.000000,0.000000,0.000000
0.000000,-100.000000,0.000000,0.000000,-2783.000000,0.000000,0.000000
0.000000,-200.000000,0.000000,0.000000,-2814.000000,0.000000,0.000000
0.000000,-300.000000,0.000000,0.000000,-2789.000000,0.000000,0.000000
0.000000,-100.000000,0.000000,0.000000,-2779.000000,0.000000,0.000000
-100.000000,-300.000000,156.000000,156.000000,-2790.000000,0.000000,0.000000
100.000000,100.000000,0.000000,0.000000,-2805.000000,0.000000,0.000000
-100.000000,-100.000000,0.000000,0.000000,-2773.000000,0.000000,0.000000
0.000000,-100.000000,0.000000,0.000000,-2804.000000,0.000000,0.000000
-100.000000,0.000000,0.000000,0.000000,-2813.000000,0.000000,0.000000
-200.000000,200.000000,0.000000,0.000000,-2848.000000,0.000000,0.000000
0.000000,-300.000000,0.000000,0.000000,-2849.000000,0.000000,0.000000
-100.000000,0.000000,0.000000,0.000000,-2814.000000,0.000000,0.000000
0.000000,0.000000,0.000000,0.000000,-2848.000000,0.000000,0.000000
-100.000000,-400.000000,0.000000,0.000000,-2883.000000,0.000000,0.000000
100.000000,0.000000,0.000000,0.000000,-2889.000000,0.000000,0.000000
0.000000,0.000000,0.000000,0.000000,-2909.000000,0.000000,0.000000
0.000000,-100.000000,156.000000,156.000000,-2894.000000,0.000000,0.000000
0.000000,500.000000,0.000000,0.000000,-2908.000000,0.000000,0.000000
-100.000000,0.000000,0.000000,0.000000,-2936.000000,0.000000,0.000000
0.000000,-100.000000,0.000000,0.000000,-2955.000000,0.000000,0.000000
0.000000,100.000000,0.000000,0.000000,-2922.000000,0.000000,0.000000
-100.000000,0.000000,0.000000,0.000000,-2890.000000,0.000000,0.000000
0.000000,100.000000,0.000000,0.000000,-2882.000000,0.000000,0.000000
0.000000,0.000000,0.000000,0.000000,-2898.000000,0.000000,0.000000
-100.000000,100.000000,0.000000,0.000000,-2893.000000,0.000000,0.000000
100.000000,-200.000000,0.000000,0.000000,-2859.000000,0.000000,0.000000
-200.000000,-100.000000,0.000000,0.000000,-2842.000000,0.000000,0.000000
-100.000000,-100.000000,0.000000,0.000000,-2863.000000,0.000000,0.000000
0.000000,100.000000,0.000000,0.000000,-2871.000000,0.000000,0.000000
0.000000,100.000000,0.000000,0.000000,-2875.000000,0.000000,0.000000
0.000000,100.000000,0.000000,0.000000,-2843.000000,0.000000,0.000000
-200.000000,0.000000,0.000000,0.000000,-2823.000000,0.000000,0.000000
100.000000,300.000000,0.000000,0.000000,-2850.000000,0.000000,0.000000
-100.000000,0.000000,0.000000,0.000000,-2808.000000,0.000000,-196.000000
-300.000000,0.000000,0.000000,0.000000,-2804.000000,0.000000,0.000000
0.000000,200.000000,0.000000,0.000000,-2774.000000,0.000000,0.000000
-100.000000,0.000000,0.000000,0.000000,-2781.000000,0.000000,0.000000
-100.000000,-100.000000,0.000000,0.000000,-2794.000000,0.000000,0.000000
-200.000000,100.000000,0.000000,0.000000,-2770.000000,0.000000,0.000000
-100.000000,200.000000,0.000000,0.000000,-2736.000000,0.000000,0.000000
-100.000000,-200.000000,0.000000,0.000000,-2725.000000,0.000000,0.000000
0.000000,0.000000,0.000000,0.000000,-2716.000000,0.000000,0.000000
0.000000,0.000000,0.000000,0.000000,-2733.000000,0.000000,0.000000
0.000000,0.000000,0.000000,0.000000,-2711.000000,0.000000,0.000000
200.000000,-100.000000,0.000000,0.000000,-2673.000000,0.000000,0.000000
0.000000,0.000000,156.000000,156.000000,-2647.000000,0.000000,0.000000
0.000000,-200.000000,0.000000,0.000000,-2663.000000,0.000000,0.000000
0.000000,0.000000,0.000000,0.000000,-2696.000000,0.000000,0.000000
100.000000,0.000000,0.000000,0.000000,-2708.000000,0.000000,0.000000
0.000000,200.000000,0.000000,0.000000,-2714.000000,0.000000,0.000000
-200.000000,0.000000,0.000000,0.000000,-2710.000000,0.000000,0.000000
-300.000000,-100.000000,0.000000,0.000000,-2717.000000,0.000000,0.000000
200.000000,300.000000,0.000000,0.000000,-2698.000000,0.000000,0.000000
0.000000,0.000000,0.000000,0.000000,-2680.000000,0.000000,0.000000
0.000000,0.000000,0.000000,0.000000,-2691.000000,0.000000,0.000000
-200.000000,100.000000,0.000000,0.000000,-2699.000000,0.000000,0.000000
-300.000000,-100.000000,0.000000,0.000000,-2719.000000,0.000000,0.000000
-100.000000,100.000000,0.000000,0.000000,-2714.000000,0.000000,0.000000
0.000000,-100.000000,0.000000,0.000000,-2723.000000,0.000000,196.000000
0.000000,0.000000,0.000000,0.000000,-2742.000000,0.000000,0.000000
-200.000000,100.000000,0.000000,0.000000,-2703.000000,0.000000,0.000000
-400.000000,0.000000,0.000000,0.000000,-2690.000000,0.000000,0.000000
0.000000,-100.000000,0.000000,0.000000,-2698.000000,0.000000,0.000000
-100.000000,-100.000000,0.000000,0.000000,-2667.000000,0.000000,0.000000
-100.000000,-300.000000,0.000000,0.000000,-2685.000000,0.000000,0.000000
100.000000,-100.000000,0.000000,0.000000,-2693.000000,0.000000,0.000000
-100.000000,-100.000000,0.000000,0.000000,-2711.000000,0.000000,0.000000
-100.000000,0.000000,0.000000,0.000000,-2691.000000,0.000000,0.000000
0.000000,-200.000000,0.000000,0.000000,-2651.000000,0.000000,0.000000
0.000000,-200.000000,0.000000,0.000000,-2662.000000,0.000000,0.000000
0.000000,-100.000000,0.000000,0.000000,-2652.000000,0.000000,0.000000
0.000000,-100.000000,0.000000,0.000000,-2654.000000,0.000000,0.000000
0.000000,-100.000000,0.000000,0.000000,-2674.000000,0.000000,0.000000
-200.000000,-200.000000,0.000000,0.000000,-2678.000000,0.000000,0.000000
0.000000,-100.000000,0.000000,0.000000,-2669.000000,0.000000,0.000000
0.000000,0.000000,0.000000,0.000000,-2678.000000,0.000000,0.000000
-200.000000,-100.000000,0.000000,0.000000,-2686.000000,0.000000,0.000000
0.000000,0.000000,0.000000,0.000000,-2716.000000,0.000000,0.000000
0.000000,0.000000,0.000000,0.000000,-2695.000000,0.000000,0.000000
-200.000000,100.000000,0.000000,0.000000,-2677.000000,0.000000,0.000000
-200.000000,0.000000,0.000000,0.000000,-2675.000000,0.000000,0.000000
-100.000000,0.000000,0.000000,0.000000,-2660.000000,0.000000,0.000000
0.000000,0.000000,0.000000,0.000000,-2674.000000,0.000000,0.000000
-200.000000,0.000000,0.000000,0.000000,-2676.000000,0.000000,0.000000
0.000000,300.000000,0.000000,0.000000,-2653.000000,0.000000,0.000000
-300.000000,-200.000000,0.000000,0.000000,-2679.000000,0.000000,0.000000
-100.000000,100.000000,0.000000,0.000000,-2697.000000,0.000000,0.000000
-300.000000,0.000000,0.000000,0.000000,-2708.000000,0.000000,0.000000
-300.000000,-100.000000,0.000000,0.000000,-2719.000000,0.000000,0.000000
0.000000,0.000000,0.000000,0.000000,-2706.000000,0.000000,0.000000
-300.000000,-100.000000,0.000000,0.000000,-2678.000000,0.000000,0.000000
200.000000,0.000000,0.000000,0.000000,-2704.000000,0.000000,0.000000
0.000000,0.000000,0.000000,0.000000,-2720.000000,0.000000,0.000000
0.000000,-100.000000,0.000000,0.000000,-2741.000000,0.000000,0.000000
14400.000000,11700.000000,20000.000000,20000.000000,-2700.000000,392.000000,392.000000
18700.000000,17800.000000,20000.000000,20000.000000,-2639.000000,4319.000000,4319.000000
18700.000000,19000.000000,20000.000000,20000.000000,-3184.000000,5890.000000,4319.000000
22300.000000,20700.000000,20000.000000,20000.000000,-3184.000000,1963.000000,1374.000000
20300.000000,21000.000000,20000.000000,20000.000000,-3316.000000,-785.000000,-981.000000
16200.000000,19200.000000,20000.000000,20000.000000,-3496.000000,-589.000000,196.000000
17900.000000,17800.000000,20000.000000,20000.000000,-3302.000000,1570.000000,2159.000000
21500.000000,17200.000000,20000.000000,20000.000000,-2535.000000,4123.000000,3730.000000
21600.000000,19700.000000,20000.000000,20000.000000,-2627.000000,5301.000000,4123.000000
21000.000000,19400.000000,20000.000000,20000.000000,-3152.000000,3926.000000,3730.000000
20100.000000,22600.000000,20000.000000,20000.000000,-3350.000000,1767.000000,2748.000000
21100.000000,19900.000000,20000.000000,20000.000000,-3096.000000,1570.000000,2356.000000
17300.000000,18300.000000,20000.000000,20000.000000,-2655.000000,3730.000000,3534.000000
18300.000000,17800.000000,20000.000000,20000.000000,-2548.000000,6283.000000,5301.000000
18500.000000,21800.000000,20000.000000,20000.000000,-2992.000000,6479.000000,5301.000000
21200.000000,19600.000000,20000.000000,20000.000000,-3008.000000,4319.000000,4123.000000
18600.000000,22000.000000,20000.000000,20000.000000,-2646.000000,2748.000000,3926.000000
19500.000000,17500.000000,20000.000000,20000.000000,-2554.000000,3730.000000,4516.000000
17900.000000,20800.000000,20000.000000,20000.000000,-2589.000000,5497.000000,5694.000000
18500.000000,20400.000000,20000.000000,20000.000000,-2514.000000,6675.000000,6086.000000
18800.000000,18700.000000,20000.000000,20000.000000,-2276.000000,6479.000000,5694.000000
21300.000000,19000.000000,20000.000000,20000.000000,-2507.000000,5301.000000,4123.000000
21900.000000,18500.000000,20000.000000,20000.000000,-2618.000000,3926.000000,4908.000000
18300.000000,17500.000000,20000.000000,20000.000000,-2477.000000,4319.000000,5105.000000
21000.000000,21200.000000,20000.000000,20000.000000,-2394.000000,5497.000000,5890.000000
18500.000000,18900.000000,20000.000000,20000.000000,-2321.000000,6675.000000,6675.000000
19100.000000,19100.000000,20000.000000,20000.000000,-2365.000000,6283.000000,5694.000000
18600.000000,19300.000000,20000.000000,20000.000000,-2461.000000,5301.000000,4123.000000
17800.000000,18700.000000,20000.000000,20000.000000,-2493.000000,4123.000000,3926.000000
19300.000000,19100.000000,20000.000000,20000.000000,-2439.000000,4516.000000,4908.000000
18300.000000,18600.000000,20000.000000,20000.000000,-2464.000000,5105.000000,5301.000000
18900.000000,21900.000000,20000.000000,20000.000000,-2399.000000,5497.000000,5301.000000
21800.000000,20100.000000,20000.000000,20000.000000,-2246.000000,5497.000000,4516.000000
21600.000000,18800.000000,20000.000000,20000.000000,-2349.000000,4908.000000,3730.000000
21600.000000,19800.000000,20000.000000,20000.000000,-2387.000000,4712.000000,3730.000000
17900.000000,22000.000000,20000.000000,20000.000000,-2242.000000,4123.000000,4123.000000
21000.000000,21500.000000,20000.000000,20000.000000,-2250.000000,4319.000000,4712.000000
18700.000000,18400.000000,20000.000000,20000.000000,-2256.000000,4516.000000,4908.000000
18500.000000,18700.000000,20000.000000,20000.000000,-2183.000000,4516.000000,4319.000000
18800.000000,18700.000000,20000.000000,20000.000000,-2259.000000,3926.000000,3730.000000
21400.000000,20400.000000,20000.000000,20000.000000,-2442.000000,3926.000000,3534.000000
19000.000000,19500.000000,20000.000000,20000.000000,-2426.000000,3926.000000,3730.000000
18200.000000,18800.000000,20000.000000,20000.000000,-2363.000000,4123.000000,3926.000000
18300.000000,20800.000000,20000.000000,20000.000000,-2372.000000,3926.000000,3337.000000
21000.000000,20500.000000,20000.000000,20000.000000,-2478.000000,3730.000000,2945.000000
18300.000000,18600.000000,20000.000000,20000.000000,-2402.000000,3337.000000,2748.000000
18300.000000,18300.000000,20000.000000,20000.000000,-2401.000000,3337.000000,2748.000000
19800.000000,20300.000000,20000.000000,20000.000000,-2452.000000,3337.000000,3337.000000
17800.000000,19800.000000,20000.000000,20000.000000,-2425.000000,3730.000000,3337.000000
22400.000000,18300.000000,20000.000000,20000.000000,-2442.000000,3730.000000,3337.000000
18300.000000,18500.000000,20000.000000,20000.000000,-2508.000000,3730.000000,3141.000000
20600.000000,18300.000000,20000.000000,20000.000000,-2520.000000,3730.000000,2945.000000
18700.000000,18200.000000,20000.000000,20000.000000,-2489.000000,3534.000000,3141.000000
18300.000000,20700.000000,20000.000000,20000.000000,-2418.000000,3534.000000,3337.000000
20400.000000,22300.000000,20000.000000,20000.000000,-2312.000000,3730.000000,3141.000000
17900.000000,19700.000000,20000.000000,20000.000000,-2277.000000,3730.000000,3337.000000
21700.000000,18000.000000,20000.000000,20000.000000,-2312.000000,4123.000000,3337.000000
19600.000000,19100.000000,20000.000000,20000.000000,-2193.000000,4123.000000,3534.000000
17800.000000,20800.000000,20000.000000,20000.000000,-2265.000000,4319.000000,3730.000000
17900.000000,22100.000000,20000.000000,20000.000000,-2471.000000,4516.000000,3926.000000
18000.000000,18600.000000,20000.000000,20000.000000,-2345.000000,5105.000000,3926.000000
17900.000000,20000.000000,20000.000000,20000.000000,-2303.000000,5105.000000,4319.000000
20700.000000,18700.000000,20000.000000,20000.000000,-2337.000000,4908.000000,4516.000000
21400.000000,21100.000000,20000.000000,20000.000000,-2269.000000,5301.000000,4516.000000
18100.000000,18100.000000,20000.000000,20000.000000,-2157.000000,5497.000000,4908.000000
19700.000000,18700.000000,20000.000000,20000.000000,-2120.000000,6283.000000,5105.000000
18300.000000,18500.000000,20000.000000,20000.000000,-2171.000000,6675.000000,5694.000000
21600.000000,18800.000000,20000.000000,20000.000000,-2084.000000,6675.000000,6086.000000
20100.000000,20500.000000,20000.000000,20000.000000,-2048.000000,6675.000000,6479.000000
18200.000000,18600.000000,20000.000000,20000.000000,-2027.000000,6479.000000,5890.000000
18800.000000,18400.000000,20000.000000,20000.000000,-2033.000000,7264.000000,4908.000000
21300.000000,18400.000000,20000.000000,20000.000000,-1952.000000,8246.000000,6675.000000
18700.000000,18700.000000,20000.000000,20000.000000,-1950.000000,8835.000000,7461.000000
20800.000000,20500.000000,20000.000000,20000.000000,-2092.000000,8639.000000,8835.000000
18500.000000,21700.000000,20000.000000,20000.000000,-2095.000000,8050.000000,8835.000000
20900.000000,21000.000000,20000.000000,20000.000000,-2206.000000,8639.000000,8639.000000
21000.000000,18500.000000,20000.000000,20000.000000,-2229.000000,9621.000000,8639.000000
18500.000000,18300.000000,20000.000000,20000.000000,-2176.000000,10406.000000,9228.000000
20300.000000,18800.000000,20000.000000,20000.000000,-2201.000000,10406.000000,9817.000000
20000.000000,18600.000000,20000.000000,20000.000000,-2233.000000,10406.000000,10602.000000
21300.000000,18700.000000,20000.000000,20000.000000,-2234.000000,10602.000000,10602.000000
19600.000000,21300.000000,20000.000000,20000.000000,-2159.000000,10799.000000,10602.000000
18800.000000,18400.000000,20000.000000,20000.000000,-2101.000000,11388.000000,9424.000000
18400.000000,18800.000000,20000.000000,20000.000000,-2064.000000,11780.000000,10406.000000
18000.000000,21500.000000,20000.000000,20000.000000,-1916.000000,11584.000000,11388.000000
18500.000000,21400.000000,20000.000000,20000.000000,-2096.000000,11780.000000,11388.000000
21700.000000,21000.000000,20000.000000,20000.000000,-2086.000000,11977.000000,11388.000000
19300.000000,21500.000000,20000.000000,20000.000000,-1926.000000,12173.000000,10013.000000
18500.000000,19300.000000,20000.000000,20000.000000,-1831.000000,12566.000000,11388.000000
21000.000000,18300.000000,20000.000000,20000.000000,-2274.000000,12762.000000,11780.000000
20200.000000,21900.000000,20000.000000,20000.000000,-2000.000000,12173.000000,12566.000000
21300.000000,19000.000000,20000.000000,20000.000000,-1618.000000,12566.000000,12566.000000
20500.000000,18300.000000,20000.000000,20000.000000,-1834.000000,12762.000000,12370.000000
19600.000000,21700.000000,20000.000000,20000.000000,-1815.000000,12566.000000,12173.000000
18500.000000,18600.000000,20000.000000,20000.000000,-1616.000000,12959.000000,11977.000000
18800.000000,21100.000000,20000.000000,20000.000000,-1499.000000,12762.000000,15511.000000
18500.000000,19200.000000,20000.000000,20000.000000,-1590.000000,12959.000000,12762.000000
18900.000000,20100.000000,20000.000000,20000.000000,-1326.000000,13155.000000,12566.000000
21800.000000,18800.000000,20000.000000,20000.000000,-1337.000000,12959.000000,11977.000000
18700.000000,21600.000000,0.000000,0.000000,-1356.000000,12959.000000,10799.000000
-200.000000,200.000000,0.000000,0.000000,-1314.000000,10210.000000,8639.000000
0.000000,0.000000,0.000000,0.000000,-1452.000000,8639.000000,7657.000000
0.000000,100.000000,0.000000,0.000000,-1644.000000,8639.000000,7657.000000
-100.000000,0.000000,0.000000,0.000000,-1892.000000,10602.000000,8050.000000
-100.000000,-100.000000,0.000000,0.000000,-2077.000000,12762.000000,10210.000000
0.000000,0.000000,0.000000,0.000000,-1680.000000,12959.000000,11780.000000
0.000000,100.000000,0.000000,0.000000,-1712.000000,12762.000000,11584.000000
-100.000000,0.000000,0.000000,0.000000,-2064.000000,11191.000000,11388.000000
0.000000,0.000000,0.000000,0.000000,-2090.000000,8246.000000,11191.000000
100.000000,0.000000,0.000000,0.000000,-1935.000000,7068.000000,10013.000000
-100.000000,0.000000,0.000000,0.000000,-2001.000000,7068.000000,7264.000000
0.000000,0.000000,0.000000,0.000000,-2146.000000,6675.000000,5890.000000
-200.000000,0.000000,0.000000,0.000000,-1970.000000,7068.000000,4908.000000
-100.000000,0.000000,0.000000,0.000000,-1899.000000,7853.000000,4712.000000
0.000000,0.000000,0.000000,0.000000,-1974.000000,8639.000000,4712.000000
0.000000,-100.000000,0.000000,0.000000,-1996.000000,8443.000000,5105.000000
0.000000,0.000000,0.000000,0.000000,-1902.000000,8246.000000,6675.000000
-100.000000,0.000000,0.000000,0.000000,-1676.000000,7853.000000,7461.000000
0.000000,0.000000,0.000000,0.000000,-1627.000000,6872.000000,7461.000000
0.000000,0.000000,0.000000,0.000000,-1686.000000,5694.000000,6283.000000
-100.000000,200.000000,0.000000,0.000000,-1520.000000,5301.000000,5694.000000
100.000000,0.000000,0.000000,0.000000,-1791.000000,4908.000000,6086.000000
-100.000000,-100.000000,0.000000,0.000000,-1529.000000,4908.000000,5301.000000
-100.000000,100.000000,0.000000,0.000000,-1370.000000,5105.000000,4516.000000
0.000000,100.000000,0.000000,0.000000,-1863.000000,6283.000000,4319.000000
0.000000,0.000000,0.000000,0.000000,-1546.000000,7461.000000,4123.000000
-100.000000,0.000000,0.000000,0.000000,-1399.000000,7853.000000,4123.000000
-100.000000,0.000000,0.000000,0.000000,-1903.000000,7853.000000,5497.000000
-100.000000,0.000000,0.000000,0.000000,-1698.000000,7264.000000,7264.000000
0.000000,100.000000,0.000000,0.000000,-1449.000000,7461.000000,7853.000000
-100.000000,0.000000,0.000000,0.000000,-1746.000000,7068.000000,7461.000000
-400.000000,100.000000,0.000000,0.000000,-1731.000000,7068.000000,7461.000000
0.000000,-200.000000,0.000000,0.000000,-1734.000000,6872.000000,6872.000000
0.000000,-100.000000,0.000000,0.000000,-1652.000000,7068.000000,7068.000000
0.000000,-100.000000,0.000000,0.000000,-1738.000000,8050.000000,7264.000000
0.000000,0.000000,0.000000,0.000000,-1773.000000,9817.000000,7264.000000
0.000000,200.000000,0.000000,0.000000,-1594.000000,10406.000000,7264.000000
-100.000000,0.000000,0.000000,0.000000,-1639.000000,10406.000000,9228.000000
-100.000000,0.000000,0.000000,0.000000,-1851.000000,10210.000000,10013.000000
100.000000,100.000000,0.000000,0.000000,-1930.000000,10013.000000,10013.000000
0.000000,200.000000,0.000000,0.000000,-2076.000000,10013.000000,9032.000000
100.000000,0.000000,0.000000,0.000000,-1978.000000,10013.000000,8050.000000
-200.000000,0.000000,0.000000,0.000000,-2082.000000,11191.000000,8639.000000
-200.000000,0.000000,0.000000,0.000000,-2141.000000,12173.000000,9228.000000
-200.000000,200.000000,0.000000,0.000000,-2153.000000,12566.000000,10406.000000
0.000000,-100.000000,0.000000,0.000000,-2206.000000,12566.000000,11977.000000
100.000000,0.000000,0.000000,0.000000,-2019.000000,12370.000000,12370.000000
0.000000,-200.000000,0.000000,0.000000,-2156.000000,12370.000000,12173.000000
0.000000,-100.000000,0.000000,0.000000,-2281.000000,12173.000000,12370.000000
0.000000,-100.000000,0.000000,0.000000,-2186.000000,12762.000000,11780.000000
0.000000,-100.000000,0.000000,0.000000,-2198.000000,13744.000000,11388.000000
-100.000000,-100.000000,0.000000,0.000000,-2064.000000,14333.000000,11388.000000
200.000000,0.000000,0.000000,0.000000,-2039.000000,14137.000000,12762.000000
0.000000,-100.000000,0.000000,0.000000,-1888.000000,14137.000000,13548.000000
0.000000,300.000000,0.000000,0.000000,-1813.000000,13940.000000,13351.000000
-200.000000,0.000000,0.000000,0.000000,-1874.000000,13940.000000,12173.000000
-100.000000,0.000000,0.000000,0.000000,-1849.000000,13940.000000,12370.000000
100.000000,-100.000000,0.000000,0.000000,-1778.000000,14333.000000,12762.000000
0.000000,0.000000,0.000000,0.000000,-1745.000000,14726.000000,12959.000000
200.000000,0.000000,0.000000,0.000000,-1643.000000,14726.000000,13155.000000
-200.000000,-100.000000,0.000000,0.000000,-1431.000000,14726.000000,13548.000000
-100.000000,400.000000,0.000000,0.000000,-1456.000000,14333.000000,13351.000000
-100.000000,200.000000,0.000000,0.000000,-1461.000000,14137.000000,12959.000000
0.000000,200.000000,0.000000,0.000000,-1497.000000,14333.000000,15707.000000
-300.000000,0.000000,0.000000,0.000000,-1397.000000,13940.000000,12173.000000
100.000000,0.000000,0.000000,0.000000,-1320.000000,13548.000000,11780.000000
-200.000000,-100.000000,0.000000,0.000000,-1431.000000,13548.000000,10799.000000
0.000000,100.000000,0.000000,0.000000,-1372.000000,12762.000000,9424.000000
200.000000,0.000000,0.000000,0.000000,-1191.000000,13155.000000,10799.000000
-100.000000,0.000000,0.000000,0.000000,-1282.000000,12762.000000,10406.000000
0.000000,100.000000,0.000000,0.000000,-1287.000000,12173.000000,10210.000000
0.000000,0.000000,0.000000,0.000000,-1205.000000,12173.000000,9817.000000
100.000000,0.000000,0.000000,0.000000,-1152.000000,11780.000000,9817.000000
0.000000,0.000000,0.000000,0.000000,-1166.000000,11584.000000,9424.000000
-100.000000,100.000000,0.000000,0.000000,-1048.000000,11388.000000,9228.000000
0.000000,0.000000,0.000000,0.000000,-1059.000000,11191.000000,9032.000000
-100.000000,0.000000,0.000000,0.000000,-1047.000000,10406.000000,8835.000000
-200.000000,0.000000,0.000000,0.000000,-1027.000000,9424.000000,8639.000000
-100.000000,0.000000,0.000000,0.000000,-894.000000,8443.000000,6872.000000
0.000000,0.000000,0.000000,0.000000,-922.000000,8050.000000,7461.000000
0.000000,0.000000,0.000000,0.000000,-769.000000,7853.000000,7657.000000
-200.000000,-100.000000,0.000000,0.000000,-639.000000,7264.000000,7068.000000
0.000000,-100.000000,0.000000,0.000000,-623.000000,7461.000000,6675.000000
-100.000000,100.000000,0.000000,0.000000,-684.000000,7068.000000,6479.000000
0.000000,0.000000,0.000000,0.000000,-795.000000,7068.000000,6086.000000
-200.000000,0.000000,0.000000,0.000000,-792.000000,6675.000000,5694.000000
200.000000,100.000000,0.000000,0.000000,-784.000000,6479.000000,5694.000000
0.000000,0.000000,0.000000,0.000000,-501.000000,6479.000000,4908.000000
-200.000000,200.000000,0.000000,0.000000,-610.000000,6086.000000,3926.000000
0.000000,0.000000,0.000000,0.000000,-716.000000,6086.000000,4319.000000
0.000000,0.000000,0.000000,0.000000,-605.000000,5694.000000,4516.000000
100.000000,-100.000000,0.000000,0.000000,-489.000000,5694.000000,4319.000000
200.000000,200.000000,0.000000,0.000000,-533.000000,5497.000000,3926.000000
0.000000,100.000000,0.000000,0.000000,-620.000000,5301.000000,3926.000000
-100.000000,200.000000,0.000000,0.000000,-481.000000,5497.000000,4123.000000
-200.000000,-200.000000,0.000000,0.000000,-496.000000,6283.000000,4712.000000
0.000000,0.000000,0.000000,0.000000,-630.000000,7264.000000,5694.000000
0.000000,100.000000,0.000000,0.000000,-575.000000,7264.000000,5497.000000
100.000000,100.000000,0.000000,0.000000,-574.000000,7264.000000,5497.000000
100.000000,300.000000,0.000000,0.000000,-546.000000,7068.000000,5105.000000
-200.000000,0.000000,0.000000,0.000000,-786.000000,6872.000000,5105.000000
-100.000000,100.000000,0.000000,0.000000,-778.000000,6872.000000,4712.000000
100.000000,0.000000,0.000000,0.000000,-589.000000,6675.000000,4908.000000
0.000000,0.000000,0.000000,0.000000,-729.000000,6675.000000,5497.000000
0.000000,0.000000,0.000000,0.000000,-800.000000,7461.000000,6479.000000
-100.000000,0.000000,0.000000,0.000000,-792.000000,8639.000000,7068.000000
0.000000,0.000000,0.000000,0.000000,-828.000000,9032.000000,8050.000000
100.000000,0.000000,0.000000,0.000000,-821.000000,8835.000000,6675.000000
0.000000,0.000000,0.000000,0.000000,-935.000000,8835.000000,6479.000000
0.000000,0.000000,0.000000,0.000000,-1141.000000,8639.000000,6675.000000
300.000000,-100.000000,0.000000,0.000000,-1151.000000,8639.000000,7461.000000
-200.000000,0.000000,0.000000,0.000000,-1061.000000,9032.000000,7853.000000
-100.000000,0.000000,0.000000,0.000000,-1088.000000,9817.000000,8050.000000
0.000000,100.000000,0.000000,0.000000,-1413.000000,10799.000000,7264.000000
0.000000,0.000000,0.000000,0.000000,-1534.000000,10995.000000,6872.000000
-100.000000,-100.000000,0.000000,0.000000,-1446.000000,10995.000000,8246.000000
-200.000000,-100.000000,0.000000,0.000000,-1506.000000,10799.000000,8835.000000
0.000000,0.000000,0.000000,0.000000,-1520.000000,10799.000000,9228.000000
0.000000,200.000000,0.000000,0.000000,-1360.000000,10602.000000,9817.000000
-100.000000,100.000000,0.000000,0.000000,-1262.000000,11191.000000,9817.000000
0.000000,0.000000,0.000000,0.000000,-1365.000000,12173.000000,9621.000000
-200.000000,0.000000,0.000000,0.000000,-1376.000000,12762.000000,9621.000000
100.000000,0.000000,0.000000,0.000000,-1362.000000,12959.000000,9817.000000
-200.000000,0.000000,0.000000,0.000000,-1204.000000,12762.000000,10210.000000
-100.000000,0.000000,0.000000,0.000000,-1303.000000,12762.000000,10602.000000
-200.000000,0.000000,0.000000,0.000000,-1324.000000,12566.000000,9621.000000
-200.000000,0.000000,0.000000,0.000000,-1284.000000,12370.000000,10602.000000
400.000000,0.000000,0.000000,0.000000,-1188.000000,12370.000000,10602.000000
0.000000,0.000000,0.000000,0.000000,-1219.000000,12566.000000,10210.000000
0.000000,100.000000,0.000000,0.000000,-1210.000000,12959.000000,10406.000000
-100.000000,-200.000000,0.000000,0.000000,-1109.000000,12959.000000,10210.000000
0.000000,0.000000,0.000000,0.000000,-1227.000000,12959.000000,9032.000000
-100.000000,100.000000,0.000000,0.000000,-1191.000000,12762.000000,10799.000000
-100.000000,0.000000,0.000000,0.000000,-1068.000000,12566.000000,10406.000000
100.000000,0.000000,0.000000,0.000000,-1049.000000,12370.000000,10602.000000
-100.000000,0.000000,0.000000,0.000000,-975.000000,12370.000000,9817.000000
0.000000,0.000000,0.000000,0.000000,-793.000000,12370.000000,10013.000000
200.000000,-100.000000,0.000000,0.000000,-729.000000,11780.000000,9621.000000
0.000000,0.000000,0.000000,0.000000,-777.000000,11388.000000,9228.000000
0.000000,0.000000,0.000000,0.000000,-761.000000,11388.000000,8639.000000
0.000000,-100.000000,0.000000,0.000000,-639.000000,11388.000000,8639.000000
0.000000,0.000000,0.000000,0.000000,-652.000000,10799.000000,9817.000000
100.000000,0.000000,0.000000,0.000000,-585.000000,10406.000000,7853.000000
-200.000000,0.000000,0.000000,0.000000,-615.000000,10406.000000,7657.000000
0.000000,-100.000000,0.000000,0.000000,-677.000000,10210.000000,7461.000000
0.000000,0.000000,0.000000,0.000000,-554.000000,9817.000000,7068.000000
-100.000000,200.000000,0.000000,0.000000,-550.000000,9032.000000,6675.000000
-100.000000,200.000000,0.000000,0.000000,-544.000000,8246.000000,5890.000000
0.000000,0.000000,0.000000,0.000000,-582.000000,7461.000000,5301.000000
-100.000000,200.000000,0.000000,0.000000,-526.000000,7461.000000,5890.000000
-100.000000,200.000000,0.000000,0.000000,-398.000000,6872.000000,5890.000000
0.000000,-100.000000,0.000000,0.000000,-495.000000,6479.000000,5694.000000
-200.000000,0.000000,0.000000,0.000000,-571.000000,6675.000000,5497.000000
100.000000,0.000000,156.000000,156.000000,-515.000000,6479.000000,5105.000000
-100.000000,100.000000,0.000000,0.000000,-405.000000,6086.000000,4908.000000
-100.000000,0.000000,0.000000,0.000000,-470.000000,5890.000000,4712.000000
0.000000,0.000000,0.000000,0.000000,-498.000000,5890.000000,4319.000000
-200.000000,-100.000000,0.000000,0.000000,-415.000000,5890.000000,4319.000000
0.000000,0.000000,0.000000,0.000000,-444.000000,5890.000000,3926.000000
0.000000,200.000000,0.000000,0.000000,-564.000000,5890.000000,3730.000000
-100.000000,0.000000,0.000000,0.000000,-546.000000,5890.000000,3534.000000
-100.000000,300.000000,0.000000,0.000000,-586.000000,5890.000000,3141.000000
0.000000,200.000000,0.000000,0.000000,-672.000000,5890.000000,3141.000000
200.000000,-100.000000,0.000000,0.000000,-738.000000,5497.000000,2945.000000
0.000000,0.000000,0.000000,0.000000,-649.000000,5694.000000,2748.000000
0.000000,100.000000,0.000000,0.000000,-632.000000,5301.000000,2748.000000
0.000000,-100.000000,0.000000,0.000000,-816.000000,5301.000000,3141.000000
0.000000,0.000000,0.000000,0.000000,-912.000000,5105.000000,3926.000000
0.000000,100.000000,0.000000,0.000000,-847.000000,5105.000000,3926.000000
-200.000000,-200.000000,0.000000,0.000000,-957.000000,5301.000000,4123.000000
300.000000,0.000000,0.000000,0.000000,-1046.000000,5497.000000,4123.000000
0.000000,300.000000,0.000000,0.000000,-1118.000000,5890.000000,3926.000000
0.000000,0.000000,0.000000,0.000000,-1213.000000,6283.000000,3534.000000
-100.000000,-100.000000,0.000000,0.000000,-1092.000000,6283.000000,3337.000000
0.000000,0.000000,0.000000,0.000000,-1109.000000,6479.000000,3337.000000
0.000000,300.000000,0.000000,0.000000,-1164.000000,6479.000000,4516.000000
-100.000000,-200.000000,0.000000,0.000000,-1291.000000,6479.000000,4712.000000
-100.000000,100.000000,0.000000,0.000000,-1208.000000,6675.000000,4712.000000
100.000000,200.000000,0.000000,0.000000,-1240.000000,6872.000000,4908.000000
0.000000,0.000000,0.000000,0.000000,-1344.000000,7461.000000,4908.000000
0.000000,-300.000000,156.000000,156.000000,-1303.000000,7657.000000,5301.000000
100.000000,100.000000,0.000000,0.000000,-1264.000000,7461.000000,5497.000000
0.000000,-100.000000,0.000000,0.000000,-1245.000000,7657.000000,5497.000000
0.000000,-200.000000,0.000000,0.000000,-1385.000000,7853.000000,5694.000000
0.000000,0.000000,0.000000,0.000000,-1429.000000,8443.000000,5890.000000
0.000000,0.000000,0.000000,0.000000,-1414.000000,8639.000000,5497.000000
-100.000000,200.000000,0.000000,0.000000,-1452.000000,8639.000000,5497.000000
100.000000,0.000000,0.000000,0.000000,-1402.000000,8639.000000,6872.000000
100.000000,-100.000000,0.000000,0.000000,-1441.000000,8835.000000,6872.000000
200.000000,-100.000000,0.000000,0.000000,-1606.000000,8835.000000,6872.000000
100.000000,-100.000000,0.000000,0.000000,-1528.000000,9032.000000,6872.000000
0.000000,100.000000,0.000000,0.000000,-1585.000000,9621.000000,7657.000000
300.000000,100.000000,0.000000,0.000000,-1610.000000,9817.000000,7853.000000
0.000000,300.000000,0.000000,0.000000,-1582.000000,9817.000000,8050.000000
0.000000,200.000000,0.000000,0.000000,-1620.000000,10013.000000,7657.000000
-200.000000,-100.000000,0.000000,0.000000,-1677.000000,9621.000000,7461.000000
200.000000,-200.000000,0.000000,0.000000,-1757.000000,9621.000000,7657.000000
200.000000,-200.000000,0.000000,0.000000,-1672.000000,9621.000000,7853.000000
-100.000000,0.000000,0.000000,0.000000,-1689.000000,10013.000000,10013.000000
0.000000,0.000000,156.000000,156.000000,-1826.000000,10013.000000,7657.000000
300.000000,-100.000000,0.000000,0.000000,-1765.000000,10210.000000,7657.000000
0.000000,0.000000,0.000000,0.000000,-1876.000000,10013.000000,7853.000000
-100.000000,200.000000,0.000000,0.000000,-1887.000000,9817.000000,7657.000000
-200.000000,0.000000,0.000000,0.000000,-1821.000000,9621.000000,7657.000000
100.000000,300.000000,0.000000,0.000000,-1810.000000,9621.000000,6872.000000
-100.000000,0.000000,0.000000,0.000000,-1666.000000,9424.000000,6086.000000
0.000000,0.000000,0.000000,0.000000,-1692.000000,9228.000000,6086.000000
100.000000,0.000000,0.000000,0.000000,-1662.000000,9032.000000,6872.000000
100.000000,0.000000,0.000000,0.000000,-1604.000000,8835.000000,6675.000000
0.000000,-200.000000,0.000000,0.000000,-1699.000000,8443.000000,6675.000000
0.000000,200.000000,0.000000,0.000000,-1604.000000,8246.000000,6479.000000
0.000000,0.000000,0.000000,0.000000,-1573.000000,8246.000000,6283.000000
300.000000,0.000000,0.000000,0.000000,-1542.000000,8443.000000,6086.000000
0.000000,100.000000,0.000000,0.000000,-1543.000000,7853.000000,6086.000000
-300.000000,-300.000000,0.000000,0.000000,-1478.000000,7461.000000,5694.000000
0.000000,-200.000000,0.000000,0.000000,-1485.000000,7264.000000,5497.000000
-100.000000,300.000000,0.000000,0.000000,-1422.000000,7461.000000,5497.000000
-100.000000,100.000000,0.000000,0.000000,-1432.000000,7068.000000,5105.000000
-100.000000,200.000000,0.000000,0.000000,-1369.000000,6872.000000,5105.000000
100.000000,0.000000,0.000000,0.000000,-1302.000000,6283.000000,4712.000000
0.000000,-100.000000,156.000000,156.000000,-1357.000000,6283.000000,4516.000000
100.000000,-100.000000,0.000000,0.000000,-1413.000000,6283.000000,4516.000000
0.000000,0.000000,0.000000,0.000000,-1330.000000,5890.000000,4123.000000
-100.000000,100.000000,0.000000,0.000000,-1451.000000,5890.000000,3730.000000
-100.000000,0.000000,0.000000,0.000000,-1478.000000,5301.000000,3337.000000
-100.000000,100.000000,0.000000,0.000000,-1356.000000,5301.000000,2945.000000
0.000000,100.000000,0.000000,0.000000,-1368.000000,5105.000000,3141.000000
0.000000,0.000000,0.000000,0.000000,-1340.000000,4712.000000,3141.000000
-200.000000,200.000000,0.000000,0.000000,-1379.000000,4516.000000,2945.000000
-100.000000,0.000000,0.000000,0.000000,-1355.000000,4319.000000,2748.000000
0.000000,100.000000,0.000000,0.000000,-1368.000000,4123.000000,2552.000000
0.000000,100.000000,0.000000,0.000000,-1436.000000,3926.000000,2356.000000
0.000000,200.000000,0.000000,0.000000,-1479.000000,3926.000000,2552.000000
0.000000,100.000000,0.000000,0.000000,-1464.000000,3534.000000,2356.000000
-100.000000,0.000000,0.000000,0.000000,-1496.000000,3337.000000,2552.000000
-100.000000,0.000000,0.000000,0.000000,-1510.000000,3337.000000,2748.000000
0.000000,0.000000,0.000000,0.000000,-1529.000000,3337.000000,2552.000000
100.000000,-100.000000,0.000000,0.000000,-1629.000000,4123.000000,2552.000000
-200.000000,100.000000,0.000000,0.000000,-1664.000000,4712.000000,2552.000000
0.000000,-300.000000,0.000000,0.000000,-1725.000000,5301.000000,2356.000000
-200.000000,0.000000,0.000000,0.000000,-1749.000000,5105.000000,2159.000000
0.000000,-200.000000,156.000000,156.000000,-1723.000000,4908.000000,2159.000000
0.000000,0.000000,0.000000,0.000000,-1769.000000,4908.000000,2356.000000
-100.000000,0.000000,0.000000,0.000000,-1785.000000,4712.000000,2552.000000
0.000000,200.000000,0.000000,0.000000,-1660.000000,4516.000000,2945.000000
0.000000,-100.000000,0.000000,0.000000,-1732.000000,4516.000000,2945.000000
-100.000000,200.000000,0.000000,0.000000,-1804.000000,4516.000000,2748.000000
0.000000,0.000000,0.000000,0.000000,-1788.000000,4908.000000,2748.000000
-200.000000,100.000000,0.000000,0.000000,-1714.000000,5694.000000,2552.000000
100.000000,200.000000,0.000000,0.000000,-1609.000000,6086.000000,2552.000000
-200.000000,0.000000,0.000000,0.000000,-1712.000000,6086.000000,2748.000000
-100.000000,0.000000,0.000000,0.000000,-1717.000000,6086.000000,3337.000000
-100.000000,0.000000,0.000000,0.000000,-1686.000000,6086.000000,3534.000000
100.000000,0.000000,0.000000,0.000000,-1716.000000,6086.000000,3730.000000
100.000000,200.000000,0.000000,0.000000,-1801.000000,6086.000000,3926.000000
-100.000000,100.000000,0.000000,0.000000,-1773.000000,6283.000000,4123.000000
0.000000,300.000000,0.000000,0.000000,-1824.000000,6872.000000,4123.000000
0.000000,-200.000000,0.000000,0.000000,-1970.000000,6872.000000,4319.000000
-100.000000,100.000000,0.000000,0.000000,-1951.000000,7068.000000,4712.000000
-100.000000,0.000000,0.000000,0.000000,-1918.000000,7068.000000,4908.000000
0.000000,0.000000,0.000000,0.000000,-1963.000000,7264.000000,4712.000000
0.000000,0.000000,0.000000,0.000000,-2048.000000,7068.000000,4908.000000
-100.000000,0.000000,0.000000,0.000000,-2049.000000,7068.000000,4712.000000
-200.000000,0.000000,0.000000,0.000000,-2042.000000,7461.000000,4712.000000
0.000000,-100.000000,0.000000,0.000000,-2086.000000,7853.000000,5105.000000
200.000000,0.000000,0.000000,0.000000,-2104.000000,7853.000000,5301.000000
0.000000,0.000000,0.000000,0.000000,-2068.000000,7853.000000,5301.000000
0.000000,0.000000,0.000000,0.000000,-2050.000000,7657.000000,5301.000000
0.000000,0.000000,0.000000,0.000000,-2080.000000,7461.000000,5105.000000
0.000000,-100.000000,0.000000,0.000000,-2050.000000,7461.000000,5105.000000
-200.000000,200.000000,0.000000,0.000000,-1983.000000,7461.000000,6675.000000
100.000000,0.000000,0.000000,0.000000,-1958.000000,7461.000000,4319.000000
-100.000000,200.000000,0.000000,0.000000,-1896.000000,7853.000000,4908.000000
-200.000000,100.000000,0.000000,0.000000,-1867.000000,7853.000000,5105.000000
-100.000000,100.000000,0.000000,0.000000,-1776.000000,7853.000000,5105.000000
0.000000,200.000000,0.000000,0.000000,-1751.000000,7657.000000,4908.000000
-100.000000,0.000000,0.000000,0.000000,-1770.000000,7461.000000,4908.000000
-200.000000,0.000000,0.000000,0.000000,-1751.000000,7264.000000,4712.000000
0.000000,0.000000,0.000000,0.000000,-1649.000000,7264.000000,4516.000000
-200.000000,0.000000,0.000000,0.000000,-1659.000000,7068.000000,3926.000000
0.000000,200.000000,0.000000,0.000000,-1672.000000,6872.000000,3730.000000
100.000000,0.000000,0.000000,0.000000,-1673.000000,6675.000000,3534.000000
-100.000000,-200.000000,0.000000,0.000000,-1523.000000,6675.000000,3337.000000
-100.000000,-200.000000,0.000000,0.000000,-1489.000000,6479.000000,3730.000000
300.000000,400.000000,0.000000,0.000000,-1570.000000,6283.000000,3730.000000
-200.000000,0.000000,0.000000,0.000000,-1600.000000,6283.000000,3534.000000
0.000000,0.000000,0.000000,0.000000,-1606.000000,5890.000000,3337.000000
-300.000000,300.000000,0.000000,0.000000,-1614.000000,5890.000000,3141.000000
0.000000,-200.000000,0.000000,0.000000,-1560.000000,5694.000000,2945.000000
100.000000,0.000000,0.000000,0.000000,-1590.000000,5497.000000,2945.000000
-100.000000,0.000000,0.000000,0.000000,-1495.000000,5301.000000,2552.000000
100.000000,-100.000000,0.000000,0.000000,-1430.000000,5301.000000,2552.000000
-100.000000,0.000000,0.000000,0.000000,-1414.000000,5105.000000,2356.000000
100.000000,200.000000,0.000000,0.000000,-1374.000000,4908.000000,2356.000000
0.000000,0.000000,0.000000,0.000000,-1354.000000,4908.000000,1963.000000
0.000000,0.000000,0.000000,0.000000,-1374.000000,4516.000000,1963.000000
0.000000,100.000000,0.000000,0.000000,-1296.000000,4516.000000,1963.000000
0.000000,-100.000000,0.000000,0.000000,-1278.000000,4319.000000,1767.000000
0.000000,-100.000000,0.000000,0.000000,-1275.000000,4319.000000,1767.000000
0.000000,0.000000,0.000000,0.000000,-1303.000000,3926.000000,1570.000000
200.000000,0.000000,0.000000,0.000000,-1247.000000,3730.000000,1374.000000
0.000000,-100.000000,0.000000,0.000000,-1233.000000,3926.000000,1374.000000
-200.000000,0.000000,0.000000,0.000000,-1238.000000,3730.000000,1374.000000
-100.000000,0.000000,0.000000,0.000000,-1305.000000,3534.000000,1374.000000
-100.000000,0.000000,0.000000,0.000000,-1341.000000,3534.000000,1178.000000
0.000000,0.000000,0.000000,0.000000,-1364.000000,3926.000000,1374.000000
-100.000000,100.000000,0.000000,0.000000,-1372.000000,3926.000000,1570.000000
0.000000,0.000000,0.000000,0.000000,-1337.000000,3926.000000,1374.000000
0.000000,200.000000,0.000000,0.000000,-1400.000000,3926.000000,1178.000000
-100.000000,-200.000000,0.000000,0.000000,-1446.000000,3926.000000,1178.000000
100.000000,0.000000,0.000000,0.000000,-1429.000000,3730.000000,981.000000
-100.000000,0.000000,0.000000,0.000000,-1381.000000,3730.000000,981.000000
-300.000000,300.000000,0.000000,0.000000,-1445.000000,3534.000000,785.000000
-100.000000,0.000000,0.000000,0.000000,-1462.000000,3730.000000,785.000000
-200.000000,-300.000000,0.000000,0.000000,-1419.000000,3534.000000,785.000000
-100.000000,300.000000,0.000000,0.000000,-1464.000000,3730.000000,981.000000
0.000000,0.000000,78.000000,78.000000,-1583.000000,3926.000000,1178.000000
-200.000000,0.000000,0.000000,0.000000,-1626.000000,4123.000000,1570.000000
-200.000000,0.000000,0.000000,0.000000,-1682.000000,4123.000000,1570.000000
0.000000,100.000000,0.000000,0.000000,-1718.000000,4319.000000,1570.000000
-200.000000,100.000000,0.000000,0.000000,-1753.000000,4319.000000,1374.000000
-100.000000,0.000000,0.000000,0.000000,-1842.000000,4319.000000,1570.000000
0.000000,200.000000,0.000000,0.000000,-1827.000000,4319.000000,1570.000000
-100.000000,0.000000,0.000000,0.000000,-1840.000000,4712.000000,1570.000000
-100.000000,0.000000,0.000000,0.000000,-1892.000000,4516.000000,1963.000000
0.000000,0.000000,0.000000,0.000000,-1938.000000,4516.000000,2159.000000
100.000000,200.000000,0.000000,0.000000,-1969.000000,4516.000000,2356.000000
0.000000,-100.000000,0.000000,0.000000,-1919.000000,4908.000000,2552.000000
-300.000000,-400.000000,78.000000,78.000000,-1902.000000,5105.000000,2356.000000
0.000000,0.000000,0.000000,0.000000,-1928.000000,5301.000000,2552.000000
0.000000,300.000000,0.000000,0.000000,-1970.000000,5301.000000,2748.000000
0.000000,0.000000,0.000000,0.000000,-1961.000000,5301.000000,2748.000000
0.000000,0.000000,0.000000,0.000000,-2023.000000,5105.000000,2748.000000
-100.000000,0.000000,0.000000,0.000000,-2071.000000,5105.000000,2552.000000
-100.000000,0.000000,0.000000,0.000000,-2050.000000,5105.000000,2356.000000
-100.000000,100.000000,0.000000,0.000000,-2058.000000,5105.000000,2552.000000
0.000000,0.000000,0.000000,0.000000,-2082.000000,5105.000000,2945.000000
-100.000000,0.000000,0.000000,0.000000,-2115.000000,5301.000000,2945.000000
0.000000,0.000000,0.000000,0.000000,-2060.000000,5301.000000,2945.000000
0.000000,100.000000,0.000000,0.000000,-2091.000000,5301.000000,3141.000000
-100.000000,100.000000,0.000000,0.000000,-2066.000000,5105.000000,3141.000000
-100.000000,0.000000,0.000000,0.000000,-2051.000000,5105.000000,3337.000000
100.000000,0.000000,0.000000,0.000000,-2077.000000,4908.000000,3337.000000
-100.000000,0.000000,0.000000,0.000000,-2051.000000,4908.000000,3337.000000
-100.000000,0.000000,0.000000,0.000000,-2070.000000,4908.000000,3337.000000
-100.000000,0.000000,0.000000,0.000000,-2081.000000,4908.000000,3141.000000
-200.000000,200.000000,0.000000,0.000000,-2126.000000,4712.000000,2945.000000
-200.000000,200.000000,0.000000,0.000000,-2105.000000,4712.000000,2945.000000
-100.000000,100.000000,0.000000,0.000000,-2108.000000,4712.000000,2945.000000
100.000000,-100.000000,0.000000,0.000000,-2138.000000,4712.000000,2748.000000
-100.000000,0.000000,0.000000,0.000000,-2123.000000,4516.000000,2748.000000
-100.000000,-100.000000,0.000000,0.000000,-2169.000000,4516.000000,2945.000000
-200.000000,-100.000000,0.000000,0.000000,-2272.000000,4516.000000,2748.000000
200.000000,100.000000,0.000000,0.000000,-2345.000000,4319.000000,2552.000000
0.000000,0.000000,0.000000,0.000000,-2360.000000,4123.000000,2552.000000
0.000000,0.000000,0.000000,0.000000,-2413.000000,3926.000000,2356.000000
-100.000000,0.000000,0.000000,0.000000,-2471.000000,3926.000000,2159.000000
-300.000000,0.000000,0.000000,0.000000,-2436.000000,3730.000000,2552.000000
0.000000,100.000000,0.000000,0.000000,-2452.000000,3534.000000,2552.000000
0.000000,0.000000,0.000000,0.000000,-2482.000000,3337.000000,2356.000000
0.000000,0.000000,0.000000,0.000000,-2513.000000,3337.000000,2159.000000
100.000000,0.000000,0.000000,0.000000,-2508.000000,3141.000000,2159.000000
100.000000,0.000000,0.000000,0.000000,-2473.000000,2945.000000,1963.000000
0.000000,0.000000,0.000000,0.000000,-2508.000000,2748.000000,1767.000000
100.000000,-100.000000,0.000000,0.000000,-2513.000000,2748.000000,1963.000000
-100.000000,-100.000000,0.000000,0.000000,-2501.000000,2552.000000,1767.000000
-100.000000,-100.000000,0.000000,0.000000,-2480.000000,2356.000000,1767.000000
-200.000000,100.000000,0.000000,0.000000,-2499.000000,2159.000000,1767.000000
100.000000,0.000000,0.000000,0.000000,-2508.000000,2356.000000,1570.000000
-100.000000,0.000000,0.000000,0.000000,-2495.000000,1963.000000,1570.000000
-100.000000,300.000000,0.000000,0.000000,-2512.000000,2159.000000,1570.000000
0.000000,100.000000,0.000000,0.000000,-2549.000000,2159.000000,1178.000000
0.000000,0.000000,0.000000,0.000000,-2614.000000,2552.000000,1374.000000
200.000000,0.000000,78.000000,78.000000,-2661.000000,2552.000000,981.000000
300.000000,0.000000,0.000000,0.000000,-2707.000000,2356.000000,1178.000000
0.000000,-100.000000,0.000000,0.000000,-2803.000000,2356.000000,981.000000
-100.000000,200.000000,0.000000,0.000000,-2790.000000,2159.000000,785.000000
100.000000,0.000000,0.000000,0.000000,-2784.000000,2159.000000,785.000000
0.000000,0.000000,0.000000,0.000000,-2781.000000,1963.000000,981.000000
-100.000000,0.000000,0.000000,0.000000,-2818.000000,1963.000000,785.000000
-100.000000,0.000000,0.000000,0.000000,-2816.000000,1767.000000,785.000000
-200.000000,100.000000,0.000000,0.000000,-2827.000000,1963.000000,981.000000
0.000000,0.000000,0.000000,0.000000,-2794.000000,1963.000000,785.000000
0.000000,0.000000,0.000000,0.000000,-2806.000000,2356.000000,981.000000
0.000000,100.000000,0.000000,0.000000,-2795.000000,2552.000000,785.000000
-100.000000,0.000000,0.000000,0.000000,-2757.000000,2748.000000,785.000000
0.000000,0.000000,0.000000,0.000000,-2778.000000,2356.000000,785.000000
0.000000,-100.000000,0.000000,0.000000,-2855.000000,2552.000000,981.000000
-100.000000,-100.000000,0.000000,0.000000,-2773.000000,2159.000000,981.000000
200.000000,0.000000,0.000000,0.000000,-2555.000000,2356.000000,981.000000
100.000000,0.000000,0.000000,0.000000,-3544.000000,2356.000000,785.000000
-100.000000,0.000000,0.000000,0.000000,-3113.000000,3141.000000,589.000000
0.000000,-100.000000,0.000000,0.000000,-3303.000000,3534.000000,589.000000
0.000000,-100.000000,0.000000,0.000000,-3629.000000,3534.000000,196.000000
0.000000,0.000000,0.000000,0.000000,-3169.000000,3337.000000,0.000000
0.000000,0.000000,0.000000,0.000000,-2036.000000,3337.000000,-589.000000
0.000000,0.000000,0.000000,0.000000,-1891.000000,2748.000000,-196.000000
100.000000,0.000000,0.000000,0.000000,-3085.000000,3141.000000,-196.000000
0.000000,300.000000,0.000000,0.000000,-2760.000000,2945.000000,0.000000
-100.000000,-100.000000,0.000000,0.000000,-1587.000000,2552.000000,196.000000
-300.000000,-100.000000,0.000000,0.000000,-1568.000000,2356.000000,0.000000
200.000000,200.000000,0.000000,0.000000,-2322.000000,2356.000000,0.000000
0.000000,0.000000,0.000000,0.000000,-2792.000000,1963.000000,0.000000
100.000000,0.000000,0.000000,0.000000,-1855.000000,2159.000000,0.000000
0.000000,0.000000,0.000000,0.000000,-1648.000000,1767.000000,0.000000
0.000000,-100.000000,0.000000,0.000000,-2011.000000,1570.000000,196.000000
0.000000,100.000000,0.000000,0.000000,-2452.000000,1570.000000,-196.000000
0.000000,100.000000,0.000000,0.000000,-2634.000000,1374.000000,0.000000
100.000000,0.000000,0.000000,0.000000,-2220.000000,1570.000000,0.000000
-100.000000,100.000000,0.000000,0.000000,-2167.000000,1374.000000,196.000000
0.000000,0.000000,0.000000,0.000000,-2385.000000,1963.000000,0.000000
0.000000,100.000000,0.000000,0.000000,-2600.000000,2159.000000,0.000000
-100.000000,200.000000,0.000000,0.000000,-2495.000000,2356.000000,0.000000
-200.000000,0.000000,0.000000,0.000000,-2156.000000,1963.000000,-392.000000
100.000000,0.000000,0.000000,0.000000,-2122.000000,2159.000000,0.000000
200.000000,0.000000,0.000000,0.000000,-2106.000000,1963.000000,-196.000000
200.000000,0.000000,0.000000,0.000000,-2247.000000,1767.000000,0.000000
-200.000000,-100.000000,0.000000,0.000000,-2305.000000,1570.000000,-196.000000
0.000000,0.000000,0.000000,0.000000,-2099.000000,1374.000000,-196.000000
0.000000,100.000000,0.000000,0.000000,-2017.000000,1178.000000,-589.000000
0.000000,100.000000,0.000000,0.000000,-2182.000000,981.000000,-589.000000
100.000000,-100.000000,0.000000,0.000000,-2444.000000,785.000000,-589.000000
0.000000,-200.000000,0.000000,0.000000,-2235.000000,981.000000,-589.000000
0.000000,0.000000,0.000000,0.000000,-2134.000000,785.000000,-392.000000
0.000000,0.000000,0.000000,0.000000,-2305.000000,392.000000,-392.000000
0.000000,0.000000,0.000000,0.000000,-2479.000000,196.000000,-392.000000
-100.000000,0.000000,0.000000,0.000000,-2419.000000,-196.000000,-392.000000
0.000000,-100.000000,0.000000,0.000000,-2492.000000,0.000000,-785.000000
0.000000,200.000000,0.000000,0.000000,-2556.000000,196.000000,-589.000000
-200.000000,-100.000000,0.000000,0.000000,-2527.000000,196.000000,-785.000000
-100.000000,0.000000,0.000000,0.000000,-2559.000000,0.000000,-589.000000
100.000000,100.000000,0.000000,0.000000,-2668.000000,0.000000,-785.000000
0.000000,-100.000000,0.000000,0.000000,-2654.000000,0.000000,-392.000000
0.000000,0.000000,0.000000,0.000000,-2565.000000,0.000000,-392.000000
-200.000000,200.000000,0.000000,0.000000,-2604.000000,0.000000,-589.000000
-200.000000,0.000000,0.000000,0.000000,-2735.000000,0.000000,-589.000000
200.000000,0.000000,0.000000,0.000000,-2754.000000,0.000000,-589.000000
300.000000,0.000000,0.000000,0.000000,-2676.000000,-196.000000,-589.000000
0.000000,0.000000,78.000000,78.000000,-2683.000000,0.000000,-589.000000
-100.000000,100.000000,0.000000,0.000000,-2717.000000,0.000000,-589.000000
-200.000000,-100.000000,0.000000,0.000000,-2750.000000,-196.000000,-392.000000
0.000000,0.000000,0.000000,0.000000,-2733.000000,0.000000,-392.000000
300.000000,0.000000,156.000000,156.000000,-2705.000000,0.000000,-392.000000
200.000000,200.000000,0.000000,0.000000,-2750.000000,0.000000,-196.000000
500.000000,100.000000,0.000000,0.000000,-2787.000000,-196.000000,-196.000000
300.000000,0.000000,0.000000,0.000000,-2787.000000,-392.000000,-196.000000
0.000000,200.000000,0.000000,0.000000,-2829.000000,-589.000000,-196.000000
100.000000,0.000000,0.000000,0.000000,-2927.000000,-589.000000,-392.000000
0.000000,200.000000,0.000000,0.000000,-2890.000000,-392.000000,-196.000000
200.000000,0.000000,0.000000,0.000000,-2796.000000,-589.000000,-196.000000
100.000000,100.000000,0.000000,0.000000,-2865.000000,-392.000000,0.000000
-300.000000,0.000000,0.000000,0.000000,-2968.000000,-392.000000,0.000000
0.000000,200.000000,0.000000,0.000000,-2871.000000,-392.000000,0.000000
-100.000000,-100.000000,0.000000,0.000000,-2826.000000,-392.000000,0.000000
-100.000000,0.000000,0.000000,0.000000,-2905.000000,-785.000000,0.000000
300.000000,0.000000,0.000000,0.000000,-2888.000000,-589.000000,-196.000000
100.000000,0.000000,0.000000,0.000000,-2780.000000,-589.000000,0.000000
200.000000,100.000000,0.000000,0.000000,-2739.000000,-589.000000,-196.000000
200.000000,0.000000,0.000000,0.000000,-2791.000000,-589.000000,0.000000
0.000000,-200.000000,0.000000,0.000000,-2724.000000,-392.000000,-196.000000
200.000000,-200.000000,0.000000,0.000000,-2688.000000,-785.000000,-196.000000
100.000000,200.000000,0.000000,0.000000,-2724.000000,-785.000000,-392.000000
100.000000,300.000000,0.000000,0.000000,-2731.000000,-589.000000,-392.000000
0.000000,-200.000000,0.000000,0.000000,-2738.000000,-785.000000,-589.000000
100.000000,100.000000,0.000000,0.000000,-2780.000000,-785.000000,-196.000000
100.000000,100.000000,0.000000,0.000000,-2868.000000,-785.000000,-392.000000
100.000000,0.000000,0.000000,0.000000,-2870.000000,-785.000000,-392.000000
200.000000,0.000000,0.000000,0.000000,-2860.000000,-785.000000,-785.000000
200.000000,100.000000,0.000000,0.000000,-2907.000000,-981.000000,-785.000000
100.000000,-100.000000,0.000000,0.000000,-2924.000000,-981.000000,-785.000000
300.000000,0.000000,0.000000,0.000000,-2920.000000,-785.000000,-589.000000
0.000000,0.000000,0.000000,0.000000,-2932.000000,-981.000000,-785.000000
300.000000,0.000000,0.000000,0.000000,-2963.000000,-981.000000,-785.000000
0.000000,0.000000,0.000000,0.000000,-2934.000000,-981.000000,-785.000000
300.000000,200.000000,0.000000,0.000000,-2939.000000,-981.000000,-785.000000
300.000000,0.000000,0.000000,0.000000,-2907.000000,-981.000000,-981.000000
100.000000,100.000000,0.000000,0.000000,-2936.000000,-981.000000,-981.000000
200.000000,200.000000,0.000000,0.000000,-2916.000000,-981.000000,-981.000000
100.000000,-100.000000,0.000000,0.000000,-2902.000000,-981.000000,-981.000000
200.000000,0.000000,78.000000,78.000000,-2902.000000,-981.000000,-785.000000
-100.000000,0.000000,0.000000,0.000000,-2910.000000,-981.000000,-981.000000
0.000000,0.000000,0.000000,0.000000,-2932.000000,-785.000000,-981.000000
0.000000,0.000000,0.000000,0.000000,-2936.000000,-981.000000,-981.000000
0.000000,200.000000,0.000000,0.000000,-2943.000000,-981.000000,-981.000000
0.000000,0.000000,0.000000,0.000000,-2968.000000,-981.000000,-981.000000
0.000000,-100.000000,0.000000,0.000000,-2993.000000,-981.000000,-981.000000
100.000000,-100.000000,0.000000,0.000000,-3013.000000,-981.000000,-785.000000
0.000000,0.000000,0.000000,0.000000,-3048.000000,-981.000000,-981.000000
300.000000,-400.000000,0.000000,0.000000,-3075.000000,-981.000000,-785.000000
100.000000,-100.000000,0.000000,0.000000,-3081.000000,-981.000000,-785.000000
200.000000,0.000000,0.000000,0.000000,-3103.000000,-981.000000,-981.000000
200.000000,-100.000000,0.000000,0.000000,-3138.000000,-785.000000,-785.000000
0.000000,-100.000000,0.000000,0.000000,-3174.000000,-981.000000,-785.000000
0.000000,0.000000,0.000000,0.000000,-3142.000000,-785.000000,-785.000000
-200.000000,0.000000,0.000000,0.000000,-3117.000000,-981.000000,-785.000000
100.000000,100.000000,0.000000,0.000000,-3135.000000,-981.000000,-589.000000
0.000000,-100.000000,0.000000,0.000000,-3150.000000,-785.000000,-589.000000
0.000000,0.000000,0.000000,0.000000,-3115.000000,-981.000000,-589.000000
100.000000,-200.000000,0.000000,0.000000,-3111.000000,-785.000000,-589.000000
0.000000,0.000000,0.000000,0.000000,-3104.000000,-981.000000,-392.000000
200.000000,-100.000000,0.000000,0.000000,-3100.000000,-785.000000,-589.000000
0.000000,0.000000,0.000000,0.000000,-3100.000000,-785.000000,-392.000000
