Channel 1,Channel 2,Channel 3,Channel 4,Channel 5,Channel 6,Channel 7
-100.000000,0.000000,0.000000,0.000000,-2915.000000,0.000000,0.000000
0.000000,100.000000,0.000000,0.000000,-2893.000000,0.000000,0.000000
0.000000,0.000000,0.000000,0.000000,-2879.000000,0.000000,0.000000
200.000000,200.000000,78.000000,78.000000,-2856.000000,0.000000,0.000000
0.000000,-300.000000,0.000000,0.000000,-2887.000000,0.000000,0.000000
-100.000000,-100.000000,0.000000,0.000000,-2905.000000,0.000000,0.000000
0.000000,-100.000000,0.000000,0.000000,-2898.000000,0.000000,0.000000
0.000000,0.000000,0.000000,0.000000,-2908.000000,0.000000,0.000000
-200.000000,-200.000000,0.000000,0.000000,-2898.000000,0.000000,0.000000
0.000000,-200.000000,0.000000,0.000000,-2875.000000,0.000000,0.000000
-100.000000,-100.000000,0.000000,0.000000,-2882.000000,0.000000,0.000000
0.000000,0.000000,0.000000,0.000000,-2894.000000,0.000000,0.000000
200.000000,-200.000000,0.000000,0.000000,-2901.000000,0.000000,0.000000
-100.000000,0.000000,0.000000,0.000000,-2913.000000,0.000000,0.000000
0.000000,0.000000,0.000000,0.000000,-2921.000000,0.000000,0.000000
-100.000000,0.000000,0.000000,0.000000,-2936.000000,0.000000,0.000000
0.000000,0.000000,0.000000,0.000000,-2958.000000,0.000000,0.000000
0.000000,0.000000,0.000000,0.000000,-2972.000000,0.000000,0.000000
0.000000,200.000000,0.000000,0.000000,-2948.000000,0.000000,0.000000
200.000000,100.000000,0.000000,0.000000,-2920.000000,0.000000,0.000000
0.000000,-100.000000,0.000000,0.000000,-2897.000000,0.000000,0.000000
-100.000000,0.000000,0.000000,0.000000,-2888.000000,0.000000,0.000000
0.000000,-100.000000,78.000000,78.000000,-2880.000000,0.000000,0.000000
-200.000000,0.000000,0.000000,0.000000,-2869.000000,0.000000,0.000000
0.000000,-100.000000,0.000000,0.000000,-2876.000000,0.000000,0.000000
-100.000000,-100.000000,0.000000,0.000000,-2867.000000,0.000000,0.000000
0.000000,-100.000000,0.000000,0.000000,-2855.000000,0.000000,0.000000
0.000000,-100.000000,0.000000,0.000000,-2854.000000,0.000000,0.000000
0.000000,-200.000000,0.000000,0.000000,-2841.000000,0.000000,0.000000
-100.000000,0.000000,0.000000,0.000000,-2809.000000,0.000000,0.000000
-200.000000,0.000000,0.000000,0.000000,-2802.000000,0.000000,0.000000
-200.000000,-100.000000,0.000000,0.000000,-2784.000000,0.000000,0.000000
0.000000,-300.000000,0.000000,0.000000,-2813.000000,0.000000,0.000000
-100.000000,-200.000000,0.000000,0.000000,-2829.000000,0.000000,0.000000
0.000000,-200.000000,0.000000,0.000000,-2802.000000,0.000000,0.000000
-200.000000,0.000000,0.000000,0.000000,-2800.000000,0.000000,0.000000
-200.000000,0.000000,0.000000,0.000000,-2817.000000,0.000000,0.000000
0.000000,-100.000000,0.000000,0.000000,-2785.000000,0.000000,0.000000
0.000000,-100.000000,0.000000,0.000000,-2803.000000,0.000000,0.000000
-100.000000,0.000000,0.000000,0.000000,-2783.000000,0.000000,0.000000
-200.000000,0.000000,0.000000,0.000000,-2817.000000,0.000000,0.000000
0.000000,-200.000000,0.000000,0.000000,-2796.000000,0.000000,0.000000
-100.000000,-300.000000,0.000000,0.000000,-2807.000000,0.000000,0.000000
0.000000,-100.000000,0.000000,0.000000,-2791.000000,0.000000,0.000000
-100.000000,-200.000000,0.000000,0.000000,-2795.000000,0.000000,0.000000
-100.000000,0.000000,0.000000,0.000000,-2771.000000,0.000000,0.000000
0.000000,-300.000000,0.000000,0.000000,-2783.000000,0.000000,0.000000
100.000000,0.000000,0.000000,0.000000,-2752.000000,0.000000,0.000000
-200.000000,0.000000,0.000000,0.000000,-2761.000000,0.000000,0.000000
-100.000000,0.000000,0.000000,0.000000,-2761.000000,0.000000,0.000000
0.000000,-200.000000,0.000000,0.000000,-2768.000000,-196.000000,0.000000
-100.000000,0.000000,0.000000,0.000000,-2803.000000,0.000000,0.000000
-300.000000,0.000000,0.000000,0.000000,-2809.000000,0.000000,0.000000
0.000000,-300.000000,0.000000,0.000000,-2824.000000,0.000000,0.000000
-100.000000,-100.000000,0.000000,0.000000,-2799.000000,0.000000,0.000000
0.000000,-300.000000,0.000000,0.000000,-2801.000000,0.000000,0.000000
-200.000000,-400.000000,0.000000,0.000000,-2808.000000,196.000000,0.000000
-200.000000,0.000000,0.000000,0.000000,-2788.000000,0.000000,0.000000
-200.000000,-100.000000,0.000000,0.000000,-2796.000000,0.000000,0.000000
-100.000000,0.000000,0.000000,0.000000,-2792.000000,0.000000,0.000000
-100.000000,0.000000,0.000000,0.000000,-2758.000000,0.000000,0.000000
-100.000000,-100.000000,0.000000,0.000000,-2762.000000,0.000000,0.000000
0.000000,-200.000000,0.000000,0.000000,-2741.000000,0.000000,0.000000
100.000000,0.000000,0.000000,0.000000,-2697.000000,0.000000,0.000000
100.000000,-200.000000,0.000000,0.000000,-2663.000000,0.000000,0.000000
-200.000000,-300.000000,0.000000,0.000000,-2665.000000,0.000000,0.000000
-100.000000,100.000000,0.000000,0.000000,-2718.000000,0.000000,0.000000
100.000000,-200.000000,0.000000,0.000000,-2733.000000,0.000000,196.000000
0.000000,-100.000000,0.000000,0.000000,-2740.000000,0.000000,0.000000
-100.000000,100.000000,0.000000,0.000000,-2733.000000,196.000000,0.000000
-200.000000,-300.000000,0.000000,0.000000,-2721.000000,0.000000,196.000000
-100.000000,100.000000,0.000000,0.000000,-2698.000000,0.000000,0.000000
-100.000000,0.000000,0.000000,0.000000,-2722.000000,0.000000,0.000000
0.000000,-100.000000,0.000000,0.000000,-2705.000000,196.000000,0.000000
-300.000000,0.000000,0.000000,0.000000,-2715.000000,0.000000,0.000000
-200.000000,100.000000,0.000000,0.000000,-2696.000000,0.000000,0.000000
-100.000000,-100.000000,0.000000,0.000000,-2681.000000,0.000000,196.000000
-100.000000,0.000000,0.000000,0.000000,-2670.000000,0.000000,0.000000
0.000000,-200.000000,0.000000,0.000000,-2647.000000,0.000000,0.000000
-100.000000,-100.000000,0.000000,0.000000,-2641.000000,0.000000,0.000000
0.000000,-200.000000,0.000000,0.000000,-2642.000000,0.000000,0.000000
-100.000000,0.000000,0.000000,0.000000,-2665.000000,0.000000,0.000000
0.000000,-100.000000,0.000000,0.000000,-2676.000000,0.000000,0.000000
0.000000,0.000000,0.000000,0.000000,-2669.000000,0.000000,0.000000
0.000000,0.000000,78.000000,78.000000,-2676.000000,0.000000,0.000000
0.000000,200.000000,0.000000,0.000000,-2677.000000,0.000000,0.000000
-200.000000,-200.000000,0.000000,0.000000,-2664.000000,0.000000,0.000000
100.000000,-200.000000,0.000000,0.000000,-2685.000000,0.000000,0.000000
-100.000000,0.000000,0.000000,0.000000,-2701.000000,0.000000,0.000000
9600.000000,0.000000,20000.000000,20000.000000,-2718.000000,0.000000,196.000000
20400.000000,19200.000000,20000.000000,20000.000000,-2719.000000,2748.000000,2748.000000
18300.000000,17500.000000,20000.000000,20000.000000,-2701.000000,5105.000000,5105.000000
19300.000000,22900.000000,20000.000000,20000.000000,-2456.000000,2552.000000,2748.000000
21500.000000,19500.000000,20000.000000,20000.000000,-2834.000000,-392.000000,-196.000000
18800.000000,21100.000000,20000.000000,20000.000000,-2987.000000,-392.000000,-589.000000
18200.000000,18100.000000,20000.000000,20000.000000,-2855.000000,1374.000000,1178.000000
21100.000000,16700.000000,20000.000000,20000.000000,-1973.000000,3534.000000,3534.000000
18300.000000,18000.000000,20000.000000,20000.000000,-1835.000000,4712.000000,4908.000000
18300.000000,21200.000000,20000.000000,20000.000000,-2266.000000,3926.000000,4319.000000
21100.000000,19300.000000,20000.000000,20000.000000,-2571.000000,2356.000000,2356.000000
18400.000000,19500.000000,20000.000000,20000.000000,-2508.000000,1963.000000,1570.000000
16900.000000,18800.000000,20000.000000,20000.000000,-2039.000000,3534.000000,3141.000000
17700.000000,20900.000000,20000.000000,20000.000000,-1833.000000,5497.000000,5497.000000
18600.000000,21100.000000,20000.000000,20000.000000,-2121.000000,5890.000000,6479.000000
18500.000000,19500.000000,20000.000000,20000.000000,-2311.000000,4712.000000,4908.000000
19800.000000,19600.000000,20000.000000,20000.000000,-2113.000000,3337.000000,3534.000000
23100.000000,17700.000000,20000.000000,20000.000000,-2033.000000,3730.000000,3534.000000
17700.000000,17900.000000,20000.000000,20000.000000,-2098.000000,5301.000000,4908.000000
21600.000000,18300.000000,20000.000000,20000.000000,-2107.000000,6086.000000,6479.000000
18900.000000,18900.000000,20000.000000,20000.000000,-2140.000000,6086.000000,6675.000000
18900.000000,18900.000000,20000.000000,20000.000000,-2295.000000,5105.000000,5890.000000
20200.000000,19300.000000,20000.000000,20000.000000,-2346.000000,4516.000000,4516.000000
22500.000000,21600.000000,20000.000000,20000.000000,-2408.000000,4712.000000,4123.000000
21600.000000,18200.000000,20000.000000,20000.000000,-2302.000000,5301.000000,5105.000000
17500.000000,18800.000000,20000.000000,20000.000000,-2233.000000,5694.000000,6675.000000
19000.000000,21100.000000,20000.000000,20000.000000,-2280.000000,5497.000000,7068.000000
19000.000000,19100.000000,20000.000000,20000.000000,-2301.000000,5105.000000,5890.000000
18600.000000,18900.000000,20000.000000,20000.000000,-2338.000000,5105.000000,4516.000000
18500.000000,18700.000000,20000.000000,20000.000000,-2330.000000,5105.000000,4319.000000
18900.000000,19000.000000,20000.000000,20000.000000,-2418.000000,5301.000000,5105.000000
18600.000000,21500.000000,20000.000000,20000.000000,-2511.000000,4712.000000,5694.000000
21400.000000,20000.000000,20000.000000,20000.000000,-2501.000000,4516.000000,5497.000000
20200.000000,18500.000000,20000.000000,20000.000000,-2492.000000,4516.000000,5890.000000
22500.000000,18900.000000,20000.000000,20000.000000,-2613.000000,4908.000000,5105.000000
20400.000000,19200.000000,20000.000000,20000.000000,-2609.000000,5105.000000,3926.000000
22300.000000,19300.000000,20000.000000,20000.000000,-2611.000000,4712.000000,4123.000000
22000.000000,23000.000000,20000.000000,20000.000000,-2694.000000,4123.000000,4908.000000
18000.000000,21300.000000,20000.000000,20000.000000,-2755.000000,3534.000000,5105.000000
22500.000000,18100.000000,20000.000000,20000.000000,-2688.000000,3730.000000,4319.000000
19200.000000,18000.000000,20000.000000,20000.000000,-2782.000000,3926.000000,3730.000000
21400.000000,18500.000000,20000.000000,20000.000000,-2822.000000,4516.000000,3730.000000
22700.000000,22100.000000,20000.000000,20000.000000,-2844.000000,4319.000000,3926.000000
21700.000000,22600.000000,20000.000000,20000.000000,-2708.000000,3926.000000,3926.000000
21400.000000,19200.000000,20000.000000,20000.000000,-2746.000000,3141.000000,3926.000000
20900.000000,17900.000000,20000.000000,20000.000000,-2763.000000,3337.000000,3337.000000
17800.000000,22400.000000,20000.000000,20000.000000,-2774.000000,3337.000000,3141.000000
18400.000000,19500.000000,20000.000000,20000.000000,-2760.000000,3534.000000,3337.000000
22400.000000,17900.000000,20000.000000,20000.000000,-2775.000000,3337.000000,3534.000000
21200.000000,21000.000000,20000.000000,20000.000000,-2789.000000,3141.000000,3926.000000
21400.000000,18600.000000,20000.000000,20000.000000,-2833.000000,3141.000000,3926.000000
21100.000000,18100.000000,20000.000000,20000.000000,-2830.000000,3141.000000,3534.000000
17900.000000,22000.000000,20000.000000,20000.000000,-3015.000000,3534.000000,3141.000000
19700.000000,18900.000000,20000.000000,20000.000000,-3123.000000,3730.000000,3337.000000
21700.000000,18300.000000,20000.000000,20000.000000,-3168.000000,3534.000000,3534.000000
18700.000000,17800.000000,20000.000000,20000.000000,-3118.000000,3534.000000,3926.000000
18700.000000,21500.000000,20000.000000,20000.000000,-3242.000000,3337.000000,4123.000000
19800.000000,20000.000000,20000.000000,20000.000000,-3315.000000,3534.000000,3926.000000
21500.000000,18800.000000,20000.000000,20000.000000,-3381.000000,3926.000000,3926.000000
22300.000000,20000.000000,20000.000000,20000.000000,-3448.000000,4123.000000,4319.000000
18700.000000,22200.000000,20000.000000,20000.000000,-3486.000000,4319.000000,4712.000000
18000.000000,18900.000000,20000.000000,20000.000000,-3526.000000,4516.000000,4908.000000
21400.000000,18000.000000,20000.000000,20000.000000,-3485.000000,4712.000000,4908.000000
17700.000000,21200.000000,20000.000000,20000.000000,-3493.000000,5105.000000,4908.000000
21900.000000,20400.000000,20000.000000,20000.000000,-3478.000000,5497.000000,5301.000000
17900.000000,18400.000000,20000.000000,20000.000000,-3374.000000,5301.000000,5890.000000
17900.000000,18600.000000,20000.000000,20000.000000,-3393.000000,5497.000000,6675.000000
22100.000000,19100.000000,20000.000000,20000.000000,-3356.000000,5890.000000,6479.000000
18500.000000,18500.000000,20000.000000,20000.000000,-3299.000000,6479.000000,5301.000000
17900.000000,21700.000000,20000.000000,20000.000000,-3297.000000,7264.000000,6283.000000
19400.000000,19400.000000,20000.000000,20000.000000,-3348.000000,7264.000000,7068.000000
18100.000000,18800.000000,20000.000000,20000.000000,-3415.000000,7068.000000,8050.000000
18300.000000,19400.000000,20000.000000,20000.000000,-3449.000000,6872.000000,8443.000000
19800.000000,17900.000000,20000.000000,20000.000000,-3444.000000,7853.000000,8639.000000
21700.000000,21600.000000,20000.000000,20000.000000,-3377.000000,9032.000000,7657.000000
21600.000000,19400.000000,20000.000000,20000.000000,-3380.000000,9424.000000,8443.000000
18300.000000,19100.000000,20000.000000,20000.000000,-3335.000000,9228.000000,9228.000000
20500.000000,20200.000000,20000.000000,20000.000000,-3332.000000,9032.000000,10013.000000
18900.000000,20200.000000,20000.000000,20000.000000,-3304.000000,9621.000000,10013.000000
18600.000000,18200.000000,20000.000000,20000.000000,-3310.000000,10210.000000,10013.000000
18500.000000,18100.000000,20000.000000,20000.000000,-3350.000000,10799.000000,15118.000000
18300.000000,21200.000000,20000.000000,20000.000000,-3360.000000,11191.000000,10602.000000
21500.000000,18400.000000,20000.000000,20000.000000,-3469.000000,11191.000000,11388.000000
19900.000000,19900.000000,20000.000000,20000.000000,-3236.000000,11388.000000,11780.000000
20900.000000,18700.000000,20000.000000,20000.000000,-3290.000000,11780.000000,11191.000000
19900.000000,18200.000000,20000.000000,20000.000000,-3355.000000,12566.000000,11780.000000
20300.000000,19700.000000,20000.000000,20000.000000,-3113.000000,12762.000000,12370.000000
21400.000000,20200.000000,20000.000000,20000.000000,-3097.000000,12762.000000,11977.000000
21600.000000,18800.000000,20000.000000,20000.000000,-3163.000000,12566.000000,12566.000000
18500.000000,20600.000000,20000.000000,20000.000000,-3147.000000,12566.000000,12173.000000
19300.000000,21200.000000,20000.000000,20000.000000,-3111.000000,12959.000000,12370.000000
21600.000000,18600.000000,20000.000000,20000.000000,-3212.000000,13351.000000,12762.000000
18600.000000,19000.000000,20000.000000,20000.000000,-3003.000000,13351.000000,12762.000000
20100.000000,20900.000000,20000.000000,20000.000000,-3409.000000,13155.000000,11977.000000
18500.000000,19700.000000,20000.000000,20000.000000,-3415.000000,12762.000000,13351.000000
21700.000000,18700.000000,20000.000000,20000.000000,-3217.000000,12959.000000,13155.000000
18500.000000,19300.000000,20000.000000,20000.000000,-3247.000000,13548.000000,13155.000000
20600.000000,18800.000000,20000.000000,20000.000000,-3229.000000,13548.000000,10995.000000
20400.000000,18400.000000,20000.000000,20000.000000,-3130.000000,13548.000000,13548.000000
18400.000000,18800.000000,20000.000000,20000.000000,-3074.000000,13155.000000,13548.000000
18600.000000,22300.000000,20000.000000,20000.000000,-3068.000000,13155.000000,13548.000000
21600.000000,18700.000000,20000.000000,20000.000000,-3148.000000,13351.000000,13351.000000
19000.000000,18700.000000,20000.000000,20000.000000,-2930.000000,13351.000000,13155.000000
18700.000000,21500.000000,20000.000000,20000.000000,-2879.000000,13744.000000,13155.000000
21100.000000,21400.000000,20000.000000,20000.000000,-3035.000000,13351.000000,14922.000000
18300.000000,18800.000000,20000.000000,20000.000000,-3026.000000,13155.000000,15511.000000
21400.000000,19200.000000,20000.000000,20000.000000,-2918.000000,13548.000000,12566.000000
18500.000000,21100.000000,20000.000000,20000.000000,-2825.000000,13351.000000,12566.000000
21100.000000,18700.000000,20000.000000,20000.000000,-2868.000000,13548.000000,12762.000000
18900.000000,18900.000000,20000.000000,20000.000000,-3061.000000,13351.000000,10995.000000
18500.000000,22000.000000,20000.000000,20000.000000,-2979.000000,13351.000000,13744.000000
20100.000000,18500.000000,20000.000000,20000.000000,-2858.000000,13155.000000,12762.000000
18600.000000,19900.000000,20000.000000,20000.000000,-2619.000000,12959.000000,12173.000000
18200.000000,18800.000000,20000.000000,20000.000000,-2653.000000,12959.000000,11780.000000
18700.000000,21400.000000,20000.000000,20000.000000,-2983.000000,12959.000000,11977.000000
18300.000000,18800.000000,20000.000000,20000.000000,-2763.000000,12959.000000,12173.000000
19100.000000,20900.000000,20000.000000,20000.000000,-2668.000000,12762.000000,12173.000000
19400.000000,18800.000000,20000.000000,20000.000000,-2725.000000,12173.000000,11584.000000
18500.000000,19000.000000,20000.000000,20000.000000,-2615.000000,11780.000000,11584.000000
19100.000000,19100.000000,20000.000000,20000.000000,-2828.000000,12370.000000,11977.000000
18300.000000,21700.000000,20000.000000,20000.000000,-2841.000000,12173.000000,11584.000000
18300.000000,20400.000000,20000.000000,20000.000000,-2492.000000,11977.000000,11388.000000
18300.000000,18800.000000,20000.000000,20000.000000,-2490.000000,12173.000000,10406.000000
18600.000000,18500.000000,20000.000000,20000.000000,-2729.000000,11977.000000,11780.000000
18400.000000,19400.000000,20000.000000,20000.000000,-2457.000000,11780.000000,11977.000000
18300.000000,18500.000000,20000.000000,20000.000000,-2175.000000,12173.000000,12173.000000
18400.000000,18800.000000,20000.000000,20000.000000,-2413.000000,12370.000000,12173.000000
18300.000000,18700.000000,20000.000000,20000.000000,-2476.000000,12370.000000,12173.000000
19200.000000,20600.000000,20000.000000,20000.000000,-2415.000000,12370.000000,12370.000000
19700.000000,21100.000000,20000.000000,20000.000000,-2368.000000,12370.000000,12173.000000
20600.000000,18800.000000,20000.000000,20000.000000,-2309.000000,12566.000000,16100.000000
22000.000000,18700.000000,20000.000000,20000.000000,-2320.000000,12959.000000,12370.000000
19500.000000,21600.000000,20000.000000,20000.000000,-2458.000000,12762.000000,12173.000000
18400.000000,19000.000000,20000.000000,20000.000000,-2418.000000,13155.000000,12370.000000
18500.000000,21300.000000,20000.000000,20000.000000,-1964.000000,13351.000000,12173.000000
21400.000000,18600.000000,20000.000000,20000.000000,-2363.000000,13548.000000,11780.000000
18900.000000,19100.000000,20000.000000,20000.000000,-2262.000000,13744.000000,13940.000000
18400.000000,18800.000000,20000.000000,20000.000000,-2330.000000,13940.000000,13548.000000
21300.000000,18400.000000,20000.000000,20000.000000,-1999.000000,14333.000000,13155.000000
20500.000000,18900.000000,20000.000000,20000.000000,-1788.000000,14333.000000,12959.000000
18400.000000,18900.000000,20000.000000,20000.000000,-2145.000000,14333.000000,13940.000000
18400.000000,21400.000000,20000.000000,20000.000000,-1880.000000,14726.000000,14529.000000
21600.000000,18400.000000,20000.000000,20000.000000,-2086.000000,15118.000000,14333.000000
18300.000000,18900.000000,20000.000000,20000.000000,-1904.000000,15315.000000,14922.000000
100.000000,21700.000000,0.000000,0.000000,-2129.000000,14726.000000,14137.000000
-100.000000,-200.000000,0.000000,0.000000,-2253.000000,11780.000000,10995.000000
300.000000,0.000000,0.000000,0.000000,-1809.000000,11191.000000,9621.000000
0.000000,0.000000,0.000000,0.000000,-2435.000000,11191.000000,11584.000000
0.000000,-100.000000,0.000000,0.000000,-2686.000000,12959.000000,15118.000000
0.000000,-100.000000,0.000000,0.000000,-2685.000000,16689.000000,17278.000000
200.000000,-200.000000,0.000000,0.000000,-2827.000000,18456.000000,17475.000000
0.000000,0.000000,0.000000,0.000000,-3019.000000,18260.000000,16297.000000
0.000000,0.000000,0.000000,0.000000,-3351.000000,16886.000000,14529.000000
0.000000,-100.000000,0.000000,0.000000,-2368.000000,13940.000000,15707.000000
0.000000,0.000000,0.000000,0.000000,-2251.000000,12762.000000,11977.000000
-200.000000,-300.000000,0.000000,0.000000,-2766.000000,12370.000000,11584.000000
0.000000,0.000000,0.000000,0.000000,-3044.000000,12762.000000,12566.000000
200.000000,0.000000,0.000000,0.000000,-2301.000000,14529.000000,13548.000000
1100.000000,-500.000000,78.000000,78.000000,-2188.000000,16297.000000,18064.000000
0.000000,-100.000000,0.000000,0.000000,-2110.000000,16297.000000,15707.000000
100.000000,-100.000000,0.000000,0.000000,-2408.000000,16493.000000,14726.000000
-100.000000,-100.000000,0.000000,0.000000,-2460.000000,15707.000000,12959.000000
200.000000,-100.000000,0.000000,0.000000,-2273.000000,15118.000000,12959.000000
100.000000,0.000000,0.000000,0.000000,-2210.000000,14529.000000,12762.000000
0.000000,0.000000,0.000000,0.000000,-1750.000000,14333.000000,12370.000000
0.000000,200.000000,0.000000,0.000000,-1905.000000,13744.000000,12762.000000
200.000000,-100.000000,0.000000,0.000000,-2165.000000,13744.000000,15118.000000
100.000000,-100.000000,0.000000,0.000000,-2059.000000,13940.000000,15707.000000
0.000000,-100.000000,0.000000,0.000000,-1730.000000,14922.000000,12959.000000
100.000000,-300.000000,0.000000,0.000000,-1955.000000,16297.000000,15118.000000
0.000000,-100.000000,0.000000,0.000000,-1661.000000,17082.000000,14529.000000
0.000000,300.000000,0.000000,0.000000,-1695.000000,16493.000000,14137.000000
0.000000,-200.000000,0.000000,0.000000,-1577.000000,16297.000000,13940.000000
0.000000,-100.000000,0.000000,0.000000,-1747.000000,15904.000000,13351.000000
0.000000,100.000000,0.000000,0.000000,-1918.000000,15315.000000,13351.000000
-100.000000,0.000000,0.000000,0.000000,-1406.000000,15315.000000,15511.000000
0.000000,0.000000,0.000000,0.000000,-2219.000000,14922.000000,19242.000000
0.000000,-100.000000,0.000000,0.000000,-2068.000000,15315.000000,16297.000000
100.000000,200.000000,0.000000,0.000000,-1788.000000,16297.000000,15118.000000
-100.000000,-100.000000,0.000000,0.000000,-1891.000000,17278.000000,14137.000000
0.000000,0.000000,0.000000,0.000000,-1685.000000,17082.000000,17671.000000
100.000000,0.000000,0.000000,0.000000,-1906.000000,16886.000000,14529.000000
0.000000,0.000000,0.000000,0.000000,-1560.000000,16297.000000,12762.000000
100.000000,-200.000000,0.000000,0.000000,-1576.000000,16493.000000,14137.000000
-200.000000,0.000000,0.000000,0.000000,-1743.000000,16100.000000,14333.000000
-100.000000,0.000000,0.000000,0.000000,-1463.000000,15904.000000,15707.000000
-800.000000,800.000000,78.000000,78.000000,-1594.000000,16100.000000,15315.000000
200.000000,0.000000,0.000000,0.000000,-1503.000000,16493.000000,15904.000000
-100.000000,-100.000000,0.000000,0.000000,-1318.000000,17278.000000,16297.000000
100.000000,-200.000000,0.000000,0.000000,-1311.000000,17475.000000,13351.000000
0.000000,-100.000000,0.000000,0.000000,-1072.000000,17475.000000,15118.000000
0.000000,100.000000,0.000000,0.000000,-1088.000000,17278.000000,14529.000000
-300.000000,0.000000,0.000000,0.000000,-783.000000,17278.000000,14333.000000
100.000000,0.000000,0.000000,0.000000,-922.000000,16689.000000,14529.000000
0.000000,100.000000,0.000000,0.000000,-1009.000000,17082.000000,14922.000000
0.000000,100.000000,0.000000,0.000000,-470.000000,16689.000000,16100.000000
0.000000,-200.000000,0.000000,0.000000,-672.000000,16297.000000,20224.000000
0.000000,-100.000000,0.000000,0.000000,-544.000000,16297.000000,15707.000000
100.000000,-200.000000,0.000000,0.000000,-692.000000,16493.000000,15118.000000
400.000000,0.000000,156.000000,156.000000,-582.000000,16493.000000,13744.000000
0.000000,0.000000,0.000000,0.000000,-328.000000,16689.000000,16100.000000
100.000000,-100.000000,0.000000,0.000000,-950.000000,16493.000000,14333.000000
0.000000,0.000000,0.000000,0.000000,-715.000000,16297.000000,13744.000000
0.000000,-100.000000,0.000000,0.000000,-545.000000,16100.000000,12566.000000
300.000000,-100.000000,0.000000,0.000000,-662.000000,15904.000000,14529.000000
0.000000,-100.000000,0.000000,0.000000,-521.000000,15904.000000,14726.000000
200.000000,0.000000,0.000000,0.000000,-441.000000,15707.000000,14726.000000
0.000000,-200.000000,0.000000,0.000000,-485.000000,15707.000000,13548.000000
100.000000,-200.000000,0.000000,0.000000,-481.000000,15904.000000,14529.000000
200.000000,200.000000,0.000000,0.000000,-286.000000,15904.000000,14137.000000
0.000000,0.000000,0.000000,0.000000,-176.000000,15904.000000,12173.000000
-100.000000,200.000000,0.000000,0.000000,-416.000000,15904.000000,12959.000000
0.000000,-100.000000,0.000000,0.000000,-355.000000,15511.000000,13155.000000
-100.000000,-100.000000,0.000000,0.000000,-159.000000,15315.000000,12762.000000
200.000000,0.000000,0.000000,0.000000,293.000000,15315.000000,12566.000000
100.000000,-200.000000,0.000000,0.000000,173.000000,15118.000000,12762.000000
0.000000,0.000000,0.000000,0.000000,-136.000000,14922.000000,13351.000000
0.000000,-100.000000,0.000000,0.000000,441.000000,14726.000000,13940.000000
-100.000000,0.000000,0.000000,0.000000,449.000000,14529.000000,16493.000000
200.000000,0.000000,0.000000,0.000000,214.000000,14333.000000,12762.000000
100.000000,0.000000,0.000000,0.000000,414.000000,14137.000000,12566.000000
200.000000,0.000000,0.000000,0.000000,429.000000,14137.000000,12173.000000
200.000000,-100.000000,0.000000,0.000000,519.000000,14137.000000,11584.000000
200.000000,-200.000000,0.000000,0.000000,323.000000,14333.000000,11191.000000
0.000000,-100.000000,0.000000,0.000000,246.000000,14137.000000,13155.000000
-200.000000,-100.000000,0.000000,0.000000,515.000000,14137.000000,12762.000000
100.000000,0.000000,0.000000,0.000000,486.000000,14137.000000,11977.000000
0.000000,-200.000000,0.000000,0.000000,345.000000,14137.000000,11780.000000
0.000000,0.000000,0.000000,0.000000,457.000000,14137.000000,12173.000000
100.000000,-100.000000,0.000000,0.000000,408.000000,13940.000000,12173.000000
0.000000,-100.000000,0.000000,0.000000,575.000000,14137.000000,12762.000000
100.000000,0.000000,0.000000,0.000000,520.000000,13940.000000,10799.000000
0.000000,0.000000,0.000000,0.000000,266.000000,14137.000000,12173.000000
-100.000000,-100.000000,0.000000,0.000000,499.000000,14137.000000,12173.000000
0.000000,-300.000000,0.000000,0.000000,671.000000,14333.000000,12173.000000
0.000000,0.000000,0.000000,0.000000,776.000000,14137.000000,10799.000000
100.000000,-100.000000,0.000000,0.000000,660.000000,14137.000000,11191.000000
0.000000,0.000000,0.000000,0.000000,535.000000,14137.000000,11780.000000
-100.000000,-100.000000,0.000000,0.000000,541.000000,14137.000000,11780.000000
0.000000,100.000000,0.000000,0.000000,449.000000,14137.000000,12173.000000
0.000000,200.000000,0.000000,0.000000,476.000000,14137.000000,12173.000000
0.000000,0.000000,0.000000,0.000000,319.000000,14137.000000,12370.000000
-100.000000,-100.000000,0.000000,0.000000,285.000000,14333.000000,12370.000000
-100.000000,0.000000,0.000000,0.000000,282.000000,14529.000000,13155.000000
200.000000,-100.000000,0.000000,0.000000,82.000000,14333.000000,15707.000000
0.000000,-300.000000,0.000000,0.000000,379.000000,14333.000000,12370.000000
0.000000,200.000000,0.000000,0.000000,83.000000,14333.000000,12566.000000
0.000000,100.000000,0.000000,0.000000,87.000000,14333.000000,12566.000000
200.000000,-200.000000,0.000000,0.000000,273.000000,14529.000000,11388.000000
0.000000,-200.000000,0.000000,0.000000,133.000000,14922.000000,11977.000000
0.000000,-100.000000,0.000000,0.000000,307.000000,15315.000000,12959.000000
100.000000,-100.000000,156.000000,156.000000,515.000000,15315.000000,12566.000000
0.000000,900.000000,0.000000,0.000000,388.000000,15315.000000,11780.000000
0.000000,200.000000,0.000000,0.000000,364.000000,15118.000000,12959.000000
-300.000000,0.000000,0.000000,0.000000,287.000000,15118.000000,12959.000000
0.000000,-100.000000,0.000000,0.000000,398.000000,15118.000000,13155.000000
-200.000000,100.000000,0.000000,0.000000,468.000000,14922.000000,12959.000000
0.000000,0.000000,0.000000,0.000000,391.000000,15118.000000,11977.000000
0.000000,-100.000000,0.000000,0.000000,381.000000,15511.000000,12762.000000
-300.000000,0.000000,0.000000,0.000000,481.000000,15511.000000,12762.000000
0.000000,0.000000,0.000000,0.000000,553.000000,15511.000000,11780.000000
-300.000000,0.000000,0.000000,0.000000,596.000000,15315.000000,12173.000000
-200.000000,100.000000,0.000000,0.000000,378.000000,15118.000000,12762.000000
-200.000000,0.000000,0.000000,0.000000,636.000000,15118.000000,12762.000000
0.000000,0.000000,0.000000,0.000000,821.000000,15118.000000,12959.000000
-200.000000,-100.000000,0.000000,0.000000,552.000000,14922.000000,12762.000000
-300.000000,200.000000,0.000000,0.000000,726.000000,15118.000000,13155.000000
0.000000,-100.000000,0.000000,0.000000,962.000000,15118.000000,13155.000000
0.000000,-200.000000,0.000000,0.000000,778.000000,15118.000000,16493.000000
-200.000000,200.000000,0.000000,0.000000,982.000000,15315.000000,12762.000000
100.000000,-100.000000,0.000000,0.000000,1146.000000,15118.000000,12762.000000
-300.000000,0.000000,0.000000,0.000000,1060.000000,15315.000000,12762.000000
-200.000000,0.000000,0.000000,0.000000,1045.000000,15118.000000,12370.000000
-300.000000,100.000000,0.000000,0.000000,1026.000000,15118.000000,10799.000000
-100.000000,100.000000,0.000000,0.000000,1168.000000,15315.000000,12566.000000
-200.000000,0.000000,0.000000,0.000000,946.000000,15118.000000,12959.000000
-200.000000,0.000000,0.000000,0.000000,870.000000,15118.000000,12370.000000
-300.000000,100.000000,0.000000,0.000000,957.000000,14922.000000,11780.000000
-200.000000,0.000000,0.000000,0.000000,641.000000,14726.000000,12370.000000
0.000000,0.000000,0.000000,0.000000,838.000000,14333.000000,12370.000000
-200.000000,0.000000,0.000000,0.000000,909.000000,14137.000000,12173.000000
0.000000,-200.000000,0.000000,0.000000,730.000000,13940.000000,11584.000000
-200.000000,0.000000,0.000000,0.000000,609.000000,13940.000000,11584.000000
-400.000000,0.000000,0.000000,0.000000,487.000000,13548.000000,11584.000000
-300.000000,0.000000,0.000000,0.000000,509.000000,13351.000000,11388.000000
-300.000000,-200.000000,0.000000,0.000000,501.000000,13155.000000,10995.000000
-100.000000,0.000000,0.000000,0.000000,431.000000,13155.000000,9621.000000
-500.000000,0.000000,156.000000,156.000000,259.000000,12959.000000,11388.000000
100.000000,-100.000000,0.000000,0.000000,302.000000,13155.000000,11584.000000
0.000000,-600.000000,0.000000,0.000000,347.000000,13351.000000,10995.000000
-100.000000,100.000000,0.000000,0.000000,350.000000,13351.000000,10995.000000
200.000000,0.000000,0.000000,0.000000,517.000000,13155.000000,10799.000000
100.000000,0.000000,0.000000,0.000000,493.000000,12959.000000,10799.000000
200.000000,-200.000000,0.000000,0.000000,462.000000,12959.000000,11191.000000
300.000000,-200.000000,0.000000,0.000000,638.000000,12959.000000,11780.000000
0.000000,-200.000000,0.000000,0.000000,589.000000,12959.000000,13548.000000
-100.000000,0.000000,0.000000,0.000000,414.000000,12566.000000,10602.000000
-200.000000,0.000000,0.000000,0.000000,432.000000,12370.000000,10210.000000
-200.000000,0.000000,0.000000,0.000000,362.000000,12370.000000,10013.000000
400.000000,0.000000,0.000000,0.000000,471.000000,12370.000000,9817.000000
0.000000,-100.000000,0.000000,0.000000,598.000000,12370.000000,9032.000000
-200.000000,-100.000000,0.000000,0.000000,596.000000,12173.000000,8835.000000
-200.000000,0.000000,0.000000,0.000000,529.000000,12370.000000,10406.000000
100.000000,0.000000,0.000000,0.000000,343.000000,12370.000000,10602.000000
0.000000,-100.000000,0.000000,0.000000,510.000000,12370.000000,10406.000000
0.000000,-100.000000,0.000000,0.000000,442.000000,12370.000000,9621.000000
0.000000,-100.000000,0.000000,0.000000,273.000000,12370.000000,9817.000000
-200.000000,-100.000000,0.000000,0.000000,250.000000,12173.000000,9621.000000
0.000000,0.000000,0.000000,0.000000,274.000000,12173.000000,9621.000000
0.000000,-100.000000,0.000000,0.000000,250.000000,11977.000000,9817.000000
-100.000000,100.000000,0.000000,0.000000,320.000000,12173.000000,10210.000000
0.000000,-100.000000,0.000000,0.000000,357.000000,11977.000000,8443.000000
0.000000,0.000000,0.000000,0.000000,361.000000,12173.000000,10013.000000
0.000000,0.000000,0.000000,0.000000,-1.000000,12173.000000,9817.000000
0.000000,100.000000,0.000000,0.000000,128.000000,12173.000000,9621.000000
0.000000,100.000000,0.000000,0.000000,238.000000,12173.000000,10013.000000
100.000000,0.000000,0.000000,0.000000,395.000000,12370.000000,8639.000000
-100.000000,-300.000000,0.000000,0.000000,260.000000,12566.000000,9228.000000
100.000000,0.000000,0.000000,0.000000,43.000000,12566.000000,10013.000000
100.000000,0.000000,0.000000,0.000000,113.000000,12762.000000,10013.000000
300.000000,-200.000000,0.000000,0.000000,101.000000,12762.000000,10013.000000
400.000000,100.000000,0.000000,0.000000,174.000000,12566.000000,10013.000000
-200.000000,-100.000000,0.000000,0.000000,115.000000,12762.000000,10013.000000
0.000000,300.000000,0.000000,0.000000,-159.000000,12566.000000,10013.000000
0.000000,0.000000,0.000000,0.000000,-94.000000,12762.000000,10602.000000
0.000000,0.000000,0.000000,0.000000,-14.000000,12959.000000,10406.000000
0.000000,-200.000000,0.000000,0.000000,-380.000000,12959.000000,10995.000000
0.000000,-100.000000,0.000000,0.000000,-289.000000,12959.000000,13548.000000
0.000000,0.000000,0.000000,0.000000,-414.000000,12959.000000,10406.000000
0.000000,200.000000,0.000000,0.000000,-723.000000,12762.000000,10210.000000
-100.000000,-200.000000,0.000000,0.000000,-630.000000,12762.000000,10406.000000
-200.000000,0.000000,0.000000,0.000000,-777.000000,12762.000000,9621.000000
-200.000000,100.000000,0.000000,0.000000,-631.000000,12762.000000,8835.000000
100.000000,0.000000,0.000000,0.000000,-652.000000,12959.000000,10013.000000
0.000000,-200.000000,0.000000,0.000000,-788.000000,12959.000000,10799.000000
200.000000,200.000000,0.000000,0.000000,-647.000000,12959.000000,10799.000000
-200.000000,-100.000000,0.000000,0.000000,-643.000000,12762.000000,10602.000000
-100.000000,0.000000,0.000000,0.000000,-526.000000,12959.000000,10406.000000
300.000000,-100.000000,0.000000,0.000000,-603.000000,12959.000000,10995.000000
-500.000000,-100.000000,0.000000,0.000000,-864.000000,12959.000000,10995.000000
400.000000,100.000000,0.000000,0.000000,-639.000000,12959.000000,10995.000000
0.000000,-100.000000,0.000000,0.000000,-565.000000,12762.000000,10406.000000
-900.000000,400.000000,78.000000,78.000000,-611.000000,12762.000000,10013.000000
0.000000,-100.000000,0.000000,0.000000,-629.000000,12762.000000,10799.000000
0.000000,100.000000,0.000000,0.000000,-632.000000,12762.000000,11191.000000
-100.000000,0.000000,0.000000,0.000000,-323.000000,12959.000000,11191.000000
-300.000000,0.000000,0.000000,0.000000,-380.000000,12762.000000,9621.000000
0.000000,-200.000000,0.000000,0.000000,-425.000000,12762.000000,10210.000000
0.000000,-100.000000,0.000000,0.000000,-447.000000,12566.000000,10602.000000
0.000000,0.000000,0.000000,0.000000,-710.000000,12566.000000,10602.000000
-100.000000,-100.000000,0.000000,0.000000,-630.000000,12370.000000,10406.000000
0.000000,-100.000000,0.000000,0.000000,-726.000000,12173.000000,10406.000000
0.000000,-100.000000,0.000000,0.000000,-746.000000,11977.000000,10013.000000
0.000000,0.000000,0.000000,0.000000,-771.000000,11780.000000,10210.000000
-100.000000,0.000000,0.000000,0.000000,-809.000000,11584.000000,10013.000000
0.000000,-300.000000,0.000000,0.000000,-831.000000,11388.000000,10210.000000
-100.000000,-400.000000,0.000000,0.000000,-821.000000,11191.000000,10013.000000
100.000000,0.000000,0.000000,0.000000,-593.000000,10995.000000,13548.000000
0.000000,-100.000000,0.000000,0.000000,-641.000000,10602.000000,9621.000000
-300.000000,-300.000000,0.000000,0.000000,-781.000000,10602.000000,9424.000000
0.000000,0.000000,0.000000,0.000000,-764.000000,10210.000000,9228.000000
0.000000,-600.000000,0.000000,0.000000,-608.000000,9817.000000,8835.000000
0.000000,-100.000000,0.000000,0.000000,-562.000000,10013.000000,7853.000000
0.000000,-200.000000,0.000000,0.000000,-609.000000,9621.000000,8246.000000
0.000000,0.000000,0.000000,0.000000,-477.000000,9621.000000,9032.000000
0.000000,100.000000,0.000000,0.000000,-507.000000,9424.000000,9032.000000
-100.000000,-100.000000,0.000000,0.000000,-706.000000,9228.000000,8835.000000
-200.000000,0.000000,0.000000,0.000000,-728.000000,9228.000000,8443.000000
0.000000,0.000000,0.000000,0.000000,-772.000000,9032.000000,7657.000000
0.000000,200.000000,0.000000,0.000000,-881.000000,8835.000000,8050.000000
200.000000,-100.000000,0.000000,0.000000,-1009.000000,8835.000000,7853.000000
-100.000000,0.000000,0.000000,0.000000,-920.000000,8639.000000,7853.000000
-100.000000,0.000000,0.000000,0.000000,-918.000000,8639.000000,7461.000000
-200.000000,0.000000,0.000000,0.000000,-958.000000,8443.000000,7657.000000
0.000000,0.000000,0.000000,0.000000,-982.000000,8246.000000,7461.000000
0.000000,-200.000000,0.000000,0.000000,-870.000000,8050.000000,6283.000000
200.000000,-200.000000,0.000000,0.000000,-899.000000,8050.000000,7068.000000
200.000000,0.000000,0.000000,0.000000,-898.000000,7461.000000,6872.000000
100.000000,0.000000,0.000000,0.000000,-976.000000,7657.000000,6872.000000
0.000000,-100.000000,0.000000,0.000000,-901.000000,7657.000000,6872.000000
-300.000000,200.000000,0.000000,0.000000,-851.000000,7264.000000,6872.000000
100.000000,0.000000,0.000000,0.000000,-839.000000,7068.000000,6675.000000
0.000000,0.000000,0.000000,0.000000,-900.000000,6872.000000,6086.000000
0.000000,-200.000000,0.000000,0.000000,-1098.000000,6675.000000,5694.000000
0.000000,-200.000000,0.000000,0.000000,-1091.000000,6479.000000,7068.000000
100.000000,-100.000000,0.000000,0.000000,-1144.000000,6479.000000,6675.000000
0.000000,100.000000,0.000000,0.000000,-1187.000000,6283.000000,6479.000000
-100.000000,100.000000,0.000000,0.000000,-1262.000000,6479.000000,6479.000000
0.000000,0.000000,0.000000,0.000000,-1341.000000,6479.000000,6479.000000
-100.000000,-100.000000,0.000000,0.000000,-1257.000000,6675.000000,6675.000000
-100.000000,-100.000000,0.000000,0.000000,-1413.000000,6479.000000,6872.000000
-100.000000,100.000000,0.000000,0.000000,-1598.000000,6479.000000,6675.000000
-100.000000,0.000000,0.000000,0.000000,-1709.000000,6283.000000,6479.000000
-100.000000,0.000000,0.000000,0.000000,-1841.000000,6086.000000,6675.000000
-100.000000,0.000000,0.000000,0.000000,-1752.000000,6086.000000,6479.000000
100.000000,-400.000000,0.000000,0.000000,-1776.000000,5890.000000,6675.000000
100.000000,200.000000,0.000000,0.000000,-1893.000000,5694.000000,6872.000000
0.000000,0.000000,0.000000,0.000000,-1880.000000,5694.000000,7264.000000
-100.000000,0.000000,0.000000,0.000000,-1880.000000,5890.000000,10406.000000
-100.000000,0.000000,0.000000,0.000000,-1911.000000,6086.000000,6872.000000
0.000000,0.000000,156.000000,156.000000,-2064.000000,5890.000000,6675.000000
700.000000,400.000000,0.000000,0.000000,-2041.000000,5890.000000,6675.000000
-100.000000,200.000000,0.000000,0.000000,-2019.000000,5694.000000,6283.000000
100.000000,-100.000000,0.000000,0.000000,-2105.000000,5497.000000,6086.000000
-100.000000,100.000000,0.000000,0.000000,-2189.000000,5497.000000,6283.000000
100.000000,0.000000,0.000000,0.000000,-2160.000000,5301.000000,6283.000000
0.000000,100.000000,0.000000,0.000000,-2133.000000,5301.000000,5694.000000
100.000000,-100.000000,0.000000,0.000000,-2231.000000,5105.000000,5694.000000
100.000000,-100.000000,0.000000,0.000000,-2300.000000,5105.000000,6086.000000
300.000000,100.000000,0.000000,0.000000,-2262.000000,5105.000000,6675.000000
0.000000,200.000000,0.000000,0.000000,-2301.000000,5105.000000,6283.000000
0.000000,0.000000,0.000000,0.000000,-2391.000000,5301.000000,6086.000000
0.000000,-100.000000,0.000000,0.000000,-2377.000000,5105.000000,6086.000000
100.000000,0.000000,0.000000,0.000000,-2418.000000,4908.000000,5890.000000
300.000000,0.000000,0.000000,0.000000,-2486.000000,4908.000000,5497.000000
0.000000,200.000000,0.000000,0.000000,-2507.000000,4712.000000,5694.000000
100.000000,-200.000000,0.000000,0.000000,-2556.000000,4516.000000,6086.000000
0.000000,0.000000,0.000000,0.000000,-2611.000000,4516.000000,5694.000000
0.000000,200.000000,0.000000,0.000000,-2674.000000,4123.000000,5497.000000
400.000000,0.000000,0.000000,0.000000,-2730.000000,4123.000000,5497.000000
-700.000000,0.000000,0.000000,0.000000,-2712.000000,3926.000000,5105.000000
0.000000,0.000000,0.000000,0.000000,-2669.000000,3926.000000,4908.000000
0.000000,200.000000,0.000000,0.000000,-2646.000000,3534.000000,4712.000000
0.000000,0.000000,0.000000,0.000000,-2586.000000,3534.000000,4908.000000
300.000000,-100.000000,0.000000,0.000000,-2575.000000,3337.000000,4319.000000
0.000000,-100.000000,0.000000,0.000000,-2625.000000,3337.000000,3926.000000
100.000000,100.000000,156.000000,156.000000,-2668.000000,3141.000000,4123.000000
-100.000000,0.000000,0.000000,0.000000,-2725.000000,2945.000000,4319.000000
0.000000,200.000000,0.000000,0.000000,-2781.000000,2945.000000,4516.000000
300.000000,300.000000,0.000000,0.000000,-2866.000000,2748.000000,4123.000000
0.000000,-100.000000,0.000000,0.000000,-2852.000000,2748.000000,4123.000000
100.000000,200.000000,0.000000,0.000000,-2859.000000,2552.000000,3926.000000
-100.000000,-200.000000,0.000000,0.000000,-2862.000000,2552.000000,3730.000000
100.000000,0.000000,0.000000,0.000000,-2883.000000,2552.000000,3730.000000
-200.000000,-100.000000,0.000000,0.000000,-3020.000000,2159.000000,3337.000000
0.000000,-100.000000,0.000000,0.000000,-3048.000000,2356.000000,3337.000000
0.000000,-200.000000,0.000000,0.000000,-3085.000000,1963.000000,3337.000000
0.000000,0.000000,0.000000,0.000000,-3070.000000,2159.000000,2945.000000
0.000000,-300.000000,0.000000,0.000000,-3116.000000,1767.000000,2748.000000
0.000000,0.000000,0.000000,0.000000,-3069.000000,1767.000000,2552.000000
100.000000,100.000000,0.000000,0.000000,-3053.000000,1767.000000,2748.000000
0.000000,0.000000,0.000000,0.000000,-3028.000000,1570.000000,3141.000000
0.000000,-100.000000,0.000000,0.000000,-3029.000000,1570.000000,3141.000000
200.000000,0.000000,0.000000,0.000000,-3030.000000,1374.000000,2748.000000
0.000000,300.000000,0.000000,0.000000,-3057.000000,1178.000000,2748.000000
100.000000,-100.000000,0.000000,0.000000,-3067.000000,1374.000000,2748.000000
0.000000,0.000000,0.000000,0.000000,-3059.000000,1178.000000,2552.000000
200.000000,0.000000,0.000000,0.000000,-3024.000000,1178.000000,2748.000000
0.000000,-700.000000,0.000000,0.000000,-2978.000000,981.000000,2748.000000
100.000000,-100.000000,0.000000,0.000000,-2990.000000,981.000000,2748.000000
100.000000,-100.000000,0.000000,0.000000,-3031.000000,981.000000,2552.000000
200.000000,100.000000,0.000000,0.000000,-3042.000000,981.000000,2356.000000
-100.000000,-100.000000,0.000000,0.000000,-3068.000000,785.000000,2356.000000
0.000000,300.000000,0.000000,0.000000,-3096.000000,785.000000,2159.000000
0.000000,0.000000,0.000000,0.000000,-3109.000000,589.000000,2159.000000
-100.000000,0.000000,0.000000,0.000000,-3120.000000,589.000000,1767.000000
0.000000,-200.000000,0.000000,0.000000,-3096.000000,589.000000,1963.000000
0.000000,-100.000000,0.000000,0.000000,-3123.000000,589.000000,1767.000000
200.000000,0.000000,0.000000,0.000000,-3125.000000,392.000000,1963.000000
100.000000,100.000000,0.000000,0.000000,-3159.000000,589.000000,1963.000000
0.000000,0.000000,0.000000,0.000000,-3177.000000,392.000000,1963.000000
0.000000,-200.000000,0.000000,0.000000,-3202.000000,196.000000,1963.000000
100.000000,-100.000000,0.000000,0.000000,-3178.000000,196.000000,1767.000000
100.000000,100.000000,0.000000,0.000000,-3171.000000,196.000000,1767.000000
0.000000,-100.000000,0.000000,0.000000,-3161.000000,0.000000,1570.000000
100.000000,-100.000000,0.000000,0.000000,-3143.000000,196.000000,1570.000000
200.000000,0.000000,0.000000,0.000000,-3162.000000,0.000000,1374.000000
200.000000,-100.000000,0.000000,0.000000,-3166.000000,0.000000,1374.000000
0.000000,100.000000,0.000000,0.000000,-3167.000000,196.000000,1374.000000
0.000000,0.000000,0.000000,0.000000,-3188.000000,0.000000,1178.000000
-200.000000,-200.000000,0.000000,0.000000,-3179.000000,196.000000,1178.000000
-100.000000,0.000000,0.000000,0.000000,-3158.000000,0.000000,1178.000000
0.000000,-300.000000,0.000000,0.000000,-3136.000000,0.000000,981.000000
0.000000,0.000000,0.000000,0.000000,-3146.000000,0.000000,981.000000
400.000000,-200.000000,0.000000,0.000000,-3160.000000,-196.000000,981.000000
-100.000000,-100.000000,78.000000,78.000000,-3122.000000,0.000000,785.000000
-100.000000,-200.000000,0.000000,0.000000,-3111.000000,-196.000000,785.000000
0.000000,100.000000,0.000000,0.000000,-3084.000000,0.000000,589.000000
-100.000000,0.000000,0.000000,0.000000,-3073.000000,0.000000,589.000000
0.000000,0.000000,0.000000,0.000000,-3088.000000,-196.000000,589.000000
0.000000,0.000000,0.000000,0.000000,-3111.000000,0.000000,589.000000
0.000000,0.000000,0.000000,0.000000,-3107.000000,0.000000,392.000000
0.000000,0.000000,0.000000,0.000000,-3123.000000,-392.000000,589.000000
100.000000,300.000000,0.000000,0.000000,-3117.000000,-392.000000,392.000000
-100.000000,0.000000,0.000000,0.000000,-3070.000000,-392.000000,196.000000
0.000000,-100.000000,0.000000,0.000000,-3059.000000,-589.000000,196.000000
100.000000,0.000000,0.000000,0.000000,-3050.000000,-392.000000,196.000000
0.000000,-100.000000,0.000000,0.000000,-3026.000000,-196.000000,0.000000
0.000000,0.000000,0.000000,0.000000,-3049.000000,-196.000000,0.000000
100.000000,-200.000000,156.000000,156.000000,-3048.000000,0.000000,196.000000
100.000000,0.000000,0.000000,0.000000,-3027.000000,-196.000000,0.000000
0.000000,0.000000,0.000000,0.000000,-3071.000000,-392.000000,0.000000
-100.000000,100.000000,0.000000,0.000000,-3130.000000,-392.000000,196.000000
-200.000000,0.000000,0.000000,0.000000,-3101.000000,-392.000000,0.000000
0.000000,-100.000000,0.000000,0.000000,-3135.000000,-392.000000,196.000000
-100.000000,100.000000,0.000000,0.000000,-3134.000000,-196.000000,196.000000
-100.000000,100.000000,0.000000,0.000000,-3161.000000,-392.000000,0.000000
200.000000,0.000000,0.000000,0.000000,-3211.000000,-392.000000,0.000000
0.000000,-100.000000,0.000000,0.000000,-3222.000000,-392.000000,0.000000
0.000000,100.000000,0.000000,0.000000,-3257.000000,-392.000000,0.000000
0.000000,100.000000,0.000000,0.000000,-3211.000000,-196.000000,0.000000
0.000000,200.000000,0.000000,0.000000,-3208.000000,-392.000000,0.000000
300.000000,0.000000,0.000000,0.000000,-3202.000000,-196.000000,0.000000
-100.000000,0.000000,0.000000,0.000000,-3228.000000,-392.000000,-196.000000
100.000000,-200.000000,0.000000,0.000000,-3202.000000,-392.000000,-196.000000
0.000000,-100.000000,0.000000,0.000000,-3163.000000,-196.000000,-392.000000
0.000000,0.000000,0.000000,0.000000,-3184.000000,-196.000000,-392.000000
0.000000,100.000000,0.000000,0.000000,-3166.000000,-196.000000,-392.000000
300.000000,-200.000000,0.000000,0.000000,-3121.000000,-196.000000,-392.000000
-200.000000,-300.000000,0.000000,0.000000,-3102.000000,-196.000000,-196.000000
0.000000,0.000000,0.000000,0.000000,-3145.000000,-196.000000,-196.000000
-100.000000,100.000000,0.000000,0.000000,-3181.000000,-196.000000,0.000000
-100.000000,-100.000000,0.000000,0.000000,-3161.000000,-392.000000,196.000000
0.000000,100.000000,0.000000,0.000000,-3143.000000,-196.000000,0.000000
0.000000,-100.000000,0.000000,0.000000,-3192.000000,-196.000000,-196.000000
0.000000,100.000000,0.000000,0.000000,-3201.000000,0.000000,0.000000
0.000000,0.000000,0.000000,0.000000,-3240.000000,0.000000,-196.000000
200.000000,100.000000,0.000000,0.000000,-3218.000000,0.000000,-196.000000
0.000000,0.000000,0.000000,0.000000,-3222.000000,-196.000000,-196.000000
-200.000000,0.000000,0.000000,0.000000,-3206.000000,0.000000,-196.000000
400.000000,0.000000,0.000000,0.000000,-3239.000000,-196.000000,0.000000
-100.000000,-300.000000,0.000000,0.000000,-3235.000000,0.000000,0.000000
-100.000000,0.000000,0.000000,0.000000,-3222.000000,-196.000000,0.000000
0.000000,0.000000,0.000000,0.000000,-3198.000000,0.000000,0.000000
0.000000,0.000000,0.000000,0.000000,-3176.000000,-196.000000,0.000000
-100.000000,0.000000,0.000000,0.000000,-3183.000000,0.000000,0.000000
0.000000,100.000000,0.000000,0.000000,-3133.000000,-196.000000,0.000000
0.000000,0.000000,0.000000,0.000000,-3084.000000,0.000000,0.000000
0.000000,100.000000,0.000000,0.000000,-3058.000000,-196.000000,0.000000
0.000000,-100.000000,0.000000,0.000000,-3040.000000,0.000000,0.000000
100.000000,200.000000,0.000000,0.000000,-3064.000000,0.000000,0.000000
-200.000000,0.000000,0.000000,0.000000,-3083.000000,-196.000000,0.000000
