Channel 1,Channel 2,Channel 3,Channel 4,Channel 5,Channel 6,Channel 7
0.000000,100.000000,0.000000,0.000000,-2741.000000,0.000000,0.000000
100.000000,0.000000,0.000000,0.000000,-2723.000000,0.000000,0.000000
-100.000000,-200.000000,0.000000,0.000000,-2731.000000,0.000000,0.000000
100.000000,-200.000000,0.000000,0.000000,-2715.000000,0.000000,0.000000
-100.000000,0.000000,0.000000,0.000000,-2731.000000,0.000000,0.000000
0.000000,0.000000,0.000000,0.000000,-2748.000000,0.000000,0.000000
-200.000000,-300.000000,0.000000,0.000000,-2761.000000,0.000000,0.000000
-100.000000,-300.000000,0.000000,0.000000,-2763.000000,0.000000,0.000000
0.000000,0.000000,0.000000,0.000000,-2763.000000,0.000000,0.000000
0.000000,0.000000,0.000000,0.000000,-2743.000000,0.000000,0.000000
0.000000,0.000000,0.000000,0.000000,-2760.000000,0.000000,0.000000
-100.000000,-100.000000,0.000000,0.000000,-2796.000000,0.000000,0.000000
0.000000,-200.000000,0.000000,0.000000,-2799.000000,0.000000,0.000000
-100.000000,0.000000,0.000000,0.000000,-2781.000000,0.000000,0.000000
0.000000,-300.000000,0.000000,0.000000,-2781.000000,0.000000,0.000000
300.000000,200.000000,0.000000,0.000000,-2815.000000,0.000000,0.000000
0.000000,100.000000,0.000000,0.000000,-2799.000000,0.000000,0.000000
0.000000,-200.000000,0.000000,0.000000,-2783.000000,0.000000,0.000000
0.000000,0.000000,0.000000,0.000000,-2791.000000,0.000000,0.000000
0.000000,-200.000000,0.000000,0.000000,-2800.000000,0.000000,0.000000
0.000000,0.000000,0.000000,0.000000,-2795.000000,0.000000,0.000000
0.000000,0.000000,0.000000,0.000000,-2798.000000,0.000000,0.000000
-100.000000,-300.000000,0.000000,0.000000,-2799.000000,0.000000,0.000000
0.000000,-100.000000,0.000000,0.000000,-2779.000000,0.000000,0.000000
0.000000,-100.000000,0.000000,0.000000,-2765.000000,0.000000,0.000000
-100.000000,-300.000000,0.000000,0.000000,-2740.000000,0.000000,0.000000
-100.000000,-200.000000,0.000000,0.000000,-2750.000000,0.000000,-196.000000
0.000000,0.000000,0.000000,0.000000,-2764.000000,0.000000,0.000000
0.000000,-100.000000,0.000000,0.000000,-2769.000000,0.000000,0.000000
-100.000000,-200.000000,0.000000,0.000000,-2751.000000,0.000000,0.000000
0.000000,-300.000000,0.000000,0.000000,-2751.000000,0.000000,196.000000
-200.000000,-100.000000,0.000000,0.000000,-2732.000000,0.000000,0.000000
-200.000000,0.000000,0.000000,0.000000,-2764.000000,0.000000,0.000000
-100.000000,-200.000000,0.000000,0.000000,-2785.000000,0.000000,0.000000
-100.000000,-400.000000,0.000000,0.000000,-2772.000000,0.000000,0.000000
-200.000000,-200.000000,0.000000,0.000000,-2765.000000,0.000000,0.000000
-100.000000,-100.000000,0.000000,0.000000,-2746.000000,0.000000,0.000000
-100.000000,0.000000,0.000000,0.000000,-2754.000000,0.000000,0.000000
-100.000000,0.000000,0.000000,0.000000,-2773.000000,0.000000,0.000000
-100.000000,-100.000000,0.000000,0.000000,-2805.000000,0.000000,0.000000
0.000000,0.000000,0.000000,0.000000,-2810.000000,0.000000,0.000000
100.000000,0.000000,0.000000,0.000000,-2797.000000,0.000000,0.000000
0.000000,-100.000000,0.000000,0.000000,-2798.000000,0.000000,0.000000
0.000000,-100.000000,0.000000,0.000000,-2822.000000,0.000000,0.000000
0.000000,-300.000000,0.000000,0.000000,-2800.000000,0.000000,0.000000
-100.000000,-100.000000,0.000000,0.000000,-2772.000000,0.000000,0.000000
-100.000000,0.000000,0.000000,0.000000,-2767.000000,0.000000,0.000000
-200.000000,200.000000,0.000000,0.000000,-2745.000000,0.000000,0.000000
-200.000000,-100.000000,0.000000,0.000000,-2721.000000,0.000000,0.000000
-100.000000,-100.000000,0.000000,0.000000,-2720.000000,0.000000,0.000000
100.000000,-100.000000,0.000000,0.000000,-2717.000000,0.000000,0.000000
-100.000000,200.000000,0.000000,0.000000,-2736.000000,0.000000,0.000000
0.000000,0.000000,0.000000,0.000000,-2731.000000,0.000000,0.000000
-200.000000,-200.000000,0.000000,0.000000,-2705.000000,0.000000,0.000000
-200.000000,-100.000000,0.000000,0.000000,-2726.000000,0.000000,0.000000
-100.000000,300.000000,0.000000,0.000000,-2746.000000,0.000000,0.000000
-200.000000,0.000000,0.000000,0.000000,-2760.000000,0.000000,0.000000
-100.000000,-100.000000,0.000000,0.000000,-2747.000000,0.000000,-196.000000
-100.000000,0.000000,0.000000,0.000000,-2729.000000,0.000000,0.000000
100.000000,100.000000,0.000000,0.000000,-2741.000000,0.000000,0.000000
-100.000000,-100.000000,0.000000,0.000000,-2770.000000,0.000000,0.000000
200.000000,-100.000000,0.000000,0.000000,-2810.000000,0.000000,0.000000
-200.000000,0.000000,0.000000,0.000000,-2809.000000,0.000000,0.000000
-200.000000,-100.000000,0.000000,0.000000,-2835.000000,0.000000,0.000000
0.000000,-100.000000,0.000000,0.000000,-2839.000000,0.000000,0.000000
-100.000000,0.000000,0.000000,0.000000,-2835.000000,0.000000,0.000000
0.000000,0.000000,0.000000,0.000000,-2838.000000,-196.000000,0.000000
0.000000,300.000000,0.000000,0.000000,-2849.000000,0.000000,0.000000
0.000000,0.000000,0.000000,0.000000,-2843.000000,0.000000,0.000000
-300.000000,-100.000000,0.000000,0.000000,-2822.000000,0.000000,0.000000
0.000000,0.000000,0.000000,0.000000,-2810.000000,0.000000,0.000000
0.000000,200.000000,0.000000,0.000000,-2789.000000,0.000000,0.000000
0.000000,200.000000,0.000000,0.000000,-2802.000000,0.000000,0.000000
-200.000000,100.000000,0.000000,0.000000,-2811.000000,0.000000,0.000000
200.000000,-100.000000,0.000000,0.000000,-2834.000000,196.000000,0.000000
-100.000000,-100.000000,0.000000,0.000000,-2828.000000,0.000000,0.000000
0.000000,-300.000000,0.000000,0.000000,-2825.000000,0.000000,0.000000
0.000000,-100.000000,0.000000,0.000000,-2831.000000,0.000000,0.000000
0.000000,100.000000,0.000000,0.000000,-2819.000000,0.000000,0.000000
0.000000,100.000000,0.000000,0.000000,-2832.000000,0.000000,0.000000
-200.000000,-100.000000,0.000000,0.000000,-2821.000000,0.000000,0.000000
0.000000,-200.000000,0.000000,0.000000,-2834.000000,0.000000,0.000000
0.000000,100.000000,0.000000,0.000000,-2886.000000,0.000000,0.000000
0.000000,0.000000,0.000000,0.000000,-2858.000000,0.000000,0.000000
-200.000000,100.000000,0.000000,0.000000,-2869.000000,0.000000,0.000000
-200.000000,-300.000000,0.000000,0.000000,-2846.000000,0.000000,0.000000
-200.000000,100.000000,0.000000,0.000000,-2862.000000,0.000000,0.000000
-100.000000,-400.000000,0.000000,0.000000,-2853.000000,0.000000,0.000000
-200.000000,-100.000000,78.000000,78.000000,-2849.000000,0.000000,0.000000
-100.000000,-200.000000,0.000000,0.000000,-2821.000000,0.000000,0.000000
0.000000,-200.000000,0.000000,0.000000,-2834.000000,0.000000,0.000000
-100.000000,-400.000000,0.000000,0.000000,-2814.000000,0.000000,0.000000
0.000000,-400.000000,0.000000,0.000000,-2802.000000,0.000000,0.000000
0.000000,200.000000,0.000000,0.000000,-2809.000000,0.000000,196.000000
100.000000,-200.000000,0.000000,0.000000,-2820.000000,0.000000,0.000000
-100.000000,0.000000,0.000000,0.000000,-2817.000000,0.000000,0.000000
0.000000,0.000000,0.000000,0.000000,-2832.000000,0.000000,0.000000
-100.000000,0.000000,0.000000,0.000000,-2862.000000,0.000000,0.000000
0.000000,100.000000,0.000000,0.000000,-2867.000000,0.000000,0.000000
-200.000000,200.000000,0.000000,0.000000,-2851.000000,0.000000,0.000000
-100.000000,-200.000000,0.000000,0.000000,-2862.000000,0.000000,0.000000
-200.000000,-100.000000,0.000000,0.000000,-2825.000000,0.000000,0.000000
-200.000000,100.000000,0.000000,0.000000,-2799.000000,0.000000,0.000000
-100.000000,-100.000000,0.000000,0.000000,-2796.000000,0.000000,0.000000
-100.000000,100.000000,0.000000,0.000000,-2792.000000,0.000000,0.000000
-200.000000,-200.000000,0.000000,0.000000,-2796.000000,0.000000,0.000000
0.000000,0.000000,0.000000,0.000000,-2808.000000,0.000000,0.000000
-200.000000,0.000000,0.000000,0.000000,-2840.000000,0.000000,0.000000
0.000000,0.000000,0.000000,0.000000,-2841.000000,0.000000,0.000000
0.000000,-200.000000,0.000000,0.000000,-2851.000000,0.000000,0.000000
100.000000,0.000000,0.000000,0.000000,-2824.000000,0.000000,0.000000
-200.000000,0.000000,0.000000,0.000000,-2812.000000,0.000000,0.000000
-100.000000,0.000000,0.000000,0.000000,-2788.000000,0.000000,0.000000
0.000000,0.000000,0.000000,0.000000,-2817.000000,0.000000,0.000000
-100.000000,-100.000000,0.000000,0.000000,-2827.000000,0.000000,0.000000
0.000000,0.000000,0.000000,0.000000,-2834.000000,0.000000,0.000000
-100.000000,-100.000000,0.000000,0.000000,-2807.000000,0.000000,-196.000000
-100.000000,0.000000,0.000000,0.000000,-2790.000000,0.000000,0.000000
-200.000000,-200.000000,0.000000,0.000000,-2789.000000,0.000000,0.000000
-200.000000,200.000000,0.000000,0.000000,-2776.000000,0.000000,0.000000
0.000000,0.000000,0.000000,0.000000,-2766.000000,0.000000,0.000000
0.000000,0.000000,78.000000,78.000000,-2756.000000,0.000000,0.000000
-300.000000,100.000000,0.000000,0.000000,-2731.000000,0.000000,0.000000
-100.000000,0.000000,20000.000000,20000.000000,-2759.000000,0.000000,0.000000
19900.000000,14800.000000,20000.000000,20000.000000,-2682.000000,2552.000000,2945.000000
21500.000000,19500.000000,20000.000000,20000.000000,-2603.000000,5105.000000,4712.000000
21400.000000,19500.000000,20000.000000,20000.000000,-2720.000000,2748.000000,2552.000000
20300.000000,23600.000000,20000.000000,20000.000000,-2735.000000,-196.000000,0.000000
20000.000000,20100.000000,20000.000000,20000.000000,-3028.000000,-196.000000,-392.000000
19400.000000,20600.000000,20000.000000,20000.000000,-2870.000000,1767.000000,1178.000000
17300.000000,18000.000000,20000.000000,20000.000000,-2148.000000,3141.000000,2945.000000
17800.000000,20000.000000,20000.000000,20000.000000,-2060.000000,4516.000000,4123.000000
18600.000000,18800.000000,20000.000000,20000.000000,-2482.000000,4123.000000,4319.000000
18400.000000,18900.000000,20000.000000,20000.000000,-2734.000000,2748.000000,3141.000000
19300.000000,21600.000000,20000.000000,20000.000000,-2585.000000,2159.000000,1963.000000
17400.000000,21400.000000,20000.000000,20000.000000,-2330.000000,3337.000000,2945.000000
17500.000000,18000.000000,20000.000000,20000.000000,-2214.000000,5105.000000,4712.000000
19800.000000,18500.000000,20000.000000,20000.000000,-2350.000000,5694.000000,5694.000000
22300.000000,20200.000000,20000.000000,20000.000000,-2423.000000,5105.000000,5301.000000
18300.000000,18800.000000,20000.000000,20000.000000,-2294.000000,4319.000000,4319.000000
18200.000000,20300.000000,20000.000000,20000.000000,-2309.000000,4319.000000,3730.000000
18300.000000,21900.000000,20000.000000,20000.000000,-2316.000000,4712.000000,4319.000000
18600.000000,18100.000000,20000.000000,20000.000000,-2292.000000,5694.000000,5301.000000
18000.000000,18900.000000,20000.000000,20000.000000,-2155.000000,5694.000000,5694.000000
18200.000000,19400.000000,20000.000000,20000.000000,-2231.000000,5105.000000,4908.000000
21500.000000,19600.000000,20000.000000,20000.000000,-2360.000000,4908.000000,4516.000000
17900.000000,19200.000000,20000.000000,20000.000000,-2298.000000,5105.000000,4123.000000
20400.000000,20800.000000,20000.000000,20000.000000,-2160.000000,5694.000000,4908.000000
18100.000000,19600.000000,20000.000000,20000.000000,-2140.000000,5694.000000,5497.000000
20800.000000,18200.000000,20000.000000,20000.000000,-2131.000000,5105.000000,5497.000000
19500.000000,19300.000000,20000.000000,20000.000000,-2136.000000,4712.000000,5105.000000
21600.000000,18500.000000,20000.000000,20000.000000,-2084.000000,4908.000000,4908.000000
17600.000000,21800.000000,20000.000000,20000.000000,-2001.000000,5301.000000,5105.000000
20900.000000,20400.000000,20000.000000,20000.000000,-2030.000000,5890.000000,5301.000000
18400.000000,19500.000000,20000.000000,20000.000000,-2057.000000,5105.000000,4908.000000
22200.000000,19400.000000,20000.000000,20000.000000,-2011.000000,4319.000000,4123.000000
22100.000000,18500.000000,20000.000000,20000.000000,-2067.000000,4123.000000,3926.000000
21200.000000,17700.000000,20000.000000,20000.000000,-2055.000000,4516.000000,4123.000000
18800.000000,20400.000000,20000.000000,20000.000000,-2027.000000,4908.000000,4516.000000
17800.000000,19100.000000,20000.000000,20000.000000,-2067.000000,4908.000000,4516.000000
20100.000000,19700.000000,20000.000000,20000.000000,-2121.000000,4712.000000,4516.000000
21600.000000,21300.000000,20000.000000,20000.000000,-2018.000000,4123.000000,3730.000000
17900.000000,22400.000000,20000.000000,20000.000000,-2093.000000,3534.000000,3337.000000
19100.000000,20400.000000,20000.000000,20000.000000,-2127.000000,3730.000000,3337.000000
21600.000000,19100.000000,20000.000000,20000.000000,-2044.000000,4123.000000,3337.000000
18800.000000,20300.000000,20000.000000,20000.000000,-2062.000000,4123.000000,3730.000000
17700.000000,21000.000000,20000.000000,20000.000000,-2087.000000,3730.000000,3534.000000
20100.000000,18900.000000,20000.000000,20000.000000,-2128.000000,3730.000000,3337.000000
20200.000000,17900.000000,20000.000000,20000.000000,-2120.000000,3730.000000,2945.000000
17800.000000,18000.000000,20000.000000,20000.000000,-2051.000000,3730.000000,2748.000000
22200.000000,18500.000000,20000.000000,20000.000000,-2081.000000,3534.000000,2552.000000
18100.000000,21900.000000,20000.000000,20000.000000,-2106.000000,3534.000000,3337.000000
18100.000000,20500.000000,20000.000000,20000.000000,-2074.000000,3337.000000,3141.000000
21600.000000,17900.000000,20000.000000,20000.000000,-2095.000000,3337.000000,3141.000000
17700.000000,18400.000000,20000.000000,20000.000000,-2172.000000,3534.000000,2945.000000
19500.000000,22400.000000,20000.000000,20000.000000,-2095.000000,3730.000000,3141.000000
17600.000000,21900.000000,20000.000000,20000.000000,-2050.000000,3926.000000,3337.000000
19800.000000,21200.000000,20000.000000,20000.000000,-2092.000000,3926.000000,3730.000000
22300.000000,21500.000000,20000.000000,20000.000000,-2097.000000,4123.000000,3534.000000
21000.000000,22200.000000,20000.000000,20000.000000,-2192.000000,4123.000000,3730.000000
20200.000000,21800.000000,20000.000000,20000.000000,-2199.000000,3926.000000,4123.000000
21700.000000,22000.000000,20000.000000,20000.000000,-2179.000000,4123.000000,4319.000000
22000.000000,20000.000000,20000.000000,20000.000000,-2193.000000,4516.000000,4123.000000
19400.000000,18000.000000,20000.000000,20000.000000,-2265.000000,4908.000000,3534.000000
18100.000000,21800.000000,20000.000000,20000.000000,-2264.000000,5301.000000,3337.000000
18000.000000,18500.000000,20000.000000,20000.000000,-2224.000000,5694.000000,4319.000000
20200.000000,17700.000000,20000.000000,20000.000000,-2248.000000,5890.000000,5105.000000
21600.000000,18600.000000,20000.000000,20000.000000,-2236.000000,6086.000000,5694.000000
20200.000000,18300.000000,20000.000000,20000.000000,-2251.000000,5890.000000,6283.000000
20200.000000,18500.000000,20000.000000,20000.000000,-2281.000000,6479.000000,6283.000000
18700.000000,21600.000000,20000.000000,20000.000000,-2207.000000,7264.000000,6086.000000
18800.000000,18400.000000,20000.000000,20000.000000,-2222.000000,7853.000000,6086.000000
18500.000000,19800.000000,20000.000000,20000.000000,-2169.000000,8246.000000,6872.000000
18500.000000,20100.000000,20000.000000,20000.000000,-2184.000000,7657.000000,7853.000000
17800.000000,18800.000000,20000.000000,20000.000000,-2239.000000,7657.000000,8443.000000
19800.000000,18400.000000,20000.000000,20000.000000,-2168.000000,8246.000000,8246.000000
20300.000000,20700.000000,20000.000000,20000.000000,-2270.000000,9621.000000,7853.000000
18500.000000,21700.000000,20000.000000,20000.000000,-2271.000000,10013.000000,8443.000000
18400.000000,21600.000000,20000.000000,20000.000000,-2083.000000,9621.000000,9817.000000
18300.000000,19100.000000,20000.000000,20000.000000,-2136.000000,9621.000000,14333.000000
18900.000000,18300.000000,20000.000000,20000.000000,-2193.000000,10013.000000,9817.000000
19200.000000,20800.000000,20000.000000,20000.000000,-2147.000000,10799.000000,9424.000000
21900.000000,18600.000000,20000.000000,20000.000000,-2016.000000,11388.000000,9621.000000
20500.000000,18900.000000,20000.000000,20000.000000,-2242.000000,11584.000000,9621.000000
20900.000000,19200.000000,20000.000000,20000.000000,-2311.000000,11191.000000,9817.000000
18200.000000,20200.000000,20000.000000,20000.000000,-2152.000000,11388.000000,10799.000000
20600.000000,19600.000000,20000.000000,20000.000000,-2247.000000,11977.000000,10995.000000
19600.000000,21800.000000,20000.000000,20000.000000,-2229.000000,12370.000000,10995.000000
21200.000000,18600.000000,20000.000000,20000.000000,-2074.000000,12566.000000,11191.000000
18000.000000,19200.000000,20000.000000,20000.000000,-2013.000000,12762.000000,10995.000000
18300.000000,20900.000000,20000.000000,20000.000000,-2040.000000,12762.000000,12370.000000
18100.000000,18700.000000,20000.000000,20000.000000,-1931.000000,12762.000000,12370.000000
19800.000000,21600.000000,20000.000000,20000.000000,-1942.000000,13351.000000,11780.000000
19200.000000,19100.000000,20000.000000,20000.000000,-2082.000000,13548.000000,10602.000000
18000.000000,18700.000000,20000.000000,20000.000000,-2009.000000,13548.000000,11780.000000
18200.000000,19600.000000,20000.000000,20000.000000,-1800.000000,13351.000000,12762.000000
21500.000000,19600.000000,20000.000000,20000.000000,-1966.000000,13351.000000,12959.000000
18600.000000,18200.000000,20000.000000,20000.000000,-1867.000000,13940.000000,11584.000000
21000.000000,18400.000000,20000.000000,20000.000000,-1851.000000,14137.000000,11584.000000
21300.000000,18900.000000,20000.000000,20000.000000,-1888.000000,14137.000000,12370.000000
20900.000000,18700.000000,20000.000000,20000.000000,-1838.000000,13940.000000,12566.000000
18600.000000,18500.000000,20000.000000,20000.000000,-1695.000000,13351.000000,12959.000000
18700.000000,20000.000000,20000.000000,20000.000000,-1599.000000,13548.000000,13155.000000
19300.000000,-100.000000,0.000000,0.000000,-1600.000000,12762.000000,12566.000000
0.000000,-100.000000,0.000000,0.000000,-1565.000000,9817.000000,8639.000000
0.000000,200.000000,0.000000,0.000000,-1553.000000,9228.000000,7853.000000
-100.000000,0.000000,0.000000,0.000000,-1157.000000,8639.000000,7657.000000
0.000000,0.000000,0.000000,0.000000,-1046.000000,8443.000000,12370.000000
100.000000,-100.000000,0.000000,0.000000,-1147.000000,8835.000000,11388.000000
0.000000,0.000000,0.000000,0.000000,-1183.000000,9817.000000,12370.000000
0.000000,0.000000,0.000000,0.000000,-1135.000000,11191.000000,11780.000000
100.000000,-100.000000,0.000000,0.000000,-1276.000000,11191.000000,10013.000000
0.000000,200.000000,0.000000,0.000000,-1018.000000,11388.000000,9032.000000
-100.000000,-100.000000,0.000000,0.000000,-1221.000000,11191.000000,7068.000000
-100.000000,0.000000,0.000000,0.000000,-1371.000000,10406.000000,5890.000000
0.000000,-100.000000,0.000000,0.000000,-1268.000000,10406.000000,5497.000000
-100.000000,0.000000,0.000000,0.000000,-1199.000000,9032.000000,4712.000000
0.000000,200.000000,0.000000,0.000000,-999.000000,7264.000000,4908.000000
0.000000,0.000000,0.000000,0.000000,-913.000000,6086.000000,5301.000000
0.000000,0.000000,0.000000,0.000000,-1138.000000,6283.000000,6872.000000
0.000000,0.000000,0.000000,0.000000,-927.000000,5497.000000,6675.000000
-200.000000,0.000000,0.000000,0.000000,-781.000000,5105.000000,6872.000000
-100.000000,0.000000,0.000000,0.000000,-786.000000,5301.000000,7264.000000
100.000000,0.000000,0.000000,0.000000,-1009.000000,5301.000000,6479.000000
0.000000,300.000000,0.000000,0.000000,-896.000000,5105.000000,5890.000000
0.000000,-200.000000,0.000000,0.000000,-974.000000,5497.000000,4712.000000
0.000000,200.000000,0.000000,0.000000,-1118.000000,6675.000000,4516.000000
300.000000,-100.000000,0.000000,0.000000,-1025.000000,7657.000000,3926.000000
0.000000,0.000000,0.000000,0.000000,-939.000000,7853.000000,3141.000000
0.000000,0.000000,0.000000,0.000000,-1223.000000,7853.000000,3926.000000
100.000000,200.000000,0.000000,0.000000,-1055.000000,7657.000000,4123.000000
-100.000000,300.000000,0.000000,0.000000,-761.000000,7264.000000,6872.000000
0.000000,0.000000,0.000000,0.000000,-1124.000000,7264.000000,8050.000000
0.000000,0.000000,0.000000,0.000000,-1243.000000,6872.000000,7657.000000
200.000000,200.000000,0.000000,0.000000,-1137.000000,6872.000000,7461.000000
0.000000,0.000000,0.000000,0.000000,-1318.000000,6872.000000,7461.000000
100.000000,0.000000,0.000000,0.000000,-1412.000000,7853.000000,6086.000000
0.000000,-100.000000,0.000000,0.000000,-1829.000000,9228.000000,5497.000000
0.000000,-100.000000,0.000000,0.000000,-1958.000000,10013.000000,6479.000000
0.000000,200.000000,0.000000,0.000000,-1796.000000,10210.000000,7068.000000
-100.000000,0.000000,0.000000,0.000000,-1705.000000,10013.000000,8835.000000
100.000000,0.000000,0.000000,0.000000,-1865.000000,9817.000000,10406.000000
0.000000,-100.000000,0.000000,0.000000,-1939.000000,10210.000000,10799.000000
0.000000,-100.000000,0.000000,0.000000,-2054.000000,10995.000000,10406.000000
-200.000000,-100.000000,0.000000,0.000000,-2096.000000,11977.000000,10406.000000
-100.000000,-100.000000,0.000000,0.000000,-2184.000000,12566.000000,10013.000000
0.000000,100.000000,0.000000,0.000000,-2378.000000,12566.000000,9817.000000
-100.000000,0.000000,0.000000,0.000000,-2151.000000,12762.000000,10406.000000
-100.000000,0.000000,0.000000,0.000000,-2090.000000,12762.000000,15904.000000
-200.000000,0.000000,0.000000,0.000000,-2279.000000,13155.000000,12762.000000
-200.000000,0.000000,0.000000,0.000000,-2302.000000,13744.000000,13155.000000
0.000000,-200.000000,0.000000,0.000000,-2152.000000,14529.000000,12173.000000
-100.000000,0.000000,0.000000,0.000000,-2036.000000,14922.000000,11191.000000
0.000000,0.000000,0.000000,0.000000,-2116.000000,15315.000000,11388.000000
-100.000000,100.000000,0.000000,0.000000,-2061.000000,14922.000000,11977.000000
-100.000000,0.000000,0.000000,0.000000,-1747.000000,14922.000000,12566.000000
0.000000,100.000000,0.000000,0.000000,-1787.000000,14922.000000,13351.000000
100.000000,-200.000000,0.000000,0.000000,-1738.000000,15315.000000,13744.000000
-100.000000,0.000000,0.000000,0.000000,-1630.000000,15904.000000,14137.000000
-100.000000,0.000000,0.000000,0.000000,-1602.000000,15904.000000,13940.000000
-200.000000,-100.000000,0.000000,0.000000,-1733.000000,15904.000000,11977.000000
0.000000,200.000000,0.000000,0.000000,-1698.000000,15904.000000,12762.000000
-100.000000,0.000000,0.000000,0.000000,-1470.000000,15511.000000,12959.000000
0.000000,0.000000,0.000000,0.000000,-1485.000000,15118.000000,12762.000000
-100.000000,100.000000,0.000000,0.000000,-1611.000000,15118.000000,11977.000000
100.000000,300.000000,0.000000,0.000000,-1455.000000,14922.000000,12959.000000
-100.000000,0.000000,0.000000,0.000000,-1363.000000,14726.000000,13548.000000
0.000000,300.000000,0.000000,0.000000,-1475.000000,14529.000000,13155.000000
100.000000,-200.000000,0.000000,0.000000,-1273.000000,14333.000000,13155.000000
0.000000,0.000000,0.000000,0.000000,-1162.000000,14137.000000,12566.000000
-100.000000,0.000000,0.000000,0.000000,-1139.000000,13744.000000,12173.000000
0.000000,0.000000,0.000000,0.000000,-1188.000000,13744.000000,12173.000000
-100.000000,-100.000000,0.000000,0.000000,-1020.000000,13548.000000,11191.000000
0.000000,0.000000,0.000000,0.000000,-1049.000000,13744.000000,11388.000000
-100.000000,0.000000,0.000000,0.000000,-1066.000000,12959.000000,11388.000000
0.000000,-100.000000,0.000000,0.000000,-771.000000,12566.000000,10210.000000
0.000000,-100.000000,0.000000,0.000000,-817.000000,11584.000000,9817.000000
100.000000,200.000000,0.000000,0.000000,-695.000000,10406.000000,9424.000000
-200.000000,0.000000,0.000000,0.000000,-606.000000,10013.000000,8443.000000
0.000000,100.000000,0.000000,0.000000,-483.000000,9621.000000,7853.000000
0.000000,0.000000,0.000000,0.000000,-449.000000,9621.000000,8639.000000
-200.000000,0.000000,0.000000,0.000000,-512.000000,9032.000000,8246.000000
0.000000,0.000000,0.000000,0.000000,-445.000000,9032.000000,7657.000000
0.000000,100.000000,0.000000,0.000000,-312.000000,9032.000000,7068.000000
100.000000,0.000000,0.000000,0.000000,-483.000000,8639.000000,6283.000000
100.000000,200.000000,0.000000,0.000000,-445.000000,8050.000000,5694.000000
200.000000,-100.000000,0.000000,0.000000,-407.000000,8050.000000,5301.000000
0.000000,100.000000,0.000000,0.000000,-444.000000,7657.000000,5105.000000
-200.000000,0.000000,0.000000,0.000000,-491.000000,7068.000000,4516.000000
-100.000000,-100.000000,0.000000,0.000000,-315.000000,6479.000000,4516.000000
-100.000000,-200.000000,0.000000,0.000000,-398.000000,5890.000000,4319.000000
100.000000,-200.000000,0.000000,0.000000,-521.000000,5890.000000,3926.000000
200.000000,200.000000,0.000000,0.000000,-580.000000,5497.000000,3926.000000
300.000000,-100.000000,0.000000,0.000000,-536.000000,5497.000000,3926.000000
-200.000000,100.000000,0.000000,0.000000,-539.000000,5105.000000,4319.000000
0.000000,300.000000,0.000000,0.000000,-499.000000,4908.000000,3926.000000
-200.000000,-200.000000,0.000000,0.000000,-443.000000,4908.000000,3337.000000
-100.000000,0.000000,0.000000,0.000000,-555.000000,4712.000000,3337.000000
-400.000000,-200.000000,0.000000,0.000000,-641.000000,5105.000000,3926.000000
-200.000000,300.000000,0.000000,0.000000,-648.000000,5694.000000,3730.000000
0.000000,-100.000000,0.000000,0.000000,-579.000000,5890.000000,3730.000000
-100.000000,0.000000,0.000000,0.000000,-733.000000,6086.000000,3730.000000
-100.000000,0.000000,0.000000,0.000000,-711.000000,6086.000000,3730.000000
-100.000000,0.000000,0.000000,0.000000,-686.000000,6086.000000,4123.000000
0.000000,-100.000000,0.000000,0.000000,-817.000000,5890.000000,4516.000000
0.000000,-100.000000,0.000000,0.000000,-832.000000,6086.000000,4908.000000
-100.000000,-200.000000,0.000000,0.000000,-767.000000,6479.000000,4908.000000
0.000000,300.000000,0.000000,0.000000,-870.000000,6872.000000,5105.000000
0.000000,100.000000,0.000000,0.000000,-991.000000,7657.000000,4319.000000
0.000000,-100.000000,0.000000,0.000000,-1136.000000,7853.000000,4712.000000
0.000000,-800.000000,156.000000,156.000000,-1049.000000,7853.000000,5497.000000
-200.000000,100.000000,0.000000,0.000000,-1149.000000,7853.000000,6283.000000
0.000000,0.000000,0.000000,0.000000,-1435.000000,8246.000000,6675.000000
0.000000,-200.000000,0.000000,0.000000,-1320.000000,8835.000000,7264.000000
-100.000000,0.000000,0.000000,0.000000,-1389.000000,9424.000000,7461.000000
-100.000000,0.000000,0.000000,0.000000,-1436.000000,9621.000000,7264.000000
100.000000,-300.000000,0.000000,0.000000,-1561.000000,9817.000000,7264.000000
0.000000,0.000000,0.000000,0.000000,-1501.000000,10210.000000,7853.000000
-100.000000,0.000000,0.000000,0.000000,-1566.000000,10406.000000,8639.000000
100.000000,100.000000,0.000000,0.000000,-1722.000000,10602.000000,8835.000000
-100.000000,0.000000,0.000000,0.000000,-1680.000000,11388.000000,9032.000000
-100.000000,0.000000,0.000000,0.000000,-1723.000000,11584.000000,8835.000000
-200.000000,100.000000,0.000000,0.000000,-1760.000000,11977.000000,8835.000000
0.000000,0.000000,0.000000,0.000000,-1721.000000,11977.000000,9424.000000
0.000000,0.000000,0.000000,0.000000,-1720.000000,12173.000000,10210.000000
0.000000,0.000000,0.000000,0.000000,-1688.000000,12173.000000,10210.000000
100.000000,100.000000,0.000000,0.000000,-1791.000000,12566.000000,10210.000000
-100.000000,0.000000,0.000000,0.000000,-1671.000000,12762.000000,10013.000000
0.000000,400.000000,0.000000,0.000000,-1616.000000,13155.000000,9817.000000
-100.000000,-100.000000,0.000000,0.000000,-1628.000000,12959.000000,9228.000000
-100.000000,0.000000,0.000000,0.000000,-1633.000000,12762.000000,11191.000000
-200.000000,0.000000,0.000000,0.000000,-1646.000000,12959.000000,11388.000000
0.000000,-100.000000,0.000000,0.000000,-1627.000000,12959.000000,10995.000000
700.000000,-500.000000,78.000000,78.000000,-1608.000000,12959.000000,10995.000000
-200.000000,-100.000000,0.000000,0.000000,-1493.000000,13155.000000,10602.000000
-100.000000,0.000000,0.000000,0.000000,-1459.000000,13155.000000,10602.000000
-100.000000,-100.000000,156.000000,156.000000,-1479.000000,12959.000000,10602.000000
0.000000,200.000000,0.000000,0.000000,-1436.000000,12959.000000,10799.000000
0.000000,100.000000,0.000000,0.000000,-1453.000000,12762.000000,13940.000000
-100.000000,0.000000,0.000000,0.000000,-1431.000000,12762.000000,10406.000000
-100.000000,100.000000,0.000000,0.000000,-1310.000000,12566.000000,10013.000000
-200.000000,0.000000,0.000000,0.000000,-1320.000000,12566.000000,9621.000000
-200.000000,100.000000,0.000000,0.000000,-1282.000000,12370.000000,7853.000000
-100.000000,0.000000,0.000000,0.000000,-1176.000000,12173.000000,8050.000000
-200.000000,-100.000000,0.000000,0.000000,-1109.000000,11977.000000,8639.000000
-100.000000,200.000000,0.000000,0.000000,-877.000000,11584.000000,8835.000000
-100.000000,-200.000000,0.000000,0.000000,-894.000000,11780.000000,8246.000000
-100.000000,0.000000,0.000000,0.000000,-693.000000,11191.000000,7657.000000
200.000000,0.000000,0.000000,0.000000,-414.000000,11191.000000,7461.000000
-100.000000,0.000000,0.000000,0.000000,-260.000000,11388.000000,7657.000000
0.000000,-100.000000,78.000000,78.000000,-227.000000,10602.000000,6872.000000
0.000000,-200.000000,0.000000,0.000000,-89.000000,10406.000000,6479.000000
-100.000000,-300.000000,0.000000,0.000000,7.000000,10210.000000,6283.000000
0.000000,-200.000000,0.000000,0.000000,59.000000,9032.000000,6086.000000
-300.000000,1200.000000,78.000000,78.000000,277.000000,7853.000000,5890.000000
100.000000,-100.000000,0.000000,0.000000,171.000000,7068.000000,5694.000000
-100.000000,0.000000,0.000000,0.000000,165.000000,6675.000000,5301.000000
100.000000,0.000000,0.000000,0.000000,166.000000,6872.000000,4516.000000
100.000000,-100.000000,0.000000,0.000000,144.000000,6283.000000,3926.000000
0.000000,-100.000000,0.000000,0.000000,117.000000,5890.000000,4319.000000
0.000000,-500.000000,78.000000,78.000000,95.000000,5694.000000,4123.000000
0.000000,0.000000,0.000000,0.000000,158.000000,5890.000000,3926.000000
0.000000,200.000000,0.000000,0.000000,92.000000,5497.000000,3534.000000
0.000000,200.000000,0.000000,0.000000,128.000000,5105.000000,3337.000000
-100.000000,100.000000,0.000000,0.000000,142.000000,5105.000000,3141.000000
0.000000,0.000000,0.000000,0.000000,163.000000,4712.000000,2748.000000
0.000000,0.000000,0.000000,0.000000,12.000000,4712.000000,2748.000000
-100.000000,0.000000,0.000000,0.000000,57.000000,4319.000000,2552.000000
0.000000,300.000000,0.000000,0.000000,83.000000,4319.000000,2356.000000
100.000000,-100.000000,0.000000,0.000000,146.000000,4123.000000,2748.000000
100.000000,-200.000000,0.000000,0.000000,3.000000,3926.000000,2748.000000
-100.000000,100.000000,0.000000,0.000000,-54.000000,3926.000000,2945.000000
0.000000,-100.000000,78.000000,78.000000,-68.000000,4123.000000,2945.000000
100.000000,-200.000000,0.000000,0.000000,-151.000000,5105.000000,2748.000000
0.000000,-100.000000,0.000000,0.000000,-232.000000,6086.000000,2945.000000
100.000000,-100.000000,0.000000,0.000000,-150.000000,6283.000000,2748.000000
-200.000000,-100.000000,0.000000,0.000000,-156.000000,6283.000000,2552.000000
200.000000,400.000000,0.000000,0.000000,-309.000000,6086.000000,2748.000000
0.000000,0.000000,0.000000,0.000000,-309.000000,6086.000000,3141.000000
0.000000,-200.000000,0.000000,0.000000,-360.000000,5694.000000,3141.000000
0.000000,-200.000000,0.000000,0.000000,-489.000000,5694.000000,3730.000000
-100.000000,0.000000,0.000000,0.000000,-711.000000,5497.000000,3730.000000
0.000000,0.000000,0.000000,0.000000,-800.000000,5301.000000,3926.000000
-100.000000,0.000000,0.000000,0.000000,-776.000000,5497.000000,3730.000000
0.000000,0.000000,0.000000,0.000000,-811.000000,6283.000000,4319.000000
100.000000,0.000000,0.000000,0.000000,-990.000000,7657.000000,4908.000000
0.000000,-200.000000,0.000000,0.000000,-1084.000000,8246.000000,5301.000000
0.000000,-200.000000,0.000000,0.000000,-1234.000000,8246.000000,5497.000000
0.000000,0.000000,0.000000,0.000000,-1250.000000,8246.000000,5301.000000
0.000000,200.000000,0.000000,0.000000,-1366.000000,7853.000000,5105.000000
0.000000,0.000000,156.000000,156.000000,-1470.000000,7657.000000,5497.000000
0.000000,-100.000000,0.000000,0.000000,-1389.000000,7853.000000,5694.000000
0.000000,0.000000,0.000000,0.000000,-1448.000000,7461.000000,6479.000000
100.000000,0.000000,0.000000,0.000000,-1608.000000,7853.000000,7068.000000
200.000000,-200.000000,0.000000,0.000000,-1696.000000,8835.000000,7264.000000
-200.000000,0.000000,0.000000,0.000000,-1794.000000,9817.000000,7068.000000
100.000000,100.000000,0.000000,0.000000,-1841.000000,10210.000000,9228.000000
0.000000,0.000000,0.000000,0.000000,-1928.000000,10013.000000,6479.000000
0.000000,-100.000000,0.000000,0.000000,-1904.000000,10013.000000,7068.000000
-100.000000,-100.000000,0.000000,0.000000,-1980.000000,9621.000000,7461.000000
-100.000000,-200.000000,0.000000,0.000000,-2030.000000,9424.000000,7853.000000
0.000000,0.000000,0.000000,0.000000,-2116.000000,9424.000000,7853.000000
0.000000,0.000000,0.000000,0.000000,-2164.000000,9032.000000,7461.000000
0.000000,-100.000000,0.000000,0.000000,-2202.000000,9032.000000,6283.000000
-200.000000,100.000000,0.000000,0.000000,-2247.000000,9228.000000,6675.000000
0.000000,-100.000000,0.000000,0.000000,-2253.000000,9817.000000,7657.000000
300.000000,0.000000,0.000000,0.000000,-2094.000000,10406.000000,7657.000000
-100.000000,-100.000000,0.000000,0.000000,-2141.000000,10210.000000,8050.000000
0.000000,-200.000000,0.000000,0.000000,-2118.000000,10406.000000,7853.000000
-200.000000,0.000000,0.000000,0.000000,-2024.000000,10013.000000,7853.000000
-100.000000,-300.000000,0.000000,0.000000,-2058.000000,9817.000000,7657.000000
-100.000000,200.000000,0.000000,0.000000,-2002.000000,9817.000000,7461.000000
0.000000,-200.000000,0.000000,0.000000,-1887.000000,9228.000000,7264.000000
0.000000,0.000000,0.000000,0.000000,-1857.000000,9424.000000,7068.000000
0.000000,0.000000,0.000000,0.000000,-1873.000000,9032.000000,7068.000000
0.000000,-100.000000,0.000000,0.000000,-1774.000000,9032.000000,6872.000000
200.000000,0.000000,0.000000,0.000000,-1681.000000,8639.000000,6872.000000
100.000000,0.000000,0.000000,0.000000,-1645.000000,8246.000000,6086.000000
-300.000000,-200.000000,0.000000,0.000000,-1644.000000,8443.000000,5694.000000
-200.000000,-200.000000,0.000000,0.000000,-1542.000000,8246.000000,6283.000000
0.000000,0.000000,0.000000,0.000000,-1455.000000,7853.000000,6086.000000
0.000000,-100.000000,0.000000,0.000000,-1493.000000,7657.000000,5694.000000
0.000000,-200.000000,0.000000,0.000000,-1357.000000,7461.000000,5497.000000
-100.000000,0.000000,0.000000,0.000000,-1355.000000,7461.000000,5105.000000
0.000000,-200.000000,0.000000,0.000000,-1399.000000,7264.000000,4908.000000
-100.000000,-300.000000,0.000000,0.000000,-1301.000000,6872.000000,4712.000000
100.000000,0.000000,0.000000,0.000000,-1179.000000,6479.000000,4516.000000
-200.000000,100.000000,0.000000,0.000000,-1167.000000,6479.000000,4319.000000
0.000000,-200.000000,0.000000,0.000000,-1123.000000,6283.000000,3926.000000
0.000000,0.000000,0.000000,0.000000,-1095.000000,6283.000000,3534.000000
-100.000000,-200.000000,0.000000,0.000000,-1113.000000,5694.000000,3141.000000
0.000000,0.000000,0.000000,0.000000,-1077.000000,5497.000000,2748.000000
0.000000,0.000000,0.000000,0.000000,-1073.000000,5497.000000,3337.000000
0.000000,100.000000,0.000000,0.000000,-1026.000000,5105.000000,3337.000000
-100.000000,100.000000,0.000000,0.000000,-1002.000000,5301.000000,3141.000000
0.000000,-100.000000,0.000000,0.000000,-1121.000000,4908.000000,3141.000000
-100.000000,100.000000,0.000000,0.000000,-1072.000000,4712.000000,3141.000000
300.000000,-200.000000,0.000000,0.000000,-1028.000000,4516.000000,2945.000000
200.000000,-300.000000,0.000000,0.000000,-1111.000000,4516.000000,2748.000000
100.000000,-300.000000,0.000000,0.000000,-1151.000000,4319.000000,2945.000000
-200.000000,-100.000000,0.000000,0.000000,-1282.000000,4516.000000,2945.000000
0.000000,-200.000000,0.000000,0.000000,-1336.000000,4908.000000,3141.000000
-100.000000,100.000000,0.000000,0.000000,-1311.000000,5497.000000,3141.000000
100.000000,-100.000000,0.000000,0.000000,-1363.000000,5497.000000,2945.000000
0.000000,0.000000,0.000000,0.000000,-1312.000000,5301.000000,2945.000000
-200.000000,-200.000000,0.000000,0.000000,-1398.000000,5497.000000,2945.000000
0.000000,-300.000000,0.000000,0.000000,-1531.000000,5301.000000,2748.000000
0.000000,-200.000000,0.000000,0.000000,-1609.000000,5301.000000,2552.000000
-200.000000,-100.000000,0.000000,0.000000,-1673.000000,5497.000000,2748.000000
-100.000000,0.000000,0.000000,0.000000,-1658.000000,5694.000000,2552.000000
-200.000000,100.000000,0.000000,0.000000,-1661.000000,5890.000000,2748.000000
-100.000000,400.000000,0.000000,0.000000,-2084.000000,5890.000000,2159.000000
0.000000,-300.000000,0.000000,0.000000,-2156.000000,6479.000000,2356.000000
-200.000000,-600.000000,156.000000,156.000000,-1585.000000,6086.000000,1963.000000
-400.000000,200.000000,0.000000,0.000000,-2009.000000,5890.000000,1570.000000
0.000000,0.000000,0.000000,0.000000,-2118.000000,5890.000000,1767.000000
0.000000,400.000000,0.000000,0.000000,-1445.000000,5301.000000,1570.000000
-200.000000,200.000000,0.000000,0.000000,-1258.000000,4319.000000,1374.000000
-200.000000,300.000000,0.000000,0.000000,-1843.000000,2159.000000,1374.000000
100.000000,0.000000,0.000000,0.000000,-1427.000000,392.000000,1570.000000
0.000000,-300.000000,0.000000,0.000000,-682.000000,-196.000000,2552.000000
0.000000,300.000000,0.000000,0.000000,-777.000000,0.000000,2945.000000
0.000000,0.000000,0.000000,0.000000,-895.000000,196.000000,2945.000000
-200.000000,0.000000,0.000000,0.000000,-519.000000,-196.000000,2945.000000
0.000000,0.000000,0.000000,0.000000,-387.000000,-785.000000,2356.000000
0.000000,-300.000000,0.000000,0.000000,-441.000000,-1570.000000,3926.000000
0.000000,0.000000,0.000000,0.000000,-429.000000,-2356.000000,1570.000000
0.000000,0.000000,0.000000,0.000000,-698.000000,-2356.000000,981.000000
0.000000,0.000000,0.000000,0.000000,-919.000000,-2748.000000,0.000000
-100.000000,0.000000,0.000000,0.000000,-1041.000000,-2552.000000,-981.000000
0.000000,-300.000000,0.000000,0.000000,-1367.000000,-2552.000000,-785.000000
100.000000,-100.000000,0.000000,0.000000,-1618.000000,-2552.000000,-981.000000
100.000000,1200.000000,156.000000,156.000000,-1759.000000,-2552.000000,-1178.000000
0.000000,200.000000,0.000000,0.000000,-1786.000000,-2945.000000,-981.000000
-100.000000,100.000000,0.000000,0.000000,-2172.000000,-2748.000000,-1178.000000
-200.000000,0.000000,0.000000,0.000000,-2348.000000,-2945.000000,-1570.000000
0.000000,-100.000000,0.000000,0.000000,-2288.000000,-2748.000000,-2159.000000
0.000000,200.000000,0.000000,0.000000,-2199.000000,-2748.000000,-2356.000000
-100.000000,100.000000,0.000000,0.000000,-2194.000000,-2748.000000,-2356.000000
0.000000,-200.000000,0.000000,0.000000,-2217.000000,-2748.000000,-2356.000000
-200.000000,-100.000000,0.000000,0.000000,-2177.000000,-2552.000000,-2159.000000
0.000000,-100.000000,0.000000,0.000000,-2070.000000,-2552.000000,-1963.000000
0.000000,0.000000,0.000000,0.000000,-1886.000000,-2552.000000,-1767.000000
0.000000,-100.000000,0.000000,0.000000,-1833.000000,-2356.000000,-1570.000000
0.000000,-200.000000,0.000000,0.000000,-1825.000000,-2356.000000,-1178.000000
0.000000,0.000000,0.000000,0.000000,-1911.000000,-1963.000000,-1374.000000
-200.000000,200.000000,78.000000,78.000000,-1863.000000,-1963.000000,-1570.000000
-100.000000,100.000000,0.000000,0.000000,-1859.000000,-1963.000000,-1767.000000
100.000000,-100.000000,0.000000,0.000000,-1987.000000,-1767.000000,-1767.000000
0.000000,100.000000,0.000000,0.000000,-2140.000000,-1570.000000,-1570.000000
100.000000,-100.000000,0.000000,0.000000,-2227.000000,-1374.000000,-1570.000000
100.000000,0.000000,0.000000,0.000000,-2286.000000,-981.000000,-1374.000000
100.000000,-200.000000,0.000000,0.000000,-2376.000000,-981.000000,-1374.000000
100.000000,-300.000000,0.000000,0.000000,-2492.000000,-981.000000,-1178.000000
-100.000000,0.000000,0.000000,0.000000,-2549.000000,-981.000000,-1374.000000
100.000000,0.000000,0.000000,0.000000,-2567.000000,-589.000000,-1374.000000
0.000000,0.000000,0.000000,0.000000,-2603.000000,-589.000000,-1374.000000
200.000000,0.000000,0.000000,0.000000,-2643.000000,-785.000000,-1374.000000
0.000000,100.000000,0.000000,0.000000,-2598.000000,-785.000000,-1374.000000
-200.000000,100.000000,0.000000,0.000000,-2577.000000,-785.000000,-1374.000000
0.000000,100.000000,0.000000,0.000000,-2501.000000,-785.000000,-1178.000000
0.000000,-100.000000,0.000000,0.000000,-2508.000000,-785.000000,-981.000000
0.000000,100.000000,78.000000,78.000000,-2430.000000,-589.000000,-981.000000
0.000000,0.000000,0.000000,0.000000,-2447.000000,-589.000000,-981.000000
0.000000,-100.000000,0.000000,0.000000,-2488.000000,-392.000000,-981.000000
300.000000,0.000000,0.000000,0.000000,-2529.000000,-392.000000,-785.000000
100.000000,0.000000,0.000000,0.000000,-2526.000000,-589.000000,-785.000000
400.000000,0.000000,0.000000,0.000000,-2589.000000,-589.000000,-981.000000
300.000000,-100.000000,0.000000,0.000000,-2676.000000,-392.000000,-785.000000
0.000000,200.000000,0.000000,0.000000,-2697.000000,-589.000000,-589.000000
-200.000000,200.000000,0.000000,0.000000,-2745.000000,-392.000000,-589.000000
100.000000,200.000000,0.000000,0.000000,-2816.000000,-196.000000,-589.000000
300.000000,0.000000,0.000000,0.000000,-2870.000000,-196.000000,-785.000000
0.000000,0.000000,0.000000,0.000000,-2885.000000,-392.000000,-589.000000
200.000000,0.000000,0.000000,0.000000,-2890.000000,-392.000000,-785.000000
0.000000,100.000000,0.000000,0.000000,-2931.000000,-589.000000,-785.000000
400.000000,-100.000000,0.000000,0.000000,-2969.000000,-589.000000,-785.000000
200.000000,-100.000000,0.000000,0.000000,-2973.000000,-589.000000,-981.000000
300.000000,100.000000,0.000000,0.000000,-2987.000000,-785.000000,-981.000000
200.000000,0.000000,0.000000,0.000000,-3017.000000,-589.000000,-981.000000
200.000000,100.000000,0.000000,0.000000,-2996.000000,-589.000000,-981.000000
200.000000,100.000000,0.000000,0.000000,-2962.000000,-785.000000,-1178.000000
0.000000,0.000000,0.000000,0.000000,-2985.000000,-785.000000,-1178.000000
100.000000,200.000000,0.000000,0.000000,-2989.000000,-981.000000,-1178.000000
300.000000,0.000000,0.000000,0.000000,-2977.000000,-981.000000,-1374.000000
300.000000,0.000000,0.000000,0.000000,-2960.000000,-785.000000,-1374.000000
100.000000,100.000000,0.000000,0.000000,-2978.000000,-981.000000,-1374.000000
300.000000,0.000000,0.000000,0.000000,-3006.000000,-981.000000,-1374.000000
400.000000,100.000000,0.000000,0.000000,-3029.000000,-981.000000,-1570.000000
0.000000,0.000000,156.000000,156.000000,-3050.000000,-1178.000000,-1570.000000
-100.000000,100.000000,0.000000,0.000000,-3028.000000,-1374.000000,-1570.000000
0.000000,100.000000,0.000000,0.000000,-3042.000000,-1374.000000,-1570.000000
0.000000,0.000000,0.000000,0.000000,-3064.000000,-1374.000000,-1767.000000
200.000000,100.000000,0.000000,0.000000,-3105.000000,-1374.000000,-1570.000000
100.000000,300.000000,0.000000,0.000000,-3171.000000,-1374.000000,-1767.000000
-300.000000,200.000000,0.000000,0.000000,-3159.000000,-1570.000000,-1767.000000
0.000000,400.000000,0.000000,0.000000,-3143.000000,-1374.000000,-1767.000000
0.000000,300.000000,0.000000,0.000000,-3143.000000,-1767.000000,-1570.000000
200.000000,100.000000,0.000000,0.000000,-3125.000000,-1570.000000,-1963.000000
0.000000,0.000000,0.000000,0.000000,-3128.000000,-1767.000000,-1767.000000
-200.000000,-100.000000,0.000000,0.000000,-3102.000000,-1767.000000,-1767.000000
0.000000,0.000000,0.000000,0.000000,-3070.000000,-1767.000000,-1767.000000
-100.000000,100.000000,0.000000,0.000000,-3063.000000,-1767.000000,-1767.000000
0.000000,0.000000,0.000000,0.000000,-3101.000000,-1963.000000,-1767.000000
-100.000000,0.000000,0.000000,0.000000,-3113.000000,-1767.000000,-1767.000000
200.000000,-100.000000,78.000000,78.000000,-3074.000000,-1963.000000,-1767.000000
0.000000,300.000000,0.000000,0.000000,-3043.000000,-1767.000000,-1767.000000
0.000000,-200.000000,0.000000,0.000000,-2994.000000,-1963.000000,-1767.000000
0.000000,300.000000,0.000000,0.000000,-3010.000000,-1963.000000,-1767.000000
0.000000,0.000000,0.000000,0.000000,-2995.000000,-1767.000000,-1767.000000
-100.000000,100.000000,0.000000,0.000000,-3019.000000,-1767.000000,-1963.000000
0.000000,100.000000,0.000000,0.000000,-2985.000000,-1767.000000,-1767.000000
0.000000,200.000000,0.000000,0.000000,-3021.000000,-1767.000000,-1963.000000
0.000000,0.000000,0.000000,0.000000,-3016.000000,-1767.000000,-1767.000000
-100.000000,0.000000,0.000000,0.000000,-3079.000000,-1767.000000,-1767.000000
0.000000,100.000000,0.000000,0.000000,-3089.000000,-1963.000000,-1767.000000
200.000000,300.000000,0.000000,0.000000,-3144.000000,-1767.000000,-1767.000000
200.000000,0.000000,0.000000,0.000000,-3149.000000,-1767.000000,-1767.000000
100.000000,0.000000,0.000000,0.000000,-3153.000000,-1767.000000,-1963.000000
100.000000,100.000000,0.000000,0.000000,-3124.000000,-1570.000000,-1963.000000
0.000000,100.000000,0.000000,0.000000,-3099.000000,-1767.000000,-1963.000000
0.000000,100.000000,0.000000,0.000000,-3074.000000,-1570.000000,-1963.000000
100.000000,400.000000,0.000000,0.000000,-3055.000000,-1767.000000,-1963.000000
-300.000000,0.000000,0.000000,0.000000,-3051.000000,-1767.000000,-1767.000000
100.000000,0.000000,0.000000,0.000000,-3063.000000,-1767.000000,-1570.000000
100.000000,200.000000,0.000000,0.000000,-3052.000000,-1767.000000,-1570.000000
100.000000,200.000000,0.000000,0.000000,-3008.000000,-1767.000000,-1570.000000
0.000000,100.000000,0.000000,0.000000,-2981.000000,-1963.000000,-1374.000000
0.000000,100.000000,0.000000,0.000000,-2982.000000,-1570.000000,-1570.000000
0.000000,400.000000,0.000000,0.000000,-2975.000000,-1767.000000,-1570.000000
100.000000,100.000000,0.000000,0.000000,-2975.000000,-1570.000000,-1570.000000
0.000000,-100.000000,0.000000,0.000000,-2997.000000,-1767.000000,-1570.000000
100.000000,100.000000,0.000000,0.000000,-2991.000000,-1570.000000,-1570.000000
0.000000,0.000000,0.000000,0.000000,-3006.000000,-1767.000000,-1570.000000
-100.000000,0.000000,0.000000,0.000000,-3025.000000,-1767.000000,-1374.000000
0.000000,300.000000,0.000000,0.000000,-3060.000000,-1570.000000,-1570.000000
0.000000,0.000000,0.000000,0.000000,-3056.000000,-1570.000000,-1374.000000
200.000000,100.000000,0.000000,0.000000,-3068.000000,-1570.000000,-1570.000000
0.000000,0.000000,0.000000,0.000000,-3075.000000,-1570.000000,-1374.000000
0.000000,100.000000,0.000000,0.000000,-3098.000000,-1374.000000,-1570.000000
-400.000000,-300.000000,0.000000,0.000000,-3075.000000,-1570.000000,-1570.000000
0.000000,-300.000000,0.000000,0.000000,-3077.000000,-1570.000000,-1570.000000
-100.000000,100.000000,0.000000,0.000000,-3072.000000,-1767.000000,-1570.000000
100.000000,-200.000000,0.000000,0.000000,-3060.000000,-1570.000000,-1570.000000
0.000000,-100.000000,0.000000,0.000000,-3033.000000,-1570.000000,-1374.000000
0.000000,200.000000,0.000000,0.000000,-3032.000000,-1374.000000,-1570.000000
0.000000,0.000000,0.000000,0.000000,-3060.000000,-1570.000000,-1374.000000
0.000000,-100.000000,0.000000,0.000000,-3107.000000,-1570.000000,-1374.000000
100.000000,-200.000000,78.000000,78.000000,-3094.000000,-1767.000000,-1178.000000
100.000000,0.000000,0.000000,0.000000,-3106.000000,-1767.000000,-1374.000000
-100.000000,-100.000000,0.000000,0.000000,-3086.000000,-1570.000000,-1374.000000
100.000000,0.000000,0.000000,0.000000,-3084.000000,-1767.000000,-1374.000000
0.000000,0.000000,0.000000,0.000000,-3082.000000,-1570.000000,-1374.000000
100.000000,100.000000,0.000000,0.000000,-3056.000000,-1767.000000,-1374.000000
200.000000,-100.000000,0.000000,0.000000,-3073.000000,-1570.000000,-1570.000000
-100.000000,0.000000,0.000000,0.000000,-3058.000000,-1570.000000,-1570.000000
0.000000,200.000000,0.000000,0.000000,-3055.000000,-1767.000000,-1570.000000
100.000000,300.000000,0.000000,0.000000,-3071.000000,-1767.000000,-1767.000000
200.000000,-100.000000,0.000000,0.000000,-3056.000000,-1767.000000,-1767.000000
200.000000,0.000000,0.000000,0.000000,-3028.000000,-1767.000000,-1767.000000
0.000000,0.000000,0.000000,0.000000,-3010.000000,-1963.000000,-1767.000000
0.000000,200.000000,0.000000,0.000000,-3024.000000,-1767.000000,-1963.000000
0.000000,300.000000,0.000000,0.000000,-3059.000000,-1963.000000,-1963.000000
0.000000,300.000000,0.000000,0.000000,-3068.000000,-1767.000000,-1963.000000
0.000000,100.000000,0.000000,0.000000,-3092.000000,-1963.000000,-1963.000000
100.000000,300.000000,0.000000,0.000000,-3090.000000,-2159.000000,-2159.000000
100.000000,100.000000,0.000000,0.000000,-3072.000000,-1963.000000,-1963.000000
0.000000,-100.000000,0.000000,0.000000,-3108.000000,-2159.000000,-2159.000000
0.000000,-100.000000,0.000000,0.000000,-3118.000000,-2159.000000,-2159.000000
0.000000,0.000000,0.000000,0.000000,-3141.000000,-2159.000000,-2159.000000
0.000000,-100.000000,0.000000,0.000000,-3147.000000,-2159.000000,-2159.000000
-200.000000,0.000000,0.000000,0.000000,-3126.000000,-2159.000000,-2159.000000
200.000000,200.000000,0.000000,0.000000,-3161.000000,-1963.000000,-2159.000000
-100.000000,100.000000,0.000000,0.000000,-3134.000000,-1963.000000,-2159.000000
300.000000,300.000000,0.000000,0.000000,-3105.000000,-1963.000000,-2159.000000
0.000000,100.000000,0.000000,0.000000,-3096.000000,-1963.000000,-2356.000000
100.000000,300.000000,0.000000,0.000000,-3089.000000,-1963.000000,-2159.000000
0.000000,0.000000,0.000000,0.000000,-3054.000000,-2159.000000,-2159.000000
0.000000,200.000000,0.000000,0.000000,-3031.000000,-1963.000000,-2356.000000
100.000000,-100.000000,0.000000,0.000000,-3027.000000,-2159.000000,-2356.000000
100.000000,200.000000,0.000000,0.000000,-3013.000000,-1963.000000,-2159.000000
-200.000000,0.000000,0.000000,0.000000,-3066.000000,-2159.000000,-1963.000000
-100.000000,-100.000000,0.000000,0.000000,-3087.000000,-1963.000000,-1963.000000
0.000000,200.000000,0.000000,0.000000,-3099.000000,-2159.000000,-1570.000000
-100.000000,100.000000,0.000000,0.000000,-3150.000000,-2159.000000,-1963.000000
0.000000,-200.000000,0.000000,0.000000,-3155.000000,-2356.000000,-2159.000000
100.000000,200.000000,0.000000,0.000000,-3186.000000,-2356.000000,-1963.000000
-100.000000,0.000000,0.000000,0.000000,-3213.000000,-2159.000000,-2159.000000
100.000000,200.000000,0.000000,0.000000,-3257.000000,-2159.000000,-2159.000000
100.000000,300.000000,0.000000,0.000000,-3218.000000,-2159.000000,-1963.000000
-100.000000,0.000000,0.000000,0.000000,-3239.000000,-2159.000000,-2159.000000
0.000000,200.000000,0.000000,0.000000,-3289.000000,-2159.000000,-2159.000000
100.000000,0.000000,0.000000,0.000000,-3270.000000,-2159.000000,-2748.000000
200.000000,200.000000,0.000000,0.000000,-3207.000000,-2159.000000,-2748.000000
100.000000,-100.000000,0.000000,0.000000,-3171.000000,-2159.000000,-1767.000000
0.000000,100.000000,0.000000,0.000000,-3155.000000,-1963.000000,-1963.000000
100.000000,100.000000,0.000000,0.000000,-3117.000000,-1963.000000,-1963.000000
100.000000,0.000000,0.000000,0.000000,-3110.000000,-2159.000000,-1767.000000
100.000000,100.000000,0.000000,0.000000,-3077.000000,-1963.000000,-1767.000000
0.000000,-100.000000,0.000000,0.000000,-3112.000000,-1963.000000,-1767.000000
-100.000000,0.000000,0.000000,0.000000,-3150.000000,-1963.000000,-1570.000000
200.000000,0.000000,0.000000,0.000000,-3150.000000,-2159.000000,-1374.000000
0.000000,100.000000,0.000000,0.000000,-3148.000000,-1963.000000,-1570.000000
-100.000000,0.000000,0.000000,0.000000,-3144.000000,-1767.000000,-1374.000000
0.000000,200.000000,0.000000,0.000000,-3160.000000,-1767.000000,-1374.000000
-200.000000,-100.000000,0.000000,0.000000,-3153.000000,-1767.000000,-1178.000000
200.000000,-200.000000,0.000000,0.000000,-3182.000000,-1374.000000,-1374.000000
0.000000,100.000000,0.000000,0.000000,-3167.000000,-1570.000000,-1178.000000
100.000000,0.000000,0.000000,0.000000,-3177.000000,-1374.000000,-981.000000
300.000000,200.000000,0.000000,0.000000,-3175.000000,-1374.000000,-981.000000
200.000000,200.000000,0.000000,0.000000,-3169.000000,-1374.000000,-981.000000
200.000000,300.000000,0.000000,0.000000,-3191.000000,-1178.000000,-981.000000
100.000000,100.000000,0.000000,0.000000,-3186.000000,-1374.000000,-1178.000000
100.000000,100.000000,0.000000,0.000000,-3153.000000,-1178.000000,-981.000000
0.000000,0.000000,0.000000,0.000000,-3128.000000,-1374.000000,-785.000000
0.000000,300.000000,0.000000,0.000000,-3159.000000,-981.000000,-785.000000
0.000000,0.000000,0.000000,0.000000,-3158.000000,-1178.000000,-785.000000
0.000000,100.000000,0.000000,0.000000,-3191.000000,-1178.000000,-785.000000
100.000000,100.000000,0.000000,0.000000,-3211.000000,-981.000000,-392.000000
100.000000,200.000000,0.000000,0.000000,-3209.000000,-1178.000000,-589.000000
200.000000,100.000000,0.000000,0.000000,-3239.000000,-981.000000,-392.000000
0.000000,0.000000,0.000000,0.000000,-3241.000000,-1178.000000,-392.000000
-200.000000,200.000000,0.000000,0.000000,-3219.000000,-1178.000000,-196.000000
100.000000,0.000000,0.000000,0.000000,-3228.000000,-1178.000000,-392.000000
100.000000,100.000000,0.000000,0.000000,-3249.000000,-981.000000,-392.000000
-100.000000,0.000000,0.000000,0.000000,-3256.000000,-1178.000000,-392.000000
200.000000,0.000000,0.000000,0.000000,-3229.000000,-1178.000000,-392.000000
100.000000,0.000000,0.000000,0.000000,-3242.000000,-981.000000,-196.000000
100.000000,-100.000000,0.000000,0.000000,-3215.000000,-1178.000000,-196.000000
300.000000,200.000000,0.000000,0.000000,-3227.000000,-1178.000000,-196.000000
100.000000,100.000000,0.000000,0.000000,-3192.000000,-1178.000000,-392.000000
100.000000,0.000000,0.000000,0.000000,-3161.000000,-1178.000000,-392.000000
200.000000,-200.000000,0.000000,0.000000,-3152.000000,-1178.000000,-392.000000
100.000000,-100.000000,0.000000,0.000000,-3147.000000,-1178.000000,-392.000000
0.000000,100.000000,0.000000,0.000000,-3111.000000,-1374.000000,-392.000000
0.000000,100.000000,0.000000,0.000000,-3141.000000,-1178.000000,-392.000000
0.000000,0.000000,0.000000,0.000000,-3153.000000,-1374.000000,-392.000000
0.000000,0.000000,0.000000,0.000000,-3162.000000,-1374.000000,-589.000000
0.000000,100.000000,78.000000,78.000000,-3153.000000,-1374.000000,-589.000000
0.000000,0.000000,0.000000,0.000000,-3130.000000,-1570.000000,-589.000000
0.000000,200.000000,0.000000,0.000000,-3137.000000,-1374.000000,-589.000000
0.000000,0.000000,0.000000,0.000000,-3143.000000,-1570.000000,-589.000000
-300.000000,0.000000,0.000000,0.000000,-3123.000000,-1767.000000,-589.000000
100.000000,-100.000000,0.000000,0.000000,-3119.000000,-1570.000000,-589.000000
200.000000,0.000000,0.000000,0.000000,-3087.000000,-1767.000000,-785.000000
0.000000,0.000000,0.000000,0.000000,-3091.000000,-1767.000000,-785.000000
0.000000,-100.000000,0.000000,0.000000,-3053.000000,-1767.000000,-785.000000
0.000000,0.000000,0.000000,0.000000,-3045.000000,-1963.000000,-589.000000
200.000000,100.000000,0.000000,0.000000,-3057.000000,-1963.000000,-785.000000
200.000000,200.000000,0.000000,0.000000,-3050.000000,-1963.000000,-785.000000
100.000000,-100.000000,0.000000,0.000000,-3028.000000,-2159.000000,-785.000000
0.000000,0.000000,156.000000,156.000000,-2997.000000,-2159.000000,-785.000000
-100.000000,100.000000,0.000000,0.000000,-2981.000000,-1963.000000,-785.000000
0.000000,100.000000,0.000000,0.000000,-2961.000000,-2159.000000,-981.000000
200.000000,-100.000000,0.000000,0.000000,-2947.000000,-2159.000000,-785.000000
100.000000,100.000000,0.000000,0.000000,-2940.000000,-2159.000000,-981.000000
0.000000,0.000000,0.000000,0.000000,-2894.000000,-2159.000000,-785.000000
0.000000,0.000000,0.000000,0.000000,-2899.000000,-2159.000000,-981.000000
0.000000,0.000000,0.000000,0.000000,-2875.000000,-2159.000000,-981.000000
200.000000,0.000000,0.000000,0.000000,-2882.000000,-2159.000000,-785.000000
100.000000,0.000000,0.000000,0.000000,-2878.000000,-2159.000000,-785.000000
-300.000000,0.000000,0.000000,0.000000,-2862.000000,-2159.000000,-981.000000
0.000000,200.000000,0.000000,0.000000,-2848.000000,-2159.000000,-785.000000
100.000000,0.000000,0.000000,0.000000,-2631.000000,0.000000,0.000000
-100.000000,-200.000000,0.000000,0.000000,-2610.000000,0.000000,0.000000
-100.000000,0.000000,0.000000,0.000000,-2605.000000,0.000000,0.000000
-100.000000,0.000000,0.000000,0.000000,-2636.000000,0.000000,0.000000
0.000000,0.000000,78.000000,78.000000,-2627.000000,0.000000,0.000000
-200.000000,-100.000000,0.000000,0.000000,-2601.000000,0.000000,0.000000
-200.000000,0.000000,0.000000,0.000000,-2602.000000,0.000000,0.000000
-200.000000,0.000000,0.000000,0.000000,-2615.000000,0.000000,0.000000
0.000000,-100.000000,0.000000,0.000000,-2602.000000,0.000000,0.000000
0.000000,-100.000000,0.000000,0.000000,-2628.000000,0.000000,0.000000
-200.000000,0.000000,0.000000,0.000000,-2609.000000,0.000000,0.000000
0.000000,-200.000000,0.000000,0.000000,-2660.000000,0.000000,0.000000
-200.000000,100.000000,0.000000,0.000000,-2693.000000,0.000000,0.000000
-100.000000,-200.000000,0.000000,0.000000,-2696.000000,0.000000,0.000000
-100.000000,100.000000,0.000000,0.000000,-2690.000000,0.000000,0.000000
-300.000000,-100.000000,0.000000,0.000000,-2698.000000,0.000000,0.000000
-100.000000,-100.000000,0.000000,0.000000,-2714.000000,0.000000,0.000000
-300.000000,0.000000,0.000000,0.000000,-2713.000000,0.000000,0.000000
300.000000,0.000000,0.000000,0.000000,-2714.000000,0.000000,0.000000
-200.000000,0.000000,0.000000,0.000000,-2687.000000,0.000000,0.000000
-100.000000,-100.000000,0.000000,0.000000,-2667.000000,0.000000,0.000000
0.000000,300.000000,0.000000,0.000000,-2695.000000,0.000000,0.000000
-100.000000,0.000000,78.000000,78.000000,-2690.000000,0.000000,0.000000
-100.000000,200.000000,0.000000,0.000000,-2708.000000,0.000000,0.000000
-200.000000,0.000000,0.000000,0.000000,-2679.000000,0.000000,0.000000
-100.000000,100.000000,0.000000,0.000000,-2687.000000,0.000000,0.000000
0.000000,-200.000000,0.000000,0.000000,-2657.000000,0.000000,0.000000
0.000000,0.000000,0.000000,0.000000,-2682.000000,0.000000,0.000000
100.000000,-300.000000,156.000000,156.000000,-2709.000000,0.000000,0.000000
-100.000000,0.000000,0.000000,0.000000,-2704.000000,0.000000,0.000000
-100.000000,-100.000000,0.000000,0.000000,-2695.000000,0.000000,0.000000
-200.000000,100.000000,0.000000,0.000000,-2709.000000,0.000000,0.000000
-100.000000,-200.000000,0.000000,0.000000,-2687.000000,0.000000,0.000000
0.000000,-200.000000,0.000000,0.000000,-2714.000000,0.000000,0.000000
100.000000,0.000000,0.000000,0.000000,-2721.000000,0.000000,0.000000
-200.000000,-100.000000,0.000000,0.000000,-2708.000000,0.000000,0.000000
-100.000000,-200.000000,0.000000,0.000000,-2709.000000,0.000000,0.000000
-100.000000,300.000000,0.000000,0.000000,-2687.000000,0.000000,0.000000
0.000000,-200.000000,0.000000,0.000000,-2699.000000,0.000000,0.000000
-100.000000,-200.000000,0.000000,0.000000,-2714.000000,0.000000,0.000000
-100.000000,-200.000000,0.000000,0.000000,-2731.000000,0.000000,0.000000
-100.000000,200.000000,0.000000,0.000000,-2753.000000,0.000000,0.000000
-100.000000,100.000000,0.000000,0.000000,-2766.000000,0.000000,0.000000
-100.000000,0.000000,0.000000,0.000000,-2734.000000,0.000000,0.000000
0.000000,-100.000000,0.000000,0.000000,-2726.000000,0.000000,0.000000
-100.000000,-200.000000,0.000000,0.000000,-2694.000000,0.000000,0.000000
-100.000000,200.000000,0.000000,0.000000,-2706.000000,0.000000,0.000000
0.000000,0.000000,0.000000,0.000000,-2697.000000,0.000000,0.000000
0.000000,0.000000,0.000000,0.000000,-2692.000000,0.000000,0.000000
0.000000,-300.000000,0.000000,0.000000,-2732.000000,0.000000,0.000000
0.000000,100.000000,0.000000,0.000000,-2764.000000,0.000000,0.000000
-200.000000,-200.000000,0.000000,0.000000,-2775.000000,0.000000,0.000000
0.000000,0.000000,0.000000,0.000000,-2764.000000,0.000000,0.000000
0.000000,200.000000,0.000000,0.000000,-2767.000000,0.000000,0.000000
-100.000000,-200.000000,0.000000,0.000000,-2793.000000,0.000000,0.000000
-100.000000,0.000000,0.000000,0.000000,-2788.000000,0.000000,0.000000
-100.000000,-200.000000,0.000000,0.000000,-2782.000000,0.000000,0.000000
0.000000,300.000000,0.000000,0.000000,-2798.000000,0.000000,0.000000
-100.000000,-100.000000,0.000000,0.000000,-2814.000000,0.000000,0.000000
200.000000,-200.000000,0.000000,0.000000,-2791.000000,0.000000,0.000000
200.000000,0.000000,0.000000,0.000000,-2771.000000,0.000000,0.000000
-100.000000,-100.000000,0.000000,0.000000,-2790.000000,0.000000,0.000000
-100.000000,100.000000,0.000000,0.000000,-2768.000000,0.000000,0.000000
0.000000,-200.000000,0.000000,0.000000,-2788.000000,0.000000,0.000000
100.000000,-200.000000,0.000000,0.000000,-2797.000000,0.000000,0.000000
-200.000000,0.000000,0.000000,0.000000,-2821.000000,0.000000,0.000000
0.000000,200.000000,0.000000,0.000000,-2799.000000,0.000000,0.000000
0.000000,0.000000,0.000000,0.000000,-2781.000000,0.000000,0.000000
0.000000,0.000000,0.000000,0.000000,-2761.000000,0.000000,0.000000
-100.000000,-100.000000,0.000000,0.000000,-2757.000000,0.000000,0.000000
-100.000000,-100.000000,0.000000,0.000000,-2742.000000,0.000000,0.000000
0.000000,-100.000000,0.000000,0.000000,-2758.000000,0.000000,0.000000
-200.000000,100.000000,0.000000,0.000000,-2775.000000,0.000000,0.000000
-100.000000,-200.000000,0.000000,0.000000,-2772.000000,0.000000,0.000000
-100.000000,100.000000,0.000000,0.000000,-2787.000000,0.000000,0.000000
0.000000,200.000000,0.000000,0.000000,-2779.000000,0.000000,0.000000
0.000000,-100.000000,0.000000,0.000000,-2777.000000,0.000000,0.000000
0.000000,-100.000000,0.000000,0.000000,-2786.000000,0.000000,0.000000
-100.000000,-200.000000,0.000000,0.000000,-2753.000000,0.000000,0.000000
0.000000,0.000000,0.000000,0.000000,-2732.000000,0.000000,0.000000
100.000000,300.000000,0.000000,0.000000,-2719.000000,0.000000,0.000000
0.000000,-100.000000,0.000000,0.000000,-2718.000000,0.000000,0.000000
0.000000,-200.000000,0.000000,0.000000,-2734.000000,0.000000,-196.000000
-100.000000,-100.000000,0.000000,0.000000,-2757.000000,0.000000,0.000000
-400.000000,0.000000,0.000000,0.000000,-2775.000000,0.000000,0.000000
100.000000,-100.000000,0.000000,0.000000,-2748.000000,0.000000,0.000000
200.000000,100.000000,0.000000,0.000000,-2737.000000,0.000000,0.000000
-200.000000,-100.000000,0.000000,0.000000,-2764.000000,0.000000,0.000000
-400.000000,-100.000000,0.000000,0.000000,-2785.000000,0.000000,0.000000
-100.000000,0.000000,0.000000,0.000000,-2778.000000,0.000000,196.000000
0.000000,-200.000000,0.000000,0.000000,-2801.000000,0.000000,0.000000
-100.000000,0.000000,0.000000,0.000000,-2822.000000,0.000000,0.000000
-100.000000,200.000000,0.000000,0.000000,-2801.000000,0.000000,0.000000
-200.000000,-100.000000,0.000000,0.000000,-2804.000000,0.000000,0.000000
-100.000000,-200.000000,0.000000,0.000000,-2829.000000,0.000000,0.000000
0.000000,0.000000,0.000000,0.000000,-2819.000000,0.000000,0.000000
-100.000000,0.000000,0.000000,0.000000,-2837.000000,0.000000,0.000000
-100.000000,0.000000,0.000000,0.000000,-2804.000000,0.000000,0.000000
0.000000,-200.000000,0.000000,0.000000,-2793.000000,0.000000,0.000000
-100.000000,0.000000,0.000000,0.000000,-2788.000000,0.000000,0.000000
0.000000,-200.000000,0.000000,0.000000,-2791.000000,0.000000,0.000000
0.000000,-200.000000,0.000000,0.000000,-2767.000000,0.000000,0.000000
0.000000,0.000000,0.000000,0.000000,-2788.000000,0.000000,0.000000
0.000000,-300.000000,0.000000,0.000000,-2799.000000,0.000000,0.000000
-100.000000,-100.000000,0.000000,0.000000,-2820.000000,0.000000,0.000000
0.000000,-100.000000,0.000000,0.000000,-2788.000000,0.000000,0.000000
-200.000000,-300.000000,0.000000,0.000000,-2748.000000,0.000000,0.000000
-100.000000,-100.000000,0.000000,0.000000,-2717.000000,0.000000,0.000000
-100.000000,0.000000,0.000000,0.000000,-2715.000000,0.000000,0.000000
-100.000000,-200.000000,0.000000,0.000000,-2755.000000,0.000000,0.000000
-200.000000,-200.000000,0.000000,0.000000,-2767.000000,0.000000,0.000000
0.000000,300.000000,0.000000,0.000000,-2787.000000,0.000000,0.000000
100.000000,-200.000000,0.000000,0.000000,-2753.000000,0.000000,0.000000
0.000000,-100.000000,0.000000,0.000000,-2769.000000,0.000000,0.000000
-100.000000,-200.000000,0.000000,0.000000,-2747.000000,0.000000,0.000000
0.000000,0.000000,0.000000,0.000000,-2727.000000,0.000000,0.000000
0.000000,-100.000000,0.000000,0.000000,-2707.000000,0.000000,0.000000
0.000000,0.000000,0.000000,0.000000,-2728.000000,0.000000,0.000000
300.000000,0.000000,0.000000,0.000000,-2710.000000,0.000000,0.000000
-100.000000,0.000000,0.000000,0.000000,-2743.000000,0.000000,0.000000
-200.000000,-200.000000,0.000000,0.000000,-2745.000000,0.000000,0.000000
0.000000,0.000000,0.000000,0.000000,-2737.000000,0.000000,0.000000
-200.000000,0.000000,0.000000,0.000000,-2736.000000,0.000000,0.000000
300.000000,-200.000000,0.000000,0.000000,-2746.000000,0.000000,0.000000
-100.000000,0.000000,0.000000,0.000000,-2740.000000,0.000000,0.000000
0.000000,-200.000000,78.000000,78.000000,-2753.000000,0.000000,0.000000
0.000000,-300.000000,0.000000,0.000000,-2731.000000,0.000000,0.000000
100.000000,-100.000000,0.000000,0.000000,-2726.000000,0.000000,0.000000
-200.000000,-100.000000,0.000000,0.000000,-2733.000000,0.000000,0.000000
-100.000000,0.000000,0.000000,0.000000,-2758.000000,0.000000,0.000000
0.000000,0.000000,0.000000,0.000000,-2754.000000,0.000000,0.000000
0.000000,200.000000,0.000000,0.000000,-2796.000000,0.000000,0.000000
-200.000000,-200.000000,0.000000,0.000000,-2792.000000,0.000000,0.000000
0.000000,-100.000000,0.000000,0.000000,-2812.000000,0.000000,0.000000
-200.000000,-100.000000,0.000000,0.000000,-2829.000000,0.000000,0.000000
-200.000000,-200.000000,0.000000,0.000000,-2846.000000,0.000000,0.000000
-100.000000,0.000000,0.000000,0.000000,-2841.000000,0.000000,0.000000
-200.000000,0.000000,0.000000,0.000000,-2854.000000,0.000000,0.000000
-200.000000,0.000000,0.000000,0.000000,-2828.000000,0.000000,0.000000
0.000000,0.000000,0.000000,0.000000,-2808.000000,0.000000,0.000000
0.000000,-100.000000,0.000000,0.000000,-2811.000000,0.000000,0.000000
0.000000,0.000000,0.000000,0.000000,-2819.000000,0.000000,-196.000000
0.000000,-200.000000,0.000000,0.000000,-2787.000000,0.000000,0.000000
-100.000000,0.000000,0.000000,0.000000,-2781.000000,0.000000,0.000000
0.000000,100.000000,156.000000,156.000000,-2749.000000,0.000000,0.000000
0.000000,100.000000,0.000000,0.000000,-2764.000000,0.000000,0.000000
100.000000,0.000000,0.000000,0.000000,-2761.000000,-196.000000,0.000000
