Channel 1,Channel 2,Channel 3,Channel 4,Channel 5,Channel 6,Channel 7
0.000000,-300.000000,0.000000,0.000000,-2749.000000,0.000000,0.000000
0.000000,-200.000000,0.000000,0.000000,-2765.000000,0.000000,0.000000
100.000000,-100.000000,0.000000,0.000000,-2777.000000,0.000000,196.000000
-500.000000,0.000000,0.000000,0.000000,-2778.000000,0.000000,196.000000
-100.000000,0.000000,0.000000,0.000000,-2772.000000,0.000000,0.000000
-100.000000,0.000000,0.000000,0.000000,-2766.000000,0.000000,196.000000
-200.000000,0.000000,0.000000,0.000000,-2758.000000,0.000000,196.000000
-100.000000,-100.000000,0.000000,0.000000,-2772.000000,0.000000,196.000000
-100.000000,-100.000000,0.000000,0.000000,-2763.000000,0.000000,0.000000
0.000000,-100.000000,0.000000,0.000000,-2775.000000,0.000000,196.000000
0.000000,-100.000000,0.000000,0.000000,-2801.000000,0.000000,0.000000
0.000000,0.000000,0.000000,0.000000,-2788.000000,0.000000,0.000000
0.000000,0.000000,0.000000,0.000000,-2784.000000,0.000000,0.000000
0.000000,-300.000000,0.000000,0.000000,-2767.000000,0.000000,0.000000
0.000000,-100.000000,0.000000,0.000000,-2788.000000,0.000000,196.000000
0.000000,-200.000000,0.000000,0.000000,-2799.000000,0.000000,196.000000
0.000000,100.000000,0.000000,0.000000,-2804.000000,0.000000,196.000000
-200.000000,0.000000,0.000000,0.000000,-2802.000000,0.000000,0.000000
-200.000000,0.000000,0.000000,0.000000,-2809.000000,0.000000,0.000000
0.000000,0.000000,0.000000,0.000000,-2819.000000,0.000000,0.000000
0.000000,0.000000,0.000000,0.000000,-2830.000000,0.000000,0.000000
0.000000,0.000000,0.000000,0.000000,-2831.000000,0.000000,0.000000
0.000000,-300.000000,0.000000,0.000000,-2840.000000,0.000000,196.000000
-200.000000,0.000000,0.000000,0.000000,-2858.000000,0.000000,0.000000
-100.000000,0.000000,0.000000,0.000000,-2895.000000,0.000000,0.000000
0.000000,0.000000,0.000000,0.000000,-2925.000000,0.000000,0.000000
100.000000,-300.000000,0.000000,0.000000,-2935.000000,0.000000,0.000000
100.000000,-100.000000,0.000000,0.000000,-2945.000000,0.000000,196.000000
0.000000,0.000000,0.000000,0.000000,-2949.000000,0.000000,0.000000
0.000000,-100.000000,0.000000,0.000000,-2955.000000,0.000000,0.000000
-100.000000,0.000000,0.000000,0.000000,-2969.000000,0.000000,0.000000
0.000000,0.000000,0.000000,0.000000,-2944.000000,0.000000,0.000000
0.000000,0.000000,0.000000,0.000000,-2937.000000,0.000000,0.000000
0.000000,-100.000000,0.000000,0.000000,-2921.000000,0.000000,0.000000
100.000000,0.000000,0.000000,0.000000,-2925.000000,0.000000,0.000000
0.000000,-200.000000,0.000000,0.000000,-2930.000000,0.000000,0.000000
100.000000,0.000000,0.000000,0.000000,-2890.000000,0.000000,0.000000
0.000000,-200.000000,0.000000,0.000000,-2853.000000,0.000000,0.000000
0.000000,0.000000,0.000000,0.000000,-2806.000000,0.000000,0.000000
0.000000,200.000000,0.000000,0.000000,-2818.000000,0.000000,0.000000
0.000000,200.000000,0.000000,0.000000,-2861.000000,0.000000,0.000000
-100.000000,-200.000000,0.000000,0.000000,-2865.000000,0.000000,0.000000
-100.000000,-200.000000,0.000000,0.000000,-2913.000000,0.000000,0.000000
0.000000,0.000000,0.000000,0.000000,-2928.000000,0.000000,0.000000
-100.000000,0.000000,0.000000,0.000000,-2952.000000,0.000000,0.000000
100.000000,0.000000,0.000000,0.000000,-2943.000000,0.000000,0.000000
0.000000,0.000000,0.000000,0.000000,-2933.000000,0.000000,0.000000
-100.000000,200.000000,156.000000,156.000000,-2914.000000,0.000000,0.000000
0.000000,-100.000000,0.000000,0.000000,-2879.000000,0.000000,0.000000
0.000000,-100.000000,0.000000,0.000000,-2876.000000,0.000000,0.000000
-100.000000,-200.000000,0.000000,0.000000,-2901.000000,0.000000,0.000000
0.000000,0.000000,0.000000,0.000000,-2956.000000,0.000000,0.000000
100.000000,-200.000000,0.000000,0.000000,-3018.000000,0.000000,0.000000
100.000000,0.000000,0.000000,0.000000,-3065.000000,0.000000,0.000000
0.000000,-200.000000,0.000000,0.000000,-3068.000000,0.000000,0.000000
200.000000,-200.000000,0.000000,0.000000,-3066.000000,0.000000,0.000000
100.000000,-100.000000,0.000000,0.000000,-3038.000000,0.000000,0.000000
0.000000,0.000000,0.000000,0.000000,-2990.000000,0.000000,0.000000
200.000000,200.000000,0.000000,0.000000,-2977.000000,0.000000,0.000000
-100.000000,-200.000000,0.000000,0.000000,-2910.000000,0.000000,0.000000
-100.000000,-300.000000,0.000000,0.000000,-2890.000000,0.000000,0.000000
0.000000,0.000000,0.000000,0.000000,-2879.000000,0.000000,0.000000
-100.000000,-100.000000,0.000000,0.000000,-2894.000000,0.000000,0.000000
0.000000,-100.000000,0.000000,0.000000,-2905.000000,0.000000,0.000000
0.000000,-100.000000,0.000000,0.000000,-2904.000000,0.000000,0.000000
0.000000,0.000000,0.000000,0.000000,-2932.000000,0.000000,0.000000
0.000000,100.000000,0.000000,0.000000,-2963.000000,0.000000,196.000000
0.000000,-200.000000,0.000000,0.000000,-2989.000000,0.000000,0.000000
100.000000,-200.000000,0.000000,0.000000,-2974.000000,0.000000,196.000000
0.000000,-300.000000,0.000000,0.000000,-2945.000000,0.000000,196.000000
0.000000,300.000000,0.000000,0.000000,-2980.000000,0.000000,196.000000
0.000000,0.000000,0.000000,0.000000,-3028.000000,0.000000,196.000000
100.000000,0.000000,156.000000,156.000000,-3064.000000,0.000000,0.000000
100.000000,0.000000,0.000000,0.000000,-3045.000000,0.000000,196.000000
-100.000000,-300.000000,0.000000,0.000000,-3045.000000,196.000000,0.000000
100.000000,-100.000000,0.000000,0.000000,-3017.000000,0.000000,196.000000
200.000000,0.000000,0.000000,0.000000,-3017.000000,196.000000,196.000000
0.000000,0.000000,0.000000,0.000000,-2971.000000,196.000000,196.000000
0.000000,-100.000000,78.000000,78.000000,-3001.000000,0.000000,0.000000
0.000000,-100.000000,0.000000,0.000000,-2974.000000,196.000000,196.000000
-100.000000,0.000000,0.000000,0.000000,-2955.000000,196.000000,196.000000
0.000000,-400.000000,0.000000,0.000000,-2965.000000,0.000000,196.000000
100.000000,-300.000000,0.000000,0.000000,-2974.000000,196.000000,196.000000
0.000000,0.000000,0.000000,0.000000,-2972.000000,196.000000,196.000000
0.000000,-200.000000,0.000000,0.000000,-2934.000000,0.000000,196.000000
0.000000,0.000000,0.000000,0.000000,-2914.000000,0.000000,0.000000
100.000000,0.000000,0.000000,0.000000,-2942.000000,0.000000,196.000000
0.000000,0.000000,0.000000,0.000000,-2950.000000,0.000000,0.000000
0.000000,0.000000,0.000000,0.000000,-2984.000000,196.000000,196.000000
0.000000,100.000000,0.000000,0.000000,-2969.000000,0.000000,196.000000
0.000000,0.000000,0.000000,0.000000,-2986.000000,196.000000,0.000000
0.000000,100.000000,0.000000,0.000000,-2957.000000,0.000000,196.000000
0.000000,0.000000,0.000000,0.000000,-2937.000000,196.000000,0.000000
0.000000,0.000000,0.000000,0.000000,-2927.000000,0.000000,0.000000
-100.000000,0.000000,0.000000,0.000000,-2909.000000,0.000000,196.000000
0.000000,0.000000,0.000000,0.000000,-2903.000000,0.000000,196.000000
0.000000,0.000000,0.000000,0.000000,-2903.000000,0.000000,0.000000
-100.000000,0.000000,0.000000,0.000000,-2885.000000,0.000000,196.000000
0.000000,200.000000,0.000000,0.000000,-2877.000000,0.000000,196.000000
100.000000,-100.000000,156.000000,156.000000,-2925.000000,196.000000,196.000000
0.000000,0.000000,0.000000,0.000000,-2985.000000,0.000000,0.000000
100.000000,-100.000000,0.000000,0.000000,-3050.000000,196.000000,196.000000
-100.000000,-100.000000,0.000000,0.000000,-3059.000000,196.000000,196.000000
0.000000,0.000000,0.000000,0.000000,-3052.000000,196.000000,196.000000
0.000000,0.000000,0.000000,0.000000,-3066.000000,196.000000,196.000000
100.000000,0.000000,0.000000,0.000000,-3050.000000,196.000000,196.000000
0.000000,0.000000,0.000000,0.000000,-3018.000000,196.000000,196.000000
0.000000,-200.000000,0.000000,0.000000,-2978.000000,196.000000,392.000000
0.000000,-100.000000,0.000000,0.000000,-2954.000000,0.000000,196.000000
0.000000,0.000000,0.000000,0.000000,-2937.000000,196.000000,392.000000
-200.000000,-100.000000,0.000000,0.000000,-2905.000000,0.000000,196.000000
200.000000,0.000000,0.000000,0.000000,-2899.000000,196.000000,196.000000
100.000000,0.000000,0.000000,0.000000,-2913.000000,0.000000,196.000000
100.000000,100.000000,0.000000,0.000000,-2914.000000,0.000000,0.000000
0.000000,-100.000000,0.000000,0.000000,-2911.000000,196.000000,0.000000
0.000000,-300.000000,0.000000,0.000000,-2904.000000,0.000000,0.000000
0.000000,100.000000,0.000000,0.000000,-2946.000000,196.000000,0.000000
0.000000,0.000000,0.000000,0.000000,-2948.000000,0.000000,196.000000
-100.000000,-300.000000,0.000000,0.000000,-2959.000000,196.000000,196.000000
0.000000,-100.000000,0.000000,0.000000,-2950.000000,0.000000,196.000000
100.000000,-200.000000,0.000000,0.000000,-2959.000000,0.000000,196.000000
0.000000,100.000000,0.000000,0.000000,-2978.000000,196.000000,196.000000
0.000000,0.000000,0.000000,0.000000,-2984.000000,0.000000,196.000000
0.000000,-200.000000,0.000000,0.000000,-2947.000000,0.000000,196.000000
0.000000,100.000000,0.000000,0.000000,-2909.000000,196.000000,196.000000
0.000000,-200.000000,0.000000,0.000000,-2906.000000,196.000000,196.000000
0.000000,0.000000,0.000000,0.000000,-2899.000000,196.000000,0.000000
0.000000,-200.000000,0.000000,0.000000,-2860.000000,0.000000,196.000000
0.000000,-100.000000,0.000000,0.000000,-2834.000000,196.000000,0.000000
0.000000,-100.000000,0.000000,0.000000,-2786.000000,0.000000,196.000000
100.000000,-200.000000,0.000000,0.000000,-2763.000000,0.000000,0.000000
-100.000000,200.000000,0.000000,0.000000,-2802.000000,0.000000,0.000000
0.000000,100.000000,0.000000,0.000000,-2784.000000,0.000000,0.000000
0.000000,0.000000,0.000000,0.000000,-2782.000000,196.000000,0.000000
0.000000,-100.000000,0.000000,0.000000,-2764.000000,0.000000,0.000000
0.000000,-200.000000,0.000000,0.000000,-2790.000000,196.000000,0.000000
0.000000,100.000000,0.000000,0.000000,-2796.000000,0.000000,0.000000
0.000000,0.000000,0.000000,0.000000,-2814.000000,0.000000,0.000000
0.000000,300.000000,0.000000,0.000000,-2799.000000,0.000000,0.000000
0.000000,0.000000,0.000000,0.000000,-2797.000000,0.000000,0.000000
300.000000,-100.000000,0.000000,0.000000,-2781.000000,0.000000,0.000000
-200.000000,0.000000,0.000000,0.000000,-2753.000000,0.000000,0.000000
-100.000000,-100.000000,0.000000,0.000000,-2768.000000,0.000000,0.000000
-100.000000,100.000000,0.000000,0.000000,-2771.000000,0.000000,0.000000
100.000000,-200.000000,0.000000,0.000000,-2723.000000,0.000000,0.000000
-100.000000,-200.000000,0.000000,0.000000,-2740.000000,0.000000,0.000000
0.000000,-100.000000,0.000000,0.000000,-2732.000000,0.000000,0.000000
-200.000000,200.000000,0.000000,0.000000,-2717.000000,0.000000,0.000000
-100.000000,-100.000000,0.000000,0.000000,-2700.000000,0.000000,0.000000
-200.000000,-200.000000,0.000000,0.000000,-2719.000000,0.000000,0.000000
0.000000,200.000000,0.000000,0.000000,-2717.000000,0.000000,0.000000
100.000000,0.000000,0.000000,0.000000,-2754.000000,0.000000,0.000000
0.000000,-200.000000,0.000000,0.000000,-2759.000000,0.000000,0.000000
0.000000,0.000000,0.000000,0.000000,-2778.000000,0.000000,0.000000
-100.000000,0.000000,0.000000,0.000000,-2809.000000,0.000000,0.000000
200.000000,0.000000,0.000000,0.000000,-2802.000000,0.000000,0.000000
-300.000000,0.000000,0.000000,0.000000,-2810.000000,0.000000,0.000000
0.000000,2300.000000,20000.000000,20000.000000,-2814.000000,392.000000,589.000000
21300.000000,17800.000000,20000.000000,20000.000000,-2642.000000,4319.000000,3926.000000
21400.000000,21700.000000,20000.000000,20000.000000,-2858.000000,5301.000000,4123.000000
20700.000000,20500.000000,20000.000000,20000.000000,-2887.000000,1963.000000,1374.000000
20500.000000,20500.000000,20000.000000,20000.000000,-2971.000000,-785.000000,-196.000000
19500.000000,17400.000000,20000.000000,20000.000000,-3295.000000,-589.000000,981.000000
17700.000000,17900.000000,20000.000000,20000.000000,-2945.000000,1767.000000,2356.000000
16800.000000,16900.000000,20000.000000,20000.000000,-2219.000000,4516.000000,3730.000000
18500.000000,18800.000000,20000.000000,20000.000000,-2398.000000,5694.000000,4319.000000
18000.000000,22400.000000,20000.000000,20000.000000,-2995.000000,4319.000000,3926.000000
17900.000000,20300.000000,20000.000000,20000.000000,-3134.000000,1767.000000,2748.000000
20400.000000,18500.000000,20000.000000,20000.000000,-2655.000000,1374.000000,2748.000000
20500.000000,16600.000000,20000.000000,20000.000000,-2435.000000,4123.000000,4123.000000
18300.000000,21000.000000,20000.000000,20000.000000,-2620.000000,6283.000000,5497.000000
21400.000000,18900.000000,20000.000000,20000.000000,-2888.000000,6086.000000,5497.000000
22200.000000,20000.000000,20000.000000,20000.000000,-2922.000000,4319.000000,4712.000000
18200.000000,22500.000000,20000.000000,20000.000000,-2783.000000,3141.000000,4123.000000
17800.000000,17900.000000,20000.000000,20000.000000,-2533.000000,4123.000000,4319.000000
20400.000000,21400.000000,20000.000000,20000.000000,-2628.000000,5890.000000,5301.000000
17900.000000,18500.000000,20000.000000,20000.000000,-2662.000000,6872.000000,5890.000000
18200.000000,20000.000000,20000.000000,20000.000000,-2644.000000,5890.000000,6283.000000
19000.000000,19100.000000,20000.000000,20000.000000,-2840.000000,4319.000000,6283.000000
20700.000000,18100.000000,20000.000000,20000.000000,-2804.000000,3926.000000,5301.000000
18100.000000,17600.000000,20000.000000,20000.000000,-2692.000000,5105.000000,4712.000000
20900.000000,18200.000000,20000.000000,20000.000000,-2771.000000,6872.000000,5105.000000
17700.000000,21100.000000,20000.000000,20000.000000,-2915.000000,6872.000000,5694.000000
18000.000000,19700.000000,20000.000000,20000.000000,-3028.000000,5497.000000,5497.000000
19500.000000,18900.000000,20000.000000,20000.000000,-3072.000000,3730.000000,5890.000000
19000.000000,17900.000000,20000.000000,20000.000000,-3073.000000,4123.000000,5497.000000
18400.000000,18300.000000,20000.000000,20000.000000,-2967.000000,5301.000000,5105.000000
22000.000000,19400.000000,20000.000000,20000.000000,-3004.000000,6283.000000,4712.000000
18200.000000,21700.000000,20000.000000,20000.000000,-3022.000000,6086.000000,5105.000000
21200.000000,19600.000000,20000.000000,20000.000000,-3108.000000,4516.000000,5497.000000
18500.000000,18700.000000,20000.000000,20000.000000,-3129.000000,3534.000000,5890.000000
18100.000000,18100.000000,20000.000000,20000.000000,-3027.000000,3730.000000,5497.000000
19100.000000,18000.000000,20000.000000,20000.000000,-2868.000000,4908.000000,4712.000000
18000.000000,21000.000000,20000.000000,20000.000000,-2835.000000,5497.000000,4123.000000
17900.000000,20100.000000,20000.000000,20000.000000,-2956.000000,5105.000000,4319.000000
19600.000000,22200.000000,20000.000000,20000.000000,-3007.000000,3926.000000,4712.000000
20100.000000,19500.000000,20000.000000,20000.000000,-3035.000000,3141.000000,4908.000000
18100.000000,17800.000000,20000.000000,20000.000000,-3126.000000,3337.000000,4516.000000
20000.000000,19700.000000,20000.000000,20000.000000,-3124.000000,3926.000000,4516.000000
22400.000000,19100.000000,20000.000000,20000.000000,-3108.000000,4319.000000,4123.000000
22400.000000,19000.000000,20000.000000,20000.000000,-3269.000000,3534.000000,3926.000000
21800.000000,21200.000000,20000.000000,20000.000000,-3511.000000,3141.000000,3926.000000
20900.000000,18000.000000,20000.000000,20000.000000,-3423.000000,3141.000000,3730.000000
19600.000000,22900.000000,20000.000000,20000.000000,-3420.000000,3534.000000,3730.000000
17800.000000,21000.000000,20000.000000,20000.000000,-3595.000000,3730.000000,3730.000000
17800.000000,19200.000000,20000.000000,20000.000000,-3634.000000,3730.000000,3730.000000
17700.000000,18300.000000,20000.000000,20000.000000,-3618.000000,3337.000000,3730.000000
17900.000000,22500.000000,20000.000000,20000.000000,-3602.000000,3141.000000,4123.000000
18100.000000,18300.000000,20000.000000,20000.000000,-3540.000000,2945.000000,4123.000000
17800.000000,21000.000000,20000.000000,20000.000000,-3537.000000,3534.000000,3926.000000
18200.000000,22000.000000,20000.000000,20000.000000,-3590.000000,3926.000000,4123.000000
20700.000000,22300.000000,20000.000000,20000.000000,-3631.000000,3926.000000,4123.000000
20000.000000,22700.000000,20000.000000,20000.000000,-3539.000000,3926.000000,4123.000000
18300.000000,20300.000000,20000.000000,20000.000000,-3545.000000,3730.000000,4516.000000
17800.000000,20200.000000,20000.000000,20000.000000,-3579.000000,4123.000000,4516.000000
20400.000000,21300.000000,20000.000000,20000.000000,-3612.000000,4516.000000,4712.000000
18600.000000,18800.000000,20000.000000,20000.000000,-3485.000000,4712.000000,4908.000000
18700.000000,18300.000000,20000.000000,20000.000000,-3405.000000,4319.000000,5301.000000
18800.000000,19900.000000,20000.000000,20000.000000,-3498.000000,4712.000000,5105.000000
21900.000000,19100.000000,20000.000000,20000.000000,-3521.000000,4908.000000,5105.000000
18300.000000,20300.000000,20000.000000,20000.000000,-3465.000000,5497.000000,5301.000000
17800.000000,20500.000000,20000.000000,20000.000000,-3407.000000,6086.000000,5890.000000
18600.000000,21100.000000,20000.000000,20000.000000,-3399.000000,6479.000000,6675.000000
19000.000000,18900.000000,20000.000000,20000.000000,-3482.000000,6283.000000,7068.000000
19100.000000,18800.000000,20000.000000,20000.000000,-3538.000000,6086.000000,6675.000000
20100.000000,18400.000000,20000.000000,20000.000000,-3468.000000,6283.000000,6872.000000
18800.000000,21600.000000,20000.000000,20000.000000,-3399.000000,7461.000000,6872.000000
19000.000000,21800.000000,20000.000000,20000.000000,-3356.000000,8050.000000,8443.000000
21300.000000,19200.000000,20000.000000,20000.000000,-3509.000000,8443.000000,8639.000000
18700.000000,18600.000000,20000.000000,20000.000000,-3569.000000,7853.000000,8443.000000
18500.000000,18600.000000,20000.000000,20000.000000,-3521.000000,8050.000000,8443.000000
21100.000000,19300.000000,20000.000000,20000.000000,-3648.000000,9032.000000,9424.000000
20300.000000,18700.000000,20000.000000,20000.000000,-3603.000000,9621.000000,8246.000000
21100.000000,18700.000000,20000.000000,20000.000000,-3577.000000,9621.000000,10013.000000
21700.000000,18800.000000,20000.000000,20000.000000,-3688.000000,9817.000000,10406.000000
18500.000000,18600.000000,20000.000000,20000.000000,-3722.000000,10406.000000,10799.000000
20200.000000,18600.000000,20000.000000,20000.000000,-3671.000000,10602.000000,10799.000000
19700.000000,21600.000000,20000.000000,20000.000000,-3399.000000,10602.000000,10799.000000
19000.000000,18500.000000,20000.000000,20000.000000,-3284.000000,11388.000000,11388.000000
19200.000000,21600.000000,20000.000000,20000.000000,-3338.000000,11780.000000,12173.000000
20900.000000,21500.000000,20000.000000,20000.000000,-3417.000000,11584.000000,11977.000000
21600.000000,20300.000000,20000.000000,20000.000000,-3282.000000,12173.000000,12370.000000
18500.000000,19800.000000,20000.000000,20000.000000,-3194.000000,12566.000000,13351.000000
18200.000000,20300.000000,20000.000000,20000.000000,-3510.000000,12959.000000,12959.000000
20400.000000,18700.000000,20000.000000,20000.000000,-3455.000000,12959.000000,13155.000000
19500.000000,20500.000000,20000.000000,20000.000000,-3418.000000,13155.000000,13351.000000
18300.000000,18700.000000,20000.000000,20000.000000,-3238.000000,13155.000000,17671.000000
19600.000000,18600.000000,20000.000000,20000.000000,-3225.000000,13744.000000,13155.000000
21200.000000,20000.000000,20000.000000,20000.000000,-3223.000000,13548.000000,12959.000000
18200.000000,21300.000000,20000.000000,20000.000000,-3143.000000,13548.000000,12566.000000
18900.000000,19000.000000,20000.000000,20000.000000,-3151.000000,13548.000000,12566.000000
21800.000000,18600.000000,20000.000000,20000.000000,-3298.000000,13351.000000,13351.000000
19900.000000,19300.000000,20000.000000,20000.000000,-3218.000000,13548.000000,13155.000000
18700.000000,21900.000000,20000.000000,20000.000000,-3163.000000,13548.000000,12566.000000
20400.000000,20600.000000,20000.000000,20000.000000,-3239.000000,13548.000000,12762.000000
18500.000000,18300.000000,20000.000000,20000.000000,-3240.000000,13548.000000,13548.000000
18800.000000,19000.000000,20000.000000,20000.000000,-3207.000000,13155.000000,13548.000000
20300.000000,18700.000000,20000.000000,20000.000000,-3053.000000,13351.000000,11977.000000
21700.000000,20800.000000,20000.000000,20000.000000,-3012.000000,13351.000000,12959.000000
18700.000000,20300.000000,20000.000000,20000.000000,-2838.000000,13351.000000,13351.000000
18600.000000,18700.000000,20000.000000,20000.000000,-2744.000000,13548.000000,12959.000000
19100.000000,18800.000000,20000.000000,20000.000000,-2732.000000,13548.000000,12959.000000
18600.000000,18800.000000,20000.000000,20000.000000,-2652.000000,13548.000000,13351.000000
22100.000000,21900.000000,20000.000000,20000.000000,-2518.000000,13155.000000,13351.000000
18600.000000,18700.000000,20000.000000,20000.000000,-2636.000000,13155.000000,12959.000000
21100.000000,19300.000000,20000.000000,20000.000000,-2607.000000,13351.000000,13548.000000
200.000000,20600.000000,0.000000,0.000000,-2312.000000,12959.000000,12566.000000
-100.000000,0.000000,0.000000,0.000000,-2498.000000,9817.000000,9424.000000
-200.000000,0.000000,156.000000,156.000000,-2312.000000,9032.000000,8443.000000
100.000000,100.000000,0.000000,0.000000,-2564.000000,8639.000000,11191.000000
0.000000,-100.000000,0.000000,0.000000,-2469.000000,8639.000000,7853.000000
0.000000,-200.000000,0.000000,0.000000,-2878.000000,9228.000000,10210.000000
100.000000,0.000000,0.000000,0.000000,-3356.000000,10995.000000,11977.000000
100.000000,0.000000,0.000000,0.000000,-2954.000000,11584.000000,12370.000000
-300.000000,-300.000000,0.000000,0.000000,-2771.000000,11584.000000,11584.000000
0.000000,-100.000000,0.000000,0.000000,-2849.000000,11191.000000,10799.000000
-400.000000,0.000000,0.000000,0.000000,-2697.000000,10995.000000,8639.000000
0.000000,0.000000,0.000000,0.000000,-2613.000000,10602.000000,6283.000000
0.000000,-200.000000,0.000000,0.000000,-2733.000000,9621.000000,5301.000000
0.000000,-100.000000,0.000000,0.000000,-2416.000000,7853.000000,5105.000000
100.000000,-200.000000,0.000000,0.000000,-2534.000000,6086.000000,5301.000000
-100.000000,-100.000000,0.000000,0.000000,-2508.000000,6086.000000,6479.000000
0.000000,0.000000,0.000000,0.000000,-2321.000000,5694.000000,7657.000000
0.000000,-100.000000,0.000000,0.000000,-2410.000000,5105.000000,7853.000000
0.000000,100.000000,0.000000,0.000000,-2546.000000,5497.000000,8443.000000
100.000000,0.000000,0.000000,0.000000,-2544.000000,5105.000000,8050.000000
-100.000000,0.000000,0.000000,0.000000,-2379.000000,5301.000000,7461.000000
600.000000,0.000000,156.000000,156.000000,-2751.000000,6675.000000,6479.000000
0.000000,-900.000000,0.000000,0.000000,-2754.000000,8443.000000,5694.000000
100.000000,-100.000000,0.000000,0.000000,-2310.000000,9228.000000,5105.000000
200.000000,-400.000000,0.000000,0.000000,-2332.000000,9032.000000,4516.000000
0.000000,0.000000,0.000000,0.000000,-2480.000000,9228.000000,5694.000000
0.000000,200.000000,0.000000,0.000000,-2377.000000,8835.000000,7461.000000
200.000000,-200.000000,0.000000,0.000000,-2136.000000,8639.000000,8835.000000
100.000000,0.000000,0.000000,0.000000,-1949.000000,8443.000000,9228.000000
0.000000,-300.000000,0.000000,0.000000,-2453.000000,8246.000000,9032.000000
-100.000000,-200.000000,0.000000,0.000000,-2396.000000,8050.000000,8835.000000
0.000000,0.000000,0.000000,0.000000,-2238.000000,8050.000000,8639.000000
0.000000,-200.000000,0.000000,0.000000,-2513.000000,7657.000000,8246.000000
100.000000,300.000000,0.000000,0.000000,-2241.000000,8246.000000,8050.000000
0.000000,100.000000,0.000000,0.000000,-2353.000000,10013.000000,9032.000000
-100.000000,0.000000,0.000000,0.000000,-2242.000000,12370.000000,10799.000000
200.000000,200.000000,0.000000,0.000000,-1697.000000,12762.000000,10799.000000
0.000000,0.000000,0.000000,0.000000,-1989.000000,12762.000000,11584.000000
0.000000,200.000000,0.000000,0.000000,-2075.000000,12762.000000,11584.000000
0.000000,0.000000,0.000000,0.000000,-2155.000000,12370.000000,11584.000000
-100.000000,-100.000000,0.000000,0.000000,-1984.000000,12173.000000,11191.000000
-100.000000,0.000000,0.000000,0.000000,-1835.000000,11977.000000,11780.000000
100.000000,-100.000000,0.000000,0.000000,-2071.000000,11780.000000,17867.000000
0.000000,100.000000,0.000000,0.000000,-2317.000000,12173.000000,13940.000000
0.000000,0.000000,0.000000,0.000000,-2077.000000,13744.000000,12566.000000
0.000000,-100.000000,0.000000,0.000000,-2110.000000,15315.000000,13351.000000
0.000000,100.000000,0.000000,0.000000,-1948.000000,15511.000000,13548.000000
100.000000,-200.000000,0.000000,0.000000,-1904.000000,15511.000000,13548.000000
200.000000,0.000000,0.000000,0.000000,-1871.000000,15511.000000,12959.000000
-100.000000,-100.000000,0.000000,0.000000,-1879.000000,15118.000000,13940.000000
100.000000,-100.000000,0.000000,0.000000,-1798.000000,14922.000000,15511.000000
0.000000,-100.000000,0.000000,0.000000,-1709.000000,14922.000000,15707.000000
-100.000000,-300.000000,0.000000,0.000000,-1727.000000,15118.000000,13155.000000
100.000000,-300.000000,0.000000,0.000000,-1898.000000,16100.000000,15315.000000
0.000000,-2100.000000,156.000000,156.000000,-1757.000000,16886.000000,14529.000000
-300.000000,100.000000,0.000000,0.000000,-1819.000000,17278.000000,14529.000000
0.000000,0.000000,0.000000,0.000000,-1814.000000,17475.000000,14922.000000
200.000000,0.000000,0.000000,0.000000,-1617.000000,16886.000000,15511.000000
-200.000000,-100.000000,0.000000,0.000000,-1577.000000,17082.000000,16689.000000
-100.000000,0.000000,0.000000,0.000000,-1717.000000,16297.000000,18260.000000
100.000000,-200.000000,0.000000,0.000000,-1606.000000,16689.000000,14922.000000
0.000000,1200.000000,156.000000,156.000000,-1346.000000,15904.000000,14726.000000
900.000000,0.000000,0.000000,0.000000,-1461.000000,15904.000000,13940.000000
0.000000,0.000000,0.000000,0.000000,-1452.000000,15315.000000,15315.000000
-100.000000,0.000000,0.000000,0.000000,-1474.000000,15118.000000,14529.000000
0.000000,-200.000000,0.000000,0.000000,-1535.000000,14922.000000,14137.000000
0.000000,0.000000,0.000000,0.000000,-1704.000000,14529.000000,12370.000000
100.000000,0.000000,0.000000,0.000000,-1554.000000,14137.000000,13940.000000
0.000000,0.000000,0.000000,0.000000,-1452.000000,13744.000000,13548.000000
0.000000,0.000000,0.000000,0.000000,-1344.000000,13351.000000,13155.000000
0.000000,-100.000000,0.000000,0.000000,-1408.000000,12959.000000,10995.000000
0.000000,0.000000,0.000000,0.000000,-1365.000000,12762.000000,11977.000000
0.000000,-300.000000,0.000000,0.000000,-1058.000000,11977.000000,11191.000000
0.000000,0.000000,0.000000,0.000000,-1138.000000,11780.000000,10602.000000
100.000000,100.000000,0.000000,0.000000,-1123.000000,11191.000000,9228.000000
100.000000,300.000000,0.000000,0.000000,-938.000000,10995.000000,8835.000000
0.000000,-100.000000,0.000000,0.000000,-733.000000,10602.000000,9424.000000
100.000000,-300.000000,0.000000,0.000000,-782.000000,10406.000000,9032.000000
0.000000,-200.000000,0.000000,0.000000,-740.000000,10013.000000,8639.000000
100.000000,-100.000000,0.000000,0.000000,-800.000000,9817.000000,8639.000000
100.000000,0.000000,0.000000,0.000000,-1049.000000,9424.000000,8246.000000
0.000000,200.000000,0.000000,0.000000,-893.000000,9228.000000,8246.000000
100.000000,0.000000,0.000000,0.000000,-877.000000,8835.000000,8050.000000
0.000000,100.000000,0.000000,0.000000,-984.000000,8443.000000,7657.000000
100.000000,-100.000000,0.000000,0.000000,-968.000000,8246.000000,7657.000000
100.000000,0.000000,0.000000,0.000000,-1113.000000,8050.000000,7657.000000
-100.000000,100.000000,0.000000,0.000000,-782.000000,7853.000000,7461.000000
100.000000,0.000000,0.000000,0.000000,-837.000000,7657.000000,6675.000000
0.000000,-100.000000,0.000000,0.000000,-1173.000000,7264.000000,6086.000000
-100.000000,0.000000,0.000000,0.000000,-923.000000,7264.000000,6872.000000
-100.000000,0.000000,0.000000,0.000000,-911.000000,7264.000000,6872.000000
0.000000,-300.000000,0.000000,0.000000,-1160.000000,7461.000000,7068.000000
200.000000,0.000000,0.000000,0.000000,-1115.000000,7461.000000,7264.000000
100.000000,0.000000,0.000000,0.000000,-1012.000000,7657.000000,7264.000000
100.000000,0.000000,0.000000,0.000000,-1095.000000,7461.000000,7264.000000
200.000000,0.000000,0.000000,0.000000,-1203.000000,7264.000000,6675.000000
0.000000,100.000000,0.000000,0.000000,-1139.000000,7068.000000,8443.000000
0.000000,-400.000000,78.000000,78.000000,-1366.000000,7068.000000,6872.000000
0.000000,300.000000,0.000000,0.000000,-1324.000000,7068.000000,7264.000000
200.000000,0.000000,0.000000,0.000000,-1321.000000,7264.000000,7264.000000
0.000000,0.000000,0.000000,0.000000,-1542.000000,7461.000000,7264.000000
0.000000,-100.000000,0.000000,0.000000,-1578.000000,7853.000000,7068.000000
200.000000,0.000000,0.000000,0.000000,-1674.000000,7853.000000,6479.000000
200.000000,300.000000,0.000000,0.000000,-1590.000000,8050.000000,7264.000000
0.000000,-400.000000,78.000000,78.000000,-1802.000000,8050.000000,8246.000000
-200.000000,-200.000000,0.000000,0.000000,-1752.000000,7853.000000,8050.000000
100.000000,0.000000,0.000000,0.000000,-1627.000000,8050.000000,8246.000000
0.000000,-200.000000,0.000000,0.000000,-1763.000000,8246.000000,8639.000000
0.000000,-200.000000,0.000000,0.000000,-1747.000000,8639.000000,8835.000000
-200.000000,-200.000000,0.000000,0.000000,-1774.000000,8639.000000,7461.000000
0.000000,-100.000000,0.000000,0.000000,-1756.000000,8639.000000,8835.000000
-600.000000,-100.000000,0.000000,0.000000,-1751.000000,8835.000000,9032.000000
-100.000000,-300.000000,0.000000,0.000000,-1761.000000,8835.000000,9228.000000
0.000000,0.000000,0.000000,0.000000,-1835.000000,8835.000000,9032.000000
-300.000000,-100.000000,0.000000,0.000000,-1902.000000,9032.000000,8835.000000
0.000000,-300.000000,0.000000,0.000000,-1939.000000,9032.000000,7461.000000
200.000000,0.000000,0.000000,0.000000,-1877.000000,9032.000000,9032.000000
-100.000000,0.000000,0.000000,0.000000,-2022.000000,8835.000000,8835.000000
-400.000000,-100.000000,0.000000,0.000000,-1963.000000,9032.000000,8835.000000
0.000000,-300.000000,0.000000,0.000000,-1908.000000,8835.000000,9228.000000
-100.000000,-100.000000,0.000000,0.000000,-1964.000000,8639.000000,9032.000000
0.000000,0.000000,0.000000,0.000000,-2040.000000,8639.000000,9032.000000
0.000000,0.000000,0.000000,0.000000,-1966.000000,8639.000000,8835.000000
0.000000,0.000000,0.000000,0.000000,-1999.000000,8639.000000,8639.000000
0.000000,0.000000,0.000000,0.000000,-1994.000000,8443.000000,8835.000000
0.000000,100.000000,0.000000,0.000000,-2000.000000,8246.000000,8835.000000
-100.000000,0.000000,0.000000,0.000000,-2020.000000,8246.000000,8835.000000
100.000000,-300.000000,0.000000,0.000000,-2045.000000,7853.000000,7264.000000
-100.000000,-200.000000,0.000000,0.000000,-2052.000000,7657.000000,8246.000000
-200.000000,0.000000,0.000000,0.000000,-1988.000000,7853.000000,8050.000000
0.000000,-400.000000,0.000000,0.000000,-2046.000000,7461.000000,7657.000000
-200.000000,-300.000000,0.000000,0.000000,-1976.000000,6872.000000,7657.000000
0.000000,0.000000,0.000000,0.000000,-2025.000000,7068.000000,7461.000000
-100.000000,-200.000000,0.000000,0.000000,-2052.000000,7068.000000,7264.000000
-100.000000,0.000000,0.000000,0.000000,-2053.000000,6675.000000,6283.000000
-200.000000,-200.000000,0.000000,0.000000,-2030.000000,6086.000000,10406.000000
-100.000000,-200.000000,0.000000,0.000000,-2029.000000,6086.000000,5694.000000
200.000000,0.000000,78.000000,78.000000,-2105.000000,5890.000000,5694.000000
0.000000,-100.000000,0.000000,0.000000,-2101.000000,5694.000000,5497.000000
0.000000,-100.000000,0.000000,0.000000,-2212.000000,5301.000000,5105.000000
-200.000000,-400.000000,0.000000,0.000000,-2279.000000,5301.000000,4712.000000
0.000000,-100.000000,0.000000,0.000000,-2279.000000,4908.000000,4123.000000
0.000000,-100.000000,0.000000,0.000000,-2334.000000,4516.000000,3534.000000
0.000000,-100.000000,0.000000,0.000000,-2398.000000,4123.000000,3534.000000
200.000000,-100.000000,0.000000,0.000000,-2407.000000,3534.000000,3730.000000
100.000000,-300.000000,0.000000,0.000000,-2506.000000,3337.000000,3534.000000
0.000000,0.000000,0.000000,0.000000,-2519.000000,3337.000000,3337.000000
0.000000,-100.000000,0.000000,0.000000,-2485.000000,2945.000000,3141.000000
0.000000,-100.000000,0.000000,0.000000,-2446.000000,2356.000000,2945.000000
100.000000,0.000000,0.000000,0.000000,-2503.000000,2552.000000,2748.000000
0.000000,-100.000000,0.000000,0.000000,-2460.000000,2356.000000,2552.000000
0.000000,-100.000000,0.000000,0.000000,-2406.000000,2159.000000,2552.000000
0.000000,0.000000,78.000000,78.000000,-2478.000000,2159.000000,2356.000000
200.000000,100.000000,0.000000,0.000000,-2446.000000,1963.000000,2552.000000
0.000000,-100.000000,0.000000,0.000000,-2328.000000,2159.000000,3337.000000
0.000000,100.000000,0.000000,0.000000,-2364.000000,3337.000000,3730.000000
-300.000000,100.000000,156.000000,156.000000,-2453.000000,4123.000000,3337.000000
100.000000,0.000000,0.000000,0.000000,-2429.000000,4319.000000,3141.000000
0.000000,-100.000000,0.000000,0.000000,-2458.000000,4123.000000,3141.000000
0.000000,-100.000000,0.000000,0.000000,-2495.000000,4123.000000,2356.000000
0.000000,-100.000000,0.000000,0.000000,-2451.000000,3926.000000,2552.000000
0.000000,0.000000,0.000000,0.000000,-2461.000000,3730.000000,2552.000000
200.000000,0.000000,0.000000,0.000000,-2495.000000,3534.000000,2356.000000
0.000000,0.000000,0.000000,0.000000,-2490.000000,3337.000000,3141.000000
0.000000,200.000000,0.000000,0.000000,-2508.000000,3337.000000,3926.000000
0.000000,0.000000,0.000000,0.000000,-2566.000000,3141.000000,3926.000000
0.000000,-200.000000,0.000000,0.000000,-2537.000000,2945.000000,3730.000000
0.000000,100.000000,0.000000,0.000000,-2549.000000,2945.000000,3730.000000
100.000000,0.000000,78.000000,78.000000,-2617.000000,3141.000000,3337.000000
0.000000,-100.000000,0.000000,0.000000,-2538.000000,3730.000000,3337.000000
0.000000,100.000000,0.000000,0.000000,-2491.000000,4516.000000,3141.000000
0.000000,-100.000000,0.000000,0.000000,-2554.000000,4712.000000,3141.000000
-100.000000,-200.000000,0.000000,0.000000,-2584.000000,4516.000000,3337.000000
-100.000000,200.000000,0.000000,0.000000,-2519.000000,4319.000000,3926.000000
100.000000,-100.000000,0.000000,0.000000,-2492.000000,4319.000000,3926.000000
0.000000,-200.000000,0.000000,0.000000,-2595.000000,4123.000000,3141.000000
0.000000,-100.000000,0.000000,0.000000,-2511.000000,3926.000000,3337.000000
0.000000,100.000000,0.000000,0.000000,-2493.000000,3926.000000,3534.000000
-100.000000,-100.000000,0.000000,0.000000,-2519.000000,3730.000000,3534.000000
0.000000,-200.000000,0.000000,0.000000,-2473.000000,3730.000000,3337.000000
-100.000000,0.000000,0.000000,0.000000,-2389.000000,3730.000000,3337.000000
100.000000,-100.000000,0.000000,0.000000,-2444.000000,3926.000000,2945.000000
0.000000,-100.000000,0.000000,0.000000,-2481.000000,3926.000000,2748.000000
0.000000,200.000000,0.000000,0.000000,-2424.000000,4123.000000,2748.000000
0.000000,-100.000000,0.000000,0.000000,-2363.000000,3926.000000,2552.000000
0.000000,100.000000,0.000000,0.000000,-2367.000000,3730.000000,2552.000000
100.000000,-100.000000,0.000000,0.000000,-2352.000000,3534.000000,2748.000000
0.000000,100.000000,0.000000,0.000000,-2310.000000,3534.000000,2356.000000
-100.000000,-200.000000,0.000000,0.000000,-2330.000000,3337.000000,2356.000000
-100.000000,100.000000,0.000000,0.000000,-2391.000000,3141.000000,2356.000000
100.000000,0.000000,0.000000,0.000000,-2383.000000,2945.000000,2159.000000
100.000000,0.000000,0.000000,0.000000,-2406.000000,2748.000000,2159.000000
200.000000,-200.000000,0.000000,0.000000,-2413.000000,2552.000000,1767.000000
0.000000,-100.000000,0.000000,0.000000,-2435.000000,2356.000000,1767.000000
-100.000000,-100.000000,0.000000,0.000000,-2466.000000,2356.000000,1374.000000
200.000000,-100.000000,0.000000,0.000000,-2456.000000,1963.000000,1374.000000
-100.000000,0.000000,0.000000,0.000000,-2381.000000,1963.000000,1178.000000
-100.000000,-100.000000,0.000000,0.000000,-2368.000000,1570.000000,981.000000
0.000000,-100.000000,0.000000,0.000000,-2367.000000,1374.000000,785.000000
100.000000,0.000000,0.000000,0.000000,-2368.000000,1374.000000,785.000000
0.000000,0.000000,0.000000,0.000000,-2321.000000,1178.000000,589.000000
0.000000,300.000000,0.000000,0.000000,-2289.000000,981.000000,392.000000
0.000000,-100.000000,0.000000,0.000000,-2273.000000,785.000000,196.000000
100.000000,0.000000,0.000000,0.000000,-2194.000000,785.000000,0.000000
100.000000,-100.000000,0.000000,0.000000,-2158.000000,392.000000,0.000000
0.000000,0.000000,0.000000,0.000000,-2182.000000,392.000000,-196.000000
0.000000,100.000000,0.000000,0.000000,-2187.000000,196.000000,0.000000
0.000000,0.000000,0.000000,0.000000,-2167.000000,196.000000,196.000000
-100.000000,0.000000,0.000000,0.000000,-2188.000000,-196.000000,0.000000
0.000000,0.000000,78.000000,78.000000,-2235.000000,0.000000,0.000000
-100.000000,400.000000,0.000000,0.000000,-2232.000000,0.000000,0.000000
100.000000,-200.000000,0.000000,0.000000,-2207.000000,196.000000,0.000000
-200.000000,200.000000,0.000000,0.000000,-2248.000000,0.000000,0.000000
0.000000,0.000000,0.000000,0.000000,-2256.000000,196.000000,0.000000
200.000000,200.000000,0.000000,0.000000,-2251.000000,0.000000,0.000000
0.000000,-200.000000,0.000000,0.000000,-2251.000000,0.000000,0.000000
0.000000,-200.000000,0.000000,0.000000,-2288.000000,0.000000,-196.000000
-500.000000,-200.000000,0.000000,0.000000,-2281.000000,0.000000,0.000000
-300.000000,100.000000,0.000000,0.000000,-2277.000000,0.000000,0.000000
0.000000,0.000000,0.000000,0.000000,-2264.000000,-196.000000,-196.000000
-100.000000,-100.000000,0.000000,0.000000,-2262.000000,0.000000,0.000000
0.000000,0.000000,0.000000,0.000000,-2254.000000,0.000000,0.000000
-100.000000,0.000000,0.000000,0.000000,-2287.000000,-196.000000,0.000000
-100.000000,0.000000,0.000000,0.000000,-2295.000000,0.000000,0.000000
-300.000000,0.000000,0.000000,0.000000,-2275.000000,0.000000,0.000000
-100.000000,-100.000000,78.000000,78.000000,-2265.000000,0.000000,0.000000
-200.000000,0.000000,0.000000,0.000000,-2268.000000,0.000000,0.000000
0.000000,200.000000,0.000000,0.000000,-2262.000000,0.000000,0.000000
-100.000000,-100.000000,0.000000,0.000000,-2258.000000,0.000000,0.000000
100.000000,-200.000000,0.000000,0.000000,-2279.000000,0.000000,0.000000
100.000000,0.000000,0.000000,0.000000,-2286.000000,0.000000,0.000000
0.000000,-400.000000,0.000000,0.000000,-2303.000000,0.000000,0.000000
0.000000,-100.000000,0.000000,0.000000,-2348.000000,0.000000,0.000000
0.000000,0.000000,0.000000,0.000000,-2388.000000,0.000000,0.000000
0.000000,100.000000,0.000000,0.000000,-2381.000000,0.000000,0.000000
200.000000,100.000000,0.000000,0.000000,-2366.000000,-196.000000,0.000000
-100.000000,100.000000,0.000000,0.000000,-2345.000000,-196.000000,0.000000
200.000000,-300.000000,0.000000,0.000000,-2336.000000,-392.000000,-196.000000
100.000000,-200.000000,0.000000,0.000000,-2344.000000,-785.000000,0.000000
100.000000,300.000000,0.000000,0.000000,-2299.000000,-589.000000,0.000000
-300.000000,0.000000,0.000000,0.000000,-2249.000000,-785.000000,-196.000000
100.000000,100.000000,0.000000,0.000000,-2247.000000,-589.000000,0.000000
300.000000,0.000000,0.000000,0.000000,-2224.000000,-785.000000,-196.000000
200.000000,-200.000000,0.000000,0.000000,-2221.000000,-589.000000,-392.000000
100.000000,-100.000000,0.000000,0.000000,-2207.000000,-785.000000,-392.000000
100.000000,-100.000000,0.000000,0.000000,-2171.000000,-981.000000,-589.000000
-500.000000,-100.000000,0.000000,0.000000,-2182.000000,-1178.000000,-589.000000
400.000000,0.000000,0.000000,0.000000,-2152.000000,-1178.000000,-589.000000
100.000000,-200.000000,0.000000,0.000000,-2126.000000,-1178.000000,-785.000000
0.000000,0.000000,0.000000,0.000000,-2137.000000,-1374.000000,-589.000000
0.000000,0.000000,0.000000,0.000000,-2162.000000,-1374.000000,-785.000000
300.000000,100.000000,0.000000,0.000000,-2178.000000,-1374.000000,-785.000000
100.000000,-100.000000,0.000000,0.000000,-2204.000000,-1570.000000,-981.000000
200.000000,-100.000000,0.000000,0.000000,-2252.000000,-1963.000000,-1178.000000
100.000000,0.000000,0.000000,0.000000,-2220.000000,-1767.000000,-1178.000000
0.000000,100.000000,0.000000,0.000000,-2197.000000,-2159.000000,-1178.000000
0.000000,100.000000,0.000000,0.000000,-2184.000000,-1963.000000,-1178.000000
200.000000,0.000000,0.000000,0.000000,-2209.000000,-2356.000000,-1374.000000
0.000000,0.000000,0.000000,0.000000,-2194.000000,-2356.000000,-1374.000000
0.000000,-200.000000,0.000000,0.000000,-2191.000000,-2356.000000,-1374.000000
