Channel 1,Channel 2,Channel 3,Channel 4,Channel 5,Channel 6,Channel 7
100.000000,0.000000,0.000000,0.000000,-2944.000000,0.000000,196.000000
0.000000,0.000000,0.000000,0.000000,-2961.000000,0.000000,0.000000
100.000000,-100.000000,0.000000,0.000000,-2957.000000,0.000000,196.000000
0.000000,0.000000,0.000000,0.000000,-2947.000000,0.000000,0.000000
0.000000,-100.000000,0.000000,0.000000,-2958.000000,0.000000,196.000000
-100.000000,-100.000000,0.000000,0.000000,-2939.000000,0.000000,0.000000
100.000000,-100.000000,0.000000,0.000000,-2947.000000,0.000000,196.000000
0.000000,0.000000,0.000000,0.000000,-2955.000000,0.000000,0.000000
100.000000,-200.000000,0.000000,0.000000,-2945.000000,0.000000,196.000000
100.000000,0.000000,0.000000,0.000000,-2938.000000,0.000000,0.000000
100.000000,0.000000,0.000000,0.000000,-2965.000000,0.000000,196.000000
200.000000,-200.000000,0.000000,0.000000,-2987.000000,0.000000,0.000000
-100.000000,0.000000,0.000000,0.000000,-3014.000000,0.000000,0.000000
0.000000,-100.000000,0.000000,0.000000,-2988.000000,0.000000,0.000000
-100.000000,0.000000,0.000000,0.000000,-3021.000000,0.000000,0.000000
0.000000,-300.000000,0.000000,0.000000,-3029.000000,0.000000,0.000000
100.000000,0.000000,0.000000,0.000000,-3006.000000,0.000000,0.000000
0.000000,0.000000,0.000000,0.000000,-3008.000000,0.000000,0.000000
100.000000,-200.000000,0.000000,0.000000,-3040.000000,0.000000,0.000000
0.000000,-200.000000,0.000000,0.000000,-3051.000000,0.000000,0.000000
-100.000000,-300.000000,0.000000,0.000000,-3027.000000,0.000000,0.000000
0.000000,0.000000,0.000000,0.000000,-3025.000000,0.000000,0.000000
-200.000000,0.000000,0.000000,0.000000,-3016.000000,0.000000,0.000000
0.000000,-200.000000,0.000000,0.000000,-3024.000000,0.000000,0.000000
0.000000,0.000000,0.000000,0.000000,-3035.000000,0.000000,0.000000
100.000000,-200.000000,0.000000,0.000000,-3036.000000,0.000000,0.000000
0.000000,0.000000,0.000000,0.000000,-3046.000000,0.000000,0.000000
100.000000,-100.000000,0.000000,0.000000,-3061.000000,0.000000,0.000000
-100.000000,-100.000000,0.000000,0.000000,-3076.000000,0.000000,0.000000
0.000000,-200.000000,0.000000,0.000000,-3092.000000,0.000000,0.000000
-200.000000,100.000000,0.000000,0.000000,-3073.000000,0.000000,0.000000
0.000000,100.000000,0.000000,0.000000,-3045.000000,0.000000,0.000000
0.000000,-100.000000,0.000000,0.000000,-3057.000000,0.000000,0.000000
-300.000000,0.000000,0.000000,0.000000,-3055.000000,0.000000,0.000000
100.000000,-100.000000,0.000000,0.000000,-3033.000000,0.000000,0.000000
-100.000000,200.000000,0.000000,0.000000,-3041.000000,0.000000,0.000000
0.000000,0.000000,0.000000,0.000000,-3020.000000,0.000000,0.000000
-100.000000,0.000000,0.000000,0.000000,-3019.000000,0.000000,0.000000
-100.000000,-100.000000,0.000000,0.000000,-3028.000000,0.000000,0.000000
0.000000,200.000000,0.000000,0.000000,-3023.000000,0.000000,0.000000
0.000000,100.000000,0.000000,0.000000,-3020.000000,0.000000,0.000000
0.000000,-200.000000,0.000000,0.000000,-3014.000000,0.000000,0.000000
0.000000,-200.000000,0.000000,0.000000,-2989.000000,0.000000,0.000000
100.000000,0.000000,0.000000,0.000000,-2992.000000,0.000000,0.000000
100.000000,0.000000,0.000000,0.000000,-2996.000000,0.000000,0.000000
200.000000,0.000000,0.000000,0.000000,-2990.000000,0.000000,0.000000
0.000000,0.000000,0.000000,0.000000,-2977.000000,0.000000,0.000000
100.000000,0.000000,0.000000,0.000000,-2980.000000,0.000000,0.000000
0.000000,-100.000000,0.000000,0.000000,-2983.000000,0.000000,0.000000
100.000000,0.000000,0.000000,0.000000,-2982.000000,0.000000,0.000000
-200.000000,0.000000,0.000000,0.000000,-2951.000000,0.000000,0.000000
100.000000,-100.000000,0.000000,0.000000,-2952.000000,0.000000,0.000000
200.000000,-100.000000,0.000000,0.000000,-2925.000000,0.000000,0.000000
-100.000000,0.000000,0.000000,0.000000,-2913.000000,0.000000,0.000000
0.000000,-100.000000,0.000000,0.000000,-2901.000000,0.000000,0.000000
0.000000,-300.000000,0.000000,0.000000,-2937.000000,0.000000,0.000000
0.000000,200.000000,0.000000,0.000000,-2970.000000,0.000000,0.000000
0.000000,-100.000000,0.000000,0.000000,-3002.000000,0.000000,0.000000
-200.000000,0.000000,0.000000,0.000000,-3034.000000,0.000000,0.000000
0.000000,0.000000,0.000000,0.000000,-3045.000000,0.000000,0.000000
-100.000000,200.000000,0.000000,0.000000,-3053.000000,0.000000,0.000000
0.000000,0.000000,0.000000,0.000000,-3029.000000,0.000000,0.000000
0.000000,0.000000,0.000000,0.000000,-3030.000000,0.000000,0.000000
-100.000000,0.000000,0.000000,0.000000,-3033.000000,0.000000,0.000000
0.000000,-100.000000,0.000000,0.000000,-2988.000000,0.000000,0.000000
0.000000,-100.000000,78.000000,78.000000,-2982.000000,0.000000,0.000000
-100.000000,0.000000,0.000000,0.000000,-2914.000000,0.000000,0.000000
100.000000,0.000000,0.000000,0.000000,-2863.000000,0.000000,0.000000
-100.000000,-100.000000,0.000000,0.000000,-2860.000000,0.000000,0.000000
0.000000,0.000000,0.000000,0.000000,-2933.000000,0.000000,0.000000
0.000000,-100.000000,0.000000,0.000000,-3015.000000,0.000000,0.000000
0.000000,-300.000000,0.000000,0.000000,-3086.000000,0.000000,0.000000
0.000000,-100.000000,0.000000,0.000000,-3159.000000,0.000000,0.000000
0.000000,-100.000000,0.000000,0.000000,-3153.000000,0.000000,0.000000
100.000000,0.000000,0.000000,0.000000,-3138.000000,0.000000,0.000000
-200.000000,0.000000,0.000000,0.000000,-3085.000000,0.000000,0.000000
-100.000000,0.000000,0.000000,0.000000,-3064.000000,0.000000,0.000000
-100.000000,200.000000,0.000000,0.000000,-3048.000000,0.000000,0.000000
0.000000,0.000000,0.000000,0.000000,-3014.000000,0.000000,0.000000
-200.000000,300.000000,0.000000,0.000000,-3002.000000,0.000000,0.000000
0.000000,0.000000,0.000000,0.000000,-2993.000000,0.000000,0.000000
-100.000000,0.000000,0.000000,0.000000,-2991.000000,0.000000,0.000000
-100.000000,0.000000,0.000000,0.000000,-2979.000000,0.000000,0.000000
0.000000,100.000000,0.000000,0.000000,-2978.000000,0.000000,0.000000
0.000000,0.000000,0.000000,0.000000,-3002.000000,0.000000,0.000000
200.000000,-100.000000,0.000000,0.000000,-2995.000000,0.000000,0.000000
-100.000000,0.000000,0.000000,0.000000,-2997.000000,0.000000,0.000000
0.000000,-200.000000,0.000000,0.000000,-2981.000000,0.000000,0.000000
-100.000000,-100.000000,0.000000,0.000000,-3011.000000,0.000000,0.000000
-200.000000,-100.000000,0.000000,0.000000,-3027.000000,0.000000,0.000000
0.000000,-200.000000,0.000000,0.000000,-3049.000000,0.000000,0.000000
0.000000,-200.000000,0.000000,0.000000,-3046.000000,0.000000,0.000000
-100.000000,0.000000,0.000000,0.000000,-3027.000000,0.000000,0.000000
-100.000000,-200.000000,0.000000,0.000000,-3051.000000,0.000000,0.000000
-100.000000,-100.000000,0.000000,0.000000,-3078.000000,0.000000,0.000000
-200.000000,-300.000000,0.000000,0.000000,-3110.000000,0.000000,0.000000
-100.000000,100.000000,0.000000,0.000000,-3118.000000,0.000000,0.000000
0.000000,-100.000000,0.000000,0.000000,-3121.000000,0.000000,0.000000
0.000000,-200.000000,0.000000,0.000000,-3110.000000,0.000000,0.000000
0.000000,-400.000000,0.000000,0.000000,-3101.000000,0.000000,0.000000
-200.000000,-200.000000,0.000000,0.000000,-3117.000000,196.000000,0.000000
0.000000,0.000000,0.000000,0.000000,-3082.000000,0.000000,0.000000
-200.000000,300.000000,0.000000,0.000000,-3100.000000,0.000000,0.000000
200.000000,100.000000,0.000000,0.000000,-3087.000000,196.000000,0.000000
-200.000000,0.000000,0.000000,0.000000,-3068.000000,0.000000,196.000000
-100.000000,0.000000,0.000000,0.000000,-3035.000000,196.000000,0.000000
100.000000,0.000000,0.000000,0.000000,-3004.000000,196.000000,0.000000
-100.000000,0.000000,0.000000,0.000000,-3019.000000,0.000000,196.000000
0.000000,-500.000000,0.000000,0.000000,-3011.000000,0.000000,0.000000
0.000000,-100.000000,0.000000,0.000000,-3031.000000,0.000000,0.000000
-100.000000,200.000000,0.000000,0.000000,-3013.000000,0.000000,0.000000
100.000000,-100.000000,0.000000,0.000000,-3006.000000,0.000000,0.000000
-100.000000,0.000000,0.000000,0.000000,-3006.000000,0.000000,0.000000
-100.000000,-100.000000,0.000000,0.000000,-3029.000000,0.000000,0.000000
-100.000000,0.000000,0.000000,0.000000,-3051.000000,0.000000,0.000000
-200.000000,-100.000000,0.000000,0.000000,-3078.000000,0.000000,0.000000
0.000000,0.000000,0.000000,0.000000,-3110.000000,0.000000,0.000000
-200.000000,-100.000000,0.000000,0.000000,-3106.000000,0.000000,0.000000
0.000000,0.000000,0.000000,0.000000,-3097.000000,0.000000,0.000000
-200.000000,-100.000000,0.000000,0.000000,-3067.000000,0.000000,0.000000
0.000000,0.000000,0.000000,0.000000,-3045.000000,0.000000,0.000000
-100.000000,0.000000,0.000000,0.000000,-3010.000000,0.000000,0.000000
0.000000,100.000000,0.000000,0.000000,-3020.000000,0.000000,0.000000
-100.000000,100.000000,0.000000,0.000000,-3010.000000,0.000000,0.000000
0.000000,-100.000000,0.000000,0.000000,-3021.000000,0.000000,0.000000
-100.000000,-100.000000,0.000000,0.000000,-3029.000000,0.000000,0.000000
-100.000000,0.000000,0.000000,0.000000,-3014.000000,0.000000,0.000000
-200.000000,0.000000,0.000000,0.000000,-2994.000000,0.000000,0.000000
-200.000000,-100.000000,0.000000,0.000000,-2980.000000,0.000000,0.000000
-200.000000,17800.000000,20000.000000,20000.000000,-3006.000000,392.000000,589.000000
19400.000000,18700.000000,20000.000000,20000.000000,-3012.000000,4908.000000,4712.000000
17000.000000,17900.000000,20000.000000,20000.000000,-2844.000000,8050.000000,6479.000000
21900.000000,21200.000000,20000.000000,20000.000000,-2951.000000,5301.000000,3141.000000
20200.000000,19800.000000,20000.000000,20000.000000,-3087.000000,-392.000000,-1374.000000
20200.000000,19200.000000,20000.000000,20000.000000,-3390.000000,-1963.000000,-981.000000
19000.000000,15900.000000,20000.000000,20000.000000,-3536.000000,0.000000,1767.000000
17500.000000,16500.000000,20000.000000,20000.000000,-2198.000000,3730.000000,4319.000000
17700.000000,17600.000000,20000.000000,20000.000000,-1668.000000,6283.000000,5301.000000
18500.000000,21000.000000,20000.000000,20000.000000,-2318.000000,5890.000000,4516.000000
19900.000000,20500.000000,20000.000000,20000.000000,-2910.000000,2748.000000,2356.000000
20300.000000,19700.000000,20000.000000,20000.000000,-2878.000000,589.000000,1178.000000
20100.000000,18700.000000,20000.000000,20000.000000,-2388.000000,1767.000000,3141.000000
21100.000000,19500.000000,20000.000000,20000.000000,-2432.000000,5694.000000,5694.000000
20500.000000,20800.000000,20000.000000,20000.000000,-2671.000000,8246.000000,6675.000000
19200.000000,20300.000000,20000.000000,20000.000000,-3163.000000,6872.000000,4319.000000
22900.000000,21800.000000,20000.000000,20000.000000,-3125.000000,3534.000000,2945.000000
18900.000000,21200.000000,20000.000000,20000.000000,-2596.000000,2159.000000,3337.000000
17100.000000,17100.000000,20000.000000,20000.000000,-2700.000000,4123.000000,5105.000000
21500.000000,18100.000000,20000.000000,20000.000000,-2679.000000,6675.000000,6086.000000
18800.000000,18800.000000,20000.000000,20000.000000,-2636.000000,7853.000000,6086.000000
19100.000000,18800.000000,20000.000000,20000.000000,-2772.000000,6872.000000,5105.000000
22100.000000,19300.000000,20000.000000,20000.000000,-2858.000000,4319.000000,4516.000000
18200.000000,20700.000000,20000.000000,20000.000000,-3005.000000,3141.000000,4516.000000
19500.000000,17600.000000,20000.000000,20000.000000,-2913.000000,4319.000000,5497.000000
17600.000000,17900.000000,20000.000000,20000.000000,-2750.000000,6479.000000,6086.000000
19400.000000,18200.000000,20000.000000,20000.000000,-2818.000000,7461.000000,5890.000000
19800.000000,19000.000000,20000.000000,20000.000000,-2924.000000,6283.000000,4516.000000
22300.000000,19700.000000,20000.000000,20000.000000,-2809.000000,4319.000000,3926.000000
18600.000000,23300.000000,20000.000000,20000.000000,-2390.000000,3534.000000,5105.000000
20500.000000,19100.000000,20000.000000,20000.000000,-2438.000000,4319.000000,5890.000000
21600.000000,19700.000000,20000.000000,20000.000000,-2405.000000,5497.000000,5694.000000
20000.000000,18300.000000,20000.000000,20000.000000,-2279.000000,6086.000000,4712.000000
22100.000000,18600.000000,20000.000000,20000.000000,-2357.000000,5301.000000,4123.000000
21800.000000,18800.000000,20000.000000,20000.000000,-2444.000000,4516.000000,4319.000000
19000.000000,20200.000000,20000.000000,20000.000000,-2377.000000,3730.000000,4712.000000
17600.000000,18400.000000,20000.000000,20000.000000,-2436.000000,3926.000000,5105.000000
19700.000000,18200.000000,20000.000000,20000.000000,-2447.000000,4516.000000,5301.000000
20400.000000,20100.000000,20000.000000,20000.000000,-2314.000000,4908.000000,3926.000000
21400.000000,18700.000000,20000.000000,20000.000000,-2327.000000,4319.000000,2356.000000
17300.000000,18800.000000,20000.000000,20000.000000,-2435.000000,3337.000000,2748.000000
21800.000000,18600.000000,20000.000000,20000.000000,-2466.000000,3337.000000,4123.000000
21400.000000,22400.000000,20000.000000,20000.000000,-2368.000000,3730.000000,4516.000000
21300.000000,20400.000000,20000.000000,20000.000000,-2324.000000,4123.000000,4123.000000
22200.000000,20800.000000,20000.000000,20000.000000,-2431.000000,3730.000000,3534.000000
19700.000000,20200.000000,20000.000000,20000.000000,-2583.000000,3337.000000,3337.000000
16900.000000,18200.000000,20000.000000,20000.000000,-2612.000000,2945.000000,3730.000000
21400.000000,21900.000000,20000.000000,20000.000000,-2503.000000,2748.000000,3926.000000
22400.000000,17600.000000,20000.000000,20000.000000,-2588.000000,3141.000000,3534.000000
17900.000000,20500.000000,20000.000000,20000.000000,-2641.000000,3730.000000,3141.000000
18500.000000,19200.000000,20000.000000,20000.000000,-2688.000000,3534.000000,3141.000000
19100.000000,18700.000000,20000.000000,20000.000000,-2738.000000,3141.000000,2945.000000
19400.000000,20600.000000,20000.000000,20000.000000,-2779.000000,3141.000000,3141.000000
20800.000000,18300.000000,20000.000000,20000.000000,-2771.000000,3337.000000,3141.000000
17600.000000,18400.000000,20000.000000,20000.000000,-2738.000000,3534.000000,3141.000000
18000.000000,18600.000000,20000.000000,20000.000000,-2818.000000,3534.000000,3337.000000
22000.000000,21500.000000,20000.000000,20000.000000,-2841.000000,3730.000000,3337.000000
20600.000000,21500.000000,20000.000000,20000.000000,-2818.000000,3730.000000,3534.000000
18000.000000,19000.000000,20000.000000,20000.000000,-2758.000000,3730.000000,3730.000000
17900.000000,18500.000000,20000.000000,20000.000000,-2708.000000,4319.000000,3730.000000
18000.000000,19300.000000,20000.000000,20000.000000,-2731.000000,4516.000000,3926.000000
18300.000000,20500.000000,20000.000000,20000.000000,-2686.000000,4908.000000,4123.000000
18100.000000,18300.000000,20000.000000,20000.000000,-2633.000000,5105.000000,4319.000000
18100.000000,20600.000000,20000.000000,20000.000000,-2610.000000,4712.000000,4908.000000
21200.000000,18300.000000,20000.000000,20000.000000,-2585.000000,4908.000000,5301.000000
19900.000000,21500.000000,20000.000000,20000.000000,-2655.000000,5301.000000,5890.000000
17900.000000,18400.000000,20000.000000,20000.000000,-2678.000000,5890.000000,6872.000000
18800.000000,18300.000000,20000.000000,20000.000000,-2560.000000,6283.000000,5301.000000
21600.000000,19300.000000,20000.000000,20000.000000,-2546.000000,6675.000000,5694.000000
21000.000000,20200.000000,20000.000000,20000.000000,-2603.000000,7068.000000,6479.000000
18700.000000,18400.000000,20000.000000,20000.000000,-2645.000000,6675.000000,7264.000000
21600.000000,20900.000000,20000.000000,20000.000000,-2629.000000,6872.000000,7657.000000
19300.000000,19000.000000,20000.000000,20000.000000,-2670.000000,7461.000000,7264.000000
18600.000000,19600.000000,20000.000000,20000.000000,-2723.000000,8443.000000,7068.000000
21600.000000,18600.000000,20000.000000,20000.000000,-2879.000000,8835.000000,7461.000000
20700.000000,21000.000000,20000.000000,20000.000000,-2819.000000,8639.000000,8639.000000
18700.000000,21000.000000,20000.000000,20000.000000,-2619.000000,8443.000000,10406.000000
20600.000000,18300.000000,20000.000000,20000.000000,-2681.000000,9228.000000,9621.000000
20300.000000,21000.000000,20000.000000,20000.000000,-2877.000000,10406.000000,8835.000000
19300.000000,18500.000000,20000.000000,20000.000000,-2715.000000,10602.000000,9032.000000
19500.000000,19000.000000,20000.000000,20000.000000,-2663.000000,10210.000000,9817.000000
18900.000000,19400.000000,20000.000000,20000.000000,-2688.000000,10210.000000,9621.000000
21000.000000,20400.000000,20000.000000,20000.000000,-2614.000000,10210.000000,10602.000000
18800.000000,18900.000000,20000.000000,20000.000000,-2519.000000,11191.000000,10799.000000
20800.000000,20000.000000,20000.000000,20000.000000,-2597.000000,11780.000000,10602.000000
18900.000000,21500.000000,20000.000000,20000.000000,-2596.000000,11977.000000,10013.000000
18300.000000,21400.000000,20000.000000,20000.000000,-2470.000000,11191.000000,11388.000000
18300.000000,18600.000000,20000.000000,20000.000000,-2504.000000,11584.000000,11780.000000
18500.000000,18600.000000,20000.000000,20000.000000,-2564.000000,11780.000000,12173.000000
18300.000000,18600.000000,20000.000000,20000.000000,-2437.000000,12173.000000,11780.000000
20200.000000,18500.000000,20000.000000,20000.000000,-2317.000000,12762.000000,11191.000000
20500.000000,19100.000000,20000.000000,20000.000000,-2672.000000,12959.000000,12370.000000
19900.000000,18800.000000,20000.000000,20000.000000,-2284.000000,12370.000000,12762.000000
18500.000000,19100.000000,20000.000000,20000.000000,-2098.000000,12566.000000,12566.000000
21200.000000,21700.000000,20000.000000,20000.000000,-2389.000000,12566.000000,12959.000000
18300.000000,18300.000000,20000.000000,20000.000000,-2119.000000,12959.000000,12959.000000
20800.000000,21100.000000,20000.000000,20000.000000,-2022.000000,13548.000000,12762.000000
18200.000000,19500.000000,20000.000000,20000.000000,-2116.000000,13351.000000,15707.000000
21600.000000,19200.000000,20000.000000,20000.000000,-2028.000000,13155.000000,14726.000000
18500.000000,21300.000000,20000.000000,20000.000000,-2066.000000,13155.000000,12370.000000
19000.000000,18800.000000,20000.000000,20000.000000,-2008.000000,13351.000000,12762.000000
20500.000000,18700.000000,20000.000000,20000.000000,-1770.000000,13548.000000,12566.000000
18200.000000,21900.000000,20000.000000,20000.000000,-1773.000000,13548.000000,11388.000000
21400.000000,19500.000000,20000.000000,20000.000000,-1838.000000,13548.000000,12959.000000
19200.000000,18700.000000,20000.000000,20000.000000,-1758.000000,13155.000000,12762.000000
18100.000000,21800.000000,20000.000000,20000.000000,-1645.000000,12762.000000,12370.000000
19100.000000,18500.000000,20000.000000,20000.000000,-1647.000000,12959.000000,12370.000000
21400.000000,19500.000000,20000.000000,20000.000000,-1591.000000,13155.000000,12173.000000
19900.000000,19300.000000,20000.000000,20000.000000,-1673.000000,12762.000000,12566.000000
18400.000000,19700.000000,20000.000000,20000.000000,-1762.000000,12566.000000,12173.000000
18600.000000,18600.000000,20000.000000,20000.000000,-1857.000000,12370.000000,11780.000000
0.000000,-100.000000,0.000000,0.000000,-1803.000000,10799.000000,10602.000000
0.000000,-100.000000,0.000000,0.000000,-1831.000000,8246.000000,8050.000000
0.000000,-100.000000,0.000000,0.000000,-2053.000000,8246.000000,7657.000000
-100.000000,0.000000,0.000000,0.000000,-2218.000000,9228.000000,8639.000000
0.000000,-100.000000,0.000000,0.000000,-2349.000000,11191.000000,9621.000000
200.000000,0.000000,0.000000,0.000000,-2054.000000,12173.000000,10406.000000
100.000000,0.000000,0.000000,0.000000,-2239.000000,11977.000000,11780.000000
0.000000,-100.000000,0.000000,0.000000,-2631.000000,10406.000000,10210.000000
0.000000,0.000000,0.000000,0.000000,-2304.000000,7657.000000,7853.000000
0.000000,-100.000000,0.000000,0.000000,-2298.000000,6675.000000,6283.000000
0.000000,-200.000000,0.000000,0.000000,-2316.000000,7068.000000,6086.000000
0.000000,-100.000000,0.000000,0.000000,-2375.000000,7264.000000,6086.000000
0.000000,0.000000,0.000000,0.000000,-2460.000000,8639.000000,6675.000000
0.000000,-700.000000,0.000000,0.000000,-2198.000000,8835.000000,7853.000000
-100.000000,-100.000000,0.000000,0.000000,-2759.000000,8639.000000,7853.000000
0.000000,0.000000,0.000000,0.000000,-2890.000000,7657.000000,7853.000000
200.000000,0.000000,0.000000,0.000000,-2147.000000,6479.000000,8050.000000
100.000000,-100.000000,0.000000,0.000000,-2634.000000,5890.000000,8246.000000
0.000000,-200.000000,0.000000,0.000000,-2407.000000,5890.000000,8443.000000
100.000000,-100.000000,0.000000,0.000000,-2351.000000,6086.000000,6283.000000
0.000000,-200.000000,0.000000,0.000000,-2793.000000,7068.000000,5890.000000
0.000000,-100.000000,0.000000,0.000000,-2324.000000,7853.000000,5694.000000
0.000000,-100.000000,0.000000,0.000000,-2292.000000,8443.000000,5497.000000
0.000000,0.000000,0.000000,0.000000,-2450.000000,7853.000000,5497.000000
0.000000,-100.000000,0.000000,0.000000,-2591.000000,8050.000000,6675.000000
0.000000,-100.000000,0.000000,0.000000,-2829.000000,7853.000000,7657.000000
0.000000,0.000000,0.000000,0.000000,-2257.000000,7461.000000,7068.000000
-100.000000,-100.000000,0.000000,0.000000,-2191.000000,7461.000000,7461.000000
0.000000,0.000000,0.000000,0.000000,-2546.000000,7461.000000,8246.000000
-100.000000,-100.000000,0.000000,0.000000,-2608.000000,8443.000000,7853.000000
0.000000,-100.000000,0.000000,0.000000,-2306.000000,9621.000000,7853.000000
0.000000,0.000000,0.000000,0.000000,-2176.000000,10799.000000,8443.000000
300.000000,-200.000000,0.000000,0.000000,-2254.000000,10602.000000,9228.000000
0.000000,-100.000000,0.000000,0.000000,-2428.000000,10406.000000,10406.000000
100.000000,-200.000000,0.000000,0.000000,-2424.000000,10406.000000,10406.000000
100.000000,0.000000,0.000000,0.000000,-2226.000000,10210.000000,10210.000000
0.000000,0.000000,0.000000,0.000000,-2511.000000,10602.000000,10406.000000
0.000000,-200.000000,0.000000,0.000000,-2561.000000,11977.000000,10210.000000
100.000000,-200.000000,0.000000,0.000000,-2335.000000,13351.000000,11191.000000
0.000000,0.000000,0.000000,0.000000,-2555.000000,13744.000000,12370.000000
0.000000,-100.000000,0.000000,0.000000,-2772.000000,13548.000000,12566.000000
0.000000,-100.000000,0.000000,0.000000,-2527.000000,13548.000000,11780.000000
0.000000,0.000000,0.000000,0.000000,-2345.000000,13351.000000,11191.000000
100.000000,0.000000,0.000000,0.000000,-2628.000000,13744.000000,12566.000000
0.000000,0.000000,0.000000,0.000000,-2464.000000,14333.000000,13548.000000
0.000000,0.000000,0.000000,0.000000,-2317.000000,15511.000000,14333.000000
0.000000,0.000000,0.000000,0.000000,-2421.000000,15904.000000,14333.000000
0.000000,200.000000,0.000000,0.000000,-2385.000000,15707.000000,14529.000000
0.000000,100.000000,0.000000,0.000000,-2276.000000,15707.000000,14726.000000
0.000000,-100.000000,0.000000,0.000000,-2201.000000,15315.000000,17475.000000
0.000000,0.000000,0.000000,0.000000,-2393.000000,15315.000000,14922.000000
0.000000,100.000000,0.000000,0.000000,-2325.000000,15904.000000,15315.000000
200.000000,0.000000,0.000000,0.000000,-2010.000000,16297.000000,14726.000000
0.000000,0.000000,0.000000,0.000000,-1991.000000,16689.000000,13548.000000
0.000000,200.000000,0.000000,0.000000,-2100.000000,16493.000000,15118.000000
0.000000,-100.000000,0.000000,0.000000,-2016.000000,16493.000000,14726.000000
0.000000,-200.000000,0.000000,0.000000,-1942.000000,16297.000000,14137.000000
-100.000000,-200.000000,0.000000,0.000000,-1787.000000,16100.000000,15118.000000
0.000000,0.000000,0.000000,0.000000,-1637.000000,16297.000000,15315.000000
400.000000,0.000000,156.000000,156.000000,-1553.000000,16100.000000,15511.000000
0.000000,-100.000000,0.000000,0.000000,-1598.000000,16100.000000,13548.000000
0.000000,0.000000,0.000000,0.000000,-1517.000000,16493.000000,14529.000000
-100.000000,0.000000,0.000000,0.000000,-1354.000000,16297.000000,14529.000000
0.000000,0.000000,0.000000,0.000000,-1303.000000,16100.000000,12566.000000
0.000000,0.000000,0.000000,0.000000,-875.000000,16100.000000,13155.000000
0.000000,-100.000000,0.000000,0.000000,-1032.000000,15707.000000,13155.000000
0.000000,-100.000000,0.000000,0.000000,-937.000000,15315.000000,12959.000000
-100.000000,0.000000,0.000000,0.000000,-654.000000,15315.000000,12566.000000
0.000000,0.000000,0.000000,0.000000,-450.000000,15315.000000,12173.000000
0.000000,-100.000000,0.000000,0.000000,-394.000000,14529.000000,11977.000000
0.000000,0.000000,0.000000,0.000000,-506.000000,14529.000000,12173.000000
0.000000,-200.000000,0.000000,0.000000,-265.000000,13940.000000,14333.000000
0.000000,200.000000,0.000000,0.000000,-243.000000,12959.000000,10602.000000
0.000000,-100.000000,0.000000,0.000000,-236.000000,11388.000000,10406.000000
0.000000,-100.000000,0.000000,0.000000,-168.000000,10210.000000,10013.000000
0.000000,0.000000,0.000000,0.000000,-111.000000,9817.000000,9621.000000
-100.000000,0.000000,0.000000,0.000000,102.000000,9817.000000,9228.000000
0.000000,0.000000,0.000000,0.000000,19.000000,9228.000000,8050.000000
0.000000,0.000000,0.000000,0.000000,-151.000000,9032.000000,7853.000000
0.000000,-100.000000,0.000000,0.000000,-132.000000,8835.000000,8246.000000
0.000000,0.000000,0.000000,0.000000,95.000000,8835.000000,8246.000000
100.000000,-100.000000,0.000000,0.000000,-176.000000,8246.000000,7657.000000
0.000000,-100.000000,0.000000,0.000000,-261.000000,7853.000000,7264.000000
200.000000,100.000000,0.000000,0.000000,-169.000000,7853.000000,6872.000000
-100.000000,-100.000000,0.000000,0.000000,-379.000000,7657.000000,5890.000000
0.000000,100.000000,0.000000,0.000000,-380.000000,7461.000000,6086.000000
200.000000,-200.000000,0.000000,0.000000,-330.000000,7068.000000,5497.000000
-100.000000,100.000000,0.000000,0.000000,-286.000000,7068.000000,5301.000000
0.000000,-200.000000,0.000000,0.000000,-425.000000,6675.000000,5105.000000
-100.000000,0.000000,0.000000,0.000000,-513.000000,6675.000000,4319.000000
-100.000000,0.000000,0.000000,0.000000,-419.000000,6283.000000,4516.000000
100.000000,100.000000,0.000000,0.000000,-300.000000,6086.000000,4319.000000
0.000000,0.000000,0.000000,0.000000,-307.000000,5890.000000,4319.000000
200.000000,0.000000,0.000000,0.000000,-484.000000,5694.000000,4712.000000
0.000000,-100.000000,0.000000,0.000000,-538.000000,5301.000000,5497.000000
0.000000,100.000000,0.000000,0.000000,-406.000000,5301.000000,5301.000000
-100.000000,100.000000,0.000000,0.000000,-421.000000,5105.000000,5890.000000
0.000000,-200.000000,0.000000,0.000000,-434.000000,5301.000000,5890.000000
100.000000,-100.000000,0.000000,0.000000,-533.000000,6086.000000,5694.000000
0.000000,-100.000000,0.000000,0.000000,-684.000000,7853.000000,5301.000000
200.000000,-200.000000,0.000000,0.000000,-643.000000,8835.000000,5301.000000
100.000000,-100.000000,0.000000,0.000000,-957.000000,8639.000000,5497.000000
100.000000,100.000000,0.000000,0.000000,-874.000000,8443.000000,6086.000000
200.000000,-100.000000,0.000000,0.000000,-711.000000,8246.000000,6086.000000
0.000000,0.000000,0.000000,0.000000,-848.000000,8050.000000,6479.000000
0.000000,100.000000,0.000000,0.000000,-1010.000000,7853.000000,7657.000000
300.000000,-100.000000,0.000000,0.000000,-926.000000,7853.000000,7657.000000
-100.000000,0.000000,0.000000,0.000000,-949.000000,8443.000000,7461.000000
0.000000,0.000000,0.000000,0.000000,-1093.000000,9621.000000,7461.000000
0.000000,100.000000,0.000000,0.000000,-1126.000000,10995.000000,8050.000000
200.000000,0.000000,0.000000,0.000000,-988.000000,11191.000000,9228.000000
0.000000,-100.000000,0.000000,0.000000,-1107.000000,11191.000000,9621.000000
0.000000,0.000000,0.000000,0.000000,-1275.000000,10799.000000,10013.000000
100.000000,100.000000,0.000000,0.000000,-1334.000000,10995.000000,10210.000000
0.000000,-200.000000,0.000000,0.000000,-1336.000000,10799.000000,10406.000000
-100.000000,-100.000000,0.000000,0.000000,-1173.000000,11388.000000,13155.000000
100.000000,-200.000000,0.000000,0.000000,-1360.000000,12566.000000,10406.000000
-100.000000,0.000000,0.000000,0.000000,-1221.000000,13351.000000,10995.000000
0.000000,-300.000000,0.000000,0.000000,-1138.000000,13548.000000,11584.000000
100.000000,-100.000000,0.000000,0.000000,-1159.000000,13351.000000,11584.000000
0.000000,-100.000000,0.000000,0.000000,-1181.000000,13155.000000,10210.000000
0.000000,0.000000,156.000000,156.000000,-1294.000000,13351.000000,10799.000000
700.000000,100.000000,0.000000,0.000000,-1269.000000,13744.000000,11977.000000
0.000000,-100.000000,0.000000,0.000000,-1068.000000,14333.000000,11977.000000
0.000000,0.000000,0.000000,0.000000,-1108.000000,14922.000000,12173.000000
0.000000,0.000000,0.000000,0.000000,-1101.000000,15118.000000,12566.000000
0.000000,-100.000000,0.000000,0.000000,-1139.000000,14922.000000,12959.000000
100.000000,-100.000000,0.000000,0.000000,-1078.000000,14922.000000,12566.000000
-100.000000,0.000000,0.000000,0.000000,-1173.000000,14529.000000,12762.000000
0.000000,-100.000000,0.000000,0.000000,-1060.000000,14529.000000,11388.000000
300.000000,-100.000000,0.000000,0.000000,-1012.000000,14333.000000,12370.000000
-100.000000,100.000000,0.000000,0.000000,-983.000000,14333.000000,12566.000000
100.000000,-100.000000,0.000000,0.000000,-1061.000000,14137.000000,12566.000000
-200.000000,0.000000,0.000000,0.000000,-1051.000000,14333.000000,10210.000000
0.000000,-100.000000,0.000000,0.000000,-861.000000,14333.000000,12173.000000
0.000000,0.000000,0.000000,0.000000,-892.000000,14333.000000,11977.000000
100.000000,100.000000,0.000000,0.000000,-786.000000,14137.000000,11584.000000
0.000000,-200.000000,0.000000,0.000000,-748.000000,13744.000000,11388.000000
0.000000,0.000000,0.000000,0.000000,-543.000000,13548.000000,10995.000000
-100.000000,-200.000000,0.000000,0.000000,-532.000000,13351.000000,10799.000000
-100.000000,0.000000,0.000000,0.000000,-329.000000,13351.000000,10799.000000
300.000000,100.000000,0.000000,0.000000,-344.000000,12762.000000,11191.000000
0.000000,0.000000,0.000000,0.000000,-324.000000,12173.000000,13155.000000
0.000000,-100.000000,0.000000,0.000000,-191.000000,11584.000000,9817.000000
0.000000,-200.000000,0.000000,0.000000,-228.000000,10799.000000,9424.000000
0.000000,0.000000,0.000000,0.000000,-300.000000,10210.000000,9228.000000
0.000000,-200.000000,0.000000,0.000000,-195.000000,10406.000000,8835.000000
100.000000,0.000000,0.000000,0.000000,17.000000,9817.000000,8246.000000
-100.000000,-100.000000,0.000000,0.000000,-183.000000,9424.000000,7657.000000
0.000000,-100.000000,0.000000,0.000000,-108.000000,9424.000000,7068.000000
200.000000,0.000000,0.000000,0.000000,-34.000000,9424.000000,7853.000000
-100.000000,0.000000,0.000000,0.000000,-39.000000,9032.000000,7461.000000
100.000000,200.000000,0.000000,0.000000,-90.000000,8443.000000,7264.000000
200.000000,-100.000000,0.000000,0.000000,-76.000000,8443.000000,6675.000000
200.000000,100.000000,0.000000,0.000000,52.000000,8246.000000,6283.000000
-100.000000,0.000000,0.000000,0.000000,67.000000,7853.000000,5301.000000
0.000000,0.000000,0.000000,0.000000,-117.000000,7657.000000,5105.000000
100.000000,-100.000000,0.000000,0.000000,-57.000000,6872.000000,4908.000000
0.000000,-100.000000,0.000000,0.000000,53.000000,6479.000000,4712.000000
100.000000,0.000000,0.000000,0.000000,-42.000000,6283.000000,4319.000000
100.000000,0.000000,0.000000,0.000000,-97.000000,5890.000000,4123.000000
200.000000,-100.000000,0.000000,0.000000,19.000000,5694.000000,3926.000000
0.000000,-100.000000,0.000000,0.000000,21.000000,5497.000000,3926.000000
-100.000000,0.000000,0.000000,0.000000,19.000000,5497.000000,4319.000000
100.000000,300.000000,0.000000,0.000000,-89.000000,5497.000000,4516.000000
-900.000000,-300.000000,78.000000,78.000000,-96.000000,5694.000000,4516.000000
-100.000000,0.000000,0.000000,0.000000,-216.000000,6086.000000,4123.000000
200.000000,0.000000,0.000000,0.000000,-189.000000,6283.000000,3730.000000
100.000000,0.000000,0.000000,0.000000,-223.000000,6086.000000,3337.000000
-100.000000,0.000000,0.000000,0.000000,-197.000000,6086.000000,3730.000000
0.000000,-200.000000,0.000000,0.000000,-223.000000,6086.000000,3730.000000
0.000000,-100.000000,0.000000,0.000000,-336.000000,5890.000000,3926.000000
-100.000000,0.000000,0.000000,0.000000,-336.000000,5694.000000,4516.000000
0.000000,0.000000,0.000000,0.000000,-362.000000,6086.000000,4516.000000
100.000000,-200.000000,0.000000,0.000000,-417.000000,6479.000000,4712.000000
100.000000,0.000000,0.000000,0.000000,-445.000000,6675.000000,4516.000000
0.000000,0.000000,0.000000,0.000000,-461.000000,6872.000000,4908.000000
100.000000,-100.000000,0.000000,0.000000,-603.000000,7264.000000,5105.000000
0.000000,100.000000,0.000000,0.000000,-704.000000,7461.000000,5105.000000
-400.000000,-500.000000,156.000000,156.000000,-633.000000,7657.000000,4908.000000
0.000000,-100.000000,0.000000,0.000000,-681.000000,7853.000000,5105.000000
0.000000,-200.000000,0.000000,0.000000,-768.000000,7853.000000,6086.000000
0.000000,-200.000000,0.000000,0.000000,-934.000000,8443.000000,6086.000000
0.000000,-200.000000,0.000000,0.000000,-867.000000,9032.000000,6675.000000
0.000000,-200.000000,0.000000,0.000000,-974.000000,9228.000000,7068.000000
0.000000,0.000000,0.000000,0.000000,-1030.000000,9424.000000,7657.000000
0.000000,-100.000000,0.000000,0.000000,-1156.000000,9424.000000,7461.000000
-100.000000,-100.000000,0.000000,0.000000,-1201.000000,9817.000000,7657.000000
0.000000,100.000000,0.000000,0.000000,-1253.000000,10210.000000,7657.000000
0.000000,-100.000000,0.000000,0.000000,-1253.000000,10602.000000,8246.000000
0.000000,0.000000,0.000000,0.000000,-1254.000000,10995.000000,8835.000000
100.000000,-200.000000,0.000000,0.000000,-1346.000000,11191.000000,9032.000000
0.000000,0.000000,0.000000,0.000000,-1434.000000,11191.000000,9424.000000
100.000000,0.000000,0.000000,0.000000,-1478.000000,11191.000000,8443.000000
0.000000,100.000000,0.000000,0.000000,-1536.000000,10995.000000,9621.000000
-200.000000,-200.000000,0.000000,0.000000,-1548.000000,11191.000000,9817.000000
0.000000,-200.000000,0.000000,0.000000,-1525.000000,11977.000000,9817.000000
100.000000,-500.000000,0.000000,0.000000,-1441.000000,12173.000000,10013.000000
100.000000,-400.000000,0.000000,0.000000,-1545.000000,11977.000000,10013.000000
0.000000,-200.000000,0.000000,0.000000,-1505.000000,11977.000000,9032.000000
100.000000,-200.000000,0.000000,0.000000,-1563.000000,11780.000000,14137.000000
100.000000,-200.000000,0.000000,0.000000,-1570.000000,11780.000000,9817.000000
-100.000000,600.000000,156.000000,156.000000,-1506.000000,11780.000000,9817.000000
-100.000000,-300.000000,0.000000,0.000000,-1551.000000,11977.000000,8639.000000
0.000000,-100.000000,0.000000,0.000000,-1551.000000,11780.000000,9424.000000
0.000000,300.000000,78.000000,78.000000,-1451.000000,11977.000000,10013.000000
400.000000,900.000000,77.000000,78.000000,-1512.000000,11584.000000,9817.000000
-200.000000,0.000000,0.000000,0.000000,-1520.000000,11780.000000,9424.000000
0.000000,0.000000,0.000000,0.000000,-1446.000000,11388.000000,9424.000000
200.000000,-100.000000,0.000000,0.000000,-1442.000000,11388.000000,8246.000000
100.000000,100.000000,0.000000,0.000000,-1284.000000,11191.000000,8639.000000
0.000000,100.000000,0.000000,0.000000,-1508.000000,10995.000000,8835.000000
0.000000,0.000000,0.000000,0.000000,-1446.000000,10799.000000,8835.000000
-100.000000,-200.000000,0.000000,0.000000,-1372.000000,10799.000000,8639.000000
-100.000000,0.000000,0.000000,0.000000,-1546.000000,10602.000000,8443.000000
0.000000,0.000000,0.000000,0.000000,-1463.000000,10406.000000,6283.000000
-100.000000,-100.000000,0.000000,0.000000,-1552.000000,10210.000000,7264.000000
0.000000,100.000000,0.000000,0.000000,-1301.000000,9817.000000,7657.000000
100.000000,100.000000,0.000000,0.000000,-1309.000000,9817.000000,7264.000000
0.000000,-200.000000,0.000000,0.000000,-1339.000000,9817.000000,7068.000000
0.000000,-100.000000,0.000000,0.000000,-1270.000000,9228.000000,6479.000000
-100.000000,-100.000000,0.000000,0.000000,-1196.000000,9032.000000,6479.000000
0.000000,-200.000000,0.000000,0.000000,-1063.000000,8835.000000,6086.000000
-100.000000,-100.000000,0.000000,0.000000,-1063.000000,8639.000000,6086.000000
100.000000,-100.000000,0.000000,0.000000,-1005.000000,8050.000000,5301.000000
100.000000,0.000000,0.000000,0.000000,-889.000000,7264.000000,5105.000000
0.000000,-100.000000,0.000000,0.000000,-847.000000,6283.000000,4712.000000
-100.000000,0.000000,0.000000,0.000000,-859.000000,5694.000000,4712.000000
-200.000000,0.000000,0.000000,0.000000,-864.000000,5890.000000,4319.000000
100.000000,0.000000,0.000000,0.000000,-807.000000,5497.000000,4123.000000
0.000000,0.000000,0.000000,0.000000,-836.000000,4712.000000,3730.000000
-100.000000,100.000000,0.000000,0.000000,-669.000000,4908.000000,3730.000000
0.000000,-200.000000,0.000000,0.000000,-734.000000,4908.000000,3337.000000
0.000000,0.000000,0.000000,0.000000,-672.000000,4319.000000,3337.000000
-400.000000,200.000000,0.000000,0.000000,-778.000000,4319.000000,3141.000000
100.000000,-200.000000,0.000000,0.000000,-845.000000,4123.000000,2159.000000
0.000000,0.000000,0.000000,0.000000,-955.000000,3926.000000,2159.000000
-100.000000,0.000000,0.000000,0.000000,-1083.000000,3730.000000,1767.000000
0.000000,-200.000000,156.000000,156.000000,-982.000000,3730.000000,2356.000000
-100.000000,200.000000,0.000000,0.000000,-1004.000000,3926.000000,4123.000000
100.000000,0.000000,0.000000,0.000000,-1061.000000,4516.000000,2552.000000
200.000000,0.000000,0.000000,0.000000,-1102.000000,5301.000000,3141.000000
0.000000,0.000000,0.000000,0.000000,-1114.000000,5105.000000,3337.000000
300.000000,0.000000,0.000000,0.000000,-1152.000000,5301.000000,2945.000000
-100.000000,-100.000000,0.000000,0.000000,-1210.000000,5105.000000,2945.000000
100.000000,0.000000,0.000000,0.000000,-1177.000000,4908.000000,2748.000000
0.000000,-100.000000,0.000000,0.000000,-1317.000000,4712.000000,2748.000000
0.000000,0.000000,0.000000,0.000000,-1269.000000,4908.000000,2552.000000
0.000000,-100.000000,0.000000,0.000000,-1268.000000,4908.000000,3141.000000
0.000000,-100.000000,0.000000,0.000000,-1336.000000,5694.000000,3534.000000
100.000000,0.000000,0.000000,0.000000,-1335.000000,5890.000000,3926.000000
0.000000,0.000000,78.000000,78.000000,-1364.000000,6283.000000,3926.000000
0.000000,-300.000000,0.000000,0.000000,-1384.000000,6283.000000,3730.000000
0.000000,-300.000000,0.000000,0.000000,-1466.000000,6479.000000,3337.000000
0.000000,0.000000,0.000000,0.000000,-1555.000000,6479.000000,3534.000000
100.000000,-100.000000,0.000000,0.000000,-1562.000000,6675.000000,4712.000000
0.000000,-100.000000,0.000000,0.000000,-1628.000000,7068.000000,7068.000000
100.000000,0.000000,0.000000,0.000000,-1697.000000,7461.000000,5497.000000
100.000000,-200.000000,0.000000,0.000000,-1801.000000,7853.000000,5497.000000
100.000000,0.000000,0.000000,0.000000,-1880.000000,8050.000000,5301.000000
0.000000,-300.000000,0.000000,0.000000,-1861.000000,7853.000000,5301.000000
0.000000,200.000000,0.000000,0.000000,-1947.000000,8050.000000,5497.000000
0.000000,-100.000000,0.000000,0.000000,-1991.000000,8246.000000,5890.000000
100.000000,0.000000,0.000000,0.000000,-2041.000000,8835.000000,5497.000000
0.000000,-100.000000,0.000000,0.000000,-1943.000000,9032.000000,6479.000000
0.000000,-100.000000,0.000000,0.000000,-2061.000000,9032.000000,6675.000000
0.000000,0.000000,0.000000,0.000000,-2097.000000,9424.000000,6675.000000
0.000000,300.000000,0.000000,0.000000,-2174.000000,9424.000000,6479.000000
100.000000,200.000000,0.000000,0.000000,-2222.000000,9424.000000,6675.000000
0.000000,0.000000,0.000000,0.000000,-2229.000000,9424.000000,7068.000000
200.000000,-100.000000,0.000000,0.000000,-2328.000000,9621.000000,7264.000000
100.000000,0.000000,0.000000,0.000000,-2353.000000,9621.000000,6283.000000
100.000000,-300.000000,0.000000,0.000000,-2395.000000,9817.000000,6872.000000
0.000000,-300.000000,0.000000,0.000000,-2372.000000,9621.000000,7068.000000
0.000000,-200.000000,0.000000,0.000000,-2224.000000,9817.000000,7068.000000
0.000000,0.000000,0.000000,0.000000,-2137.000000,9817.000000,6675.000000
0.000000,0.000000,0.000000,0.000000,-2045.000000,9817.000000,6872.000000
0.000000,0.000000,0.000000,0.000000,-1991.000000,9621.000000,6675.000000
0.000000,100.000000,0.000000,0.000000,-1899.000000,9424.000000,6086.000000
200.000000,100.000000,0.000000,0.000000,-1887.000000,9228.000000,5694.000000
100.000000,-200.000000,0.000000,0.000000,-1891.000000,9032.000000,6283.000000
-100.000000,-200.000000,0.000000,0.000000,-1811.000000,9032.000000,6479.000000
0.000000,-200.000000,0.000000,0.000000,-1819.000000,8835.000000,6283.000000
100.000000,0.000000,0.000000,0.000000,-1861.000000,8639.000000,6086.000000
0.000000,0.000000,0.000000,0.000000,-1784.000000,8443.000000,5890.000000
100.000000,100.000000,0.000000,0.000000,-1675.000000,8246.000000,5694.000000
0.000000,-200.000000,0.000000,0.000000,-1619.000000,8050.000000,5301.000000
-100.000000,-100.000000,0.000000,0.000000,-1665.000000,8246.000000,5105.000000
0.000000,-200.000000,0.000000,0.000000,-1639.000000,7657.000000,4908.000000
100.000000,-200.000000,0.000000,0.000000,-1617.000000,7264.000000,4712.000000
0.000000,-300.000000,0.000000,0.000000,-1603.000000,7264.000000,4516.000000
0.000000,-200.000000,0.000000,0.000000,-1654.000000,7068.000000,4123.000000
0.000000,-200.000000,0.000000,0.000000,-1654.000000,6872.000000,4123.000000
0.000000,0.000000,0.000000,0.000000,-1623.000000,6479.000000,3730.000000
0.000000,0.000000,0.000000,0.000000,-1535.000000,5890.000000,3730.000000
0.000000,100.000000,0.000000,0.000000,-1495.000000,4908.000000,3534.000000
0.000000,-200.000000,0.000000,0.000000,-1459.000000,4319.000000,3337.000000
100.000000,0.000000,0.000000,0.000000,-1443.000000,4319.000000,3141.000000
0.000000,0.000000,0.000000,0.000000,-1289.000000,3730.000000,3141.000000
100.000000,-100.000000,0.000000,0.000000,-1286.000000,3730.000000,2945.000000
200.000000,-300.000000,0.000000,0.000000,-1327.000000,3141.000000,2552.000000
-100.000000,0.000000,0.000000,0.000000,-1294.000000,3730.000000,2159.000000
200.000000,-200.000000,0.000000,0.000000,-1324.000000,3337.000000,1963.000000
0.000000,300.000000,0.000000,0.000000,-1312.000000,3337.000000,1767.000000
0.000000,0.000000,0.000000,0.000000,-1361.000000,3926.000000,1767.000000
0.000000,100.000000,0.000000,0.000000,-1308.000000,4516.000000,1767.000000
100.000000,0.000000,0.000000,0.000000,-1293.000000,4516.000000,1963.000000
0.000000,-300.000000,0.000000,0.000000,-1396.000000,4516.000000,1963.000000
100.000000,-100.000000,0.000000,0.000000,-1379.000000,4319.000000,2159.000000
100.000000,0.000000,0.000000,0.000000,-1388.000000,4123.000000,1374.000000
0.000000,0.000000,0.000000,0.000000,-1456.000000,3926.000000,1570.000000
0.000000,0.000000,0.000000,0.000000,-1545.000000,3926.000000,1570.000000
0.000000,100.000000,0.000000,0.000000,-1513.000000,3534.000000,1767.000000
100.000000,0.000000,0.000000,0.000000,-1560.000000,3534.000000,1963.000000
0.000000,-100.000000,0.000000,0.000000,-1662.000000,3534.000000,1767.000000
100.000000,200.000000,0.000000,0.000000,-1660.000000,3337.000000,1767.000000
0.000000,-400.000000,0.000000,0.000000,-1703.000000,3730.000000,1767.000000
0.000000,-200.000000,0.000000,0.000000,-1791.000000,4319.000000,1767.000000
0.000000,100.000000,0.000000,0.000000,-1787.000000,4712.000000,1767.000000
0.000000,100.000000,0.000000,0.000000,-1732.000000,4908.000000,1963.000000
0.000000,200.000000,0.000000,0.000000,-1769.000000,4908.000000,2356.000000
0.000000,-200.000000,0.000000,0.000000,-1805.000000,4712.000000,2356.000000
0.000000,-100.000000,0.000000,0.000000,-1791.000000,4712.000000,2748.000000
0.000000,-300.000000,0.000000,0.000000,-1795.000000,4516.000000,2748.000000
0.000000,100.000000,0.000000,0.000000,-1831.000000,5105.000000,2945.000000
100.000000,0.000000,0.000000,0.000000,-1860.000000,5694.000000,2945.000000
0.000000,0.000000,0.000000,0.000000,-1996.000000,6283.000000,3141.000000
100.000000,0.000000,0.000000,0.000000,-2059.000000,6283.000000,3141.000000
0.000000,500.000000,78.000000,78.000000,-2086.000000,6283.000000,3141.000000
-200.000000,-100.000000,0.000000,0.000000,-2114.000000,5890.000000,3141.000000
0.000000,-100.000000,0.000000,0.000000,-2184.000000,5890.000000,3534.000000
0.000000,0.000000,0.000000,0.000000,-2244.000000,5694.000000,3926.000000
0.000000,500.000000,156.000000,156.000000,-2301.000000,5890.000000,4319.000000
200.000000,-100.000000,0.000000,0.000000,-2328.000000,6086.000000,4319.000000
0.000000,0.000000,0.000000,0.000000,-2436.000000,6675.000000,3926.000000
0.000000,0.000000,0.000000,0.000000,-2429.000000,6872.000000,4123.000000
0.000000,0.000000,0.000000,0.000000,-2347.000000,6675.000000,3926.000000
100.000000,0.000000,0.000000,0.000000,-2442.000000,6675.000000,4123.000000
0.000000,0.000000,0.000000,0.000000,-2550.000000,6675.000000,4319.000000
100.000000,0.000000,0.000000,0.000000,-2504.000000,6675.000000,4319.000000
0.000000,-200.000000,0.000000,0.000000,-2454.000000,6479.000000,4123.000000
100.000000,-400.000000,78.000000,78.000000,-2527.000000,6675.000000,3730.000000
0.000000,100.000000,0.000000,0.000000,-2608.000000,6872.000000,4319.000000
100.000000,-100.000000,0.000000,0.000000,-2572.000000,6872.000000,4319.000000
0.000000,-100.000000,0.000000,0.000000,-2552.000000,7068.000000,4123.000000
0.000000,0.000000,0.000000,0.000000,-2620.000000,6872.000000,3926.000000
0.000000,0.000000,0.000000,0.000000,-2584.000000,6675.000000,3926.000000
0.000000,-400.000000,0.000000,0.000000,-2531.000000,6675.000000,3926.000000
0.000000,-100.000000,0.000000,0.000000,-2508.000000,6283.000000,3730.000000
0.000000,-200.000000,0.000000,0.000000,-2491.000000,6283.000000,3730.000000
0.000000,-100.000000,0.000000,0.000000,-2532.000000,5694.000000,3534.000000
0.000000,-100.000000,0.000000,0.000000,-2327.000000,5694.000000,3141.000000
0.000000,100.000000,0.000000,0.000000,-3428.000000,5694.000000,3730.000000
100.000000,0.000000,0.000000,0.000000,-2973.000000,5105.000000,2748.000000
0.000000,-200.000000,0.000000,0.000000,-2849.000000,5301.000000,2356.000000
0.000000,-100.000000,0.000000,0.000000,-3780.000000,5105.000000,1963.000000
100.000000,-200.000000,0.000000,0.000000,-3438.000000,4516.000000,2159.000000
0.000000,0.000000,0.000000,0.000000,-2718.000000,4516.000000,1570.000000
0.000000,-100.000000,0.000000,0.000000,-2171.000000,4319.000000,1374.000000
0.000000,-200.000000,0.000000,0.000000,-3325.000000,4123.000000,1570.000000
0.000000,-200.000000,0.000000,0.000000,-2217.000000,3141.000000,1178.000000
0.000000,0.000000,0.000000,0.000000,-1732.000000,1570.000000,981.000000
0.000000,0.000000,0.000000,0.000000,-2093.000000,-196.000000,1570.000000
0.000000,200.000000,0.000000,0.000000,-1986.000000,-589.000000,2552.000000
200.000000,-200.000000,0.000000,0.000000,-1556.000000,-196.000000,3534.000000
-100.000000,200.000000,0.000000,0.000000,-1254.000000,-392.000000,3534.000000
100.000000,0.000000,0.000000,0.000000,-1737.000000,-196.000000,3534.000000
0.000000,0.000000,0.000000,0.000000,-1374.000000,-196.000000,3141.000000
0.000000,-100.000000,0.000000,0.000000,-1414.000000,-589.000000,2552.000000
0.000000,100.000000,0.000000,0.000000,-1538.000000,-1767.000000,1963.000000
-100.000000,0.000000,0.000000,0.000000,-1568.000000,-2552.000000,392.000000
100.000000,0.000000,0.000000,0.000000,-1869.000000,-2552.000000,-392.000000
0.000000,0.000000,0.000000,0.000000,-1950.000000,-2356.000000,-392.000000
-200.000000,0.000000,0.000000,0.000000,-2078.000000,-2159.000000,-392.000000
0.000000,300.000000,0.000000,0.000000,-2324.000000,-2159.000000,-392.000000
0.000000,0.000000,0.000000,0.000000,-2649.000000,-1767.000000,-392.000000
-200.000000,-100.000000,0.000000,0.000000,-2750.000000,-1963.000000,-196.000000
-100.000000,-100.000000,0.000000,0.000000,-2759.000000,-1767.000000,-785.000000
0.000000,0.000000,0.000000,0.000000,-2736.000000,-2356.000000,-1374.000000
100.000000,0.000000,0.000000,0.000000,-2724.000000,-2945.000000,-1963.000000
100.000000,-200.000000,0.000000,0.000000,-2650.000000,-3337.000000,-1767.000000
0.000000,300.000000,0.000000,0.000000,-2568.000000,-3534.000000,-1767.000000
100.000000,200.000000,0.000000,0.000000,-2277.000000,-3337.000000,-1963.000000
200.000000,0.000000,0.000000,0.000000,-2037.000000,-3337.000000,-1963.000000
100.000000,0.000000,0.000000,0.000000,-1916.000000,-3337.000000,-1767.000000
200.000000,200.000000,0.000000,0.000000,-2019.000000,-3141.000000,-1963.000000
0.000000,-100.000000,0.000000,0.000000,-1879.000000,-3337.000000,-2159.000000
100.000000,200.000000,0.000000,0.000000,-1474.000000,-3337.000000,-2159.000000
0.000000,200.000000,0.000000,0.000000,-1436.000000,-3337.000000,-2159.000000
0.000000,100.000000,0.000000,0.000000,-1610.000000,-3337.000000,-2159.000000
100.000000,100.000000,156.000000,156.000000,-1742.000000,-3141.000000,-1963.000000
0.000000,400.000000,0.000000,0.000000,-1667.000000,-3141.000000,-1570.000000
0.000000,0.000000,0.000000,0.000000,-1659.000000,-2945.000000,-1570.000000
0.000000,0.000000,0.000000,0.000000,-1917.000000,-2748.000000,-1374.000000
100.000000,0.000000,0.000000,0.000000,-2064.000000,-2748.000000,-1570.000000
0.000000,0.000000,0.000000,0.000000,-2117.000000,-2748.000000,-1570.000000
400.000000,-200.000000,0.000000,0.000000,-2146.000000,-2748.000000,-1374.000000
0.000000,-200.000000,0.000000,0.000000,-2290.000000,-2159.000000,-1570.000000
-100.000000,-100.000000,156.000000,156.000000,-2417.000000,-2159.000000,-1178.000000
0.000000,300.000000,0.000000,0.000000,-2397.000000,-2159.000000,-1178.000000
0.000000,0.000000,0.000000,0.000000,-2407.000000,-1767.000000,-981.000000
0.000000,-200.000000,0.000000,0.000000,-2349.000000,-1767.000000,-785.000000
-200.000000,-100.000000,0.000000,0.000000,-2296.000000,-1374.000000,-589.000000
0.000000,100.000000,0.000000,0.000000,-2208.000000,-1374.000000,-589.000000
100.000000,0.000000,0.000000,0.000000,-2181.000000,-981.000000,-196.000000
300.000000,0.000000,0.000000,0.000000,-2161.000000,-981.000000,-196.000000
-100.000000,-200.000000,0.000000,0.000000,-2097.000000,-589.000000,0.000000
0.000000,-200.000000,0.000000,0.000000,-2000.000000,-589.000000,0.000000
-100.000000,0.000000,0.000000,0.000000,-1976.000000,-196.000000,0.000000
-100.000000,0.000000,0.000000,0.000000,-2044.000000,-196.000000,0.000000
0.000000,0.000000,0.000000,0.000000,-2062.000000,0.000000,0.000000
0.000000,-100.000000,0.000000,0.000000,-2069.000000,196.000000,196.000000
0.000000,0.000000,0.000000,0.000000,-2118.000000,0.000000,0.000000
0.000000,-100.000000,0.000000,0.000000,-2180.000000,0.000000,0.000000
100.000000,-200.000000,0.000000,0.000000,-2250.000000,0.000000,0.000000
100.000000,100.000000,0.000000,0.000000,-2327.000000,0.000000,0.000000
0.000000,-100.000000,0.000000,0.000000,-2399.000000,0.000000,0.000000
300.000000,0.000000,0.000000,0.000000,-2408.000000,0.000000,0.000000
0.000000,100.000000,0.000000,0.000000,-2400.000000,0.000000,196.000000
200.000000,0.000000,156.000000,156.000000,-2405.000000,0.000000,0.000000
0.000000,300.000000,0.000000,0.000000,-2455.000000,0.000000,0.000000
200.000000,0.000000,156.000000,156.000000,-2434.000000,0.000000,196.000000
200.000000,-100.000000,0.000000,0.000000,-2350.000000,-196.000000,392.000000
200.000000,-100.000000,0.000000,0.000000,-2309.000000,0.000000,589.000000
0.000000,0.000000,0.000000,0.000000,-2331.000000,0.000000,392.000000
-100.000000,-200.000000,0.000000,0.000000,-2302.000000,-196.000000,392.000000
100.000000,0.000000,0.000000,0.000000,-2241.000000,0.000000,392.000000
0.000000,600.000000,0.000000,0.000000,-2220.000000,0.000000,392.000000
0.000000,100.000000,0.000000,0.000000,-2220.000000,-392.000000,196.000000
0.000000,200.000000,0.000000,0.000000,-2164.000000,-589.000000,196.000000
0.000000,0.000000,0.000000,0.000000,-2159.000000,-981.000000,0.000000
-200.000000,0.000000,0.000000,0.000000,-2206.000000,-785.000000,0.000000
0.000000,0.000000,0.000000,0.000000,-2224.000000,-785.000000,0.000000
0.000000,0.000000,0.000000,0.000000,-2230.000000,-785.000000,0.000000
-200.000000,200.000000,0.000000,0.000000,-2281.000000,-785.000000,0.000000
0.000000,100.000000,0.000000,0.000000,-2337.000000,-589.000000,0.000000
-200.000000,0.000000,0.000000,0.000000,-2340.000000,-981.000000,0.000000
0.000000,300.000000,0.000000,0.000000,-2331.000000,-981.000000,0.000000
0.000000,0.000000,0.000000,0.000000,-2325.000000,-1178.000000,-196.000000
-100.000000,0.000000,0.000000,0.000000,-2321.000000,-1178.000000,0.000000
0.000000,-200.000000,0.000000,0.000000,-2355.000000,-1178.000000,-196.000000
200.000000,-100.000000,0.000000,0.000000,-2367.000000,-1178.000000,0.000000
-200.000000,-200.000000,0.000000,0.000000,-2387.000000,-1178.000000,-196.000000
0.000000,0.000000,0.000000,0.000000,-2439.000000,-981.000000,-589.000000
0.000000,200.000000,0.000000,0.000000,-2500.000000,-1178.000000,-785.000000
0.000000,100.000000,0.000000,0.000000,-2516.000000,-1178.000000,-981.000000
0.000000,-100.000000,0.000000,0.000000,-2502.000000,-1178.000000,-981.000000
0.000000,200.000000,0.000000,0.000000,-2526.000000,-1178.000000,-981.000000
0.000000,-100.000000,0.000000,0.000000,-2551.000000,-1178.000000,-589.000000
0.000000,-100.000000,0.000000,0.000000,-2566.000000,-1178.000000,-785.000000
300.000000,-200.000000,0.000000,0.000000,-2631.000000,-1178.000000,-392.000000
100.000000,0.000000,0.000000,0.000000,-2583.000000,-981.000000,-589.000000
-100.000000,100.000000,0.000000,0.000000,-2589.000000,-1178.000000,-589.000000
0.000000,100.000000,0.000000,0.000000,-2580.000000,-981.000000,-589.000000
100.000000,0.000000,0.000000,0.000000,-2632.000000,-981.000000,-785.000000
200.000000,0.000000,0.000000,0.000000,-2687.000000,-981.000000,-785.000000
600.000000,100.000000,0.000000,0.000000,-2718.000000,-981.000000,-589.000000
-100.000000,100.000000,0.000000,0.000000,-2720.000000,-785.000000,-589.000000
0.000000,0.000000,0.000000,0.000000,-2747.000000,-785.000000,-589.000000
-300.000000,0.000000,0.000000,0.000000,-2777.000000,-785.000000,-392.000000
0.000000,0.000000,0.000000,0.000000,-2823.000000,-785.000000,-196.000000
0.000000,-100.000000,0.000000,0.000000,-2790.000000,-589.000000,-392.000000
200.000000,0.000000,0.000000,0.000000,-2804.000000,-589.000000,-392.000000
100.000000,-100.000000,0.000000,0.000000,-2871.000000,-589.000000,-392.000000
0.000000,100.000000,0.000000,0.000000,-2833.000000,-589.000000,-392.000000
100.000000,0.000000,0.000000,0.000000,-2824.000000,-392.000000,-392.000000
100.000000,100.000000,0.000000,0.000000,-2820.000000,-589.000000,-392.000000
0.000000,300.000000,0.000000,0.000000,-2844.000000,-392.000000,-392.000000
-100.000000,-100.000000,0.000000,0.000000,-2845.000000,-196.000000,-196.000000
-100.000000,0.000000,0.000000,0.000000,-2846.000000,-392.000000,0.000000
200.000000,200.000000,0.000000,0.000000,-2837.000000,-196.000000,-196.000000
-100.000000,-100.000000,0.000000,0.000000,-2827.000000,-196.000000,0.000000
-200.000000,200.000000,0.000000,0.000000,-2839.000000,-392.000000,-196.000000
300.000000,100.000000,0.000000,0.000000,-2860.000000,-196.000000,-196.000000
100.000000,0.000000,0.000000,0.000000,-2864.000000,0.000000,-392.000000
100.000000,0.000000,0.000000,0.000000,-2899.000000,0.000000,0.000000
300.000000,-400.000000,0.000000,0.000000,-2897.000000,0.000000,0.000000
0.000000,0.000000,0.000000,0.000000,-2890.000000,0.000000,0.000000
0.000000,100.000000,156.000000,156.000000,-2916.000000,0.000000,0.000000
300.000000,-100.000000,0.000000,0.000000,-2937.000000,0.000000,0.000000
0.000000,0.000000,0.000000,0.000000,-2917.000000,0.000000,0.000000
0.000000,0.000000,0.000000,0.000000,-2903.000000,0.000000,0.000000
-100.000000,-200.000000,0.000000,0.000000,-2915.000000,0.000000,0.000000
-100.000000,0.000000,0.000000,0.000000,-2939.000000,0.000000,0.000000
0.000000,0.000000,0.000000,0.000000,-2941.000000,0.000000,0.000000
0.000000,-100.000000,0.000000,0.000000,-2941.000000,0.000000,0.000000
-200.000000,-200.000000,0.000000,0.000000,-2937.000000,0.000000,0.000000
100.000000,-200.000000,0.000000,0.000000,-2949.000000,0.000000,0.000000
0.000000,-100.000000,0.000000,0.000000,-2916.000000,0.000000,-196.000000
0.000000,-300.000000,0.000000,0.000000,-2916.000000,0.000000,0.000000
0.000000,-200.000000,0.000000,0.000000,-2912.000000,0.000000,-196.000000
200.000000,0.000000,0.000000,0.000000,-2902.000000,0.000000,0.000000
-100.000000,-200.000000,0.000000,0.000000,-2909.000000,0.000000,0.000000
-200.000000,0.000000,0.000000,0.000000,-2885.000000,0.000000,0.000000
100.000000,100.000000,0.000000,0.000000,-2922.000000,0.000000,-196.000000
0.000000,0.000000,0.000000,0.000000,-2958.000000,0.000000,-196.000000
300.000000,0.000000,0.000000,0.000000,-2938.000000,0.000000,-196.000000
-100.000000,0.000000,0.000000,0.000000,-2955.000000,0.000000,-392.000000
0.000000,0.000000,0.000000,0.000000,-2962.000000,-196.000000,-392.000000
-100.000000,100.000000,0.000000,0.000000,-2950.000000,-196.000000,-196.000000
300.000000,0.000000,0.000000,0.000000,-2950.000000,-196.000000,0.000000
100.000000,200.000000,0.000000,0.000000,-2943.000000,-196.000000,-196.000000
100.000000,100.000000,0.000000,0.000000,-2916.000000,-196.000000,0.000000
0.000000,0.000000,0.000000,0.000000,-2917.000000,-196.000000,-196.000000
400.000000,0.000000,0.000000,0.000000,-2901.000000,-392.000000,-392.000000
300.000000,200.000000,0.000000,0.000000,-2899.000000,-196.000000,-589.000000
-200.000000,0.000000,0.000000,0.000000,-2881.000000,-196.000000,-392.000000
0.000000,-100.000000,0.000000,0.000000,-2853.000000,-196.000000,-392.000000
-300.000000,-200.000000,0.000000,0.000000,-2825.000000,-196.000000,-196.000000
300.000000,0.000000,0.000000,0.000000,-2836.000000,-196.000000,0.000000
400.000000,0.000000,0.000000,0.000000,-2839.000000,-196.000000,-196.000000
100.000000,100.000000,0.000000,0.000000,-2838.000000,-196.000000,-196.000000
0.000000,0.000000,0.000000,0.000000,-2837.000000,-392.000000,-392.000000
0.000000,600.000000,0.000000,0.000000,-2870.000000,-392.000000,-392.000000
0.000000,300.000000,0.000000,0.000000,-2909.000000,-392.000000,-196.000000
0.000000,-100.000000,0.000000,0.000000,-2915.000000,-196.000000,-196.000000
400.000000,0.000000,0.000000,0.000000,-2888.000000,-196.000000,-196.000000
100.000000,0.000000,0.000000,0.000000,-2909.000000,0.000000,-196.000000
0.000000,400.000000,156.000000,156.000000,-2919.000000,0.000000,-196.000000
100.000000,100.000000,0.000000,0.000000,-2951.000000,0.000000,-196.000000
0.000000,200.000000,0.000000,0.000000,-2934.000000,-196.000000,-392.000000
200.000000,0.000000,0.000000,0.000000,-2931.000000,-196.000000,-196.000000
100.000000,0.000000,0.000000,0.000000,-2929.000000,-196.000000,0.000000
-200.000000,200.000000,0.000000,0.000000,-2939.000000,-196.000000,-196.000000
0.000000,-300.000000,0.000000,0.000000,-2909.000000,-196.000000,0.000000
-200.000000,-300.000000,0.000000,0.000000,-2883.000000,0.000000,0.000000
-200.000000,-100.000000,0.000000,0.000000,-2915.000000,-196.000000,0.000000
0.000000,-200.000000,0.000000,0.000000,-2876.000000,0.000000,0.000000
-200.000000,200.000000,0.000000,0.000000,-2895.000000,0.000000,0.000000
0.000000,-100.000000,0.000000,0.000000,-2914.000000,0.000000,0.000000
-100.000000,100.000000,0.000000,0.000000,-2919.000000,0.000000,0.000000
