Channel 1,Channel 2,Channel 3,Channel 4,Channel 5,Channel 6,Channel 7
-100.000000,-300.000000,0.000000,0.000000,-2852.000000,0.000000,0.000000
0.000000,-100.000000,0.000000,0.000000,-2875.000000,0.000000,0.000000
100.000000,0.000000,0.000000,0.000000,-2875.000000,0.000000,0.000000
0.000000,-100.000000,0.000000,0.000000,-2850.000000,0.000000,0.000000
-100.000000,0.000000,0.000000,0.000000,-2850.000000,0.000000,0.000000
-100.000000,0.000000,0.000000,0.000000,-2825.000000,0.000000,0.000000
0.000000,0.000000,0.000000,0.000000,-2804.000000,0.000000,0.000000
100.000000,0.000000,0.000000,0.000000,-2789.000000,0.000000,0.000000
0.000000,0.000000,0.000000,0.000000,-2788.000000,0.000000,0.000000
-100.000000,100.000000,0.000000,0.000000,-2784.000000,0.000000,0.000000
0.000000,-100.000000,0.000000,0.000000,-2761.000000,0.000000,0.000000
0.000000,0.000000,0.000000,0.000000,-2743.000000,0.000000,0.000000
0.000000,100.000000,0.000000,0.000000,-2725.000000,0.000000,0.000000
0.000000,-200.000000,0.000000,0.000000,-2718.000000,0.000000,0.000000
0.000000,0.000000,0.000000,0.000000,-2709.000000,0.000000,0.000000
-100.000000,-100.000000,0.000000,0.000000,-2703.000000,0.000000,0.000000
0.000000,100.000000,0.000000,0.000000,-2730.000000,0.000000,0.000000
0.000000,0.000000,0.000000,0.000000,-2716.000000,0.000000,0.000000
100.000000,0.000000,0.000000,0.000000,-2713.000000,0.000000,0.000000
0.000000,0.000000,0.000000,0.000000,-2704.000000,0.000000,0.000000
100.000000,-100.000000,0.000000,0.000000,-2720.000000,0.000000,0.000000
0.000000,-100.000000,0.000000,0.000000,-2709.000000,0.000000,0.000000
-100.000000,0.000000,0.000000,0.000000,-2699.000000,0.000000,0.000000
-100.000000,0.000000,0.000000,0.000000,-2705.000000,0.000000,0.000000
-100.000000,-100.000000,0.000000,0.000000,-2733.000000,0.000000,0.000000
-200.000000,0.000000,0.000000,0.000000,-2752.000000,0.000000,0.000000
0.000000,0.000000,0.000000,0.000000,-2759.000000,0.000000,0.000000
0.000000,0.000000,0.000000,0.000000,-2789.000000,0.000000,0.000000
-100.000000,0.000000,0.000000,0.000000,-2784.000000,0.000000,0.000000
-100.000000,0.000000,0.000000,0.000000,-2800.000000,0.000000,0.000000
0.000000,-100.000000,0.000000,0.000000,-2809.000000,0.000000,0.000000
-100.000000,-100.000000,0.000000,0.000000,-2786.000000,0.000000,0.000000
100.000000,0.000000,0.000000,0.000000,-2820.000000,0.000000,0.000000
-100.000000,0.000000,0.000000,0.000000,-2793.000000,0.000000,0.000000
0.000000,0.000000,0.000000,0.000000,-2817.000000,0.000000,0.000000
0.000000,0.000000,0.000000,0.000000,-2804.000000,0.000000,0.000000
100.000000,-200.000000,0.000000,0.000000,-2800.000000,0.000000,0.000000
-200.000000,0.000000,0.000000,0.000000,-2819.000000,0.000000,0.000000
0.000000,0.000000,0.000000,0.000000,-2826.000000,0.000000,0.000000
-100.000000,0.000000,0.000000,0.000000,-2820.000000,0.000000,0.000000
-100.000000,-100.000000,0.000000,0.000000,-2800.000000,0.000000,0.000000
300.000000,0.000000,0.000000,0.000000,-2826.000000,0.000000,0.000000
0.000000,-400.000000,0.000000,0.000000,-2817.000000,0.000000,0.000000
100.000000,0.000000,0.000000,0.000000,-2800.000000,0.000000,0.000000
0.000000,0.000000,0.000000,0.000000,-2804.000000,0.000000,0.000000
0.000000,0.000000,0.000000,0.000000,-2827.000000,0.000000,0.000000
100.000000,100.000000,0.000000,0.000000,-2876.000000,0.000000,0.000000
0.000000,0.000000,0.000000,0.000000,-2862.000000,0.000000,0.000000
-300.000000,-100.000000,0.000000,0.000000,-2866.000000,0.000000,0.000000
100.000000,0.000000,0.000000,0.000000,-2820.000000,0.000000,-196.000000
-200.000000,0.000000,0.000000,0.000000,-2798.000000,0.000000,0.000000
100.000000,-100.000000,0.000000,0.000000,-2738.000000,0.000000,0.000000
-100.000000,-100.000000,0.000000,0.000000,-2717.000000,0.000000,0.000000
0.000000,0.000000,0.000000,0.000000,-2769.000000,0.000000,0.000000
0.000000,0.000000,0.000000,0.000000,-2809.000000,0.000000,-196.000000
0.000000,0.000000,0.000000,0.000000,-2870.000000,-196.000000,0.000000
0.000000,0.000000,0.000000,0.000000,-2936.000000,0.000000,0.000000
0.000000,0.000000,0.000000,0.000000,-2987.000000,0.000000,0.000000
100.000000,100.000000,0.000000,0.000000,-3002.000000,0.000000,0.000000
0.000000,0.000000,0.000000,0.000000,-2973.000000,-196.000000,0.000000
200.000000,300.000000,0.000000,0.000000,-2995.000000,0.000000,0.000000
-100.000000,0.000000,0.000000,0.000000,-2950.000000,0.000000,0.000000
-100.000000,-100.000000,156.000000,156.000000,-2945.000000,-196.000000,0.000000
0.000000,-200.000000,0.000000,0.000000,-2941.000000,196.000000,0.000000
-100.000000,-100.000000,0.000000,0.000000,-2932.000000,0.000000,0.000000
-100.000000,0.000000,0.000000,0.000000,-2884.000000,0.000000,0.000000
0.000000,0.000000,0.000000,0.000000,-2861.000000,0.000000,196.000000
100.000000,0.000000,0.000000,0.000000,-2842.000000,0.000000,0.000000
0.000000,100.000000,0.000000,0.000000,-2822.000000,0.000000,0.000000
0.000000,100.000000,0.000000,0.000000,-2820.000000,0.000000,0.000000
200.000000,-200.000000,0.000000,0.000000,-2834.000000,0.000000,0.000000
100.000000,-100.000000,0.000000,0.000000,-2825.000000,0.000000,0.000000
-200.000000,0.000000,0.000000,0.000000,-2847.000000,0.000000,0.000000
0.000000,0.000000,78.000000,78.000000,-2825.000000,0.000000,0.000000
-100.000000,-200.000000,0.000000,0.000000,-2824.000000,0.000000,0.000000
200.000000,0.000000,0.000000,0.000000,-2847.000000,0.000000,0.000000
-200.000000,0.000000,0.000000,0.000000,-2836.000000,0.000000,0.000000
0.000000,-100.000000,0.000000,0.000000,-2860.000000,0.000000,0.000000
-100.000000,0.000000,0.000000,0.000000,-2838.000000,0.000000,0.000000
0.000000,100.000000,0.000000,0.000000,-2823.000000,0.000000,0.000000
0.000000,0.000000,0.000000,0.000000,-2794.000000,0.000000,0.000000
-300.000000,100.000000,0.000000,0.000000,-2772.000000,0.000000,0.000000
-100.000000,-100.000000,0.000000,0.000000,-2746.000000,0.000000,0.000000
-200.000000,-100.000000,0.000000,0.000000,-2768.000000,0.000000,0.000000
0.000000,0.000000,0.000000,0.000000,-2753.000000,0.000000,0.000000
0.000000,-100.000000,0.000000,0.000000,-2738.000000,0.000000,0.000000
-200.000000,-100.000000,0.000000,0.000000,-2755.000000,0.000000,0.000000
0.000000,200.000000,0.000000,0.000000,-2778.000000,0.000000,0.000000
-200.000000,0.000000,0.000000,0.000000,-2777.000000,0.000000,0.000000
0.000000,-200.000000,0.000000,0.000000,-2809.000000,0.000000,0.000000
-100.000000,0.000000,0.000000,0.000000,-2802.000000,0.000000,0.000000
0.000000,200.000000,0.000000,0.000000,-2778.000000,0.000000,0.000000
0.000000,200.000000,0.000000,0.000000,-2746.000000,0.000000,0.000000
-100.000000,100.000000,0.000000,0.000000,-2752.000000,0.000000,0.000000
-100.000000,200.000000,0.000000,0.000000,-2756.000000,0.000000,0.000000
-200.000000,0.000000,0.000000,0.000000,-2770.000000,0.000000,0.000000
-100.000000,700.000000,20000.000000,20000.000000,-2794.000000,0.000000,196.000000
17600.000000,16600.000000,20000.000000,20000.000000,-2701.000000,2945.000000,2748.000000
19500.000000,19900.000000,20000.000000,20000.000000,-2969.000000,4908.000000,4712.000000
19100.000000,21100.000000,20000.000000,20000.000000,-2868.000000,2159.000000,2945.000000
20900.000000,20500.000000,20000.000000,20000.000000,-2953.000000,-785.000000,-196.000000
18000.000000,19100.000000,20000.000000,20000.000000,-3254.000000,-589.000000,-589.000000
21700.000000,18700.000000,20000.000000,20000.000000,-2964.000000,1374.000000,1178.000000
22100.000000,21000.000000,20000.000000,20000.000000,-2309.000000,3730.000000,3337.000000
20900.000000,18600.000000,20000.000000,20000.000000,-2255.000000,4712.000000,4516.000000
18900.000000,19100.000000,20000.000000,20000.000000,-2632.000000,3926.000000,4123.000000
21700.000000,22200.000000,20000.000000,20000.000000,-2905.000000,2356.000000,2748.000000
18300.000000,21200.000000,20000.000000,20000.000000,-2751.000000,1767.000000,1570.000000
19400.000000,19700.000000,20000.000000,20000.000000,-2290.000000,3141.000000,2552.000000
20800.000000,17900.000000,20000.000000,20000.000000,-2061.000000,5301.000000,4516.000000
19200.000000,18800.000000,20000.000000,20000.000000,-2391.000000,5497.000000,5890.000000
20400.000000,19900.000000,20000.000000,20000.000000,-2476.000000,4123.000000,5301.000000
18900.000000,18200.000000,20000.000000,20000.000000,-2299.000000,3337.000000,3926.000000
22700.000000,19500.000000,20000.000000,20000.000000,-2300.000000,3926.000000,3337.000000
19700.000000,17900.000000,20000.000000,20000.000000,-2415.000000,5301.000000,4319.000000
18200.000000,19800.000000,20000.000000,20000.000000,-2450.000000,6283.000000,5694.000000
19000.000000,21900.000000,20000.000000,20000.000000,-2310.000000,5890.000000,6086.000000
19100.000000,19300.000000,20000.000000,20000.000000,-2371.000000,4319.000000,6086.000000
21000.000000,20900.000000,20000.000000,20000.000000,-2406.000000,3730.000000,5694.000000
18700.000000,18700.000000,20000.000000,20000.000000,-2362.000000,4712.000000,4319.000000
17700.000000,21000.000000,20000.000000,20000.000000,-2189.000000,5694.000000,4712.000000
20800.000000,18900.000000,20000.000000,20000.000000,-2210.000000,6283.000000,5890.000000
20800.000000,19300.000000,20000.000000,20000.000000,-2353.000000,5890.000000,5890.000000
22100.000000,18900.000000,20000.000000,20000.000000,-2393.000000,4123.000000,5301.000000
19100.000000,17900.000000,20000.000000,20000.000000,-2140.000000,3730.000000,5105.000000
21200.000000,17800.000000,20000.000000,20000.000000,-2181.000000,4516.000000,4908.000000
18000.000000,18800.000000,20000.000000,20000.000000,-2176.000000,5694.000000,5105.000000
20000.000000,19400.000000,20000.000000,20000.000000,-2111.000000,5890.000000,4908.000000
18500.000000,20000.000000,20000.000000,20000.000000,-2117.000000,4908.000000,4908.000000
21800.000000,20000.000000,20000.000000,20000.000000,-2182.000000,4123.000000,4712.000000
18300.000000,22200.000000,20000.000000,20000.000000,-2105.000000,3926.000000,4516.000000
19000.000000,20900.000000,20000.000000,20000.000000,-2064.000000,4123.000000,4123.000000
21400.000000,21400.000000,20000.000000,20000.000000,-2082.000000,4516.000000,5301.000000
18300.000000,20500.000000,20000.000000,20000.000000,-2072.000000,4516.000000,5105.000000
19000.000000,18600.000000,20000.000000,20000.000000,-2095.000000,4319.000000,4319.000000
18000.000000,18200.000000,20000.000000,20000.000000,-2177.000000,3730.000000,3534.000000
17900.000000,17900.000000,20000.000000,20000.000000,-2175.000000,3730.000000,3730.000000
18600.000000,18700.000000,20000.000000,20000.000000,-2056.000000,4319.000000,4123.000000
18300.000000,18500.000000,20000.000000,20000.000000,-2032.000000,3926.000000,4123.000000
18300.000000,18300.000000,20000.000000,20000.000000,-2056.000000,3534.000000,3926.000000
18100.000000,18700.000000,20000.000000,20000.000000,-2107.000000,3141.000000,3730.000000
21800.000000,20800.000000,20000.000000,20000.000000,-2070.000000,3141.000000,3534.000000
20700.000000,18000.000000,20000.000000,20000.000000,-1931.000000,3337.000000,3337.000000
17700.000000,21800.000000,20000.000000,20000.000000,-1962.000000,3534.000000,3337.000000
22300.000000,20800.000000,20000.000000,20000.000000,-2012.000000,3534.000000,3141.000000
18400.000000,18400.000000,20000.000000,20000.000000,-1972.000000,3337.000000,3141.000000
17800.000000,18700.000000,20000.000000,20000.000000,-1941.000000,3337.000000,3141.000000
22700.000000,21700.000000,20000.000000,20000.000000,-2043.000000,3337.000000,3141.000000
17800.000000,18100.000000,20000.000000,20000.000000,-1984.000000,3534.000000,2945.000000
19600.000000,18600.000000,20000.000000,20000.000000,-1932.000000,3534.000000,3337.000000
22300.000000,22100.000000,20000.000000,20000.000000,-1963.000000,3141.000000,3337.000000
19700.000000,18400.000000,20000.000000,20000.000000,-1926.000000,3337.000000,3730.000000
18000.000000,18300.000000,20000.000000,20000.000000,-1987.000000,3534.000000,3534.000000
17600.000000,19800.000000,20000.000000,20000.000000,-2067.000000,4123.000000,3337.000000
20600.000000,20300.000000,20000.000000,20000.000000,-2088.000000,4123.000000,3534.000000
22300.000000,18900.000000,20000.000000,20000.000000,-2126.000000,4319.000000,3730.000000
21600.000000,18700.000000,20000.000000,20000.000000,-2071.000000,4516.000000,3926.000000
22000.000000,18300.000000,20000.000000,20000.000000,-2078.000000,4712.000000,4123.000000
18500.000000,21400.000000,20000.000000,20000.000000,-2130.000000,4712.000000,4319.000000
17700.000000,18300.000000,20000.000000,20000.000000,-1997.000000,5105.000000,4319.000000
21200.000000,21900.000000,20000.000000,20000.000000,-2149.000000,5301.000000,5105.000000
18800.000000,18700.000000,20000.000000,20000.000000,-2072.000000,5694.000000,5105.000000
18500.000000,18200.000000,20000.000000,20000.000000,-2024.000000,6086.000000,5301.000000
21800.000000,18300.000000,20000.000000,20000.000000,-2130.000000,6675.000000,5301.000000
19800.000000,21700.000000,20000.000000,20000.000000,-1949.000000,6872.000000,5890.000000
21300.000000,18900.000000,20000.000000,20000.000000,-2033.000000,6675.000000,6479.000000
18100.000000,21000.000000,20000.000000,20000.000000,-2021.000000,6675.000000,7264.000000
19400.000000,18800.000000,20000.000000,20000.000000,-1990.000000,7264.000000,6675.000000
21500.000000,21600.000000,20000.000000,20000.000000,-2012.000000,8050.000000,6283.000000
18200.000000,19700.000000,20000.000000,20000.000000,-1950.000000,8639.000000,7461.000000
18100.000000,18600.000000,20000.000000,20000.000000,-2063.000000,8443.000000,8050.000000
18900.000000,19400.000000,20000.000000,20000.000000,-2014.000000,8443.000000,8835.000000
18900.000000,21100.000000,20000.000000,20000.000000,-2057.000000,8835.000000,9424.000000
20700.000000,18500.000000,20000.000000,20000.000000,-2082.000000,9621.000000,8835.000000
18800.000000,18700.000000,20000.000000,20000.000000,-1884.000000,9817.000000,8835.000000
21400.000000,18800.000000,20000.000000,20000.000000,-1980.000000,10210.000000,9424.000000
21000.000000,18400.000000,20000.000000,20000.000000,-2065.000000,10406.000000,10013.000000
18600.000000,21200.000000,20000.000000,20000.000000,-1939.000000,10799.000000,10406.000000
20200.000000,18700.000000,20000.000000,20000.000000,-1684.000000,10799.000000,15118.000000
18800.000000,20100.000000,20000.000000,20000.000000,-1561.000000,11584.000000,11191.000000
19100.000000,19100.000000,20000.000000,20000.000000,-1686.000000,11780.000000,10799.000000
18500.000000,19000.000000,20000.000000,20000.000000,-1602.000000,11977.000000,10995.000000
21100.000000,18600.000000,20000.000000,20000.000000,-1580.000000,12370.000000,11780.000000
20300.000000,19400.000000,20000.000000,20000.000000,-1722.000000,12566.000000,11584.000000
18800.000000,20400.000000,20000.000000,20000.000000,-1810.000000,12959.000000,11191.000000
18500.000000,18300.000000,20000.000000,20000.000000,-1647.000000,13155.000000,12370.000000
18300.000000,21300.000000,20000.000000,20000.000000,-1737.000000,12959.000000,12173.000000
18400.000000,18900.000000,20000.000000,20000.000000,-1636.000000,12762.000000,11977.000000
18700.000000,21600.000000,20000.000000,20000.000000,-1585.000000,12959.000000,12173.000000
20000.000000,18800.000000,20000.000000,20000.000000,-1654.000000,13155.000000,12566.000000
19700.000000,18600.000000,20000.000000,20000.000000,-1284.000000,13351.000000,12762.000000
19000.000000,21200.000000,20000.000000,20000.000000,-929.000000,13548.000000,12762.000000
21100.000000,21000.000000,20000.000000,20000.000000,-1130.000000,13548.000000,12566.000000
18500.000000,18700.000000,20000.000000,20000.000000,-1317.000000,13155.000000,12959.000000
20900.000000,18700.000000,20000.000000,20000.000000,-1111.000000,13155.000000,13155.000000
18500.000000,21500.000000,20000.000000,20000.000000,-1255.000000,13351.000000,13155.000000
19700.000000,19200.000000,20000.000000,20000.000000,-1566.000000,13548.000000,10799.000000
19700.000000,18600.000000,20000.000000,20000.000000,-1716.000000,13548.000000,12566.000000
18300.000000,18700.000000,20000.000000,20000.000000,-1695.000000,13351.000000,12762.000000
20900.000000,19700.000000,20000.000000,20000.000000,-1836.000000,13155.000000,12959.000000
18600.000000,18900.000000,20000.000000,20000.000000,-1771.000000,12762.000000,12959.000000
20200.000000,19300.000000,20000.000000,20000.000000,-1684.000000,13155.000000,12959.000000
18800.000000,19900.000000,20000.000000,20000.000000,-1542.000000,12959.000000,12762.000000
18800.000000,18900.000000,20000.000000,20000.000000,-1439.000000,12762.000000,12370.000000
19900.000000,19700.000000,20000.000000,20000.000000,-1321.000000,12566.000000,15118.000000
19500.000000,20400.000000,20000.000000,20000.000000,-1544.000000,11977.000000,11584.000000
18500.000000,20800.000000,20000.000000,20000.000000,-1284.000000,12566.000000,11977.000000
18300.000000,20000.000000,20000.000000,20000.000000,-1291.000000,12566.000000,12173.000000
18800.000000,18800.000000,20000.000000,20000.000000,-1274.000000,12762.000000,11584.000000
18500.000000,19800.000000,20000.000000,20000.000000,-1371.000000,12762.000000,9621.000000
18800.000000,21400.000000,20000.000000,20000.000000,-1495.000000,12370.000000,11780.000000
21400.000000,19900.000000,20000.000000,20000.000000,-1296.000000,12173.000000,11780.000000
21000.000000,18700.000000,20000.000000,20000.000000,-1754.000000,12566.000000,11584.000000
19700.000000,18900.000000,0.000000,0.000000,-1822.000000,11977.000000,10799.000000
0.000000,0.000000,0.000000,0.000000,-1614.000000,9032.000000,8050.000000
100.000000,0.000000,0.000000,0.000000,-1947.000000,8246.000000,7068.000000
-100.000000,0.000000,0.000000,0.000000,-1773.000000,7853.000000,7461.000000
0.000000,-100.000000,0.000000,0.000000,-1830.000000,7853.000000,8443.000000
0.000000,0.000000,0.000000,0.000000,-2171.000000,8835.000000,11388.000000
100.000000,0.000000,0.000000,0.000000,-1644.000000,10406.000000,10995.000000
100.000000,100.000000,0.000000,0.000000,-1885.000000,10995.000000,11780.000000
0.000000,-100.000000,0.000000,0.000000,-1821.000000,11388.000000,10210.000000
-100.000000,-100.000000,0.000000,0.000000,-1924.000000,10799.000000,7657.000000
0.000000,0.000000,0.000000,0.000000,-2388.000000,10602.000000,5890.000000
0.000000,-100.000000,0.000000,0.000000,-2084.000000,10406.000000,5105.000000
0.000000,0.000000,0.000000,0.000000,-2259.000000,9817.000000,5301.000000
100.000000,200.000000,0.000000,0.000000,-2366.000000,9032.000000,5890.000000
-200.000000,-100.000000,0.000000,0.000000,-1846.000000,7853.000000,8246.000000
-100.000000,0.000000,0.000000,0.000000,-2329.000000,7068.000000,8639.000000
-100.000000,-100.000000,0.000000,0.000000,-2493.000000,6479.000000,8443.000000
0.000000,-100.000000,0.000000,0.000000,-1430.000000,6479.000000,8050.000000
200.000000,0.000000,0.000000,0.000000,-947.000000,5694.000000,7068.000000
0.000000,0.000000,0.000000,0.000000,-1571.000000,6086.000000,6086.000000
0.000000,100.000000,78.000000,78.000000,-2143.000000,5497.000000,5890.000000
600.000000,0.000000,0.000000,0.000000,-1508.000000,5301.000000,5105.000000
100.000000,-100.000000,0.000000,0.000000,-1446.000000,5890.000000,5105.000000
-200.000000,-200.000000,0.000000,0.000000,-1000.000000,7461.000000,5301.000000
-100.000000,0.000000,0.000000,0.000000,-1498.000000,10013.000000,6872.000000
0.000000,0.000000,0.000000,0.000000,-1767.000000,10406.000000,9424.000000
0.000000,0.000000,0.000000,0.000000,-1876.000000,10210.000000,12370.000000
200.000000,0.000000,0.000000,0.000000,-1122.000000,10602.000000,9424.000000
0.000000,0.000000,0.000000,0.000000,-825.000000,10013.000000,9228.000000
0.000000,-100.000000,0.000000,0.000000,-1071.000000,10406.000000,9228.000000
0.000000,0.000000,0.000000,0.000000,-1223.000000,11388.000000,8639.000000
0.000000,0.000000,0.000000,0.000000,-1340.000000,13155.000000,8639.000000
100.000000,100.000000,0.000000,0.000000,-1325.000000,14333.000000,8835.000000
-100.000000,0.000000,0.000000,0.000000,-1382.000000,14137.000000,9424.000000
0.000000,100.000000,0.000000,0.000000,-1013.000000,14137.000000,11584.000000
100.000000,0.000000,0.000000,0.000000,-954.000000,13744.000000,11780.000000
0.000000,200.000000,0.000000,0.000000,-1291.000000,13548.000000,11191.000000
100.000000,0.000000,0.000000,0.000000,-1439.000000,13548.000000,10210.000000
0.000000,-100.000000,0.000000,0.000000,-1433.000000,14137.000000,11191.000000
100.000000,-200.000000,0.000000,0.000000,-1147.000000,14726.000000,10602.000000
0.000000,-200.000000,0.000000,0.000000,-1286.000000,15315.000000,10602.000000
0.000000,-100.000000,0.000000,0.000000,-1196.000000,15118.000000,11191.000000
200.000000,0.000000,0.000000,0.000000,-1158.000000,15315.000000,11388.000000
0.000000,-100.000000,0.000000,0.000000,-1315.000000,14922.000000,11780.000000
0.000000,100.000000,0.000000,0.000000,-881.000000,14922.000000,11388.000000
0.000000,100.000000,0.000000,0.000000,-548.000000,14529.000000,11584.000000
-100.000000,100.000000,0.000000,0.000000,-489.000000,14529.000000,10210.000000
0.000000,0.000000,0.000000,0.000000,-712.000000,14137.000000,9621.000000
-100.000000,200.000000,156.000000,156.000000,-766.000000,14137.000000,10406.000000
-200.000000,-100.000000,0.000000,0.000000,-460.000000,13940.000000,10210.000000
-100.000000,0.000000,0.000000,0.000000,-261.000000,13155.000000,9621.000000
0.000000,-100.000000,0.000000,0.000000,-300.000000,13548.000000,9621.000000
100.000000,0.000000,0.000000,0.000000,-434.000000,13155.000000,9032.000000
100.000000,-100.000000,0.000000,0.000000,-336.000000,12762.000000,8835.000000
-100.000000,0.000000,0.000000,0.000000,-216.000000,12566.000000,8639.000000
0.000000,-100.000000,0.000000,0.000000,-119.000000,11977.000000,8639.000000
200.000000,-100.000000,0.000000,0.000000,2.000000,11388.000000,8835.000000
-100.000000,-200.000000,0.000000,0.000000,13.000000,10602.000000,8835.000000
-100.000000,-100.000000,0.000000,0.000000,-248.000000,9621.000000,8050.000000
100.000000,0.000000,0.000000,0.000000,-28.000000,9424.000000,7264.000000
0.000000,0.000000,0.000000,0.000000,-290.000000,9032.000000,6675.000000
0.000000,100.000000,0.000000,0.000000,-65.000000,8639.000000,6479.000000
0.000000,-100.000000,0.000000,0.000000,-77.000000,8246.000000,6086.000000
0.000000,-100.000000,0.000000,0.000000,178.000000,8050.000000,5890.000000
-100.000000,-100.000000,0.000000,0.000000,300.000000,8246.000000,5694.000000
200.000000,0.000000,0.000000,0.000000,349.000000,7657.000000,5105.000000
0.000000,-100.000000,0.000000,0.000000,345.000000,7657.000000,4516.000000
0.000000,0.000000,0.000000,0.000000,284.000000,7264.000000,4319.000000
-100.000000,-200.000000,0.000000,0.000000,367.000000,7461.000000,4319.000000
0.000000,-200.000000,0.000000,0.000000,515.000000,7657.000000,4319.000000
0.000000,-100.000000,0.000000,0.000000,419.000000,7657.000000,4516.000000
0.000000,-300.000000,0.000000,0.000000,405.000000,7657.000000,4319.000000
-100.000000,-200.000000,0.000000,0.000000,261.000000,7264.000000,4123.000000
0.000000,0.000000,78.000000,78.000000,346.000000,7657.000000,4123.000000
-100.000000,-300.000000,0.000000,0.000000,431.000000,7068.000000,4123.000000
200.000000,0.000000,0.000000,0.000000,317.000000,6872.000000,3730.000000
0.000000,0.000000,0.000000,0.000000,370.000000,6675.000000,3534.000000
0.000000,0.000000,0.000000,0.000000,349.000000,6283.000000,3534.000000
0.000000,0.000000,0.000000,0.000000,379.000000,5694.000000,3141.000000
0.000000,-200.000000,0.000000,0.000000,458.000000,5105.000000,2945.000000
-100.000000,-200.000000,0.000000,0.000000,269.000000,4712.000000,2945.000000
0.000000,-400.000000,0.000000,0.000000,154.000000,4712.000000,2945.000000
0.000000,0.000000,0.000000,0.000000,131.000000,4319.000000,3337.000000
0.000000,200.000000,0.000000,0.000000,127.000000,4516.000000,3534.000000
0.000000,0.000000,0.000000,0.000000,122.000000,4516.000000,3337.000000
100.000000,0.000000,0.000000,0.000000,98.000000,5497.000000,3337.000000
0.000000,-200.000000,0.000000,0.000000,15.000000,6086.000000,3337.000000
0.000000,-100.000000,0.000000,0.000000,-39.000000,5890.000000,3141.000000
0.000000,-100.000000,0.000000,0.000000,-73.000000,5694.000000,3141.000000
100.000000,0.000000,0.000000,0.000000,-62.000000,5497.000000,3141.000000
200.000000,0.000000,0.000000,0.000000,-69.000000,5497.000000,3141.000000
100.000000,-100.000000,0.000000,0.000000,-64.000000,4908.000000,3337.000000
0.000000,0.000000,0.000000,0.000000,-98.000000,4908.000000,3534.000000
200.000000,0.000000,0.000000,0.000000,-170.000000,4908.000000,3534.000000
0.000000,300.000000,0.000000,0.000000,-234.000000,4712.000000,3534.000000
-100.000000,100.000000,0.000000,0.000000,-286.000000,4516.000000,3337.000000
0.000000,-200.000000,0.000000,0.000000,-288.000000,4123.000000,3141.000000
0.000000,0.000000,0.000000,0.000000,-315.000000,4123.000000,2945.000000
-100.000000,-100.000000,0.000000,0.000000,-346.000000,3926.000000,3141.000000
200.000000,0.000000,0.000000,0.000000,-327.000000,4123.000000,3534.000000
0.000000,100.000000,0.000000,0.000000,-321.000000,4319.000000,3534.000000
0.000000,-100.000000,0.000000,0.000000,-447.000000,4516.000000,3337.000000
0.000000,0.000000,0.000000,0.000000,-460.000000,4319.000000,3141.000000
100.000000,100.000000,0.000000,0.000000,-480.000000,4319.000000,3141.000000
0.000000,-100.000000,0.000000,0.000000,-520.000000,4123.000000,3141.000000
0.000000,0.000000,0.000000,0.000000,-609.000000,4123.000000,2945.000000
0.000000,100.000000,0.000000,0.000000,-686.000000,3926.000000,2945.000000
0.000000,0.000000,0.000000,0.000000,-687.000000,3730.000000,2748.000000
-200.000000,-100.000000,0.000000,0.000000,-735.000000,3534.000000,2945.000000
0.000000,0.000000,0.000000,0.000000,-804.000000,3337.000000,2748.000000
0.000000,0.000000,0.000000,0.000000,-835.000000,3337.000000,2552.000000
-100.000000,-100.000000,0.000000,0.000000,-874.000000,2945.000000,2356.000000
100.000000,100.000000,0.000000,0.000000,-911.000000,2748.000000,2356.000000
-100.000000,-100.000000,0.000000,0.000000,-925.000000,2748.000000,1963.000000
-100.000000,-100.000000,0.000000,0.000000,-970.000000,2552.000000,1963.000000
0.000000,0.000000,0.000000,0.000000,-943.000000,2552.000000,1963.000000
0.000000,200.000000,0.000000,0.000000,-974.000000,2356.000000,1963.000000
0.000000,0.000000,0.000000,0.000000,-1003.000000,2356.000000,1963.000000
200.000000,0.000000,0.000000,0.000000,-1043.000000,2356.000000,1767.000000
0.000000,0.000000,0.000000,0.000000,-1076.000000,2356.000000,1767.000000
-100.000000,-100.000000,0.000000,0.000000,-1126.000000,2356.000000,1374.000000
100.000000,100.000000,78.000000,78.000000,-1205.000000,2159.000000,1570.000000
-200.000000,600.000000,0.000000,0.000000,-1254.000000,1963.000000,1374.000000
0.000000,0.000000,0.000000,0.000000,-1282.000000,1767.000000,1374.000000
0.000000,0.000000,0.000000,0.000000,-1321.000000,1570.000000,1374.000000
0.000000,0.000000,0.000000,0.000000,-1392.000000,1767.000000,1178.000000
0.000000,100.000000,0.000000,0.000000,-1345.000000,1374.000000,1374.000000
-400.000000,-100.000000,0.000000,0.000000,-1341.000000,1374.000000,1178.000000
0.000000,100.000000,0.000000,0.000000,-1381.000000,1178.000000,1178.000000
-200.000000,100.000000,0.000000,0.000000,-1404.000000,1178.000000,981.000000
-100.000000,0.000000,0.000000,0.000000,-1386.000000,981.000000,981.000000
-100.000000,0.000000,0.000000,0.000000,-1402.000000,785.000000,785.000000
0.000000,0.000000,0.000000,0.000000,-1471.000000,589.000000,589.000000
-100.000000,0.000000,0.000000,0.000000,-1497.000000,589.000000,785.000000
100.000000,0.000000,0.000000,0.000000,-1498.000000,589.000000,589.000000
0.000000,100.000000,0.000000,0.000000,-1538.000000,392.000000,392.000000
-100.000000,0.000000,0.000000,0.000000,-1588.000000,392.000000,589.000000
-300.000000,-100.000000,0.000000,0.000000,-1639.000000,196.000000,392.000000
0.000000,0.000000,0.000000,0.000000,-1671.000000,196.000000,392.000000
300.000000,-100.000000,156.000000,156.000000,-1714.000000,0.000000,196.000000
-100.000000,0.000000,0.000000,0.000000,-1726.000000,0.000000,589.000000
200.000000,0.000000,0.000000,0.000000,-1718.000000,0.000000,196.000000
0.000000,0.000000,0.000000,0.000000,-1696.000000,0.000000,392.000000
0.000000,200.000000,0.000000,0.000000,-1754.000000,0.000000,196.000000
0.000000,0.000000,0.000000,0.000000,-1796.000000,0.000000,0.000000
0.000000,100.000000,0.000000,0.000000,-1814.000000,0.000000,0.000000
0.000000,100.000000,0.000000,0.000000,-1815.000000,0.000000,0.000000
200.000000,0.000000,0.000000,0.000000,-1840.000000,0.000000,0.000000
0.000000,-100.000000,0.000000,0.000000,-1799.000000,0.000000,0.000000
0.000000,0.000000,0.000000,0.000000,-1823.000000,-196.000000,0.000000
200.000000,200.000000,0.000000,0.000000,-1816.000000,-196.000000,196.000000
200.000000,100.000000,0.000000,0.000000,-1851.000000,0.000000,0.000000
0.000000,100.000000,0.000000,0.000000,-1874.000000,0.000000,196.000000
100.000000,0.000000,0.000000,0.000000,-1864.000000,0.000000,0.000000
-100.000000,-500.000000,0.000000,0.000000,-1931.000000,0.000000,0.000000
0.000000,-100.000000,0.000000,0.000000,-1954.000000,0.000000,196.000000
-200.000000,0.000000,0.000000,0.000000,-1987.000000,0.000000,0.000000
0.000000,100.000000,0.000000,0.000000,-2018.000000,-196.000000,0.000000
300.000000,0.000000,0.000000,0.000000,-2064.000000,0.000000,0.000000
0.000000,0.000000,0.000000,0.000000,-2051.000000,0.000000,0.000000
0.000000,-300.000000,0.000000,0.000000,-2101.000000,0.000000,0.000000
100.000000,0.000000,0.000000,0.000000,-2145.000000,-196.000000,0.000000
0.000000,-100.000000,0.000000,0.000000,-2146.000000,0.000000,0.000000
100.000000,0.000000,0.000000,0.000000,-2178.000000,-196.000000,0.000000
0.000000,0.000000,0.000000,0.000000,-2159.000000,-196.000000,0.000000
100.000000,0.000000,0.000000,0.000000,-2174.000000,0.000000,0.000000
0.000000,-300.000000,0.000000,0.000000,-2183.000000,0.000000,0.000000
0.000000,0.000000,0.000000,0.000000,-2187.000000,-196.000000,0.000000
200.000000,100.000000,0.000000,0.000000,-2189.000000,0.000000,0.000000
200.000000,-100.000000,0.000000,0.000000,-2203.000000,-196.000000,-196.000000
-200.000000,-200.000000,0.000000,0.000000,-2180.000000,-196.000000,-196.000000
-100.000000,-200.000000,0.000000,0.000000,-2193.000000,-392.000000,0.000000
0.000000,200.000000,0.000000,0.000000,-2170.000000,-392.000000,0.000000
-200.000000,0.000000,0.000000,0.000000,-2169.000000,-392.000000,0.000000
200.000000,-200.000000,0.000000,0.000000,-2142.000000,-196.000000,0.000000
0.000000,100.000000,0.000000,0.000000,-2142.000000,-196.000000,-392.000000
0.000000,0.000000,0.000000,0.000000,-2131.000000,-196.000000,-589.000000
200.000000,0.000000,0.000000,0.000000,-2119.000000,-392.000000,-589.000000
200.000000,0.000000,78.000000,78.000000,-2157.000000,-392.000000,-392.000000
0.000000,0.000000,0.000000,0.000000,-2158.000000,-392.000000,-392.000000
-300.000000,-200.000000,0.000000,0.000000,-2153.000000,-392.000000,-392.000000
0.000000,100.000000,0.000000,0.000000,-2175.000000,-392.000000,-196.000000
200.000000,0.000000,0.000000,0.000000,-2206.000000,-392.000000,-196.000000
-400.000000,0.000000,0.000000,0.000000,-2198.000000,-589.000000,0.000000
300.000000,0.000000,0.000000,0.000000,-2151.000000,-392.000000,-196.000000
-100.000000,0.000000,78.000000,78.000000,-2162.000000,-392.000000,-196.000000
100.000000,0.000000,0.000000,0.000000,-2174.000000,-589.000000,-196.000000
100.000000,100.000000,0.000000,0.000000,-2175.000000,-392.000000,-196.000000
100.000000,0.000000,0.000000,0.000000,-2169.000000,-589.000000,-196.000000
100.000000,100.000000,0.000000,0.000000,-2172.000000,-589.000000,-196.000000
-100.000000,-100.000000,0.000000,0.000000,-2163.000000,-392.000000,-196.000000
0.000000,0.000000,0.000000,0.000000,-2177.000000,-589.000000,-196.000000
-200.000000,-200.000000,0.000000,0.000000,-2120.000000,-589.000000,0.000000
0.000000,0.000000,0.000000,0.000000,-2128.000000,-589.000000,-196.000000
0.000000,0.000000,0.000000,0.000000,-2148.000000,-589.000000,0.000000
-200.000000,0.000000,0.000000,0.000000,-2176.000000,-589.000000,0.000000
0.000000,-100.000000,0.000000,0.000000,-2150.000000,-392.000000,0.000000
0.000000,200.000000,0.000000,0.000000,-2134.000000,-589.000000,0.000000
-200.000000,100.000000,0.000000,0.000000,-2143.000000,-589.000000,0.000000
0.000000,0.000000,0.000000,0.000000,-2147.000000,-589.000000,0.000000
-300.000000,0.000000,0.000000,0.000000,-2136.000000,-392.000000,0.000000
200.000000,0.000000,0.000000,0.000000,-2122.000000,-589.000000,0.000000
0.000000,-200.000000,0.000000,0.000000,-2129.000000,-589.000000,0.000000
-100.000000,-200.000000,0.000000,0.000000,-2102.000000,-589.000000,0.000000
0.000000,100.000000,0.000000,0.000000,-2119.000000,-392.000000,0.000000
200.000000,200.000000,0.000000,0.000000,-2124.000000,-589.000000,0.000000
0.000000,100.000000,0.000000,0.000000,-2116.000000,-392.000000,0.000000
100.000000,0.000000,0.000000,0.000000,-2124.000000,-589.000000,0.000000
-100.000000,0.000000,0.000000,0.000000,-2135.000000,-392.000000,0.000000
0.000000,100.000000,0.000000,0.000000,-2152.000000,-589.000000,0.000000
0.000000,0.000000,0.000000,0.000000,-2130.000000,-589.000000,0.000000
200.000000,300.000000,0.000000,0.000000,-2144.000000,-392.000000,0.000000
-100.000000,0.000000,0.000000,0.000000,-2182.000000,-392.000000,196.000000
-100.000000,-100.000000,0.000000,0.000000,-2172.000000,-392.000000,0.000000
0.000000,100.000000,0.000000,0.000000,-2196.000000,-392.000000,0.000000
0.000000,-200.000000,0.000000,0.000000,-2186.000000,-589.000000,0.000000
0.000000,0.000000,0.000000,0.000000,-2176.000000,-392.000000,0.000000
300.000000,-100.000000,0.000000,0.000000,-2184.000000,-392.000000,0.000000
0.000000,0.000000,0.000000,0.000000,-2155.000000,-392.000000,0.000000
100.000000,-100.000000,0.000000,0.000000,-2194.000000,-392.000000,0.000000
0.000000,0.000000,0.000000,0.000000,-2195.000000,-392.000000,0.000000
0.000000,0.000000,0.000000,0.000000,-2196.000000,-392.000000,0.000000
100.000000,0.000000,0.000000,0.000000,-2208.000000,-392.000000,0.000000
-100.000000,0.000000,0.000000,0.000000,-2219.000000,-392.000000,0.000000
0.000000,0.000000,0.000000,0.000000,-2215.000000,-589.000000,0.000000
-100.000000,100.000000,0.000000,0.000000,-2206.000000,-392.000000,0.000000
0.000000,200.000000,0.000000,0.000000,-2218.000000,-392.000000,0.000000
0.000000,300.000000,0.000000,0.000000,-2231.000000,-392.000000,0.000000
200.000000,0.000000,0.000000,0.000000,-2245.000000,-196.000000,0.000000
0.000000,-300.000000,0.000000,0.000000,-2287.000000,-392.000000,0.000000
-200.000000,500.000000,0.000000,0.000000,-2236.000000,-392.000000,0.000000
100.000000,100.000000,0.000000,0.000000,-2237.000000,-392.000000,0.000000
0.000000,0.000000,0.000000,0.000000,-2233.000000,-392.000000,0.000000
-100.000000,-100.000000,0.000000,0.000000,-2227.000000,-392.000000,0.000000
200.000000,-200.000000,0.000000,0.000000,-2220.000000,-589.000000,0.000000
0.000000,0.000000,0.000000,0.000000,-2260.000000,-392.000000,0.000000
-100.000000,100.000000,0.000000,0.000000,-2232.000000,-392.000000,0.000000
0.000000,-100.000000,0.000000,0.000000,-2218.000000,-392.000000,-196.000000
0.000000,200.000000,0.000000,0.000000,-2219.000000,-196.000000,0.000000
-100.000000,0.000000,0.000000,0.000000,-2217.000000,-392.000000,0.000000
0.000000,-100.000000,0.000000,0.000000,-2215.000000,-392.000000,0.000000
0.000000,0.000000,0.000000,0.000000,-2251.000000,-392.000000,0.000000
300.000000,0.000000,0.000000,0.000000,-2274.000000,-392.000000,0.000000
200.000000,0.000000,0.000000,0.000000,-2285.000000,-392.000000,0.000000
0.000000,0.000000,78.000000,78.000000,-2272.000000,-196.000000,0.000000
100.000000,0.000000,0.000000,0.000000,-2284.000000,-392.000000,0.000000
-100.000000,100.000000,0.000000,0.000000,-2320.000000,-196.000000,0.000000
0.000000,100.000000,0.000000,0.000000,-2322.000000,-196.000000,0.000000
0.000000,0.000000,0.000000,0.000000,-2323.000000,-196.000000,0.000000
200.000000,0.000000,0.000000,0.000000,-2285.000000,-196.000000,-196.000000
200.000000,200.000000,0.000000,0.000000,-2224.000000,-196.000000,-196.000000
300.000000,200.000000,0.000000,0.000000,-2238.000000,-392.000000,-196.000000
-200.000000,100.000000,0.000000,0.000000,-2243.000000,-392.000000,-196.000000
400.000000,0.000000,0.000000,0.000000,-2263.000000,-196.000000,-196.000000
0.000000,0.000000,0.000000,0.000000,-2242.000000,-392.000000,-196.000000
0.000000,100.000000,0.000000,0.000000,-2208.000000,-196.000000,-589.000000
