Channel 1,Channel 2,Channel 3,Channel 4,Channel 5,Channel 6,Channel 7
0.000000,-100.000000,0.000000,0.000000,-3082.000000,0.000000,0.000000
-300.000000,0.000000,0.000000,0.000000,-3059.000000,0.000000,0.000000
-200.000000,100.000000,0.000000,0.000000,-3065.000000,0.000000,0.000000
0.000000,0.000000,0.000000,0.000000,-3043.000000,0.000000,0.000000
0.000000,0.000000,0.000000,0.000000,-3033.000000,0.000000,0.000000
-100.000000,-400.000000,0.000000,0.000000,-3034.000000,0.000000,0.000000
-100.000000,0.000000,0.000000,0.000000,-3044.000000,0.000000,0.000000
-300.000000,0.000000,0.000000,0.000000,-3055.000000,0.000000,0.000000
-100.000000,-100.000000,0.000000,0.000000,-3038.000000,0.000000,0.000000
-100.000000,0.000000,0.000000,0.000000,-3045.000000,0.000000,0.000000
0.000000,-200.000000,0.000000,0.000000,-3049.000000,0.000000,0.000000
-100.000000,0.000000,0.000000,0.000000,-3052.000000,0.000000,0.000000
-200.000000,100.000000,0.000000,0.000000,-3058.000000,0.000000,0.000000
-100.000000,0.000000,0.000000,0.000000,-3044.000000,0.000000,0.000000
0.000000,0.000000,0.000000,0.000000,-3041.000000,0.000000,0.000000
-100.000000,100.000000,0.000000,0.000000,-3067.000000,0.000000,0.000000
-200.000000,-100.000000,0.000000,0.000000,-3075.000000,0.000000,0.000000
0.000000,0.000000,0.000000,0.000000,-3088.000000,0.000000,0.000000
-300.000000,0.000000,0.000000,0.000000,-3093.000000,0.000000,0.000000
-200.000000,0.000000,0.000000,0.000000,-3102.000000,0.000000,0.000000
100.000000,-200.000000,0.000000,0.000000,-3108.000000,0.000000,0.000000
-300.000000,0.000000,0.000000,0.000000,-3088.000000,0.000000,0.000000
-200.000000,-300.000000,0.000000,0.000000,-3058.000000,-196.000000,0.000000
100.000000,-300.000000,0.000000,0.000000,-3064.000000,0.000000,0.000000
0.000000,0.000000,0.000000,0.000000,-3063.000000,0.000000,0.000000
-200.000000,-200.000000,0.000000,0.000000,-3026.000000,0.000000,0.000000
-100.000000,-200.000000,0.000000,0.000000,-2996.000000,0.000000,0.000000
-100.000000,0.000000,0.000000,0.000000,-2974.000000,0.000000,0.000000
-100.000000,-300.000000,0.000000,0.000000,-2970.000000,0.000000,0.000000
0.000000,0.000000,0.000000,0.000000,-2977.000000,0.000000,0.000000
-100.000000,-300.000000,0.000000,0.000000,-2977.000000,0.000000,0.000000
-300.000000,-200.000000,0.000000,0.000000,-2948.000000,0.000000,0.000000
-200.000000,-200.000000,0.000000,0.000000,-2941.000000,0.000000,0.000000
-200.000000,-100.000000,0.000000,0.000000,-2931.000000,0.000000,0.000000
0.000000,100.000000,0.000000,0.000000,-2946.000000,0.000000,0.000000
0.000000,-300.000000,0.000000,0.000000,-2957.000000,0.000000,0.000000
0.000000,-100.000000,0.000000,0.000000,-2994.000000,0.000000,0.000000
0.000000,-300.000000,0.000000,0.000000,-3013.000000,0.000000,0.000000
-100.000000,-200.000000,0.000000,0.000000,-2982.000000,196.000000,0.000000
0.000000,-100.000000,0.000000,0.000000,-2974.000000,0.000000,0.000000
-200.000000,-300.000000,0.000000,0.000000,-2997.000000,0.000000,0.000000
-100.000000,0.000000,0.000000,0.000000,-2958.000000,0.000000,0.000000
-100.000000,-100.000000,0.000000,0.000000,-2934.000000,0.000000,0.000000
-200.000000,0.000000,0.000000,0.000000,-2937.000000,0.000000,0.000000
-100.000000,-200.000000,0.000000,0.000000,-2944.000000,0.000000,0.000000
-100.000000,100.000000,0.000000,0.000000,-2920.000000,0.000000,0.000000
-200.000000,0.000000,0.000000,0.000000,-2930.000000,0.000000,0.000000
-200.000000,0.000000,0.000000,0.000000,-2913.000000,0.000000,0.000000
0.000000,-200.000000,0.000000,0.000000,-2922.000000,0.000000,0.000000
0.000000,-100.000000,0.000000,0.000000,-2937.000000,0.000000,0.000000
0.000000,-200.000000,0.000000,0.000000,-2928.000000,0.000000,0.000000
-100.000000,0.000000,0.000000,0.000000,-2970.000000,0.000000,0.000000
-100.000000,-200.000000,0.000000,0.000000,-2970.000000,0.000000,0.000000
0.000000,-100.000000,0.000000,0.000000,-2984.000000,0.000000,0.000000
0.000000,-200.000000,0.000000,0.000000,-3001.000000,0.000000,0.000000
-200.000000,-200.000000,0.000000,0.000000,-3006.000000,0.000000,0.000000
0.000000,200.000000,0.000000,0.000000,-3003.000000,0.000000,0.000000
-300.000000,-300.000000,0.000000,0.000000,-3014.000000,0.000000,0.000000
-100.000000,0.000000,0.000000,0.000000,-3026.000000,0.000000,0.000000
-300.000000,0.000000,0.000000,0.000000,-3026.000000,0.000000,0.000000
100.000000,0.000000,0.000000,0.000000,-3011.000000,0.000000,0.000000
-300.000000,0.000000,0.000000,0.000000,-2967.000000,0.000000,0.000000
7400.000000,5200.000000,10000.000000,10000.000000,-2915.000000,0.000000,392.000000
8600.000000,9600.000000,10000.000000,10000.000000,-2877.000000,2356.000000,1963.000000
9600.000000,9600.000000,10000.000000,10000.000000,-2815.000000,3141.000000,2159.000000
10400.000000,10400.000000,10000.000000,10000.000000,-2632.000000,1374.000000,589.000000
8600.000000,9300.000000,10000.000000,10000.000000,-2594.000000,-392.000000,0.000000
9600.000000,8800.000000,10000.000000,10000.000000,-2782.000000,-589.000000,0.000000
10400.000000,8300.000000,10000.000000,10000.000000,-2679.000000,589.000000,589.000000
9200.000000,9200.000000,10000.000000,10000.000000,-2423.000000,1767.000000,1178.000000
8500.000000,9300.000000,10000.000000,10000.000000,-2406.000000,2552.000000,1767.000000
8700.000000,9300.000000,10000.000000,10000.000000,-2683.000000,1963.000000,1767.000000
8500.000000,9300.000000,10000.000000,10000.000000,-2780.000000,1178.000000,1570.000000
10000.000000,9900.000000,10000.000000,10000.000000,-2627.000000,981.000000,1178.000000
9900.000000,9100.000000,10000.000000,10000.000000,-2517.000000,1570.000000,1570.000000
9100.000000,9200.000000,10000.000000,10000.000000,-2479.000000,2552.000000,2356.000000
11500.000000,9300.000000,10000.000000,10000.000000,-2534.000000,2748.000000,2552.000000
9200.000000,10600.000000,10000.000000,10000.000000,-2514.000000,2356.000000,2552.000000
9200.000000,9700.000000,10000.000000,10000.000000,-2407.000000,1767.000000,2356.000000
9500.000000,9700.000000,10000.000000,10000.000000,-2437.000000,1963.000000,1963.000000
9400.000000,9700.000000,10000.000000,10000.000000,-2485.000000,2356.000000,2159.000000
10400.000000,9100.000000,10000.000000,10000.000000,-2406.000000,2748.000000,2159.000000
10700.000000,10100.000000,10000.000000,10000.000000,-2323.000000,2748.000000,2552.000000
8800.000000,9600.000000,10000.000000,10000.000000,-2332.000000,2748.000000,2748.000000
11300.000000,9500.000000,10000.000000,10000.000000,-2434.000000,2356.000000,2552.000000
11000.000000,9500.000000,10000.000000,10000.000000,-2414.000000,2356.000000,2159.000000
9200.000000,10200.000000,10000.000000,10000.000000,-2380.000000,2356.000000,2159.000000
8500.000000,11400.000000,10000.000000,10000.000000,-2446.000000,2552.000000,2552.000000
8800.000000,8900.000000,10000.000000,10000.000000,-2491.000000,2552.000000,2748.000000
10900.000000,8900.000000,10000.000000,10000.000000,-2495.000000,2356.000000,2748.000000
9100.000000,10600.000000,10000.000000,10000.000000,-2489.000000,2356.000000,2356.000000
9200.000000,10900.000000,10000.000000,10000.000000,-2510.000000,2159.000000,2356.000000
9500.000000,11000.000000,10000.000000,10000.000000,-2554.000000,2356.000000,1767.000000
9400.000000,9900.000000,10000.000000,10000.000000,-2605.000000,2356.000000,1767.000000
9300.000000,9600.000000,10000.000000,10000.000000,-2574.000000,2159.000000,2159.000000
9200.000000,8400.000000,10000.000000,10000.000000,-2610.000000,2356.000000,2159.000000
10000.000000,9200.000000,10000.000000,10000.000000,-2637.000000,1963.000000,1963.000000
9900.000000,9100.000000,10000.000000,10000.000000,-2603.000000,2159.000000,1767.000000
10000.000000,9400.000000,10000.000000,10000.000000,-2553.000000,2159.000000,1374.000000
8500.000000,9800.000000,10000.000000,10000.000000,-2546.000000,2159.000000,1570.000000
10100.000000,9700.000000,10000.000000,10000.000000,-2508.000000,1963.000000,1570.000000
11300.000000,9600.000000,10000.000000,10000.000000,-2452.000000,1767.000000,1570.000000
9700.000000,9200.000000,10000.000000,10000.000000,-2454.000000,1570.000000,1570.000000
9700.000000,8900.000000,10000.000000,10000.000000,-2445.000000,1570.000000,1374.000000
9200.000000,11600.000000,10000.000000,10000.000000,-2381.000000,1767.000000,1178.000000
9200.000000,11000.000000,10000.000000,10000.000000,-2360.000000,1570.000000,1178.000000
9100.000000,10000.000000,10000.000000,10000.000000,-2368.000000,1570.000000,1178.000000
10000.000000,9600.000000,10000.000000,10000.000000,-2349.000000,1570.000000,1374.000000
10600.000000,9900.000000,10000.000000,10000.000000,-2333.000000,1374.000000,1374.000000
9600.000000,10400.000000,10000.000000,10000.000000,-2318.000000,1570.000000,1178.000000
9300.000000,9400.000000,10000.000000,10000.000000,-2366.000000,1374.000000,981.000000
9900.000000,9200.000000,10000.000000,10000.000000,-2358.000000,1570.000000,981.000000
8600.000000,9400.000000,10000.000000,10000.000000,-2349.000000,1570.000000,1178.000000
9800.000000,9800.000000,10000.000000,10000.000000,-2358.000000,1374.000000,1178.000000
9600.000000,9500.000000,10000.000000,10000.000000,-2399.000000,1374.000000,1374.000000
9000.000000,9200.000000,10000.000000,10000.000000,-2414.000000,1570.000000,1178.000000
9800.000000,9300.000000,10000.000000,10000.000000,-2424.000000,1767.000000,1178.000000
9900.000000,9300.000000,10000.000000,10000.000000,-2430.000000,1767.000000,1374.000000
10900.000000,11500.000000,10000.000000,10000.000000,-2431.000000,1767.000000,1374.000000
10200.000000,10600.000000,10000.000000,10000.000000,-2445.000000,1767.000000,1374.000000
9900.000000,10000.000000,10000.000000,10000.000000,-2402.000000,1963.000000,1767.000000
9100.000000,9700.000000,10000.000000,10000.000000,-2358.000000,2159.000000,1570.000000
8600.000000,9700.000000,10000.000000,10000.000000,-2315.000000,1963.000000,1767.000000
8700.000000,9800.000000,10000.000000,10000.000000,-2293.000000,2159.000000,1767.000000
10500.000000,10900.000000,10000.000000,10000.000000,-2294.000000,2159.000000,1963.000000
10300.000000,11200.000000,10000.000000,10000.000000,-2342.000000,2159.000000,2159.000000
8800.000000,12000.000000,10000.000000,10000.000000,-2338.000000,2552.000000,2356.000000
8700.000000,9500.000000,10000.000000,10000.000000,-2350.000000,2552.000000,2552.000000
10300.000000,9000.000000,10000.000000,10000.000000,-2374.000000,2748.000000,2552.000000
9300.000000,9700.000000,10000.000000,10000.000000,-2420.000000,2748.000000,2748.000000
9000.000000,9900.000000,10000.000000,10000.000000,-2411.000000,2748.000000,3141.000000
9400.000000,8500.000000,10000.000000,10000.000000,-2385.000000,3141.000000,3141.000000
9400.000000,11200.000000,10000.000000,10000.000000,-2471.000000,3141.000000,3337.000000
11300.000000,8900.000000,10000.000000,10000.000000,-2481.000000,3337.000000,3141.000000
9000.000000,9000.000000,10000.000000,10000.000000,-2491.000000,3730.000000,3337.000000
9800.000000,9900.000000,10000.000000,10000.000000,-2525.000000,3730.000000,3534.000000
11300.000000,10400.000000,10000.000000,10000.000000,-2573.000000,3730.000000,3337.000000
10300.000000,10700.000000,10000.000000,10000.000000,-2601.000000,3534.000000,3926.000000
10700.000000,9300.000000,10000.000000,10000.000000,-2601.000000,3730.000000,4319.000000
11100.000000,8700.000000,10000.000000,10000.000000,-2583.000000,4123.000000,4319.000000
9200.000000,8600.000000,10000.000000,10000.000000,-2603.000000,4319.000000,4712.000000
9100.000000,10400.000000,10000.000000,10000.000000,-2661.000000,4516.000000,4516.000000
11100.000000,10300.000000,10000.000000,10000.000000,-2691.000000,4516.000000,4516.000000
9700.000000,9400.000000,10000.000000,10000.000000,-2740.000000,4712.000000,4712.000000
8700.000000,9500.000000,10000.000000,10000.000000,-2784.000000,4712.000000,5105.000000
10800.000000,9800.000000,10000.000000,10000.000000,-2765.000000,4712.000000,5301.000000
8600.000000,8600.000000,10000.000000,10000.000000,-2770.000000,4516.000000,5497.000000
9300.000000,10800.000000,10000.000000,10000.000000,-2787.000000,4908.000000,5890.000000
10100.000000,9900.000000,10000.000000,10000.000000,-2786.000000,4908.000000,5497.000000
11400.000000,9900.000000,10000.000000,10000.000000,-2772.000000,5497.000000,5105.000000
8900.000000,8900.000000,10000.000000,10000.000000,-2781.000000,5497.000000,4712.000000
11100.000000,9800.000000,10000.000000,10000.000000,-2858.000000,5497.000000,5105.000000
9100.000000,10500.000000,10000.000000,10000.000000,-2849.000000,5105.000000,5497.000000
8700.000000,9100.000000,10000.000000,10000.000000,-2792.000000,4908.000000,6086.000000
8800.000000,10100.000000,10000.000000,10000.000000,-2775.000000,5105.000000,6086.000000
10000.000000,8900.000000,10000.000000,10000.000000,-2793.000000,5497.000000,5497.000000
8800.000000,8600.000000,10000.000000,10000.000000,-2832.000000,5890.000000,5105.000000
10200.000000,8800.000000,10000.000000,10000.000000,-2831.000000,5890.000000,4908.000000
9200.000000,8900.000000,10000.000000,10000.000000,-2867.000000,5301.000000,5105.000000
8400.000000,9800.000000,10000.000000,10000.000000,-2858.000000,4908.000000,6086.000000
9400.000000,9600.000000,10000.000000,10000.000000,-2820.000000,4908.000000,6479.000000
11100.000000,9700.000000,10000.000000,10000.000000,-2840.000000,5497.000000,5890.000000
10900.000000,10700.000000,10000.000000,10000.000000,-2813.000000,5890.000000,5105.000000
9300.000000,10800.000000,10000.000000,10000.000000,-2823.000000,6086.000000,4712.000000
9000.000000,10700.000000,10000.000000,10000.000000,-2872.000000,5497.000000,5301.000000
9300.000000,10900.000000,10000.000000,10000.000000,-2879.000000,4712.000000,6283.000000
9100.000000,10100.000000,10000.000000,10000.000000,-2858.000000,4319.000000,6283.000000
9000.000000,9000.000000,10000.000000,10000.000000,-2861.000000,4712.000000,5301.000000
9000.000000,10900.000000,10000.000000,10000.000000,-2896.000000,5497.000000,5105.000000
10900.000000,8800.000000,10000.000000,10000.000000,-2921.000000,5694.000000,4516.000000
9600.000000,9100.000000,10000.000000,10000.000000,-2961.000000,5497.000000,4908.000000
8200.000000,10100.000000,10000.000000,10000.000000,-2962.000000,4908.000000,5497.000000
9200.000000,9500.000000,10000.000000,10000.000000,-2932.000000,4123.000000,6283.000000
9400.000000,9100.000000,10000.000000,10000.000000,-2893.000000,4319.000000,6086.000000
9400.000000,10700.000000,10000.000000,10000.000000,-2980.000000,4908.000000,4908.000000
11100.000000,9300.000000,10000.000000,10000.000000,-2937.000000,5301.000000,4123.000000
11100.000000,10200.000000,10000.000000,10000.000000,-2993.000000,5301.000000,3534.000000
10400.000000,11200.000000,10000.000000,10000.000000,-3061.000000,5105.000000,3926.000000
9500.000000,9600.000000,10000.000000,10000.000000,-2985.000000,4319.000000,5694.000000
10600.000000,9000.000000,10000.000000,10000.000000,-2889.000000,4123.000000,5694.000000
11400.000000,8200.000000,10000.000000,10000.000000,-2879.000000,4516.000000,5105.000000
9100.000000,11000.000000,10000.000000,10000.000000,-2826.000000,5105.000000,3926.000000
8600.000000,9300.000000,10000.000000,10000.000000,-2809.000000,5301.000000,3730.000000
9000.000000,10400.000000,10000.000000,10000.000000,-2859.000000,5105.000000,4123.000000
8500.000000,9000.000000,10000.000000,10000.000000,-2810.000000,4908.000000,4908.000000
10800.000000,11500.000000,10000.000000,10000.000000,-2702.000000,4516.000000,5301.000000
9900.000000,9700.000000,10000.000000,10000.000000,-2595.000000,4712.000000,5105.000000
9400.000000,8700.000000,10000.000000,10000.000000,-2657.000000,4908.000000,4908.000000
9800.000000,10500.000000,10000.000000,10000.000000,-2675.000000,5105.000000,5301.000000
11100.000000,8900.000000,10000.000000,10000.000000,-2635.000000,5105.000000,4908.000000
11100.000000,10000.000000,10000.000000,10000.000000,-2708.000000,5105.000000,4712.000000
9400.000000,8800.000000,10000.000000,10000.000000,-2725.000000,5301.000000,5105.000000
11100.000000,9500.000000,10000.000000,10000.000000,-2682.000000,5301.000000,5497.000000
9200.000000,11200.000000,10000.000000,10000.000000,-2744.000000,5105.000000,5497.000000
9300.000000,8800.000000,10000.000000,10000.000000,-2793.000000,5105.000000,5105.000000
11100.000000,11000.000000,10000.000000,10000.000000,-2824.000000,5105.000000,5105.000000
9400.000000,8100.000000,10000.000000,10000.000000,-2816.000000,5497.000000,4908.000000
10100.000000,9200.000000,10000.000000,10000.000000,-2814.000000,5890.000000,5105.000000
9000.000000,9000.000000,10000.000000,10000.000000,-2865.000000,6086.000000,5497.000000
9600.000000,9100.000000,10000.000000,10000.000000,-2972.000000,5890.000000,5890.000000
9700.000000,9500.000000,10000.000000,10000.000000,-3032.000000,5694.000000,6086.000000
9900.000000,9900.000000,10000.000000,10000.000000,-3015.000000,5694.000000,6086.000000
10700.000000,10400.000000,10000.000000,10000.000000,-3015.000000,6283.000000,5890.000000
10900.000000,9200.000000,10000.000000,10000.000000,-2989.000000,6675.000000,5694.000000
10000.000000,10000.000000,10000.000000,10000.000000,-2915.000000,7068.000000,5890.000000
9400.000000,9600.000000,10000.000000,10000.000000,-2888.000000,6675.000000,6283.000000
11000.000000,9300.000000,10000.000000,10000.000000,-2903.000000,6086.000000,6872.000000
9300.000000,9900.000000,10000.000000,10000.000000,-2908.000000,6283.000000,7068.000000
11000.000000,10500.000000,10000.000000,10000.000000,-2930.000000,6872.000000,6086.000000
10100.000000,8300.000000,10000.000000,10000.000000,-2871.000000,7657.000000,5890.000000
10000.000000,9500.000000,10000.000000,10000.000000,-2852.000000,8050.000000,6283.000000
8800.000000,9800.000000,10000.000000,10000.000000,-2914.000000,7657.000000,6872.000000
10800.000000,9300.000000,10000.000000,10000.000000,-2844.000000,6872.000000,7657.000000
10900.000000,10900.000000,10000.000000,10000.000000,-2854.000000,7264.000000,7657.000000
10100.000000,9000.000000,10000.000000,10000.000000,-2891.000000,8050.000000,7068.000000
9700.000000,10900.000000,10000.000000,10000.000000,-2804.000000,8246.000000,6283.000000
9600.000000,10000.000000,10000.000000,10000.000000,-2875.000000,8246.000000,7264.000000
9100.000000,9400.000000,10000.000000,10000.000000,-2914.000000,8246.000000,7853.000000
8900.000000,9500.000000,10000.000000,10000.000000,-2771.000000,8050.000000,8246.000000
8700.000000,8700.000000,10000.000000,10000.000000,-2783.000000,8050.000000,8050.000000
8800.000000,8700.000000,10000.000000,10000.000000,-2864.000000,8246.000000,7853.000000
8700.000000,10600.000000,10000.000000,10000.000000,-2848.000000,8639.000000,7068.000000
9100.000000,9100.000000,10000.000000,10000.000000,-2840.000000,9228.000000,6675.000000
8900.000000,11300.000000,10000.000000,10000.000000,-2804.000000,8835.000000,7853.000000
8900.000000,9900.000000,10000.000000,10000.000000,-2793.000000,8443.000000,8443.000000
9400.000000,8900.000000,10000.000000,10000.000000,-2793.000000,8443.000000,8443.000000
10600.000000,10900.000000,10000.000000,10000.000000,-2738.000000,9032.000000,8639.000000
9700.000000,9300.000000,10000.000000,10000.000000,-2712.000000,9424.000000,8246.000000
9700.000000,10200.000000,10000.000000,10000.000000,-2645.000000,9228.000000,7853.000000
9700.000000,9500.000000,10000.000000,10000.000000,-2635.000000,9032.000000,8246.000000
9100.000000,9500.000000,10000.000000,10000.000000,-2616.000000,9032.000000,8639.000000
10400.000000,9600.000000,10000.000000,10000.000000,-2603.000000,8835.000000,8639.000000
11200.000000,10300.000000,10000.000000,10000.000000,-2455.000000,9032.000000,8246.000000
10100.000000,9400.000000,10000.000000,10000.000000,-2539.000000,9424.000000,8443.000000
9800.000000,8900.000000,10000.000000,10000.000000,-2541.000000,9621.000000,11780.000000
9000.000000,10100.000000,10000.000000,10000.000000,-2492.000000,9424.000000,8443.000000
9000.000000,9400.000000,10000.000000,10000.000000,-2463.000000,8835.000000,8246.000000
9500.000000,10000.000000,10000.000000,10000.000000,-2378.000000,9032.000000,8443.000000
10500.000000,9800.000000,10000.000000,10000.000000,-2414.000000,9424.000000,8639.000000
9300.000000,9300.000000,10000.000000,10000.000000,-2445.000000,9032.000000,8246.000000
9500.000000,10900.000000,10000.000000,10000.000000,-2350.000000,9032.000000,7657.000000
9600.000000,9200.000000,10000.000000,10000.000000,-2419.000000,8835.000000,7657.000000
8700.000000,10800.000000,10000.000000,10000.000000,-2422.000000,9032.000000,8443.000000
10400.000000,10000.000000,10000.000000,10000.000000,-2505.000000,8639.000000,8639.000000
11000.000000,8700.000000,10000.000000,10000.000000,-2448.000000,8443.000000,8050.000000
10700.000000,10500.000000,10000.000000,10000.000000,-2529.000000,9032.000000,8246.000000
10500.000000,9000.000000,10000.000000,10000.000000,-2616.000000,9032.000000,8050.000000
9900.000000,10200.000000,10000.000000,10000.000000,-2599.000000,8639.000000,7657.000000
10300.000000,9000.000000,10000.000000,10000.000000,-2578.000000,8246.000000,7657.000000
10600.000000,9300.000000,10000.000000,10000.000000,-2584.000000,8639.000000,8050.000000
10900.000000,10000.000000,10000.000000,10000.000000,-2576.000000,8835.000000,8246.000000
10300.000000,9100.000000,10000.000000,10000.000000,-2473.000000,8639.000000,8246.000000
10300.000000,11000.000000,10000.000000,10000.000000,-2292.000000,8443.000000,7461.000000
10800.000000,9500.000000,10000.000000,10000.000000,-2254.000000,8835.000000,7461.000000
10300.000000,10500.000000,10000.000000,10000.000000,-2287.000000,9032.000000,7853.000000
10300.000000,9700.000000,10000.000000,10000.000000,-2411.000000,8835.000000,8246.000000
11100.000000,9000.000000,10000.000000,10000.000000,-2189.000000,8443.000000,8050.000000
10800.000000,10200.000000,10000.000000,10000.000000,-1953.000000,8639.000000,8246.000000
10700.000000,8900.000000,10000.000000,10000.000000,-2109.000000,9228.000000,8050.000000
10000.000000,10200.000000,10000.000000,10000.000000,-2038.000000,9228.000000,7853.000000
9700.000000,8800.000000,10000.000000,10000.000000,-2091.000000,9032.000000,6675.000000
9100.000000,9700.000000,10000.000000,10000.000000,-2027.000000,9228.000000,8050.000000
9000.000000,10600.000000,10000.000000,10000.000000,-2002.000000,9228.000000,8443.000000
10600.000000,9000.000000,10000.000000,10000.000000,-1970.000000,9424.000000,8443.000000
10100.000000,9800.000000,10000.000000,10000.000000,-1917.000000,9621.000000,8246.000000
9400.000000,10200.000000,10000.000000,10000.000000,-1780.000000,9817.000000,8639.000000
9300.000000,10100.000000,10000.000000,10000.000000,-1673.000000,10210.000000,8639.000000
10700.000000,10200.000000,10000.000000,10000.000000,-1876.000000,9817.000000,9032.000000
8700.000000,10500.000000,10000.000000,10000.000000,-1959.000000,9817.000000,9032.000000
10600.000000,10700.000000,10000.000000,10000.000000,-1958.000000,10013.000000,9228.000000
9200.000000,10500.000000,10000.000000,10000.000000,-1894.000000,10210.000000,9032.000000
9500.000000,10500.000000,10000.000000,10000.000000,-1909.000000,10406.000000,9621.000000
10700.000000,9800.000000,10000.000000,10000.000000,-1935.000000,10602.000000,13940.000000
9900.000000,8800.000000,10000.000000,10000.000000,-1921.000000,10602.000000,9228.000000
9300.000000,10900.000000,10000.000000,10000.000000,-1900.000000,10602.000000,9228.000000
10000.000000,9500.000000,10000.000000,10000.000000,-1961.000000,10799.000000,9621.000000
9900.000000,8700.000000,10000.000000,10000.000000,-1960.000000,10799.000000,9817.000000
10600.000000,10200.000000,10000.000000,10000.000000,-1875.000000,10995.000000,8639.000000
10800.000000,8400.000000,10000.000000,10000.000000,-1858.000000,11191.000000,9817.000000
10700.000000,9800.000000,10000.000000,10000.000000,-2006.000000,11388.000000,10013.000000
10900.000000,10700.000000,10000.000000,10000.000000,-1953.000000,11191.000000,9817.000000
10600.000000,9100.000000,10000.000000,10000.000000,-1832.000000,11388.000000,9817.000000
10700.000000,9100.000000,10000.000000,10000.000000,-1855.000000,11584.000000,9621.000000
9400.000000,10100.000000,10000.000000,10000.000000,-1772.000000,11584.000000,10210.000000
9300.000000,10200.000000,10000.000000,10000.000000,-1797.000000,11780.000000,10799.000000
10800.000000,10100.000000,10000.000000,10000.000000,-1833.000000,11780.000000,10799.000000
9200.000000,10600.000000,10000.000000,10000.000000,-1768.000000,11780.000000,10799.000000
8800.000000,10800.000000,10000.000000,10000.000000,-1775.000000,11977.000000,10406.000000
10400.000000,10700.000000,10000.000000,10000.000000,-1965.000000,12173.000000,10799.000000
9000.000000,10100.000000,10000.000000,10000.000000,-1753.000000,12173.000000,10995.000000
10900.000000,10200.000000,10000.000000,10000.000000,-1645.000000,12566.000000,11191.000000
8800.000000,9500.000000,10000.000000,10000.000000,-1924.000000,12566.000000,11388.000000
9600.000000,9800.000000,10000.000000,10000.000000,-1753.000000,12173.000000,9817.000000
10900.000000,10100.000000,10000.000000,10000.000000,-1645.000000,12566.000000,10995.000000
9700.000000,10400.000000,10000.000000,10000.000000,-1807.000000,12762.000000,11388.000000
8800.000000,9400.000000,10000.000000,10000.000000,-1642.000000,12959.000000,11388.000000
9100.000000,9400.000000,10000.000000,10000.000000,-1489.000000,13155.000000,11584.000000
9300.000000,9900.000000,10000.000000,10000.000000,-1531.000000,13155.000000,11977.000000
9600.000000,10400.000000,10000.000000,10000.000000,-1495.000000,12762.000000,11780.000000
11000.000000,9900.000000,10000.000000,10000.000000,-1432.000000,12762.000000,11388.000000
8600.000000,8900.000000,10000.000000,10000.000000,-1461.000000,12566.000000,11191.000000
10400.000000,10600.000000,10000.000000,10000.000000,-1430.000000,12762.000000,15118.000000
9800.000000,9900.000000,10000.000000,10000.000000,-1437.000000,12959.000000,11388.000000
8900.000000,9200.000000,10000.000000,10000.000000,-1302.000000,12566.000000,11388.000000
9500.000000,10400.000000,10000.000000,10000.000000,-1321.000000,12566.000000,11388.000000
10500.000000,8900.000000,10000.000000,10000.000000,-1358.000000,12566.000000,11191.000000
9500.000000,10600.000000,10000.000000,10000.000000,-1178.000000,12566.000000,9817.000000
9800.000000,9700.000000,10000.000000,10000.000000,-1393.000000,12566.000000,10799.000000
10100.000000,8900.000000,10000.000000,10000.000000,-1231.000000,12566.000000,11584.000000
9000.000000,11000.000000,10000.000000,10000.000000,-1239.000000,12370.000000,11191.000000
9300.000000,10300.000000,10000.000000,10000.000000,-1366.000000,12370.000000,10995.000000
10000.000000,9200.000000,10000.000000,10000.000000,-1167.000000,12370.000000,10799.000000
8900.000000,9800.000000,10000.000000,10000.000000,-1117.000000,12370.000000,11191.000000
8900.000000,10200.000000,10000.000000,10000.000000,-1156.000000,12566.000000,11388.000000
10200.000000,9400.000000,10000.000000,10000.000000,-897.000000,12370.000000,11584.000000
9000.000000,8900.000000,10000.000000,10000.000000,-875.000000,12370.000000,10995.000000
9900.000000,9500.000000,10000.000000,10000.000000,-901.000000,12370.000000,11191.000000
10200.000000,11100.000000,10000.000000,10000.000000,-833.000000,12370.000000,11191.000000
9100.000000,10300.000000,10000.000000,10000.000000,-812.000000,12566.000000,11191.000000
10900.000000,9600.000000,10000.000000,10000.000000,-823.000000,12566.000000,10602.000000
8900.000000,8600.000000,10000.000000,10000.000000,-814.000000,12370.000000,9228.000000
10400.000000,9200.000000,10000.000000,10000.000000,-815.000000,12370.000000,11191.000000
9500.000000,10700.000000,10000.000000,10000.000000,-957.000000,12370.000000,11191.000000
9800.000000,10800.000000,10000.000000,10000.000000,-855.000000,12370.000000,10995.000000
11200.000000,9800.000000,10000.000000,10000.000000,-799.000000,12566.000000,10799.000000
9000.000000,9100.000000,10000.000000,10000.000000,-926.000000,12762.000000,10799.000000
10500.000000,10100.000000,10000.000000,10000.000000,-916.000000,12566.000000,11191.000000
9700.000000,10500.000000,10000.000000,10000.000000,-1122.000000,12173.000000,11191.000000
10400.000000,10000.000000,10000.000000,10000.000000,-968.000000,12173.000000,11584.000000
9000.000000,9600.000000,10000.000000,10000.000000,-773.000000,11977.000000,14529.000000
10000.000000,9400.000000,10000.000000,10000.000000,-980.000000,12370.000000,11191.000000
10500.000000,9700.000000,0.000000,0.000000,-746.000000,12566.000000,10799.000000
0.000000,-200.000000,0.000000,0.000000,-1029.000000,10995.000000,9228.000000
-200.000000,-200.000000,0.000000,0.000000,-1187.000000,10406.000000,8443.000000
-100.000000,0.000000,0.000000,0.000000,-784.000000,10013.000000,7657.000000
-100.000000,0.000000,0.000000,0.000000,-762.000000,10406.000000,7264.000000
0.000000,0.000000,0.000000,0.000000,-727.000000,11388.000000,10013.000000
-100.000000,200.000000,0.000000,0.000000,-672.000000,12566.000000,12566.000000
-100.000000,-100.000000,78.000000,78.000000,-715.000000,12762.000000,12173.000000
200.000000,0.000000,0.000000,0.000000,-681.000000,12566.000000,11388.000000
-100.000000,0.000000,0.000000,0.000000,-376.000000,11977.000000,10799.000000
-100.000000,-100.000000,0.000000,0.000000,-576.000000,11388.000000,9621.000000
-300.000000,0.000000,0.000000,0.000000,-716.000000,10799.000000,9032.000000
-200.000000,100.000000,0.000000,0.000000,-581.000000,10799.000000,8835.000000
-500.000000,0.000000,0.000000,0.000000,-818.000000,10406.000000,9228.000000
-500.000000,0.000000,0.000000,0.000000,-916.000000,10799.000000,10210.000000
-600.000000,200.000000,0.000000,0.000000,-640.000000,11388.000000,10995.000000
-400.000000,0.000000,0.000000,0.000000,-830.000000,11977.000000,10995.000000
-400.000000,0.000000,0.000000,0.000000,-948.000000,11584.000000,10799.000000
-200.000000,100.000000,0.000000,0.000000,-671.000000,12173.000000,9228.000000
-400.000000,400.000000,0.000000,0.000000,-532.000000,11584.000000,8050.000000
-500.000000,0.000000,0.000000,0.000000,-806.000000,11388.000000,9228.000000
-100.000000,-100.000000,0.000000,0.000000,-977.000000,11191.000000,8835.000000
-200.000000,-300.000000,0.000000,0.000000,-720.000000,10995.000000,8835.000000
-300.000000,300.000000,0.000000,0.000000,-781.000000,10995.000000,9817.000000
-300.000000,0.000000,0.000000,0.000000,-806.000000,11191.000000,10995.000000
0.000000,0.000000,0.000000,0.000000,-969.000000,11584.000000,10995.000000
-100.000000,-100.000000,0.000000,0.000000,-953.000000,12370.000000,11191.000000
-200.000000,0.000000,0.000000,0.000000,-901.000000,12566.000000,10995.000000
-100.000000,0.000000,0.000000,0.000000,-854.000000,12370.000000,10995.000000
0.000000,0.000000,0.000000,0.000000,-719.000000,12370.000000,10406.000000
-400.000000,-100.000000,0.000000,0.000000,-763.000000,12173.000000,12762.000000
-400.000000,0.000000,0.000000,0.000000,-1020.000000,12370.000000,10210.000000
-200.000000,0.000000,0.000000,0.000000,-1138.000000,12566.000000,11388.000000
-100.000000,-100.000000,0.000000,0.000000,-989.000000,12762.000000,11584.000000
-200.000000,0.000000,0.000000,0.000000,-1025.000000,13155.000000,10013.000000
0.000000,0.000000,0.000000,0.000000,-1218.000000,13548.000000,11191.000000
-300.000000,0.000000,0.000000,0.000000,-1132.000000,13351.000000,11584.000000
0.000000,0.000000,0.000000,0.000000,-1212.000000,13548.000000,11191.000000
-400.000000,0.000000,0.000000,0.000000,-1493.000000,13548.000000,10995.000000
-300.000000,100.000000,0.000000,0.000000,-1244.000000,13548.000000,11191.000000
-200.000000,0.000000,0.000000,0.000000,-1008.000000,13744.000000,12370.000000
-300.000000,0.000000,0.000000,0.000000,-1141.000000,13940.000000,12959.000000
-400.000000,300.000000,0.000000,0.000000,-1212.000000,13940.000000,13155.000000
-300.000000,0.000000,0.000000,0.000000,-1177.000000,13940.000000,12762.000000
-300.000000,0.000000,0.000000,0.000000,-1201.000000,13940.000000,11977.000000
-400.000000,-100.000000,0.000000,0.000000,-1315.000000,14137.000000,11977.000000
-200.000000,100.000000,0.000000,0.000000,-1199.000000,13940.000000,11191.000000
-200.000000,400.000000,0.000000,0.000000,-1143.000000,13940.000000,10406.000000
0.000000,-200.000000,0.000000,0.000000,-1098.000000,14333.000000,11584.000000
0.000000,300.000000,0.000000,0.000000,-1355.000000,14333.000000,12370.000000
-300.000000,0.000000,0.000000,0.000000,-1119.000000,14137.000000,12173.000000
-300.000000,-100.000000,0.000000,0.000000,-1037.000000,14137.000000,12370.000000
-100.000000,0.000000,0.000000,0.000000,-961.000000,14137.000000,12370.000000
-100.000000,0.000000,0.000000,0.000000,-944.000000,14137.000000,12173.000000
-300.000000,0.000000,0.000000,0.000000,-1168.000000,13940.000000,12173.000000
-300.000000,100.000000,0.000000,0.000000,-1086.000000,14137.000000,12566.000000
-100.000000,200.000000,0.000000,0.000000,-1074.000000,14333.000000,15118.000000
100.000000,0.000000,39.000000,39.000000,-971.000000,14333.000000,11977.000000
0.000000,400.000000,0.000000,0.000000,-916.000000,14137.000000,11977.000000
0.000000,0.000000,0.000000,0.000000,-957.000000,14137.000000,11780.000000
-100.000000,-100.000000,0.000000,0.000000,-812.000000,13940.000000,10406.000000
-400.000000,-100.000000,0.000000,0.000000,-796.000000,13744.000000,11191.000000
-400.000000,100.000000,0.000000,0.000000,-717.000000,13548.000000,12370.000000
-100.000000,-200.000000,0.000000,0.000000,-605.000000,13351.000000,11388.000000
-400.000000,0.000000,0.000000,0.000000,-617.000000,13351.000000,10799.000000
-100.000000,0.000000,0.000000,0.000000,-773.000000,12959.000000,10013.000000
-200.000000,0.000000,0.000000,0.000000,-864.000000,12959.000000,10995.000000
-300.000000,0.000000,39.000000,39.000000,-601.000000,12566.000000,10995.000000
-600.000000,0.000000,0.000000,0.000000,-690.000000,12370.000000,10995.000000
-300.000000,0.000000,0.000000,0.000000,-738.000000,12173.000000,11191.000000
-400.000000,-100.000000,0.000000,0.000000,-688.000000,11977.000000,10406.000000
-100.000000,0.000000,0.000000,0.000000,-702.000000,11977.000000,10406.000000
-400.000000,0.000000,0.000000,0.000000,-755.000000,11780.000000,10210.000000
-300.000000,0.000000,0.000000,0.000000,-616.000000,11780.000000,9817.000000
-500.000000,0.000000,0.000000,0.000000,-393.000000,11584.000000,8639.000000
-300.000000,-100.000000,0.000000,0.000000,-415.000000,11388.000000,8443.000000
0.000000,-100.000000,0.000000,0.000000,-452.000000,11388.000000,9228.000000
-100.000000,200.000000,0.000000,0.000000,-552.000000,11191.000000,9032.000000
-400.000000,0.000000,0.000000,0.000000,-554.000000,10995.000000,8835.000000
-300.000000,-100.000000,0.000000,0.000000,-416.000000,10799.000000,8246.000000
-200.000000,100.000000,0.000000,0.000000,-506.000000,10799.000000,9032.000000
-100.000000,100.000000,0.000000,0.000000,-635.000000,10602.000000,8835.000000
-300.000000,0.000000,0.000000,0.000000,-678.000000,10602.000000,8835.000000
-100.000000,100.000000,0.000000,0.000000,-614.000000,10406.000000,8835.000000
-200.000000,0.000000,0.000000,0.000000,-604.000000,10406.000000,9032.000000
-200.000000,100.000000,0.000000,0.000000,-680.000000,10406.000000,9032.000000
100.000000,0.000000,0.000000,0.000000,-838.000000,10406.000000,9032.000000
-200.000000,200.000000,0.000000,0.000000,-941.000000,10602.000000,11584.000000
0.000000,-100.000000,0.000000,0.000000,-859.000000,10602.000000,8639.000000
-100.000000,-100.000000,0.000000,0.000000,-659.000000,10602.000000,8639.000000
-300.000000,100.000000,0.000000,0.000000,-717.000000,10406.000000,8443.000000
-300.000000,-100.000000,0.000000,0.000000,-727.000000,10210.000000,8443.000000
-1600.000000,300.000000,78.000000,78.000000,-840.000000,10210.000000,7853.000000
-200.000000,300.000000,0.000000,0.000000,-975.000000,10406.000000,7461.000000
0.000000,100.000000,0.000000,0.000000,-830.000000,10406.000000,8050.000000
0.000000,0.000000,0.000000,0.000000,-1037.000000,10602.000000,8835.000000
-200.000000,0.000000,0.000000,0.000000,-1157.000000,10799.000000,9032.000000
-100.000000,0.000000,0.000000,0.000000,-1308.000000,10799.000000,9032.000000
0.000000,-500.000000,0.000000,0.000000,-1442.000000,10799.000000,8639.000000
-300.000000,100.000000,0.000000,0.000000,-1391.000000,10602.000000,8835.000000
-200.000000,200.000000,0.000000,0.000000,-1542.000000,10799.000000,9228.000000
-300.000000,0.000000,0.000000,0.000000,-1630.000000,10799.000000,9424.000000
-200.000000,200.000000,0.000000,0.000000,-1677.000000,11388.000000,9228.000000
-100.000000,100.000000,0.000000,0.000000,-1666.000000,11780.000000,9621.000000
0.000000,100.000000,0.000000,0.000000,-1688.000000,11977.000000,9032.000000
-200.000000,0.000000,0.000000,0.000000,-1744.000000,11584.000000,8639.000000
-100.000000,0.000000,0.000000,0.000000,-1722.000000,11584.000000,9817.000000
-200.000000,0.000000,0.000000,0.000000,-1754.000000,11584.000000,9817.000000
0.000000,0.000000,0.000000,0.000000,-1903.000000,11977.000000,10013.000000
-300.000000,0.000000,0.000000,0.000000,-1768.000000,12370.000000,9424.000000
-300.000000,0.000000,0.000000,0.000000,-1772.000000,12762.000000,8639.000000
-300.000000,100.000000,0.000000,0.000000,-1788.000000,12959.000000,10013.000000
-200.000000,0.000000,0.000000,0.000000,-1834.000000,12959.000000,10013.000000
-200.000000,100.000000,0.000000,0.000000,-1781.000000,12762.000000,10406.000000
0.000000,-100.000000,0.000000,0.000000,-1715.000000,12959.000000,10602.000000
-200.000000,300.000000,0.000000,0.000000,-1597.000000,12762.000000,10799.000000
-300.000000,200.000000,0.000000,0.000000,-1519.000000,13155.000000,10406.000000
0.000000,0.000000,0.000000,0.000000,-1544.000000,13548.000000,10602.000000
-200.000000,0.000000,0.000000,0.000000,-1525.000000,13548.000000,10602.000000
0.000000,200.000000,0.000000,0.000000,-1310.000000,13351.000000,11388.000000
-200.000000,0.000000,0.000000,0.000000,-1172.000000,13351.000000,14529.000000
-300.000000,100.000000,0.000000,0.000000,-1194.000000,12959.000000,10995.000000
-100.000000,0.000000,0.000000,0.000000,-1115.000000,12959.000000,10799.000000
-300.000000,100.000000,0.000000,0.000000,-1166.000000,12762.000000,10406.000000
-100.000000,0.000000,0.000000,0.000000,-1045.000000,12762.000000,9228.000000
-100.000000,0.000000,0.000000,0.000000,-1004.000000,12566.000000,9032.000000
-200.000000,0.000000,0.000000,0.000000,-1054.000000,12762.000000,9817.000000
-300.000000,200.000000,0.000000,0.000000,-908.000000,12959.000000,10406.000000
-300.000000,-100.000000,0.000000,0.000000,-1040.000000,12566.000000,10602.000000
0.000000,0.000000,39.000000,39.000000,-1157.000000,12566.000000,10602.000000
-300.000000,0.000000,0.000000,0.000000,-1127.000000,12370.000000,9621.000000
-100.000000,-100.000000,0.000000,0.000000,-1005.000000,12370.000000,10013.000000
-500.000000,200.000000,0.000000,0.000000,-1010.000000,12173.000000,9817.000000
-100.000000,200.000000,0.000000,0.000000,-966.000000,12173.000000,9621.000000
-200.000000,0.000000,0.000000,0.000000,-554.000000,11780.000000,9621.000000
-300.000000,-100.000000,0.000000,0.000000,-908.000000,11977.000000,9032.000000
-100.000000,0.000000,0.000000,0.000000,-908.000000,11584.000000,9032.000000
-200.000000,200.000000,0.000000,0.000000,-493.000000,11584.000000,9228.000000
-100.000000,0.000000,0.000000,0.000000,-423.000000,11584.000000,9032.000000
-100.000000,100.000000,0.000000,0.000000,-511.000000,11388.000000,9032.000000
-200.000000,0.000000,0.000000,0.000000,-572.000000,11388.000000,8639.000000
-400.000000,0.000000,0.000000,0.000000,-451.000000,10995.000000,7264.000000
-100.000000,0.000000,0.000000,0.000000,-397.000000,10799.000000,8050.000000
-300.000000,0.000000,0.000000,0.000000,-592.000000,10995.000000,8050.000000
-100.000000,0.000000,0.000000,0.000000,-487.000000,10602.000000,7853.000000
-200.000000,0.000000,0.000000,0.000000,-399.000000,10210.000000,7853.000000
0.000000,0.000000,0.000000,0.000000,-487.000000,10210.000000,7853.000000
-300.000000,0.000000,0.000000,0.000000,-452.000000,10210.000000,7853.000000
-100.000000,0.000000,0.000000,0.000000,-312.000000,9817.000000,7657.000000
-100.000000,0.000000,0.000000,0.000000,-268.000000,9621.000000,7657.000000
-100.000000,0.000000,0.000000,0.000000,-274.000000,9424.000000,7657.000000
0.000000,0.000000,0.000000,0.000000,-298.000000,9228.000000,7461.000000
-100.000000,100.000000,0.000000,0.000000,-255.000000,8835.000000,7264.000000
-100.000000,200.000000,0.000000,0.000000,-394.000000,8639.000000,7461.000000
-300.000000,100.000000,0.000000,0.000000,-432.000000,8639.000000,7264.000000
0.000000,-100.000000,0.000000,0.000000,-432.000000,8246.000000,10210.000000
-400.000000,200.000000,0.000000,0.000000,-437.000000,8246.000000,6675.000000
-100.000000,300.000000,0.000000,0.000000,-449.000000,8050.000000,6283.000000
100.000000,-200.000000,0.000000,0.000000,-457.000000,7657.000000,6283.000000
0.000000,0.000000,0.000000,0.000000,-473.000000,7461.000000,6086.000000
-200.000000,0.000000,0.000000,0.000000,-603.000000,7461.000000,5694.000000
-300.000000,200.000000,0.000000,0.000000,-547.000000,7264.000000,5301.000000
-200.000000,-200.000000,0.000000,0.000000,-543.000000,6872.000000,4712.000000
0.000000,-100.000000,0.000000,0.000000,-731.000000,6872.000000,4712.000000
-300.000000,0.000000,0.000000,0.000000,-704.000000,6675.000000,4319.000000
-300.000000,100.000000,0.000000,0.000000,-613.000000,6283.000000,4123.000000
0.000000,-100.000000,0.000000,0.000000,-732.000000,6283.000000,4712.000000
0.000000,0.000000,0.000000,0.000000,-720.000000,6086.000000,4516.000000
-200.000000,-100.000000,0.000000,0.000000,-751.000000,5890.000000,4319.000000
-200.000000,0.000000,0.000000,0.000000,-776.000000,5694.000000,4319.000000
-300.000000,200.000000,0.000000,0.000000,-919.000000,5497.000000,4123.000000
-200.000000,-300.000000,0.000000,0.000000,-911.000000,5497.000000,4123.000000
100.000000,100.000000,0.000000,0.000000,-851.000000,5301.000000,3730.000000
-200.000000,0.000000,0.000000,0.000000,-890.000000,5301.000000,3730.000000
-200.000000,0.000000,0.000000,0.000000,-929.000000,5301.000000,3730.000000
-200.000000,100.000000,0.000000,0.000000,-935.000000,5497.000000,3337.000000
-200.000000,0.000000,0.000000,0.000000,-979.000000,5890.000000,3141.000000
100.000000,0.000000,0.000000,0.000000,-986.000000,5694.000000,3534.000000
-200.000000,0.000000,0.000000,0.000000,-1012.000000,5694.000000,3337.000000
-100.000000,0.000000,0.000000,0.000000,-1030.000000,5497.000000,3337.000000
-100.000000,300.000000,0.000000,0.000000,-1061.000000,5301.000000,3141.000000
-300.000000,0.000000,0.000000,0.000000,-1161.000000,5301.000000,2945.000000
0.000000,0.000000,0.000000,0.000000,-1161.000000,4908.000000,2748.000000
-300.000000,-100.000000,0.000000,0.000000,-1181.000000,4908.000000,2945.000000
0.000000,100.000000,0.000000,0.000000,-1275.000000,4516.000000,2552.000000
-200.000000,-100.000000,0.000000,0.000000,-1301.000000,4516.000000,2748.000000
400.000000,0.000000,0.000000,0.000000,-1320.000000,4319.000000,2552.000000
-100.000000,0.000000,0.000000,0.000000,-1387.000000,4123.000000,2356.000000
100.000000,100.000000,0.000000,0.000000,-1452.000000,3926.000000,2552.000000
100.000000,100.000000,0.000000,0.000000,-1498.000000,3730.000000,2159.000000
-100.000000,-100.000000,0.000000,0.000000,-1580.000000,3534.000000,2159.000000
-300.000000,200.000000,0.000000,0.000000,-1645.000000,3337.000000,1963.000000
-300.000000,100.000000,0.000000,0.000000,-1692.000000,3337.000000,1963.000000
-200.000000,200.000000,0.000000,0.000000,-1756.000000,3141.000000,1767.000000
0.000000,200.000000,0.000000,0.000000,-1794.000000,3141.000000,1570.000000
-200.000000,300.000000,0.000000,0.000000,-1800.000000,3141.000000,1374.000000
-300.000000,0.000000,0.000000,0.000000,-1812.000000,3141.000000,1570.000000
-200.000000,0.000000,0.000000,0.000000,-1865.000000,3337.000000,1374.000000
-100.000000,0.000000,0.000000,0.000000,-1885.000000,3337.000000,1374.000000
-200.000000,0.000000,0.000000,0.000000,-1871.000000,3337.000000,981.000000
-300.000000,200.000000,0.000000,0.000000,-1905.000000,3141.000000,981.000000
-100.000000,0.000000,0.000000,0.000000,-1909.000000,2945.000000,785.000000
-200.000000,0.000000,0.000000,0.000000,-1928.000000,2748.000000,785.000000
-300.000000,0.000000,0.000000,0.000000,-1926.000000,2748.000000,785.000000
-100.000000,0.000000,0.000000,0.000000,-1946.000000,2552.000000,589.000000
100.000000,0.000000,0.000000,0.000000,-1982.000000,2552.000000,589.000000
-400.000000,0.000000,78.000000,78.000000,-2033.000000,2159.000000,392.000000
0.000000,-100.000000,0.000000,0.000000,-2062.000000,2159.000000,392.000000
100.000000,0.000000,0.000000,0.000000,-2152.000000,1963.000000,196.000000
0.000000,0.000000,0.000000,0.000000,-2180.000000,1767.000000,392.000000
-300.000000,0.000000,0.000000,0.000000,-2212.000000,1767.000000,196.000000
0.000000,-100.000000,0.000000,0.000000,-2280.000000,1570.000000,0.000000
-100.000000,0.000000,0.000000,0.000000,-2338.000000,1374.000000,0.000000
0.000000,200.000000,0.000000,0.000000,-2352.000000,1374.000000,0.000000
-100.000000,0.000000,0.000000,0.000000,-2349.000000,981.000000,0.000000
0.000000,0.000000,0.000000,0.000000,-2393.000000,1178.000000,0.000000
-100.000000,300.000000,0.000000,0.000000,-2421.000000,785.000000,0.000000
-100.000000,0.000000,0.000000,0.000000,-2425.000000,785.000000,0.000000
-100.000000,-100.000000,0.000000,0.000000,-2435.000000,785.000000,0.000000
0.000000,0.000000,0.000000,0.000000,-2503.000000,589.000000,0.000000
0.000000,100.000000,0.000000,0.000000,-2512.000000,392.000000,0.000000
0.000000,0.000000,0.000000,0.000000,-2517.000000,589.000000,-196.000000
0.000000,0.000000,0.000000,0.000000,-2535.000000,589.000000,0.000000
0.000000,0.000000,0.000000,0.000000,-2605.000000,392.000000,0.000000
100.000000,-100.000000,0.000000,0.000000,-2639.000000,392.000000,-196.000000
100.000000,100.000000,0.000000,0.000000,-2660.000000,392.000000,0.000000
-100.000000,0.000000,0.000000,0.000000,-2659.000000,392.000000,0.000000
200.000000,100.000000,0.000000,0.000000,-2691.000000,196.000000,0.000000
100.000000,0.000000,0.000000,0.000000,-2707.000000,196.000000,-196.000000
200.000000,0.000000,0.000000,0.000000,-2745.000000,0.000000,-392.000000
100.000000,300.000000,0.000000,0.000000,-2790.000000,0.000000,-196.000000
0.000000,-100.000000,0.000000,0.000000,-2799.000000,0.000000,0.000000
100.000000,-200.000000,0.000000,0.000000,-2815.000000,0.000000,-196.000000
200.000000,-400.000000,0.000000,0.000000,-2809.000000,0.000000,-196.000000
200.000000,0.000000,39.000000,39.000000,-2799.000000,0.000000,-392.000000
-100.000000,0.000000,0.000000,0.000000,-2801.000000,0.000000,-196.000000
200.000000,0.000000,0.000000,0.000000,-2822.000000,0.000000,-196.000000
100.000000,0.000000,0.000000,0.000000,-2818.000000,0.000000,-196.000000
100.000000,-200.000000,0.000000,0.000000,-2856.000000,0.000000,-196.000000
100.000000,200.000000,0.000000,0.000000,-2857.000000,-392.000000,-196.000000
100.000000,0.000000,0.000000,0.000000,-2861.000000,0.000000,-196.000000
100.000000,0.000000,0.000000,0.000000,-2873.000000,0.000000,-392.000000
0.000000,-100.000000,0.000000,0.000000,-2911.000000,-196.000000,-392.000000
200.000000,0.000000,0.000000,0.000000,-2926.000000,-589.000000,-392.000000
300.000000,900.000000,0.000000,0.000000,-2890.000000,-981.000000,-392.000000
0.000000,0.000000,0.000000,0.000000,-2956.000000,-1374.000000,-196.000000
200.000000,0.000000,0.000000,0.000000,-2947.000000,-1374.000000,-196.000000
0.000000,-100.000000,0.000000,0.000000,-2937.000000,-1178.000000,-196.000000
100.000000,100.000000,0.000000,0.000000,-2888.000000,-1178.000000,-392.000000
100.000000,0.000000,0.000000,0.000000,-2954.000000,-981.000000,-392.000000
400.000000,-100.000000,0.000000,0.000000,-3012.000000,-785.000000,-589.000000
-200.000000,0.000000,0.000000,0.000000,-2973.000000,-785.000000,-392.000000
200.000000,0.000000,0.000000,0.000000,-2978.000000,-589.000000,-392.000000
0.000000,-100.000000,0.000000,0.000000,-2958.000000,-589.000000,-589.000000
-100.000000,0.000000,0.000000,0.000000,-2951.000000,-589.000000,-392.000000
0.000000,200.000000,0.000000,0.000000,-3014.000000,-785.000000,-392.000000
200.000000,-100.000000,0.000000,0.000000,-3035.000000,-981.000000,-589.000000
200.000000,-100.000000,78.000000,78.000000,-2983.000000,-981.000000,-392.000000
-100.000000,200.000000,0.000000,0.000000,-2983.000000,-981.000000,-589.000000
100.000000,100.000000,0.000000,0.000000,-3039.000000,-785.000000,-589.000000
0.000000,200.000000,0.000000,0.000000,-3070.000000,-785.000000,-589.000000
300.000000,400.000000,0.000000,0.000000,-3076.000000,-785.000000,-589.000000
0.000000,200.000000,0.000000,0.000000,-3093.000000,-589.000000,-589.000000
200.000000,200.000000,0.000000,0.000000,-3119.000000,-589.000000,-392.000000
100.000000,300.000000,0.000000,0.000000,-3131.000000,-785.000000,-589.000000
300.000000,100.000000,0.000000,0.000000,-3131.000000,-589.000000,-589.000000
200.000000,300.000000,0.000000,0.000000,-3117.000000,-785.000000,-589.000000
-100.000000,400.000000,0.000000,0.000000,-3126.000000,-589.000000,-589.000000
100.000000,500.000000,0.000000,0.000000,-3171.000000,-785.000000,-392.000000
200.000000,500.000000,0.000000,0.000000,-3151.000000,-589.000000,-589.000000
0.000000,300.000000,0.000000,0.000000,-3156.000000,-589.000000,-589.000000
0.000000,0.000000,0.000000,0.000000,-3199.000000,-392.000000,-392.000000
100.000000,400.000000,0.000000,0.000000,-3188.000000,-589.000000,-785.000000
0.000000,300.000000,0.000000,0.000000,-3183.000000,-392.000000,-589.000000
-300.000000,200.000000,0.000000,0.000000,-3221.000000,-589.000000,-589.000000
-100.000000,300.000000,0.000000,0.000000,-3222.000000,-589.000000,-589.000000
0.000000,200.000000,0.000000,0.000000,-3230.000000,-589.000000,-589.000000
100.000000,100.000000,0.000000,0.000000,-3224.000000,-589.000000,-392.000000
-100.000000,0.000000,0.000000,0.000000,-3246.000000,-392.000000,-589.000000
100.000000,200.000000,0.000000,0.000000,-3245.000000,-392.000000,-589.000000
100.000000,500.000000,0.000000,0.000000,-3234.000000,-392.000000,-589.000000
0.000000,100.000000,0.000000,0.000000,-3245.000000,-392.000000,-589.000000
100.000000,400.000000,0.000000,0.000000,-3268.000000,-392.000000,-589.000000
100.000000,200.000000,0.000000,0.000000,-3284.000000,-196.000000,-589.000000
100.000000,300.000000,0.000000,0.000000,-3279.000000,-392.000000,-392.000000
0.000000,0.000000,0.000000,0.000000,-3288.000000,-196.000000,-392.000000
300.000000,0.000000,0.000000,0.000000,-3314.000000,-392.000000,-589.000000
200.000000,100.000000,0.000000,0.000000,-3332.000000,-392.000000,-589.000000
0.000000,0.000000,0.000000,0.000000,-3345.000000,-196.000000,-392.000000
100.000000,100.000000,0.000000,0.000000,-3339.000000,-196.000000,-392.000000
-100.000000,400.000000,0.000000,0.000000,-3368.000000,0.000000,-392.000000
100.000000,200.000000,0.000000,0.000000,-3364.000000,0.000000,-196.000000
200.000000,-100.000000,0.000000,0.000000,-3360.000000,0.000000,-392.000000
0.000000,-400.000000,0.000000,0.000000,-3375.000000,0.000000,-196.000000
200.000000,200.000000,0.000000,0.000000,-3351.000000,-196.000000,-196.000000
-200.000000,400.000000,0.000000,0.000000,-3345.000000,0.000000,-196.000000
200.000000,300.000000,0.000000,0.000000,-3359.000000,0.000000,-392.000000
0.000000,300.000000,0.000000,0.000000,-3346.000000,0.000000,-196.000000
200.000000,-100.000000,0.000000,0.000000,-3352.000000,0.000000,-196.000000
200.000000,-300.000000,0.000000,0.000000,-3344.000000,0.000000,-196.000000
0.000000,-400.000000,0.000000,0.000000,-3371.000000,0.000000,0.000000
-100.000000,-400.000000,0.000000,0.000000,-3397.000000,0.000000,0.000000
-100.000000,-100.000000,0.000000,0.000000,-3383.000000,0.000000,0.000000
0.000000,-300.000000,0.000000,0.000000,-3372.000000,0.000000,0.000000
-200.000000,-600.000000,0.000000,0.000000,-3369.000000,0.000000,0.000000
-100.000000,-300.000000,0.000000,0.000000,-3383.000000,0.000000,0.000000
0.000000,0.000000,0.000000,0.000000,-3390.000000,0.000000,0.000000
0.000000,-600.000000,0.000000,0.000000,-3386.000000,0.000000,0.000000
-300.000000,-100.000000,0.000000,0.000000,-3393.000000,0.000000,0.000000
0.000000,-400.000000,0.000000,0.000000,-3383.000000,0.000000,0.000000
-200.000000,-200.000000,0.000000,0.000000,-3394.000000,0.000000,0.000000
-100.000000,-300.000000,0.000000,0.000000,-3367.000000,0.000000,0.000000
-300.000000,-400.000000,0.000000,0.000000,-3351.000000,0.000000,0.000000
100.000000,-200.000000,0.000000,0.000000,-3334.000000,0.000000,0.000000
-300.000000,-200.000000,0.000000,0.000000,-3326.000000,0.000000,0.000000
0.000000,-500.000000,0.000000,0.000000,-3337.000000,0.000000,0.000000
0.000000,-100.000000,0.000000,0.000000,-3347.000000,0.000000,0.000000
0.000000,500.000000,0.000000,0.000000,-3356.000000,-196.000000,0.000000
-100.000000,300.000000,0.000000,0.000000,-3329.000000,0.000000,0.000000
0.000000,400.000000,0.000000,0.000000,-3329.000000,0.000000,196.000000
0.000000,300.000000,0.000000,0.000000,-3328.000000,-196.000000,0.000000
100.000000,100.000000,0.000000,0.000000,-3327.000000,-196.000000,0.000000
-100.000000,200.000000,0.000000,0.000000,-3323.000000,-196.000000,0.000000
0.000000,100.000000,0.000000,0.000000,-3331.000000,0.000000,0.000000
0.000000,400.000000,0.000000,0.000000,-3320.000000,-196.000000,0.000000
-200.000000,500.000000,0.000000,0.000000,-3304.000000,-196.000000,0.000000
-400.000000,300.000000,0.000000,0.000000,-3291.000000,0.000000,0.000000
-100.000000,300.000000,0.000000,0.000000,-3275.000000,0.000000,0.000000
0.000000,-100.000000,0.000000,0.000000,-3248.000000,0.000000,0.000000
-100.000000,-200.000000,0.000000,0.000000,-3228.000000,0.000000,0.000000
0.000000,-400.000000,0.000000,0.000000,-3214.000000,0.000000,0.000000
-200.000000,-400.000000,0.000000,0.000000,-3191.000000,-196.000000,-196.000000
0.000000,200.000000,0.000000,0.000000,-3189.000000,0.000000,0.000000
0.000000,0.000000,0.000000,0.000000,-3189.000000,0.000000,0.000000
200.000000,-100.000000,0.000000,0.000000,-3213.000000,0.000000,0.000000
-400.000000,0.000000,0.000000,0.000000,-3221.000000,0.000000,0.000000
-200.000000,-300.000000,0.000000,0.000000,-3231.000000,0.000000,0.000000
0.000000,0.000000,0.000000,0.000000,-3235.000000,0.000000,0.000000
0.000000,-500.000000,0.000000,0.000000,-3230.000000,0.000000,0.000000
200.000000,-300.000000,0.000000,0.000000,-3221.000000,0.000000,0.000000
200.000000,-300.000000,0.000000,0.000000,-3206.000000,0.000000,0.000000
-100.000000,-400.000000,0.000000,0.000000,-3180.000000,0.000000,0.000000
-300.000000,0.000000,0.000000,0.000000,-3174.000000,0.000000,0.000000
0.000000,-500.000000,0.000000,0.000000,-3160.000000,0.000000,0.000000
-200.000000,-500.000000,0.000000,0.000000,-3134.000000,0.000000,0.000000
-200.000000,0.000000,0.000000,0.000000,-3098.000000,0.000000,0.000000
0.000000,-200.000000,0.000000,0.000000,-3104.000000,0.000000,0.000000
-300.000000,-200.000000,0.000000,0.000000,-3090.000000,0.000000,0.000000
-100.000000,-200.000000,0.000000,0.000000,-3079.000000,0.000000,0.000000
-100.000000,-300.000000,0.000000,0.000000,-3100.000000,0.000000,0.000000
-200.000000,-200.000000,0.000000,0.000000,-3124.000000,0.000000,0.000000
100.000000,-400.000000,0.000000,0.000000,-3152.000000,0.000000,0.000000
-300.000000,-200.000000,0.000000,0.000000,-3146.000000,0.000000,0.000000
0.000000,-300.000000,0.000000,0.000000,-3186.000000,0.000000,0.000000
0.000000,-300.000000,39.000000,39.000000,-3230.000000,0.000000,0.000000
0.000000,-400.000000,0.000000,0.000000,-3237.000000,0.000000,0.000000
-100.000000,-100.000000,0.000000,0.000000,-3226.000000,0.000000,0.000000
-100.000000,0.000000,0.000000,0.000000,-3193.000000,0.000000,0.000000
-100.000000,-400.000000,0.000000,0.000000,-3189.000000,0.000000,0.000000
-300.000000,-300.000000,0.000000,0.000000,-3193.000000,0.000000,0.000000
-100.000000,-200.000000,0.000000,0.000000,-3202.000000,0.000000,0.000000
-400.000000,-500.000000,0.000000,0.000000,-3212.000000,0.000000,0.000000
-200.000000,0.000000,0.000000,0.000000,-3211.000000,0.000000,0.000000
-100.000000,0.000000,0.000000,0.000000,-3216.000000,0.000000,0.000000
-200.000000,-500.000000,0.000000,0.000000,-3228.000000,0.000000,0.000000
0.000000,-300.000000,0.000000,0.000000,-3217.000000,0.000000,0.000000
-100.000000,-300.000000,0.000000,0.000000,-3226.000000,0.000000,0.000000
-100.000000,0.000000,0.000000,0.000000,-3237.000000,0.000000,196.000000
0.000000,-200.000000,0.000000,0.000000,-3243.000000,0.000000,0.000000
0.000000,-100.000000,0.000000,0.000000,-3261.000000,0.000000,0.000000
-100.000000,0.000000,0.000000,0.000000,-3252.000000,0.000000,0.000000
0.000000,-200.000000,0.000000,0.000000,-3247.000000,0.000000,0.000000
-100.000000,-500.000000,0.000000,0.000000,-3264.000000,0.000000,0.000000
0.000000,-400.000000,0.000000,0.000000,-3275.000000,0.000000,0.000000
-200.000000,0.000000,0.000000,0.000000,-3288.000000,0.000000,-196.000000
-100.000000,-200.000000,0.000000,0.000000,-3274.000000,0.000000,0.000000
-100.000000,-500.000000,0.000000,0.000000,-3255.000000,0.000000,0.000000
-100.000000,-300.000000,0.000000,0.000000,-3266.000000,0.000000,0.000000
-100.000000,0.000000,0.000000,0.000000,-3252.000000,0.000000,0.000000
-300.000000,-400.000000,0.000000,0.000000,-3254.000000,0.000000,0.000000
0.000000,-300.000000,0.000000,0.000000,-3256.000000,0.000000,0.000000
-400.000000,-400.000000,0.000000,0.000000,-3249.000000,0.000000,0.000000
-200.000000,-200.000000,0.000000,0.000000,-3270.000000,0.000000,0.000000
100.000000,-400.000000,0.000000,0.000000,-3289.000000,0.000000,0.000000
-100.000000,-100.000000,0.000000,0.000000,-3267.000000,0.000000,0.000000
-100.000000,0.000000,0.000000,0.000000,-3276.000000,0.000000,0.000000
-200.000000,-600.000000,0.000000,0.000000,-3276.000000,0.000000,0.000000
100.000000,-300.000000,0.000000,0.000000,-3289.000000,0.000000,0.000000
0.000000,-300.000000,0.000000,0.000000,-3275.000000,0.000000,0.000000
-100.000000,-300.000000,0.000000,0.000000,-3257.000000,0.000000,0.000000
-400.000000,-400.000000,0.000000,0.000000,-3265.000000,0.000000,0.000000
-200.000000,-100.000000,0.000000,0.000000,-3287.000000,0.000000,0.000000
0.000000,-200.000000,0.000000,0.000000,-3282.000000,0.000000,0.000000
-400.000000,0.000000,0.000000,0.000000,-3265.000000,0.000000,0.000000
-300.000000,-100.000000,0.000000,0.000000,-3250.000000,0.000000,0.000000
-500.000000,-300.000000,0.000000,0.000000,-3217.000000,0.000000,0.000000
-200.000000,-300.000000,0.000000,0.000000,-3211.000000,0.000000,0.000000
0.000000,-600.000000,0.000000,0.000000,-3228.000000,0.000000,0.000000
-400.000000,-300.000000,0.000000,0.000000,-3227.000000,0.000000,0.000000
200.000000,-100.000000,0.000000,0.000000,-3207.000000,0.000000,0.000000
200.000000,-100.000000,0.000000,0.000000,-3234.000000,0.000000,0.000000
-100.000000,-100.000000,0.000000,0.000000,-3238.000000,0.000000,0.000000
-100.000000,0.000000,0.000000,0.000000,-3232.000000,0.000000,0.000000
-400.000000,-300.000000,0.000000,0.000000,-3227.000000,0.000000,0.000000
0.000000,0.000000,0.000000,0.000000,-3213.000000,0.000000,0.000000
-100.000000,-200.000000,0.000000,0.000000,-3207.000000,0.000000,0.000000
-200.000000,-400.000000,0.000000,0.000000,-3211.000000,0.000000,0.000000
0.000000,-300.000000,0.000000,0.000000,-3193.000000,0.000000,0.000000
-100.000000,-200.000000,0.000000,0.000000,-3201.000000,0.000000,0.000000
-200.000000,-300.000000,0.000000,0.000000,-3171.000000,0.000000,0.000000
-400.000000,-400.000000,0.000000,0.000000,-3175.000000,0.000000,0.000000
0.000000,-400.000000,0.000000,0.000000,-3179.000000,0.000000,0.000000
-100.000000,-300.000000,0.000000,0.000000,-3177.000000,0.000000,0.000000
-200.000000,-600.000000,0.000000,0.000000,-3174.000000,0.000000,0.000000
-500.000000,-200.000000,0.000000,0.000000,-3147.000000,0.000000,0.000000
100.000000,-400.000000,0.000000,0.000000,-3133.000000,0.000000,0.000000
0.000000,-100.000000,0.000000,0.000000,-3143.000000,0.000000,0.000000
-100.000000,-300.000000,0.000000,0.000000,-3169.000000,0.000000,0.000000
-300.000000,-300.000000,0.000000,0.000000,-3146.000000,0.000000,0.000000
-200.000000,-200.000000,0.000000,0.000000,-3150.000000,0.000000,0.000000
100.000000,-400.000000,0.000000,0.000000,-3166.000000,0.000000,0.000000
0.000000,0.000000,0.000000,0.000000,-3140.000000,0.000000,0.000000
-200.000000,-500.000000,0.000000,0.000000,-3135.000000,0.000000,0.000000
-100.000000,-100.000000,0.000000,0.000000,-3133.000000,0.000000,0.000000
-400.000000,-500.000000,0.000000,0.000000,-3136.000000,0.000000,0.000000
100.000000,-500.000000,0.000000,0.000000,-3103.000000,0.000000,0.000000
0.000000,-400.000000,0.000000,0.000000,-3117.000000,0.000000,0.000000
-200.000000,-400.000000,0.000000,0.000000,-3112.000000,0.000000,0.000000
0.000000,-500.000000,0.000000,0.000000,-3134.000000,0.000000,0.000000
