Channel 1,Channel 2,Channel 3,Channel 4,Channel 5,Channel 6,Channel 7
0.000000,0.000000,0.000000,0.000000,-2958.000000,0.000000,0.000000
0.000000,0.000000,0.000000,0.000000,-2942.000000,0.000000,0.000000
0.000000,0.000000,0.000000,0.000000,-2928.000000,0.000000,0.000000
0.000000,-200.000000,0.000000,0.000000,-2908.000000,0.000000,0.000000
-100.000000,300.000000,0.000000,0.000000,-2886.000000,0.000000,0.000000
0.000000,-100.000000,0.000000,0.000000,-2900.000000,0.000000,0.000000
-100.000000,-100.000000,0.000000,0.000000,-2899.000000,0.000000,0.000000
100.000000,100.000000,0.000000,0.000000,-2919.000000,0.000000,0.000000
0.000000,0.000000,0.000000,0.000000,-2921.000000,0.000000,0.000000
-100.000000,-200.000000,0.000000,0.000000,-2929.000000,0.000000,0.000000
0.000000,-200.000000,0.000000,0.000000,-2917.000000,0.000000,0.000000
100.000000,200.000000,0.000000,0.000000,-2915.000000,0.000000,0.000000
0.000000,0.000000,0.000000,0.000000,-2925.000000,0.000000,0.000000
0.000000,-100.000000,0.000000,0.000000,-2933.000000,0.000000,0.000000
-100.000000,-300.000000,0.000000,0.000000,-2903.000000,0.000000,0.000000
-200.000000,0.000000,0.000000,0.000000,-2910.000000,0.000000,0.000000
100.000000,100.000000,0.000000,0.000000,-2879.000000,0.000000,0.000000
-200.000000,-100.000000,0.000000,0.000000,-2894.000000,0.000000,0.000000
0.000000,-300.000000,0.000000,0.000000,-2869.000000,0.000000,0.000000
-100.000000,100.000000,0.000000,0.000000,-2854.000000,0.000000,0.000000
0.000000,0.000000,0.000000,0.000000,-2873.000000,0.000000,0.000000
-200.000000,0.000000,0.000000,0.000000,-2890.000000,0.000000,0.000000
0.000000,0.000000,0.000000,0.000000,-2876.000000,0.000000,0.000000
0.000000,-100.000000,0.000000,0.000000,-2887.000000,0.000000,0.000000
-100.000000,-100.000000,0.000000,0.000000,-2872.000000,0.000000,0.000000
0.000000,-100.000000,0.000000,0.000000,-2881.000000,0.000000,0.000000
0.000000,0.000000,0.000000,0.000000,-2874.000000,0.000000,0.000000
0.000000,-200.000000,0.000000,0.000000,-2872.000000,0.000000,0.000000
-100.000000,0.000000,0.000000,0.000000,-2868.000000,0.000000,0.000000
200.000000,-400.000000,0.000000,0.000000,-2870.000000,0.000000,0.000000
0.000000,-100.000000,0.000000,0.000000,-2836.000000,0.000000,0.000000
0.000000,200.000000,0.000000,0.000000,-2843.000000,0.000000,0.000000
-100.000000,0.000000,0.000000,0.000000,-2850.000000,0.000000,0.000000
0.000000,0.000000,0.000000,0.000000,-2859.000000,0.000000,0.000000
-200.000000,0.000000,0.000000,0.000000,-2873.000000,0.000000,0.000000
300.000000,0.000000,0.000000,0.000000,-2904.000000,0.000000,0.000000
-200.000000,-100.000000,0.000000,0.000000,-2918.000000,0.000000,0.000000
0.000000,0.000000,0.000000,0.000000,-2945.000000,0.000000,0.000000
-100.000000,0.000000,0.000000,0.000000,-2940.000000,0.000000,0.000000
-100.000000,-200.000000,0.000000,0.000000,-2974.000000,0.000000,0.000000
-200.000000,0.000000,0.000000,0.000000,-2972.000000,0.000000,0.000000
-200.000000,100.000000,0.000000,0.000000,-2991.000000,0.000000,0.000000
0.000000,100.000000,0.000000,0.000000,-3011.000000,0.000000,0.000000
-200.000000,0.000000,0.000000,0.000000,-3006.000000,0.000000,0.000000
-100.000000,0.000000,0.000000,0.000000,-3003.000000,0.000000,0.000000
0.000000,0.000000,0.000000,0.000000,-2983.000000,0.000000,0.000000
-100.000000,0.000000,0.000000,0.000000,-2970.000000,0.000000,0.000000
200.000000,0.000000,0.000000,0.000000,-2988.000000,0.000000,0.000000
100.000000,-100.000000,0.000000,0.000000,-2972.000000,0.000000,0.000000
0.000000,-100.000000,0.000000,0.000000,-2989.000000,0.000000,0.000000
100.000000,0.000000,0.000000,0.000000,-2999.000000,0.000000,0.000000
-200.000000,-200.000000,0.000000,0.000000,-2985.000000,0.000000,0.000000
-200.000000,-100.000000,0.000000,0.000000,-2996.000000,0.000000,0.000000
-200.000000,0.000000,0.000000,0.000000,-2971.000000,0.000000,0.000000
-100.000000,200.000000,0.000000,0.000000,-2966.000000,0.000000,0.000000
-400.000000,-100.000000,0.000000,0.000000,-2974.000000,0.000000,0.000000
-100.000000,-200.000000,0.000000,0.000000,-2966.000000,0.000000,0.000000
-200.000000,-100.000000,0.000000,0.000000,-2954.000000,0.000000,0.000000
-100.000000,0.000000,0.000000,0.000000,-2957.000000,0.000000,0.000000
100.000000,0.000000,0.000000,0.000000,-2961.000000,0.000000,0.000000
-100.000000,0.000000,0.000000,0.000000,-2979.000000,0.000000,0.000000
-200.000000,100.000000,0.000000,0.000000,-2992.000000,0.000000,0.000000
0.000000,0.000000,0.000000,0.000000,-2980.000000,0.000000,0.000000
0.000000,0.000000,0.000000,0.000000,-2996.000000,0.000000,0.000000
-100.000000,-200.000000,0.000000,0.000000,-2977.000000,0.000000,0.000000
0.000000,0.000000,0.000000,0.000000,-2960.000000,0.000000,0.000000
-100.000000,-400.000000,156.000000,156.000000,-2979.000000,0.000000,0.000000
-200.000000,0.000000,0.000000,0.000000,-2977.000000,0.000000,0.000000
0.000000,-300.000000,0.000000,0.000000,-2958.000000,0.000000,0.000000
0.000000,-100.000000,0.000000,0.000000,-2939.000000,0.000000,0.000000
0.000000,-200.000000,0.000000,0.000000,-2936.000000,0.000000,0.000000
-300.000000,0.000000,0.000000,0.000000,-2925.000000,0.000000,0.000000
0.000000,100.000000,0.000000,0.000000,-2944.000000,0.000000,0.000000
-100.000000,-100.000000,0.000000,0.000000,-2952.000000,0.000000,0.000000
-100.000000,-200.000000,0.000000,0.000000,-2925.000000,0.000000,0.000000
-100.000000,-100.000000,0.000000,0.000000,-2928.000000,0.000000,0.000000
0.000000,100.000000,0.000000,0.000000,-2913.000000,0.000000,0.000000
200.000000,0.000000,0.000000,0.000000,-2905.000000,0.000000,0.000000
0.000000,-200.000000,0.000000,0.000000,-2876.000000,0.000000,0.000000
-100.000000,-100.000000,0.000000,0.000000,-2853.000000,0.000000,0.000000
-100.000000,0.000000,0.000000,0.000000,-2847.000000,0.000000,0.000000
-100.000000,100.000000,0.000000,0.000000,-2857.000000,0.000000,0.000000
-100.000000,-100.000000,0.000000,0.000000,-2836.000000,0.000000,0.000000
-100.000000,0.000000,0.000000,0.000000,-2817.000000,0.000000,0.000000
0.000000,0.000000,0.000000,0.000000,-2809.000000,0.000000,0.000000
-100.000000,0.000000,0.000000,0.000000,-2814.000000,0.000000,0.000000
-200.000000,0.000000,0.000000,0.000000,-2805.000000,0.000000,0.000000
0.000000,0.000000,0.000000,0.000000,-2805.000000,0.000000,0.000000
200.000000,0.000000,0.000000,0.000000,-2810.000000,0.000000,0.000000
100.000000,-100.000000,0.000000,0.000000,-2807.000000,0.000000,0.000000
-100.000000,0.000000,0.000000,0.000000,-2799.000000,0.000000,0.000000
0.000000,0.000000,0.000000,0.000000,-2790.000000,0.000000,0.000000
-100.000000,100.000000,156.000000,156.000000,-2786.000000,0.000000,0.000000
0.000000,0.000000,0.000000,0.000000,-2810.000000,0.000000,0.000000
0.000000,-300.000000,0.000000,0.000000,-2821.000000,0.000000,0.000000
-100.000000,-200.000000,0.000000,0.000000,-2830.000000,0.000000,0.000000
100.000000,-200.000000,0.000000,0.000000,-2830.000000,0.000000,0.000000
0.000000,0.000000,0.000000,0.000000,-2832.000000,0.000000,0.000000
-100.000000,100.000000,0.000000,0.000000,-2843.000000,0.000000,0.000000
-200.000000,-100.000000,0.000000,0.000000,-2826.000000,0.000000,0.000000
-100.000000,100.000000,0.000000,0.000000,-2829.000000,0.000000,0.000000
100.000000,-100.000000,0.000000,0.000000,-2849.000000,0.000000,0.000000
-100.000000,-200.000000,0.000000,0.000000,-2837.000000,0.000000,0.000000
-200.000000,0.000000,0.000000,0.000000,-2823.000000,0.000000,0.000000
-100.000000,-100.000000,0.000000,0.000000,-2850.000000,0.000000,0.000000
-100.000000,-100.000000,0.000000,0.000000,-2826.000000,0.000000,0.000000
-200.000000,0.000000,0.000000,0.000000,-2814.000000,0.000000,0.000000
-100.000000,-100.000000,0.000000,0.000000,-2808.000000,0.000000,0.000000
-100.000000,-200.000000,0.000000,0.000000,-2824.000000,0.000000,0.000000
-200.000000,-100.000000,0.000000,0.000000,-2843.000000,0.000000,0.000000
-100.000000,0.000000,0.000000,0.000000,-2856.000000,0.000000,0.000000
0.000000,200.000000,0.000000,0.000000,-2855.000000,0.000000,0.000000
0.000000,-100.000000,0.000000,0.000000,-2832.000000,0.000000,0.000000
0.000000,-100.000000,0.000000,0.000000,-2805.000000,0.000000,0.000000
0.000000,100.000000,0.000000,0.000000,-2789.000000,0.000000,0.000000
-200.000000,-100.000000,0.000000,0.000000,-2766.000000,0.000000,0.000000
0.000000,0.000000,0.000000,0.000000,-2756.000000,0.000000,0.000000
-100.000000,100.000000,0.000000,0.000000,-2771.000000,0.000000,0.000000
0.000000,-200.000000,0.000000,0.000000,-2781.000000,0.000000,0.000000
-100.000000,0.000000,0.000000,0.000000,-2790.000000,0.000000,0.000000
-200.000000,-100.000000,0.000000,0.000000,-2806.000000,0.000000,0.000000
200.000000,0.000000,0.000000,0.000000,-2799.000000,0.000000,0.000000
-100.000000,-100.000000,0.000000,0.000000,-2781.000000,0.000000,0.000000
0.000000,0.000000,0.000000,0.000000,-2791.000000,0.000000,0.000000
100.000000,0.000000,0.000000,0.000000,-2763.000000,0.000000,0.000000
-100.000000,100.000000,0.000000,0.000000,-2755.000000,0.000000,0.000000
100.000000,-100.000000,0.000000,0.000000,-2738.000000,0.000000,0.000000
-200.000000,0.000000,0.000000,0.000000,-2723.000000,0.000000,0.000000
-100.000000,-100.000000,0.000000,0.000000,-2745.000000,0.000000,0.000000
-200.000000,-100.000000,0.000000,0.000000,-2793.000000,0.000000,0.000000
-100.000000,0.000000,0.000000,0.000000,-2820.000000,0.000000,0.000000
-100.000000,0.000000,0.000000,0.000000,-2858.000000,0.000000,0.000000
-100.000000,0.000000,0.000000,0.000000,-2880.000000,0.000000,0.000000
-100.000000,0.000000,0.000000,0.000000,-2882.000000,0.000000,0.000000
0.000000,0.000000,0.000000,0.000000,-2903.000000,0.000000,0.000000
0.000000,0.000000,0.000000,0.000000,-2880.000000,0.000000,0.000000
-100.000000,-100.000000,0.000000,0.000000,-2847.000000,0.000000,0.000000
-100.000000,0.000000,0.000000,0.000000,-2831.000000,0.000000,0.000000
-500.000000,-100.000000,0.000000,0.000000,-2821.000000,0.000000,0.000000
-100.000000,0.000000,0.000000,0.000000,-2819.000000,0.000000,0.000000
0.000000,0.000000,0.000000,0.000000,-2829.000000,0.000000,0.000000
0.000000,-200.000000,0.000000,0.000000,-2860.000000,0.000000,0.000000
0.000000,-200.000000,0.000000,0.000000,-2856.000000,0.000000,0.000000
-200.000000,0.000000,0.000000,0.000000,-2858.000000,0.000000,0.000000
300.000000,0.000000,0.000000,0.000000,-2880.000000,0.000000,0.000000
-100.000000,0.000000,0.000000,0.000000,-2887.000000,0.000000,0.000000
-100.000000,-200.000000,0.000000,0.000000,-2877.000000,0.000000,-196.000000
200.000000,-200.000000,0.000000,0.000000,-2876.000000,0.000000,0.000000
0.000000,-200.000000,0.000000,0.000000,-2886.000000,0.000000,0.000000
-100.000000,0.000000,0.000000,0.000000,-2876.000000,0.000000,0.000000
100.000000,-200.000000,0.000000,0.000000,-2874.000000,0.000000,-196.000000
0.000000,0.000000,0.000000,0.000000,-2863.000000,0.000000,0.000000
-100.000000,-100.000000,78.000000,78.000000,-2854.000000,0.000000,0.000000
-300.000000,0.000000,0.000000,0.000000,-2856.000000,0.000000,0.000000
0.000000,0.000000,0.000000,0.000000,-2863.000000,0.000000,0.000000
-200.000000,0.000000,0.000000,0.000000,-2850.000000,0.000000,0.000000
300.000000,0.000000,0.000000,0.000000,-2866.000000,0.000000,0.000000
-300.000000,0.000000,0.000000,0.000000,-2873.000000,0.000000,0.000000
-100.000000,0.000000,0.000000,0.000000,-2874.000000,0.000000,0.000000
-300.000000,-100.000000,0.000000,0.000000,-2880.000000,0.000000,0.000000
-200.000000,0.000000,0.000000,0.000000,-2871.000000,0.000000,0.000000
-400.000000,0.000000,0.000000,0.000000,-2884.000000,0.000000,0.000000
-100.000000,-100.000000,0.000000,0.000000,-2892.000000,0.000000,0.000000
300.000000,0.000000,0.000000,0.000000,-2872.000000,0.000000,0.000000
0.000000,-100.000000,0.000000,0.000000,-2873.000000,0.000000,0.000000
-100.000000,100.000000,0.000000,0.000000,-2879.000000,0.000000,0.000000
0.000000,0.000000,0.000000,0.000000,-2902.000000,0.000000,0.000000
0.000000,0.000000,0.000000,0.000000,-2878.000000,0.000000,0.000000
0.000000,0.000000,0.000000,0.000000,-2893.000000,0.000000,0.000000
0.000000,100.000000,0.000000,0.000000,-2883.000000,0.000000,0.000000
-300.000000,0.000000,0.000000,0.000000,-2870.000000,0.000000,0.000000
-300.000000,0.000000,0.000000,0.000000,-2878.000000,0.000000,0.000000
-200.000000,-100.000000,0.000000,0.000000,-2859.000000,0.000000,0.000000
-100.000000,0.000000,0.000000,0.000000,-2844.000000,0.000000,0.000000
-200.000000,-200.000000,0.000000,0.000000,-2836.000000,0.000000,0.000000
-400.000000,100.000000,0.000000,0.000000,-2815.000000,0.000000,0.000000
-400.000000,100.000000,0.000000,0.000000,-2840.000000,0.000000,0.000000
-200.000000,-200.000000,0.000000,0.000000,-2855.000000,0.000000,0.000000
-300.000000,0.000000,0.000000,0.000000,-2869.000000,0.000000,0.000000
0.000000,-100.000000,0.000000,0.000000,-2872.000000,0.000000,0.000000
-200.000000,-100.000000,0.000000,0.000000,-2851.000000,0.000000,0.000000
-200.000000,0.000000,0.000000,0.000000,-2839.000000,0.000000,0.000000
-200.000000,0.000000,0.000000,0.000000,-2839.000000,0.000000,0.000000
-300.000000,-200.000000,0.000000,0.000000,-2849.000000,0.000000,0.000000
-100.000000,0.000000,0.000000,0.000000,-2858.000000,0.000000,0.000000
-100.000000,-200.000000,0.000000,0.000000,-2844.000000,0.000000,0.000000
200.000000,0.000000,0.000000,0.000000,-2828.000000,0.000000,0.000000
-100.000000,0.000000,0.000000,0.000000,-2800.000000,0.000000,0.000000
-100.000000,-100.000000,0.000000,0.000000,-2796.000000,0.000000,0.000000
300.000000,0.000000,0.000000,0.000000,-2811.000000,0.000000,0.000000
0.000000,100.000000,0.000000,0.000000,-2810.000000,0.000000,0.000000
-300.000000,-100.000000,0.000000,0.000000,-2786.000000,0.000000,0.000000
-300.000000,0.000000,0.000000,0.000000,-2757.000000,0.000000,0.000000
100.000000,-200.000000,0.000000,0.000000,-2744.000000,0.000000,0.000000
100.000000,-200.000000,0.000000,0.000000,-2756.000000,-196.000000,0.000000
-400.000000,0.000000,0.000000,0.000000,-2751.000000,0.000000,0.000000
-300.000000,0.000000,0.000000,0.000000,-2774.000000,-196.000000,0.000000
-200.000000,200.000000,0.000000,0.000000,-2748.000000,0.000000,0.000000
-200.000000,0.000000,0.000000,0.000000,-2733.000000,0.000000,0.000000
-300.000000,200.000000,0.000000,0.000000,-2737.000000,-196.000000,0.000000
-300.000000,-200.000000,0.000000,0.000000,-2769.000000,0.000000,0.000000
100.000000,200.000000,0.000000,0.000000,-2782.000000,0.000000,-196.000000
-100.000000,0.000000,0.000000,0.000000,-2774.000000,0.000000,0.000000
300.000000,100.000000,0.000000,0.000000,-2760.000000,0.000000,0.000000
-200.000000,100.000000,0.000000,0.000000,-2740.000000,-196.000000,0.000000
-200.000000,0.000000,0.000000,0.000000,-2703.000000,0.000000,0.000000
0.000000,0.000000,0.000000,0.000000,-2697.000000,0.000000,0.000000
-200.000000,0.000000,78.000000,78.000000,-2715.000000,-196.000000,0.000000
0.000000,100.000000,0.000000,0.000000,-2711.000000,0.000000,0.000000
-100.000000,0.000000,20000.000000,20000.000000,-2722.000000,0.000000,0.000000
5200.000000,7900.000000,20000.000000,20000.000000,-2665.000000,2356.000000,2159.000000
21000.000000,17100.000000,20000.000000,20000.000000,-2632.000000,4319.000000,3926.000000
22600.000000,18900.000000,20000.000000,20000.000000,-2643.000000,2552.000000,1963.000000
19200.000000,21900.000000,20000.000000,20000.000000,-2867.000000,-392.000000,-392.000000
19400.000000,19200.000000,20000.000000,20000.000000,-3109.000000,-196.000000,0.000000
21700.000000,18800.000000,20000.000000,20000.000000,-2904.000000,1767.000000,1767.000000
19200.000000,17900.000000,20000.000000,20000.000000,-2329.000000,2945.000000,2945.000000
18300.000000,21900.000000,20000.000000,20000.000000,-2263.000000,4123.000000,3730.000000
21400.000000,22200.000000,20000.000000,20000.000000,-2655.000000,3730.000000,3337.000000
22800.000000,22000.000000,20000.000000,20000.000000,-2914.000000,2552.000000,2748.000000
17300.000000,19300.000000,20000.000000,20000.000000,-2790.000000,2159.000000,2159.000000
17600.000000,17300.000000,20000.000000,20000.000000,-2429.000000,3534.000000,2945.000000
21400.000000,20500.000000,20000.000000,20000.000000,-2411.000000,5105.000000,3926.000000
18500.000000,18100.000000,20000.000000,20000.000000,-2664.000000,5694.000000,4516.000000
20300.000000,19100.000000,20000.000000,20000.000000,-2716.000000,4908.000000,3926.000000
21300.000000,21200.000000,20000.000000,20000.000000,-2540.000000,3730.000000,3534.000000
18000.000000,19700.000000,20000.000000,20000.000000,-2524.000000,3926.000000,4123.000000
18700.000000,18300.000000,20000.000000,20000.000000,-2619.000000,4712.000000,4908.000000
18600.000000,20100.000000,20000.000000,20000.000000,-2556.000000,5694.000000,5105.000000
22000.000000,21200.000000,20000.000000,20000.000000,-2435.000000,5890.000000,5105.000000
20200.000000,21700.000000,20000.000000,20000.000000,-2462.000000,5497.000000,4712.000000
20300.000000,19400.000000,20000.000000,20000.000000,-2631.000000,4908.000000,4319.000000
17900.000000,20200.000000,20000.000000,20000.000000,-2523.000000,4712.000000,4319.000000
17500.000000,18600.000000,20000.000000,20000.000000,-2403.000000,4908.000000,4908.000000
21100.000000,21000.000000,20000.000000,20000.000000,-2443.000000,5694.000000,5694.000000
22000.000000,21100.000000,20000.000000,20000.000000,-2420.000000,5694.000000,5301.000000
22400.000000,19800.000000,0.000000,0.000000,-2487.000000,4319.000000,4123.000000
-100.000000,100.000000,0.000000,0.000000,-2455.000000,981.000000,589.000000
-100.000000,200.000000,0.000000,0.000000,-2289.000000,785.000000,196.000000
-100.000000,-200.000000,0.000000,0.000000,-2247.000000,196.000000,981.000000
-100.000000,-100.000000,0.000000,0.000000,-2510.000000,196.000000,2356.000000
-200.000000,0.000000,0.000000,0.000000,-2339.000000,785.000000,4319.000000
-100.000000,0.000000,0.000000,0.000000,-1972.000000,2356.000000,4516.000000
-200.000000,0.000000,0.000000,0.000000,-2196.000000,3926.000000,4319.000000
-100.000000,-100.000000,0.000000,0.000000,-2078.000000,3926.000000,3534.000000
0.000000,0.000000,0.000000,0.000000,-1913.000000,3534.000000,1178.000000
-100.000000,-100.000000,0.000000,0.000000,-1991.000000,3730.000000,-589.000000
0.000000,200.000000,0.000000,0.000000,-2278.000000,3141.000000,-1570.000000
0.000000,-100.000000,0.000000,0.000000,-2368.000000,1374.000000,-1570.000000
-200.000000,0.000000,0.000000,0.000000,-2085.000000,-1178.000000,-1178.000000
-100.000000,-100.000000,0.000000,0.000000,-2049.000000,-2552.000000,-1178.000000
-100.000000,0.000000,0.000000,0.000000,-2338.000000,-2356.000000,-1178.000000
0.000000,0.000000,0.000000,0.000000,-2165.000000,-2159.000000,-785.000000
100.000000,-400.000000,0.000000,0.000000,-2013.000000,-1963.000000,-589.000000
0.000000,-100.000000,0.000000,0.000000,-2179.000000,-2159.000000,-785.000000
0.000000,-100.000000,0.000000,0.000000,-2257.000000,-1767.000000,-981.000000
0.000000,-200.000000,0.000000,0.000000,-2362.000000,-1570.000000,-1963.000000
100.000000,100.000000,0.000000,0.000000,-2361.000000,-1178.000000,-3337.000000
100.000000,100.000000,0.000000,0.000000,-2309.000000,-1570.000000,-3534.000000
100.000000,-100.000000,0.000000,0.000000,-2336.000000,-1178.000000,-3141.000000
0.000000,0.000000,0.000000,0.000000,-2642.000000,-1570.000000,-3141.000000
0.000000,0.000000,0.000000,0.000000,-2619.000000,-2356.000000,-2945.000000
200.000000,0.000000,0.000000,0.000000,-2441.000000,-2945.000000,-2552.000000
0.000000,100.000000,0.000000,0.000000,-2451.000000,-2552.000000,-2356.000000
0.000000,0.000000,0.000000,0.000000,-2694.000000,-2356.000000,-1963.000000
100.000000,0.000000,0.000000,0.000000,-2701.000000,-2159.000000,-1767.000000
100.000000,0.000000,0.000000,0.000000,-2584.000000,-2159.000000,-1374.000000
-100.000000,0.000000,0.000000,0.000000,-2647.000000,-1963.000000,-1178.000000
0.000000,0.000000,0.000000,0.000000,-2611.000000,-1570.000000,-785.000000
0.000000,-200.000000,0.000000,0.000000,-2701.000000,-1570.000000,-589.000000
-100.000000,0.000000,0.000000,0.000000,-2859.000000,-1374.000000,-392.000000
200.000000,0.000000,0.000000,0.000000,-2742.000000,-981.000000,0.000000
-100.000000,200.000000,0.000000,0.000000,-2786.000000,0.000000,0.000000
-100.000000,0.000000,0.000000,0.000000,-2842.000000,1178.000000,196.000000
0.000000,0.000000,0.000000,0.000000,-2810.000000,2159.000000,589.000000
-200.000000,200.000000,0.000000,0.000000,-2708.000000,2159.000000,1374.000000
-100.000000,-100.000000,0.000000,0.000000,-2667.000000,2159.000000,1963.000000
100.000000,0.000000,0.000000,0.000000,-2849.000000,2159.000000,2552.000000
-200.000000,0.000000,0.000000,0.000000,-2869.000000,2159.000000,2552.000000
-200.000000,0.000000,0.000000,0.000000,-2823.000000,2552.000000,2748.000000
-100.000000,0.000000,0.000000,0.000000,-2929.000000,3534.000000,2748.000000
0.000000,-100.000000,0.000000,0.000000,-3070.000000,4516.000000,3337.000000
-200.000000,0.000000,0.000000,0.000000,-3074.000000,4516.000000,4123.000000
0.000000,0.000000,0.000000,0.000000,-3023.000000,4516.000000,4319.000000
-100.000000,0.000000,0.000000,0.000000,-3145.000000,4516.000000,4319.000000
-300.000000,0.000000,0.000000,0.000000,-3293.000000,4516.000000,4516.000000
-200.000000,0.000000,0.000000,0.000000,-3209.000000,4516.000000,4712.000000
0.000000,0.000000,0.000000,0.000000,-3096.000000,4908.000000,4908.000000
-200.000000,-100.000000,0.000000,0.000000,-3219.000000,5890.000000,5105.000000
0.000000,200.000000,0.000000,0.000000,-3246.000000,6479.000000,5105.000000
-100.000000,-100.000000,0.000000,0.000000,-3205.000000,6675.000000,5105.000000
-100.000000,0.000000,0.000000,0.000000,-3221.000000,6479.000000,5694.000000
-100.000000,0.000000,0.000000,0.000000,-3244.000000,6086.000000,5694.000000
-100.000000,0.000000,0.000000,0.000000,-3215.000000,6086.000000,5890.000000
-100.000000,-100.000000,0.000000,0.000000,-3088.000000,6086.000000,5890.000000
-100.000000,-100.000000,0.000000,0.000000,-3092.000000,5694.000000,5890.000000
-200.000000,0.000000,0.000000,0.000000,-3084.000000,5890.000000,6283.000000
0.000000,0.000000,0.000000,0.000000,-3033.000000,5890.000000,6479.000000
100.000000,-100.000000,0.000000,0.000000,-2984.000000,6283.000000,6086.000000
-100.000000,0.000000,0.000000,0.000000,-3037.000000,6479.000000,6086.000000
100.000000,0.000000,0.000000,0.000000,-3000.000000,6283.000000,5890.000000
-100.000000,0.000000,0.000000,0.000000,-2952.000000,6283.000000,5497.000000
0.000000,0.000000,0.000000,0.000000,-2914.000000,5890.000000,5497.000000
0.000000,200.000000,0.000000,0.000000,-2868.000000,5890.000000,5105.000000
-100.000000,0.000000,0.000000,0.000000,-2864.000000,5497.000000,5105.000000
-100.000000,0.000000,0.000000,0.000000,-2827.000000,5105.000000,4908.000000
0.000000,200.000000,0.000000,0.000000,-2783.000000,5301.000000,4712.000000
-100.000000,0.000000,0.000000,0.000000,-2735.000000,5301.000000,4516.000000
0.000000,100.000000,0.000000,0.000000,-2734.000000,4516.000000,4319.000000
-200.000000,100.000000,0.000000,0.000000,-2752.000000,4319.000000,3337.000000
0.000000,-100.000000,0.000000,0.000000,-2722.000000,3926.000000,3337.000000
200.000000,-200.000000,0.000000,0.000000,-2734.000000,2748.000000,3534.000000
0.000000,-200.000000,0.000000,0.000000,-2718.000000,1570.000000,3337.000000
0.000000,-200.000000,0.000000,0.000000,-2719.000000,1178.000000,2945.000000
0.000000,-200.000000,0.000000,0.000000,-2720.000000,981.000000,2748.000000
100.000000,200.000000,0.000000,0.000000,-2674.000000,785.000000,2552.000000
0.000000,100.000000,0.000000,0.000000,-2716.000000,196.000000,2159.000000
200.000000,100.000000,0.000000,0.000000,-2719.000000,392.000000,1767.000000
-100.000000,0.000000,0.000000,0.000000,-2652.000000,392.000000,785.000000
100.000000,0.000000,0.000000,0.000000,-2601.000000,0.000000,-196.000000
200.000000,200.000000,0.000000,0.000000,-2686.000000,-196.000000,-392.000000
0.000000,0.000000,0.000000,0.000000,-2653.000000,-196.000000,-392.000000
0.000000,100.000000,0.000000,0.000000,-2657.000000,-196.000000,-392.000000
0.000000,-100.000000,0.000000,0.000000,-2722.000000,-589.000000,-196.000000
0.000000,0.000000,0.000000,0.000000,-2679.000000,-1374.000000,-196.000000
0.000000,0.000000,0.000000,0.000000,-2702.000000,-1963.000000,-589.000000
-200.000000,-100.000000,0.000000,0.000000,-2821.000000,-2552.000000,-785.000000
200.000000,300.000000,0.000000,0.000000,-2806.000000,-2552.000000,-1374.000000
100.000000,0.000000,0.000000,0.000000,-2754.000000,-2159.000000,-1570.000000
100.000000,0.000000,0.000000,0.000000,-2818.000000,-2159.000000,-1767.000000
200.000000,0.000000,0.000000,0.000000,-2893.000000,-1963.000000,-1374.000000
0.000000,100.000000,0.000000,0.000000,-2871.000000,-1963.000000,-1374.000000
0.000000,0.000000,0.000000,0.000000,-2882.000000,-1570.000000,-1178.000000
0.000000,200.000000,0.000000,0.000000,-2926.000000,-1767.000000,-1178.000000
0.000000,0.000000,0.000000,0.000000,-2890.000000,-1767.000000,-981.000000
0.000000,0.000000,0.000000,0.000000,-2869.000000,-2159.000000,-785.000000
-100.000000,0.000000,0.000000,0.000000,-2931.000000,-2159.000000,-981.000000
0.000000,-200.000000,0.000000,0.000000,-2937.000000,-2159.000000,-981.000000
0.000000,0.000000,0.000000,0.000000,-2787.000000,-1767.000000,-981.000000
200.000000,100.000000,0.000000,0.000000,-2806.000000,-1570.000000,-785.000000
-100.000000,0.000000,0.000000,0.000000,-2863.000000,-1767.000000,-589.000000
200.000000,0.000000,0.000000,0.000000,-2863.000000,-1570.000000,-392.000000
100.000000,200.000000,0.000000,0.000000,-2852.000000,-1178.000000,-392.000000
0.000000,100.000000,0.000000,0.000000,-2888.000000,-785.000000,0.000000
-100.000000,100.000000,0.000000,0.000000,-2941.000000,-981.000000,-196.000000
-100.000000,100.000000,0.000000,0.000000,-2903.000000,-589.000000,196.000000
0.000000,200.000000,0.000000,0.000000,-2900.000000,-589.000000,0.000000
-100.000000,200.000000,0.000000,0.000000,-2961.000000,-196.000000,0.000000
0.000000,0.000000,0.000000,0.000000,-2976.000000,-196.000000,392.000000
-200.000000,-200.000000,0.000000,0.000000,-3000.000000,589.000000,1178.000000
0.000000,300.000000,0.000000,0.000000,-2917.000000,1374.000000,2748.000000
-100.000000,0.000000,0.000000,0.000000,-2921.000000,2356.000000,3337.000000
-100.000000,0.000000,0.000000,0.000000,-2931.000000,2748.000000,3141.000000
0.000000,0.000000,0.000000,0.000000,-2936.000000,2552.000000,2945.000000
-200.000000,100.000000,0.000000,0.000000,-2925.000000,2552.000000,2945.000000
-100.000000,0.000000,0.000000,0.000000,-2898.000000,2356.000000,2748.000000
-100.000000,-200.000000,0.000000,0.000000,-2861.000000,2552.000000,2552.000000
200.000000,200.000000,0.000000,0.000000,-2825.000000,3141.000000,2748.000000
300.000000,0.000000,0.000000,0.000000,-2818.000000,3534.000000,3534.000000
0.000000,-100.000000,0.000000,0.000000,-2814.000000,4123.000000,4516.000000
0.000000,0.000000,0.000000,0.000000,-2792.000000,3926.000000,4319.000000
0.000000,200.000000,0.000000,0.000000,-2771.000000,3730.000000,4516.000000
0.000000,0.000000,0.000000,0.000000,-2789.000000,3926.000000,3926.000000
0.000000,-100.000000,0.000000,0.000000,-2780.000000,3926.000000,3534.000000
-200.000000,100.000000,0.000000,0.000000,-2764.000000,4319.000000,3337.000000
400.000000,300.000000,0.000000,0.000000,-2701.000000,4712.000000,3534.000000
0.000000,-200.000000,0.000000,0.000000,-2703.000000,4712.000000,3534.000000
0.000000,-100.000000,0.000000,0.000000,-2714.000000,4712.000000,3926.000000
0.000000,100.000000,0.000000,0.000000,-2644.000000,4319.000000,4712.000000
-100.000000,0.000000,0.000000,0.000000,-2619.000000,4319.000000,4712.000000
0.000000,0.000000,0.000000,0.000000,-2638.000000,4319.000000,4319.000000
-100.000000,0.000000,0.000000,0.000000,-2558.000000,3926.000000,4123.000000
-200.000000,0.000000,0.000000,0.000000,-2562.000000,3926.000000,4123.000000
0.000000,0.000000,0.000000,0.000000,-2591.000000,3926.000000,3926.000000
-200.000000,0.000000,0.000000,0.000000,-2593.000000,3730.000000,3534.000000
0.000000,-100.000000,0.000000,0.000000,-2526.000000,3534.000000,3534.000000
200.000000,0.000000,0.000000,0.000000,-2489.000000,3730.000000,3141.000000
-100.000000,0.000000,0.000000,0.000000,-2555.000000,3337.000000,2748.000000
0.000000,-100.000000,0.000000,0.000000,-2520.000000,3337.000000,2552.000000
100.000000,0.000000,0.000000,0.000000,-2449.000000,3141.000000,2356.000000
0.000000,0.000000,0.000000,0.000000,-2465.000000,3141.000000,2356.000000
0.000000,0.000000,0.000000,0.000000,-2481.000000,2748.000000,2159.000000
-300.000000,0.000000,0.000000,0.000000,-2479.000000,2748.000000,1963.000000
200.000000,200.000000,0.000000,0.000000,-2465.000000,2356.000000,1767.000000
0.000000,200.000000,0.000000,0.000000,-2476.000000,2356.000000,1570.000000
0.000000,-100.000000,0.000000,0.000000,-2466.000000,1963.000000,1178.000000
-100.000000,-100.000000,0.000000,0.000000,-2416.000000,1570.000000,1178.000000
-100.000000,0.000000,0.000000,0.000000,-2418.000000,1767.000000,785.000000
-100.000000,0.000000,0.000000,0.000000,-2414.000000,1374.000000,392.000000
0.000000,0.000000,0.000000,0.000000,-2395.000000,981.000000,-196.000000
100.000000,0.000000,0.000000,0.000000,-2428.000000,392.000000,-392.000000
0.000000,0.000000,0.000000,0.000000,-2397.000000,-392.000000,-785.000000
100.000000,0.000000,0.000000,0.000000,-2420.000000,-589.000000,-785.000000
200.000000,-300.000000,0.000000,0.000000,-2391.000000,-589.000000,-981.000000
0.000000,100.000000,0.000000,0.000000,-2348.000000,-589.000000,-1178.000000
0.000000,0.000000,0.000000,0.000000,-2370.000000,-589.000000,-1178.000000
100.000000,0.000000,0.000000,0.000000,-2439.000000,-785.000000,-1570.000000
0.000000,0.000000,0.000000,0.000000,-2435.000000,-981.000000,-1570.000000
-100.000000,0.000000,0.000000,0.000000,-2375.000000,-1178.000000,-1570.000000
100.000000,0.000000,0.000000,0.000000,-2392.000000,-1178.000000,-1767.000000
200.000000,-100.000000,0.000000,0.000000,-2419.000000,-1374.000000,-1570.000000
-400.000000,-100.000000,0.000000,0.000000,-2410.000000,-1178.000000,-1767.000000
-300.000000,0.000000,0.000000,0.000000,-2408.000000,-1374.000000,-1570.000000
100.000000,100.000000,0.000000,0.000000,-2453.000000,-1178.000000,-1570.000000
200.000000,0.000000,0.000000,0.000000,-2461.000000,-1374.000000,-1570.000000
-100.000000,0.000000,0.000000,0.000000,-2441.000000,-1178.000000,-1570.000000
0.000000,0.000000,0.000000,0.000000,-2476.000000,-1374.000000,-1570.000000
200.000000,0.000000,0.000000,0.000000,-2483.000000,-1374.000000,-1570.000000
-300.000000,-200.000000,0.000000,0.000000,-2519.000000,-1178.000000,-1570.000000
100.000000,0.000000,0.000000,0.000000,-2542.000000,-981.000000,-1374.000000
300.000000,0.000000,0.000000,0.000000,-2610.000000,-981.000000,-1570.000000
0.000000,100.000000,0.000000,0.000000,-2646.000000,-785.000000,-1178.000000
200.000000,-100.000000,0.000000,0.000000,-2680.000000,-589.000000,-1178.000000
-100.000000,0.000000,0.000000,0.000000,-2693.000000,-589.000000,-1178.000000
-400.000000,-200.000000,0.000000,0.000000,-2744.000000,-196.000000,-785.000000
100.000000,0.000000,0.000000,0.000000,-2775.000000,-196.000000,-785.000000
-400.000000,0.000000,0.000000,0.000000,-2820.000000,0.000000,-392.000000
0.000000,0.000000,0.000000,0.000000,-2788.000000,196.000000,-392.000000
100.000000,0.000000,0.000000,0.000000,-2858.000000,196.000000,-196.000000
0.000000,0.000000,0.000000,0.000000,-2878.000000,0.000000,0.000000
200.000000,-100.000000,0.000000,0.000000,-2897.000000,0.000000,0.000000
-200.000000,200.000000,0.000000,0.000000,-2921.000000,0.000000,196.000000
100.000000,0.000000,0.000000,0.000000,-2944.000000,0.000000,0.000000
-100.000000,0.000000,0.000000,0.000000,-2933.000000,589.000000,0.000000
-100.000000,0.000000,0.000000,0.000000,-2927.000000,1570.000000,0.000000
-100.000000,0.000000,0.000000,0.000000,-2944.000000,2552.000000,196.000000
-200.000000,0.000000,0.000000,0.000000,-2911.000000,2945.000000,785.000000
0.000000,0.000000,0.000000,0.000000,-2873.000000,2945.000000,1767.000000
-100.000000,0.000000,0.000000,0.000000,-2923.000000,2552.000000,2356.000000
300.000000,-100.000000,0.000000,0.000000,-2960.000000,2552.000000,2356.000000
0.000000,-100.000000,0.000000,0.000000,-3013.000000,2552.000000,2159.000000
0.000000,0.000000,0.000000,0.000000,-3041.000000,2159.000000,1767.000000
-100.000000,300.000000,0.000000,0.000000,-3013.000000,2159.000000,1767.000000
-100.000000,200.000000,0.000000,0.000000,-3036.000000,2159.000000,1570.000000
200.000000,0.000000,0.000000,0.000000,-2990.000000,2159.000000,1570.000000
0.000000,0.000000,0.000000,0.000000,-2941.000000,2748.000000,1374.000000
0.000000,0.000000,0.000000,0.000000,-2959.000000,3337.000000,1570.000000
0.000000,0.000000,0.000000,0.000000,-2950.000000,3141.000000,2159.000000
0.000000,-100.000000,0.000000,0.000000,-2894.000000,3141.000000,2552.000000
0.000000,0.000000,0.000000,0.000000,-2847.000000,3141.000000,2552.000000
0.000000,-100.000000,0.000000,0.000000,-2874.000000,2945.000000,2356.000000
0.000000,100.000000,0.000000,0.000000,-2893.000000,2748.000000,2356.000000
-200.000000,0.000000,0.000000,0.000000,-2832.000000,2552.000000,2159.000000
100.000000,-100.000000,0.000000,0.000000,-2798.000000,2552.000000,2159.000000
-100.000000,0.000000,0.000000,0.000000,-2855.000000,2356.000000,1767.000000
0.000000,0.000000,0.000000,0.000000,-2863.000000,2159.000000,1767.000000
200.000000,0.000000,0.000000,0.000000,-2826.000000,2159.000000,1767.000000
-100.000000,-400.000000,0.000000,0.000000,-2877.000000,1963.000000,1570.000000
-100.000000,0.000000,0.000000,0.000000,-2848.000000,1963.000000,1374.000000
300.000000,200.000000,0.000000,0.000000,-2791.000000,1767.000000,1374.000000
0.000000,-300.000000,0.000000,0.000000,-2785.000000,1570.000000,1374.000000
0.000000,100.000000,0.000000,0.000000,-2826.000000,1570.000000,1178.000000
200.000000,-100.000000,0.000000,0.000000,-2830.000000,1374.000000,1178.000000
0.000000,-100.000000,0.000000,0.000000,-2760.000000,1178.000000,785.000000
100.000000,100.000000,0.000000,0.000000,-2787.000000,1178.000000,785.000000
0.000000,0.000000,0.000000,0.000000,-2781.000000,981.000000,785.000000
0.000000,-100.000000,0.000000,0.000000,-2754.000000,785.000000,392.000000
-200.000000,0.000000,0.000000,0.000000,-2766.000000,785.000000,392.000000
0.000000,0.000000,0.000000,0.000000,-2763.000000,589.000000,196.000000
0.000000,-100.000000,0.000000,0.000000,-2759.000000,392.000000,-196.000000
-100.000000,-100.000000,0.000000,0.000000,-2737.000000,196.000000,0.000000
0.000000,-100.000000,0.000000,0.000000,-2698.000000,0.000000,0.000000
0.000000,-100.000000,0.000000,0.000000,-2687.000000,-196.000000,-196.000000
0.000000,0.000000,0.000000,0.000000,-2716.000000,0.000000,-589.000000
-300.000000,200.000000,0.000000,0.000000,-2703.000000,-196.000000,-981.000000
200.000000,0.000000,0.000000,0.000000,-2696.000000,0.000000,-1374.000000
100.000000,200.000000,0.000000,0.000000,-2719.000000,-589.000000,-1570.000000
100.000000,0.000000,0.000000,0.000000,-2716.000000,-1374.000000,-1570.000000
200.000000,0.000000,0.000000,0.000000,-2709.000000,-1963.000000,-1178.000000
0.000000,-100.000000,0.000000,0.000000,-2683.000000,-1767.000000,-1374.000000
0.000000,-300.000000,0.000000,0.000000,-2645.000000,-1767.000000,-1178.000000
0.000000,-100.000000,0.000000,0.000000,-2629.000000,-1767.000000,-981.000000
100.000000,300.000000,0.000000,0.000000,-2632.000000,-1374.000000,-1374.000000
200.000000,100.000000,0.000000,0.000000,-2663.000000,-1178.000000,-1570.000000
0.000000,0.000000,0.000000,0.000000,-2700.000000,-1178.000000,-1767.000000
100.000000,100.000000,0.000000,0.000000,-2707.000000,-1178.000000,-1767.000000
100.000000,0.000000,0.000000,0.000000,-2692.000000,-785.000000,-1570.000000
0.000000,0.000000,0.000000,0.000000,-2635.000000,-785.000000,-1374.000000
100.000000,-200.000000,0.000000,0.000000,-2679.000000,-785.000000,-1374.000000
-100.000000,-300.000000,0.000000,0.000000,-2738.000000,-981.000000,-1178.000000
0.000000,100.000000,0.000000,0.000000,-2715.000000,-1374.000000,-981.000000
0.000000,0.000000,0.000000,0.000000,-2720.000000,-1374.000000,-981.000000
0.000000,0.000000,0.000000,0.000000,-2803.000000,-785.000000,-785.000000
0.000000,0.000000,0.000000,0.000000,-2802.000000,-1178.000000,-785.000000
-100.000000,0.000000,0.000000,0.000000,-2780.000000,-981.000000,-785.000000
0.000000,-100.000000,0.000000,0.000000,-2802.000000,-785.000000,-785.000000
0.000000,0.000000,0.000000,0.000000,-2846.000000,-392.000000,-785.000000
0.000000,0.000000,0.000000,0.000000,-2864.000000,-392.000000,-589.000000
0.000000,500.000000,0.000000,0.000000,-2850.000000,-196.000000,-392.000000
100.000000,0.000000,0.000000,0.000000,-2853.000000,-196.000000,-392.000000
-300.000000,-100.000000,0.000000,0.000000,-2844.000000,0.000000,-196.000000
-100.000000,0.000000,0.000000,0.000000,-2865.000000,0.000000,0.000000
0.000000,200.000000,0.000000,0.000000,-2869.000000,196.000000,196.000000
0.000000,100.000000,0.000000,0.000000,-2822.000000,0.000000,196.000000
0.000000,0.000000,0.000000,0.000000,-2816.000000,0.000000,0.000000
0.000000,-200.000000,0.000000,0.000000,-2822.000000,0.000000,196.000000
100.000000,0.000000,0.000000,0.000000,-2806.000000,0.000000,0.000000
0.000000,0.000000,0.000000,0.000000,-2815.000000,0.000000,0.000000
-100.000000,100.000000,0.000000,0.000000,-2805.000000,0.000000,0.000000
100.000000,0.000000,0.000000,0.000000,-2802.000000,0.000000,0.000000
-200.000000,0.000000,0.000000,0.000000,-2791.000000,392.000000,196.000000
0.000000,0.000000,0.000000,0.000000,-2812.000000,785.000000,589.000000
-100.000000,-100.000000,0.000000,0.000000,-2810.000000,1570.000000,1178.000000
0.000000,-200.000000,0.000000,0.000000,-2763.000000,1570.000000,1178.000000
-200.000000,-100.000000,0.000000,0.000000,-2774.000000,1570.000000,1374.000000
200.000000,200.000000,0.000000,0.000000,-2808.000000,1570.000000,1178.000000
-100.000000,300.000000,0.000000,0.000000,-2806.000000,1374.000000,1178.000000
0.000000,100.000000,0.000000,0.000000,-2772.000000,1178.000000,981.000000
-200.000000,-100.000000,0.000000,0.000000,-2711.000000,1178.000000,785.000000
0.000000,0.000000,0.000000,0.000000,-2747.000000,981.000000,785.000000
-100.000000,0.000000,0.000000,0.000000,-2769.000000,785.000000,785.000000
-100.000000,0.000000,0.000000,0.000000,-2722.000000,785.000000,589.000000
100.000000,0.000000,0.000000,0.000000,-2716.000000,785.000000,589.000000
-100.000000,-100.000000,0.000000,0.000000,-2701.000000,589.000000,785.000000
200.000000,100.000000,0.000000,0.000000,-2739.000000,589.000000,981.000000
-200.000000,0.000000,0.000000,0.000000,-2755.000000,589.000000,785.000000
-100.000000,-100.000000,0.000000,0.000000,-2772.000000,589.000000,785.000000
100.000000,0.000000,0.000000,0.000000,-2767.000000,785.000000,589.000000
-100.000000,0.000000,0.000000,0.000000,-2740.000000,785.000000,589.000000
0.000000,0.000000,0.000000,0.000000,-2740.000000,589.000000,392.000000
0.000000,0.000000,0.000000,0.000000,-2760.000000,589.000000,392.000000
0.000000,100.000000,0.000000,0.000000,-2747.000000,392.000000,196.000000
-100.000000,0.000000,0.000000,0.000000,-2752.000000,392.000000,-196.000000
0.000000,0.000000,0.000000,0.000000,-2731.000000,196.000000,0.000000
-200.000000,-400.000000,0.000000,0.000000,-2745.000000,196.000000,0.000000
-100.000000,-100.000000,0.000000,0.000000,-2767.000000,-196.000000,0.000000
-200.000000,0.000000,0.000000,0.000000,-2746.000000,0.000000,0.000000
100.000000,-100.000000,0.000000,0.000000,-2762.000000,0.000000,-196.000000
0.000000,0.000000,0.000000,0.000000,-2736.000000,0.000000,0.000000
100.000000,100.000000,0.000000,0.000000,-2750.000000,0.000000,-196.000000
0.000000,0.000000,0.000000,0.000000,-2718.000000,-196.000000,-589.000000
100.000000,200.000000,0.000000,0.000000,-2717.000000,0.000000,-1178.000000
-200.000000,0.000000,0.000000,0.000000,-2725.000000,0.000000,-1374.000000
-100.000000,-200.000000,0.000000,0.000000,-2748.000000,-196.000000,-1570.000000
500.000000,-100.000000,0.000000,0.000000,-2763.000000,-589.000000,-1374.000000
200.000000,0.000000,0.000000,0.000000,-2749.000000,-1178.000000,-1374.000000
100.000000,100.000000,0.000000,0.000000,-2780.000000,-1767.000000,-981.000000
100.000000,0.000000,0.000000,0.000000,-2800.000000,-1570.000000,-981.000000
300.000000,-100.000000,0.000000,0.000000,-2752.000000,-1374.000000,-981.000000
-100.000000,0.000000,0.000000,0.000000,-2723.000000,-1570.000000,-981.000000
200.000000,100.000000,0.000000,0.000000,-2716.000000,-1178.000000,-1178.000000
200.000000,0.000000,0.000000,0.000000,-2795.000000,-981.000000,-1374.000000
-100.000000,0.000000,0.000000,0.000000,-2826.000000,-981.000000,-1570.000000
100.000000,0.000000,0.000000,0.000000,-2769.000000,-981.000000,-1374.000000
0.000000,-100.000000,0.000000,0.000000,-2786.000000,-981.000000,-1374.000000
0.000000,0.000000,0.000000,0.000000,-2806.000000,-981.000000,-981.000000
0.000000,0.000000,0.000000,0.000000,-2822.000000,-1374.000000,-1178.000000
0.000000,0.000000,0.000000,0.000000,-2808.000000,-1374.000000,-785.000000
-200.000000,0.000000,0.000000,0.000000,-2763.000000,-1374.000000,-785.000000
-100.000000,0.000000,0.000000,0.000000,-2734.000000,-1178.000000,-785.000000
-200.000000,-100.000000,0.000000,0.000000,-2750.000000,-981.000000,-785.000000
0.000000,0.000000,0.000000,0.000000,-2808.000000,-1178.000000,-981.000000
0.000000,200.000000,0.000000,0.000000,-2770.000000,-785.000000,-785.000000
-200.000000,-200.000000,0.000000,0.000000,-2729.000000,-785.000000,-785.000000
0.000000,0.000000,0.000000,0.000000,-2729.000000,-785.000000,-785.000000
100.000000,0.000000,0.000000,0.000000,-2734.000000,-589.000000,-785.000000
100.000000,100.000000,0.000000,0.000000,-2720.000000,-785.000000,-589.000000
200.000000,0.000000,0.000000,0.000000,-2726.000000,-589.000000,-589.000000
100.000000,-200.000000,0.000000,0.000000,-2709.000000,-785.000000,-392.000000
100.000000,0.000000,0.000000,0.000000,-2736.000000,-589.000000,-196.000000
100.000000,0.000000,0.000000,0.000000,-2748.000000,-392.000000,-196.000000
0.000000,-300.000000,0.000000,0.000000,-2768.000000,-392.000000,-392.000000
100.000000,200.000000,0.000000,0.000000,-2761.000000,-196.000000,-196.000000
-100.000000,100.000000,0.000000,0.000000,-2749.000000,-196.000000,-392.000000
-200.000000,100.000000,0.000000,0.000000,-2722.000000,-196.000000,0.000000
-200.000000,0.000000,0.000000,0.000000,-2705.000000,0.000000,-196.000000
0.000000,0.000000,0.000000,0.000000,-2719.000000,0.000000,0.000000
-100.000000,100.000000,0.000000,0.000000,-2734.000000,0.000000,0.000000
-100.000000,0.000000,0.000000,0.000000,-2707.000000,0.000000,0.000000
0.000000,-500.000000,0.000000,0.000000,-2740.000000,0.000000,0.000000
0.000000,0.000000,0.000000,0.000000,-2736.000000,0.000000,0.000000
-100.000000,100.000000,0.000000,0.000000,-2747.000000,196.000000,0.000000
0.000000,0.000000,0.000000,0.000000,-2760.000000,0.000000,196.000000
-100.000000,0.000000,0.000000,0.000000,-2769.000000,0.000000,0.000000
0.000000,300.000000,0.000000,0.000000,-2785.000000,196.000000,196.000000
0.000000,200.000000,0.000000,0.000000,-2797.000000,0.000000,0.000000
100.000000,0.000000,0.000000,0.000000,-2794.000000,0.000000,0.000000
200.000000,0.000000,0.000000,0.000000,-2802.000000,0.000000,0.000000
200.000000,0.000000,0.000000,0.000000,-2826.000000,0.000000,0.000000
200.000000,0.000000,0.000000,0.000000,-2805.000000,0.000000,0.000000
0.000000,0.000000,0.000000,0.000000,-2832.000000,0.000000,0.000000
-100.000000,-200.000000,0.000000,0.000000,-2805.000000,0.000000,0.000000
-100.000000,-100.000000,0.000000,0.000000,-2792.000000,0.000000,0.000000
0.000000,0.000000,0.000000,0.000000,-2790.000000,0.000000,0.000000
-300.000000,-100.000000,0.000000,0.000000,-2780.000000,0.000000,0.000000
-100.000000,300.000000,0.000000,0.000000,-2765.000000,0.000000,0.000000
0.000000,100.000000,0.000000,0.000000,-2775.000000,0.000000,0.000000
100.000000,0.000000,0.000000,0.000000,-2775.000000,0.000000,0.000000
0.000000,0.000000,0.000000,0.000000,-2743.000000,0.000000,0.000000
0.000000,300.000000,0.000000,0.000000,-2719.000000,0.000000,0.000000
100.000000,-100.000000,0.000000,0.000000,-2744.000000,0.000000,0.000000
100.000000,-200.000000,0.000000,0.000000,-2744.000000,0.000000,0.000000
0.000000,-400.000000,0.000000,0.000000,-2737.000000,0.000000,0.000000
0.000000,0.000000,0.000000,0.000000,-2744.000000,0.000000,-196.000000
200.000000,-100.000000,0.000000,0.000000,-2749.000000,0.000000,-196.000000
0.000000,0.000000,0.000000,0.000000,-2772.000000,0.000000,0.000000
100.000000,-100.000000,0.000000,0.000000,-2803.000000,0.000000,0.000000
0.000000,0.000000,0.000000,0.000000,-2810.000000,0.000000,0.000000
-100.000000,200.000000,0.000000,0.000000,-2806.000000,0.000000,-392.000000
0.000000,-100.000000,0.000000,0.000000,-2814.000000,0.000000,-785.000000
100.000000,100.000000,0.000000,0.000000,-2802.000000,0.000000,-981.000000
0.000000,300.000000,0.000000,0.000000,-2804.000000,0.000000,-1178.000000
0.000000,-100.000000,0.000000,0.000000,-2798.000000,0.000000,-785.000000
0.000000,200.000000,0.000000,0.000000,-2793.000000,-196.000000,-785.000000
0.000000,-100.000000,0.000000,0.000000,-2789.000000,0.000000,-589.000000
-200.000000,0.000000,0.000000,0.000000,-2790.000000,-196.000000,-589.000000
-100.000000,100.000000,0.000000,0.000000,-2816.000000,0.000000,-392.000000
100.000000,-100.000000,0.000000,0.000000,-2806.000000,-196.000000,-196.000000
-200.000000,0.000000,0.000000,0.000000,-2784.000000,-392.000000,-392.000000
100.000000,200.000000,0.000000,0.000000,-2795.000000,-785.000000,-785.000000
0.000000,0.000000,0.000000,0.000000,-2866.000000,-981.000000,-785.000000
0.000000,0.000000,0.000000,0.000000,-2816.000000,-981.000000,-785.000000
0.000000,0.000000,0.000000,0.000000,-2807.000000,-785.000000,-589.000000
200.000000,0.000000,0.000000,0.000000,-2807.000000,-785.000000,-589.000000
100.000000,-100.000000,0.000000,0.000000,-2861.000000,-589.000000,-589.000000
0.000000,-100.000000,0.000000,0.000000,-2917.000000,-392.000000,-392.000000
100.000000,100.000000,0.000000,0.000000,-2916.000000,-392.000000,-392.000000
0.000000,100.000000,0.000000,0.000000,-2930.000000,-196.000000,-196.000000
0.000000,-100.000000,0.000000,0.000000,-2940.000000,-196.000000,-392.000000
0.000000,0.000000,0.000000,0.000000,-2937.000000,-196.000000,-196.000000
200.000000,-100.000000,0.000000,0.000000,-2925.000000,0.000000,-589.000000
0.000000,0.000000,0.000000,0.000000,-2938.000000,-392.000000,-196.000000
0.000000,100.000000,0.000000,0.000000,-2901.000000,-589.000000,-392.000000
100.000000,-300.000000,0.000000,0.000000,-2896.000000,-392.000000,0.000000
100.000000,0.000000,0.000000,0.000000,-2915.000000,-392.000000,0.000000
-100.000000,200.000000,0.000000,0.000000,-2896.000000,0.000000,-196.000000
-100.000000,0.000000,0.000000,0.000000,-2868.000000,0.000000,0.000000
-100.000000,0.000000,0.000000,0.000000,-2900.000000,0.000000,0.000000
0.000000,0.000000,0.000000,0.000000,-2937.000000,0.000000,0.000000
0.000000,-100.000000,0.000000,0.000000,-2930.000000,0.000000,0.000000
100.000000,0.000000,0.000000,0.000000,-2918.000000,0.000000,0.000000
200.000000,200.000000,0.000000,0.000000,-2912.000000,0.000000,0.000000
-100.000000,0.000000,0.000000,0.000000,-2935.000000,0.000000,0.000000
0.000000,-300.000000,0.000000,0.000000,-2916.000000,0.000000,0.000000
0.000000,0.000000,0.000000,0.000000,-2898.000000,0.000000,0.000000
0.000000,0.000000,0.000000,0.000000,-2878.000000,0.000000,0.000000
-100.000000,0.000000,0.000000,0.000000,-2881.000000,0.000000,0.000000
-100.000000,-100.000000,0.000000,0.000000,-2920.000000,0.000000,196.000000
-100.000000,-200.000000,0.000000,0.000000,-2922.000000,0.000000,0.000000
0.000000,-100.000000,0.000000,0.000000,-2910.000000,0.000000,196.000000
-100.000000,-100.000000,0.000000,0.000000,-2914.000000,196.000000,0.000000
-100.000000,-100.000000,0.000000,0.000000,-2886.000000,0.000000,0.000000
-100.000000,0.000000,0.000000,0.000000,-2846.000000,196.000000,0.000000
-200.000000,-100.000000,0.000000,0.000000,-2826.000000,0.000000,0.000000
-100.000000,200.000000,0.000000,0.000000,-2853.000000,0.000000,0.000000
-100.000000,-100.000000,0.000000,0.000000,-2864.000000,0.000000,0.000000
0.000000,0.000000,0.000000,0.000000,-2847.000000,0.000000,0.000000
0.000000,100.000000,0.000000,0.000000,-2847.000000,0.000000,0.000000
-100.000000,0.000000,0.000000,0.000000,-2821.000000,0.000000,0.000000
-200.000000,0.000000,0.000000,0.000000,-2820.000000,0.000000,0.000000
0.000000,-100.000000,0.000000,0.000000,-2839.000000,0.000000,0.000000
100.000000,200.000000,0.000000,0.000000,-2853.000000,0.000000,0.000000
-100.000000,-100.000000,0.000000,0.000000,-2871.000000,0.000000,0.000000
200.000000,-200.000000,0.000000,0.000000,-2909.000000,0.000000,196.000000
0.000000,0.000000,0.000000,0.000000,-2909.000000,0.000000,0.000000
-200.000000,0.000000,0.000000,0.000000,-2924.000000,0.000000,0.000000
0.000000,-100.000000,0.000000,0.000000,-2928.000000,0.000000,196.000000
200.000000,-100.000000,0.000000,0.000000,-2936.000000,0.000000,0.000000
200.000000,0.000000,0.000000,0.000000,-2911.000000,0.000000,0.000000
0.000000,200.000000,0.000000,0.000000,-2914.000000,0.000000,196.000000
0.000000,0.000000,0.000000,0.000000,-2925.000000,0.000000,0.000000
-100.000000,-100.000000,0.000000,0.000000,-2913.000000,0.000000,0.000000
100.000000,-100.000000,0.000000,0.000000,-2888.000000,0.000000,0.000000
0.000000,0.000000,0.000000,0.000000,-2884.000000,0.000000,0.000000
-200.000000,-200.000000,0.000000,0.000000,-2893.000000,0.000000,0.000000
0.000000,0.000000,0.000000,0.000000,-2898.000000,0.000000,0.000000
100.000000,100.000000,0.000000,0.000000,-2891.000000,0.000000,0.000000
0.000000,200.000000,0.000000,0.000000,-2914.000000,0.000000,0.000000
-100.000000,200.000000,0.000000,0.000000,-2894.000000,-196.000000,-196.000000
200.000000,200.000000,0.000000,0.000000,-2885.000000,-196.000000,0.000000
-100.000000,-100.000000,0.000000,0.000000,-2876.000000,0.000000,-196.000000
0.000000,0.000000,0.000000,0.000000,-2860.000000,0.000000,0.000000
0.000000,0.000000,0.000000,0.000000,-2890.000000,0.000000,0.000000
-300.000000,-100.000000,0.000000,0.000000,-2885.000000,0.000000,0.000000
0.000000,0.000000,0.000000,0.000000,-2871.000000,0.000000,0.000000
100.000000,-200.000000,0.000000,0.000000,-2859.000000,0.000000,-196.000000
100.000000,0.000000,0.000000,0.000000,-2866.000000,-196.000000,-392.000000
100.000000,100.000000,0.000000,0.000000,-2857.000000,-196.000000,-589.000000
0.000000,-200.000000,0.000000,0.000000,-2831.000000,-392.000000,-589.000000
0.000000,0.000000,0.000000,0.000000,-2833.000000,-589.000000,-392.000000
100.000000,200.000000,0.000000,0.000000,-2828.000000,-392.000000,-196.000000
0.000000,0.000000,0.000000,0.000000,-2831.000000,-196.000000,-196.000000
200.000000,-100.000000,0.000000,0.000000,-2854.000000,-196.000000,0.000000
0.000000,0.000000,0.000000,0.000000,-2888.000000,0.000000,0.000000
-100.000000,0.000000,0.000000,0.000000,-2919.000000,0.000000,0.000000
200.000000,100.000000,0.000000,0.000000,-2928.000000,-196.000000,-196.000000
-200.000000,-200.000000,0.000000,0.000000,-2967.000000,0.000000,-196.000000
100.000000,200.000000,0.000000,0.000000,-2989.000000,-196.000000,-196.000000
100.000000,-200.000000,0.000000,0.000000,-2972.000000,0.000000,-196.000000
200.000000,-100.000000,0.000000,0.000000,-2965.000000,-196.000000,-196.000000
100.000000,0.000000,0.000000,0.000000,-2958.000000,-196.000000,0.000000
0.000000,-200.000000,0.000000,0.000000,-2952.000000,-196.000000,0.000000
-100.000000,200.000000,0.000000,0.000000,-2966.000000,0.000000,0.000000
-200.000000,0.000000,0.000000,0.000000,-2990.000000,0.000000,0.000000
-200.000000,0.000000,0.000000,0.000000,-2968.000000,0.000000,0.000000
-100.000000,-100.000000,0.000000,0.000000,-2968.000000,0.000000,0.000000
-100.000000,-200.000000,0.000000,0.000000,-2956.000000,0.000000,0.000000
-100.000000,100.000000,0.000000,0.000000,-2948.000000,0.000000,0.000000
0.000000,-100.000000,0.000000,0.000000,-2947.000000,0.000000,0.000000
-100.000000,200.000000,0.000000,0.000000,-2946.000000,0.000000,0.000000
300.000000,0.000000,0.000000,0.000000,-2940.000000,0.000000,0.000000
300.000000,0.000000,0.000000,0.000000,-2921.000000,0.000000,0.000000
0.000000,100.000000,0.000000,0.000000,-2927.000000,0.000000,0.000000
-100.000000,100.000000,0.000000,0.000000,-2939.000000,0.000000,0.000000
-100.000000,100.000000,0.000000,0.000000,-2950.000000,0.000000,0.000000
-100.000000,0.000000,0.000000,0.000000,-2940.000000,0.000000,196.000000
-100.000000,0.000000,0.000000,0.000000,-2936.000000,0.000000,0.000000
0.000000,100.000000,0.000000,0.000000,-2934.000000,0.000000,0.000000
0.000000,0.000000,0.000000,0.000000,-2928.000000,0.000000,0.000000
