Channel 1,Channel 2,Channel 3,Channel 4,Channel 5,Channel 6,Channel 7
0.000000,-100.000000,0.000000,0.000000,-12811.000000,0.000000,0.000000
0.000000,0.000000,0.000000,0.000000,-12817.000000,0.000000,0.000000
0.000000,-100.000000,0.000000,0.000000,-12810.000000,0.000000,0.000000
100.000000,0.000000,0.000000,0.000000,-12799.000000,0.000000,0.000000
0.000000,0.000000,0.000000,0.000000,-12786.000000,0.000000,0.000000
0.000000,-100.000000,0.000000,0.000000,-12779.000000,0.000000,0.000000
-100.000000,0.000000,0.000000,0.000000,-12788.000000,0.000000,0.000000
100.000000,-100.000000,0.000000,0.000000,-12795.000000,0.000000,0.000000
-100.000000,0.000000,0.000000,0.000000,-12773.000000,0.000000,0.000000
0.000000,0.000000,0.000000,0.000000,-12775.000000,0.000000,0.000000
0.000000,0.000000,0.000000,0.000000,-12772.000000,0.000000,0.000000
0.000000,-500.000000,0.000000,0.000000,-12803.000000,0.000000,0.000000
100.000000,-100.000000,0.000000,0.000000,-12804.000000,0.000000,0.000000
0.000000,100.000000,0.000000,0.000000,-12828.000000,0.000000,0.000000
0.000000,0.000000,0.000000,0.000000,-12836.000000,0.000000,0.000000
0.000000,0.000000,0.000000,0.000000,-12863.000000,0.000000,0.000000
0.000000,-100.000000,0.000000,0.000000,-12882.000000,0.000000,0.000000
0.000000,-100.000000,0.000000,0.000000,-12907.000000,0.000000,0.000000
0.000000,-300.000000,0.000000,0.000000,-12919.000000,0.000000,0.000000
-100.000000,0.000000,0.000000,0.000000,-12946.000000,0.000000,0.000000
0.000000,0.000000,0.000000,0.000000,-12972.000000,0.000000,0.000000
0.000000,200.000000,0.000000,0.000000,-12988.000000,0.000000,0.000000
0.000000,-100.000000,0.000000,0.000000,-12995.000000,0.000000,0.000000
0.000000,0.000000,0.000000,0.000000,-13005.000000,0.000000,0.000000
-100.000000,-100.000000,0.000000,0.000000,-13013.000000,0.000000,0.000000
-100.000000,0.000000,0.000000,0.000000,-13044.000000,0.000000,0.000000
-200.000000,-100.000000,0.000000,0.000000,-13028.000000,0.000000,0.000000
0.000000,-200.000000,0.000000,0.000000,-13049.000000,0.000000,0.000000
0.000000,-100.000000,0.000000,0.000000,-13066.000000,0.000000,0.000000
-200.000000,0.000000,0.000000,0.000000,-13057.000000,0.000000,0.000000
-100.000000,-100.000000,0.000000,0.000000,-13041.000000,0.000000,0.000000
-100.000000,0.000000,0.000000,0.000000,-13041.000000,0.000000,0.000000
0.000000,100.000000,0.000000,0.000000,-13028.000000,0.000000,0.000000
-200.000000,-300.000000,0.000000,0.000000,-12995.000000,0.000000,0.000000
100.000000,-100.000000,0.000000,0.000000,-12949.000000,0.000000,0.000000
-100.000000,-100.000000,0.000000,0.000000,-12929.000000,0.000000,0.000000
0.000000,100.000000,0.000000,0.000000,-12911.000000,0.000000,0.000000
0.000000,-600.000000,0.000000,0.000000,-12855.000000,0.000000,0.000000
0.000000,-500.000000,0.000000,0.000000,-12833.000000,0.000000,0.000000
-100.000000,100.000000,0.000000,0.000000,-12762.000000,0.000000,0.000000
-200.000000,0.000000,0.000000,0.000000,-12719.000000,0.000000,0.000000
0.000000,-100.000000,0.000000,0.000000,-12661.000000,196.000000,0.000000
0.000000,-100.000000,0.000000,0.000000,-12595.000000,196.000000,0.000000
0.000000,-300.000000,0.000000,0.000000,-12533.000000,0.000000,0.000000
-100.000000,-100.000000,0.000000,0.000000,-12477.000000,0.000000,196.000000
-200.000000,-200.000000,0.000000,0.000000,-12412.000000,0.000000,196.000000
0.000000,100.000000,0.000000,0.000000,-12352.000000,0.000000,196.000000
-100.000000,-100.000000,0.000000,0.000000,-12277.000000,0.000000,196.000000
-100.000000,200.000000,0.000000,0.000000,-12232.000000,0.000000,196.000000
0.000000,0.000000,0.000000,0.000000,-12165.000000,0.000000,196.000000
-100.000000,-100.000000,0.000000,0.000000,-12094.000000,0.000000,196.000000
-100.000000,0.000000,0.000000,0.000000,-12012.000000,0.000000,196.000000
0.000000,0.000000,0.000000,0.000000,-11969.000000,0.000000,0.000000
0.000000,-100.000000,0.000000,0.000000,-11919.000000,0.000000,0.000000
0.000000,100.000000,0.000000,0.000000,-11871.000000,0.000000,0.000000
-100.000000,-100.000000,0.000000,0.000000,-11821.000000,0.000000,196.000000
0.000000,-100.000000,0.000000,0.000000,-11780.000000,0.000000,0.000000
-100.000000,-100.000000,0.000000,0.000000,-11752.000000,0.000000,0.000000
0.000000,-200.000000,0.000000,0.000000,-11726.000000,0.000000,0.000000
-200.000000,-100.000000,0.000000,0.000000,-11715.000000,0.000000,0.000000
-100.000000,200.000000,0.000000,0.000000,-11699.000000,0.000000,196.000000
-100.000000,-300.000000,0.000000,0.000000,-11694.000000,0.000000,0.000000
-200.000000,-300.000000,0.000000,0.000000,-11686.000000,0.000000,0.000000
-200.000000,-300.000000,0.000000,0.000000,-11675.000000,0.000000,0.000000
0.000000,100.000000,0.000000,0.000000,-11675.000000,0.000000,0.000000
-200.000000,-400.000000,0.000000,0.000000,-11694.000000,0.000000,0.000000
-100.000000,-200.000000,0.000000,0.000000,-11716.000000,0.000000,0.000000
0.000000,-200.000000,0.000000,0.000000,-11768.000000,0.000000,0.000000
0.000000,-200.000000,0.000000,0.000000,-11821.000000,0.000000,0.000000
-100.000000,0.000000,0.000000,0.000000,-11879.000000,0.000000,0.000000
-200.000000,100.000000,0.000000,0.000000,-11927.000000,0.000000,0.000000
-100.000000,0.000000,0.000000,0.000000,-11985.000000,0.000000,0.000000
-100.000000,100.000000,0.000000,0.000000,-12033.000000,0.000000,0.000000
-100.000000,0.000000,0.000000,0.000000,-12076.000000,0.000000,-196.000000
-100.000000,-300.000000,0.000000,0.000000,-12134.000000,0.000000,0.000000
0.000000,100.000000,0.000000,0.000000,-12198.000000,0.000000,0.000000
100.000000,100.000000,0.000000,0.000000,-12244.000000,0.000000,0.000000
0.000000,-300.000000,156.000000,156.000000,-12299.000000,0.000000,0.000000
-100.000000,100.000000,0.000000,0.000000,-12338.000000,0.000000,0.000000
-200.000000,300.000000,0.000000,0.000000,-12397.000000,0.000000,0.000000
-100.000000,-200.000000,0.000000,0.000000,-12438.000000,0.000000,0.000000
-100.000000,0.000000,0.000000,0.000000,-12474.000000,0.000000,0.000000
0.000000,-100.000000,0.000000,0.000000,-12533.000000,0.000000,0.000000
-200.000000,-100.000000,0.000000,0.000000,-12589.000000,0.000000,0.000000
0.000000,-100.000000,0.000000,0.000000,-12625.000000,0.000000,0.000000
-200.000000,-200.000000,0.000000,0.000000,-12664.000000,0.000000,0.000000
0.000000,-200.000000,0.000000,0.000000,-12685.000000,0.000000,0.000000
200.000000,-100.000000,0.000000,0.000000,-12701.000000,0.000000,0.000000
100.000000,-200.000000,0.000000,0.000000,-12721.000000,0.000000,196.000000
0.000000,-200.000000,0.000000,0.000000,-12734.000000,0.000000,0.000000
100.000000,100.000000,0.000000,0.000000,-12722.000000,0.000000,0.000000
-100.000000,100.000000,0.000000,0.000000,-12734.000000,0.000000,0.000000
-100.000000,-300.000000,0.000000,0.000000,-12732.000000,0.000000,0.000000
0.000000,0.000000,0.000000,0.000000,-12723.000000,0.000000,0.000000
0.000000,0.000000,0.000000,0.000000,-12710.000000,0.000000,0.000000
0.000000,-200.000000,0.000000,0.000000,-12683.000000,0.000000,0.000000
-200.000000,200.000000,0.000000,0.000000,-12671.000000,0.000000,0.000000
0.000000,0.000000,0.000000,0.000000,-12675.000000,0.000000,0.000000
0.000000,100.000000,0.000000,0.000000,-12655.000000,0.000000,196.000000
200.000000,0.000000,0.000000,0.000000,-12639.000000,0.000000,0.000000
-100.000000,-200.000000,0.000000,0.000000,-12602.000000,0.000000,0.000000
-100.000000,0.000000,0.000000,0.000000,-12575.000000,0.000000,0.000000
100.000000,100.000000,0.000000,0.000000,-12552.000000,0.000000,0.000000
0.000000,-100.000000,0.000000,0.000000,-12553.000000,0.000000,0.000000
-100.000000,100.000000,0.000000,0.000000,-12516.000000,0.000000,0.000000
0.000000,-300.000000,0.000000,0.000000,-12495.000000,0.000000,0.000000
100.000000,-100.000000,0.000000,0.000000,-12450.000000,0.000000,0.000000
-100.000000,-600.000000,0.000000,0.000000,-12439.000000,0.000000,-196.000000
0.000000,0.000000,0.000000,0.000000,-12411.000000,0.000000,0.000000
200.000000,200.000000,0.000000,0.000000,-12393.000000,0.000000,0.000000
0.000000,-100.000000,0.000000,0.000000,-12387.000000,0.000000,0.000000
-100.000000,100.000000,0.000000,0.000000,-12352.000000,0.000000,0.000000
-100.000000,-100.000000,0.000000,0.000000,-12334.000000,0.000000,0.000000
-100.000000,100.000000,0.000000,0.000000,-12309.000000,0.000000,0.000000
-200.000000,0.000000,0.000000,0.000000,-12312.000000,0.000000,0.000000
-200.000000,-100.000000,0.000000,0.000000,-12290.000000,0.000000,0.000000
-100.000000,-100.000000,0.000000,0.000000,-12255.000000,0.000000,0.000000
-100.000000,-100.000000,0.000000,0.000000,-12240.000000,0.000000,0.000000
0.000000,-300.000000,0.000000,0.000000,-12207.000000,0.000000,0.000000
0.000000,-300.000000,0.000000,0.000000,-12175.000000,0.000000,0.000000
100.000000,0.000000,0.000000,0.000000,-12162.000000,0.000000,0.000000
100.000000,-200.000000,0.000000,0.000000,-12141.000000,0.000000,0.000000
-200.000000,-200.000000,0.000000,0.000000,-12145.000000,0.000000,0.000000
0.000000,-100.000000,0.000000,0.000000,-12123.000000,0.000000,0.000000
100.000000,-100.000000,0.000000,0.000000,-12102.000000,0.000000,0.000000
0.000000,-100.000000,0.000000,0.000000,-12073.000000,0.000000,0.000000
-200.000000,0.000000,0.000000,0.000000,-12069.000000,0.000000,0.000000
-100.000000,0.000000,0.000000,0.000000,-12058.000000,0.000000,0.000000
200.000000,100.000000,0.000000,0.000000,-12047.000000,0.000000,0.000000
0.000000,-200.000000,0.000000,0.000000,-12062.000000,0.000000,0.000000
100.000000,0.000000,0.000000,0.000000,-12047.000000,0.000000,0.000000
200.000000,0.000000,0.000000,0.000000,-12053.000000,0.000000,0.000000
-200.000000,0.000000,0.000000,0.000000,-12066.000000,0.000000,0.000000
-100.000000,0.000000,0.000000,0.000000,-12081.000000,0.000000,0.000000
0.000000,0.000000,0.000000,0.000000,-12098.000000,0.000000,0.000000
0.000000,-200.000000,0.000000,0.000000,-12117.000000,0.000000,0.000000
0.000000,0.000000,0.000000,0.000000,-12123.000000,0.000000,0.000000
-200.000000,0.000000,0.000000,0.000000,-12129.000000,0.000000,0.000000
-200.000000,-100.000000,0.000000,0.000000,-12119.000000,0.000000,0.000000
-200.000000,0.000000,0.000000,0.000000,-12144.000000,0.000000,0.000000
200.000000,0.000000,0.000000,0.000000,-12143.000000,0.000000,0.000000
0.000000,0.000000,0.000000,0.000000,-12148.000000,0.000000,0.000000
-200.000000,-100.000000,0.000000,0.000000,-12188.000000,0.000000,0.000000
0.000000,-300.000000,0.000000,0.000000,-12220.000000,0.000000,0.000000
0.000000,-100.000000,0.000000,0.000000,-12225.000000,0.000000,0.000000
-100.000000,-100.000000,0.000000,0.000000,-12248.000000,0.000000,0.000000
-100.000000,-100.000000,0.000000,0.000000,-12263.000000,0.000000,0.000000
0.000000,0.000000,0.000000,0.000000,-12291.000000,0.000000,0.000000
-200.000000,0.000000,0.000000,0.000000,-12291.000000,0.000000,0.000000
-200.000000,0.000000,0.000000,0.000000,-12299.000000,0.000000,0.000000
-300.000000,100.000000,0.000000,0.000000,-12301.000000,0.000000,0.000000
-100.000000,0.000000,0.000000,0.000000,-12337.000000,0.000000,0.000000
-200.000000,-200.000000,0.000000,0.000000,-12348.000000,0.000000,0.000000
0.000000,0.000000,0.000000,0.000000,-12357.000000,0.000000,0.000000
-100.000000,-100.000000,0.000000,0.000000,-12370.000000,0.000000,0.000000
0.000000,-300.000000,0.000000,0.000000,-12361.000000,0.000000,0.000000
100.000000,100.000000,0.000000,0.000000,-12342.000000,0.000000,0.000000
-100.000000,0.000000,0.000000,0.000000,-12339.000000,0.000000,0.000000
0.000000,0.000000,0.000000,0.000000,-12340.000000,0.000000,0.000000
0.000000,-200.000000,0.000000,0.000000,-12331.000000,0.000000,0.000000
0.000000,100.000000,0.000000,0.000000,-12317.000000,0.000000,0.000000
-100.000000,-100.000000,0.000000,0.000000,-12325.000000,0.000000,0.000000
-200.000000,-300.000000,0.000000,0.000000,-12324.000000,0.000000,0.000000
-100.000000,0.000000,0.000000,0.000000,-12314.000000,0.000000,0.000000
-100.000000,-200.000000,0.000000,0.000000,-12308.000000,0.000000,0.000000
0.000000,-100.000000,156.000000,156.000000,-12303.000000,0.000000,0.000000
100.000000,200.000000,0.000000,0.000000,-12298.000000,0.000000,0.000000
-100.000000,-200.000000,0.000000,0.000000,-12293.000000,0.000000,0.000000
-100.000000,0.000000,0.000000,0.000000,-12281.000000,0.000000,0.000000
0.000000,0.000000,0.000000,0.000000,-12280.000000,0.000000,0.000000
0.000000,100.000000,0.000000,0.000000,-12291.000000,0.000000,0.000000
0.000000,0.000000,0.000000,0.000000,-12306.000000,0.000000,0.000000
0.000000,-200.000000,0.000000,0.000000,-12283.000000,0.000000,0.000000
-100.000000,-100.000000,0.000000,0.000000,-12278.000000,0.000000,0.000000
-200.000000,-300.000000,0.000000,0.000000,-12268.000000,0.000000,0.000000
-200.000000,-100.000000,0.000000,0.000000,-12265.000000,0.000000,0.000000
-200.000000,-100.000000,0.000000,0.000000,-12269.000000,0.000000,0.000000
-300.000000,100.000000,0.000000,0.000000,-12247.000000,0.000000,0.000000
0.000000,0.000000,0.000000,0.000000,-12251.000000,0.000000,0.000000
0.000000,100.000000,0.000000,0.000000,-12224.000000,0.000000,0.000000
0.000000,-200.000000,0.000000,0.000000,-12230.000000,0.000000,0.000000
200.000000,200.000000,0.000000,0.000000,-12215.000000,0.000000,0.000000
-100.000000,-100.000000,0.000000,0.000000,-12209.000000,0.000000,0.000000
-100.000000,0.000000,0.000000,0.000000,-12199.000000,0.000000,0.000000
-300.000000,0.000000,0.000000,0.000000,-12194.000000,0.000000,0.000000
-100.000000,0.000000,78.000000,78.000000,-12191.000000,0.000000,0.000000
0.000000,-300.000000,0.000000,0.000000,-12206.000000,0.000000,0.000000
100.000000,100.000000,0.000000,0.000000,-12184.000000,0.000000,0.000000
0.000000,-100.000000,0.000000,0.000000,-12189.000000,0.000000,0.000000
-100.000000,-100.000000,0.000000,0.000000,-12195.000000,0.000000,0.000000
0.000000,0.000000,0.000000,0.000000,-12207.000000,0.000000,0.000000
0.000000,100.000000,0.000000,0.000000,-12197.000000,0.000000,0.000000
100.000000,0.000000,0.000000,0.000000,-12217.000000,0.000000,0.000000
-200.000000,0.000000,0.000000,0.000000,-12214.000000,0.000000,0.000000
-300.000000,100.000000,0.000000,0.000000,-12208.000000,0.000000,0.000000
0.000000,-100.000000,0.000000,0.000000,-12228.000000,0.000000,0.000000
0.000000,200.000000,0.000000,0.000000,-12247.000000,0.000000,0.000000
-300.000000,-100.000000,0.000000,0.000000,-12251.000000,0.000000,0.000000
100.000000,0.000000,0.000000,0.000000,-12260.000000,0.000000,0.000000
0.000000,0.000000,0.000000,0.000000,-12264.000000,0.000000,0.000000
0.000000,0.000000,0.000000,0.000000,-12258.000000,0.000000,0.000000
200.000000,-200.000000,0.000000,0.000000,-12263.000000,0.000000,0.000000
0.000000,100.000000,0.000000,0.000000,-12275.000000,0.000000,0.000000
-100.000000,-200.000000,0.000000,0.000000,-12282.000000,0.000000,0.000000
-100.000000,-200.000000,0.000000,0.000000,-12268.000000,0.000000,0.000000
200.000000,-100.000000,0.000000,0.000000,-12289.000000,0.000000,0.000000
100.000000,0.000000,0.000000,0.000000,-12299.000000,0.000000,0.000000
-200.000000,-200.000000,0.000000,0.000000,-12309.000000,0.000000,0.000000
0.000000,100.000000,0.000000,0.000000,-12321.000000,0.000000,0.000000
100.000000,-200.000000,0.000000,0.000000,-12318.000000,0.000000,0.000000
0.000000,0.000000,0.000000,0.000000,-12312.000000,0.000000,0.000000
0.000000,-100.000000,0.000000,0.000000,-12316.000000,0.000000,0.000000
-100.000000,-200.000000,0.000000,0.000000,-12311.000000,0.000000,0.000000
0.000000,-300.000000,0.000000,0.000000,-12304.000000,0.000000,0.000000
-100.000000,100.000000,156.000000,156.000000,-12310.000000,0.000000,0.000000
-100.000000,200.000000,0.000000,0.000000,-12308.000000,0.000000,0.000000
0.000000,200.000000,0.000000,0.000000,-12311.000000,0.000000,0.000000
0.000000,-100.000000,0.000000,0.000000,-12310.000000,0.000000,0.000000
0.000000,0.000000,0.000000,0.000000,-12300.000000,0.000000,0.000000
-200.000000,-100.000000,0.000000,0.000000,-12297.000000,0.000000,0.000000
-100.000000,0.000000,0.000000,0.000000,-12297.000000,0.000000,0.000000
0.000000,-300.000000,0.000000,0.000000,-12288.000000,0.000000,0.000000
-100.000000,-100.000000,0.000000,0.000000,-12298.000000,0.000000,0.000000
0.000000,100.000000,0.000000,0.000000,-12286.000000,0.000000,0.000000
1800.000000,0.000000,10000.000000,10000.000000,-12296.000000,196.000000,392.000000
9400.000000,8500.000000,10000.000000,10000.000000,-12279.000000,2552.000000,2748.000000
8000.000000,8200.000000,10000.000000,10000.000000,-12537.000000,4123.000000,4516.000000
11400.000000,11000.000000,10000.000000,10000.000000,-12551.000000,3141.000000,3730.000000
11200.000000,10800.000000,10000.000000,10000.000000,-11687.000000,0.000000,392.000000
10800.000000,10300.000000,10000.000000,10000.000000,-11104.000000,-1178.000000,-1178.000000
9700.000000,9600.000000,10000.000000,10000.000000,-11073.000000,196.000000,-196.000000
9000.000000,9800.000000,10000.000000,10000.000000,-10995.000000,2159.000000,1963.000000
9400.000000,8700.000000,10000.000000,10000.000000,-10286.000000,3730.000000,3337.000000
11000.000000,11000.000000,10000.000000,10000.000000,-9540.000000,3730.000000,3926.000000
12800.000000,11900.000000,10000.000000,10000.000000,-8851.000000,2159.000000,2748.000000
9900.000000,10600.000000,10000.000000,10000.000000,-8157.000000,1178.000000,1178.000000
9800.000000,9900.000000,10000.000000,10000.000000,-7686.000000,1570.000000,1374.000000
8200.000000,8200.000000,10000.000000,10000.000000,-7323.000000,3141.000000,2356.000000
11000.000000,11200.000000,10000.000000,10000.000000,-6728.000000,4319.000000,3730.000000
10100.000000,9400.000000,10000.000000,10000.000000,-5930.000000,4319.000000,4319.000000
8400.000000,8800.000000,10000.000000,10000.000000,-4925.000000,3337.000000,3534.000000
9100.000000,9800.000000,10000.000000,10000.000000,-4007.000000,2356.000000,2552.000000
9200.000000,8600.000000,10000.000000,10000.000000,-3717.000000,2552.000000,2159.000000
10700.000000,8800.000000,10000.000000,10000.000000,-3188.000000,3141.000000,2748.000000
8200.000000,8800.000000,10000.000000,10000.000000,-2225.000000,4319.000000,3730.000000
8000.000000,8400.000000,10000.000000,10000.000000,-1273.000000,4516.000000,4712.000000
11200.000000,10800.000000,10000.000000,10000.000000,-439.000000,3926.000000,4516.000000
10900.000000,10800.000000,10000.000000,10000.000000,393.000000,3141.000000,3534.000000
10700.000000,8800.000000,10000.000000,10000.000000,877.000000,2945.000000,2552.000000
10800.000000,9700.000000,10000.000000,10000.000000,1182.000000,3534.000000,2356.000000
8300.000000,8100.000000,10000.000000,10000.000000,1818.000000,4516.000000,3926.000000
11200.000000,11100.000000,10000.000000,10000.000000,2726.000000,4516.000000,4908.000000
9400.000000,9700.000000,10000.000000,10000.000000,3397.000000,3730.000000,4123.000000
9100.000000,10800.000000,10000.000000,10000.000000,3885.000000,2748.000000,3141.000000
9200.000000,9000.000000,10000.000000,10000.000000,4329.000000,2748.000000,2356.000000
11700.000000,8900.000000,10000.000000,10000.000000,4758.000000,3534.000000,2945.000000
8300.000000,8500.000000,10000.000000,10000.000000,4999.000000,4319.000000,3730.000000
8800.000000,11000.000000,10000.000000,10000.000000,5234.000000,4123.000000,4123.000000
10300.000000,11600.000000,10000.000000,10000.000000,5563.000000,3337.000000,3730.000000
9500.000000,9300.000000,10000.000000,10000.000000,5762.000000,2748.000000,3337.000000
9100.000000,11600.000000,10000.000000,10000.000000,5756.000000,2552.000000,2748.000000
8800.000000,9500.000000,10000.000000,10000.000000,5640.000000,2945.000000,2748.000000
11900.000000,8700.000000,10000.000000,10000.000000,5704.000000,3337.000000,3141.000000
8500.000000,8600.000000,10000.000000,10000.000000,5800.000000,3534.000000,3730.000000
8700.000000,10300.000000,10000.000000,10000.000000,5593.000000,2945.000000,3534.000000
10400.000000,8800.000000,10000.000000,10000.000000,5391.000000,2159.000000,2945.000000
8800.000000,9100.000000,10000.000000,10000.000000,5154.000000,2356.000000,2356.000000
9200.000000,9300.000000,10000.000000,10000.000000,4872.000000,2748.000000,2552.000000
10800.000000,9500.000000,10000.000000,10000.000000,4398.000000,3141.000000,2945.000000
8500.000000,11200.000000,10000.000000,10000.000000,3982.000000,2945.000000,3337.000000
9300.000000,9100.000000,10000.000000,10000.000000,3711.000000,2552.000000,3337.000000
11500.000000,8800.000000,10000.000000,10000.000000,3207.000000,2356.000000,3141.000000
8600.000000,9500.000000,10000.000000,10000.000000,2554.000000,2159.000000,2552.000000
9200.000000,10500.000000,10000.000000,10000.000000,2029.000000,2552.000000,1963.000000
11300.000000,10100.000000,10000.000000,10000.000000,1599.000000,2748.000000,1963.000000
8900.000000,8700.000000,10000.000000,10000.000000,1023.000000,2748.000000,2748.000000
11200.000000,11500.000000,10000.000000,10000.000000,346.000000,2552.000000,3337.000000
8400.000000,10200.000000,10000.000000,10000.000000,-293.000000,2356.000000,3141.000000
11400.000000,8900.000000,10000.000000,10000.000000,-1014.000000,2552.000000,2945.000000
8500.000000,8600.000000,10000.000000,10000.000000,-1830.000000,2748.000000,2945.000000
11600.000000,11700.000000,10000.000000,10000.000000,-2454.000000,3141.000000,3337.000000
8400.000000,8700.000000,10000.000000,10000.000000,-3142.000000,3337.000000,3730.000000
8000.000000,9500.000000,10000.000000,10000.000000,-3816.000000,3141.000000,4123.000000
8200.000000,11200.000000,10000.000000,10000.000000,-4561.000000,3337.000000,3926.000000
8600.000000,8600.000000,10000.000000,10000.000000,-5278.000000,3534.000000,3730.000000
11300.000000,9100.000000,10000.000000,10000.000000,-5869.000000,3730.000000,3337.000000
10400.000000,9900.000000,10000.000000,10000.000000,-6463.000000,3926.000000,3730.000000
10800.000000,10000.000000,10000.000000,10000.000000,-7078.000000,3926.000000,4319.000000
10300.000000,9800.000000,10000.000000,10000.000000,-7663.000000,4123.000000,4123.000000
8700.000000,10200.000000,10000.000000,10000.000000,-8134.000000,4123.000000,4908.000000
11200.000000,9000.000000,10000.000000,10000.000000,-8701.000000,4712.000000,4712.000000
9200.000000,9000.000000,10000.000000,10000.000000,-9185.000000,4908.000000,4908.000000
11100.000000,9300.000000,10000.000000,10000.000000,-9609.000000,5497.000000,5301.000000
8700.000000,10700.000000,10000.000000,10000.000000,-9906.000000,5497.000000,5694.000000
8600.000000,9300.000000,10000.000000,10000.000000,-10220.000000,5301.000000,5694.000000
9200.000000,9100.000000,10000.000000,10000.000000,-10458.000000,5301.000000,5890.000000
9300.000000,10100.000000,10000.000000,10000.000000,-10752.000000,5890.000000,6479.000000
8300.000000,9700.000000,10000.000000,10000.000000,-10852.000000,6479.000000,8246.000000
11100.000000,8400.000000,10000.000000,10000.000000,-11040.000000,7068.000000,6675.000000
9000.000000,10400.000000,10000.000000,10000.000000,-11283.000000,7068.000000,7068.000000
10900.000000,8600.000000,10000.000000,10000.000000,-11382.000000,6872.000000,6872.000000
9300.000000,10600.000000,10000.000000,10000.000000,-11092.000000,6675.000000,7068.000000
10800.000000,9500.000000,10000.000000,10000.000000,-10950.000000,7264.000000,7657.000000
10900.000000,9700.000000,10000.000000,10000.000000,-11038.000000,7853.000000,8050.000000
10800.000000,9500.000000,10000.000000,10000.000000,-10726.000000,8443.000000,8246.000000
10800.000000,8800.000000,10000.000000,10000.000000,-10103.000000,8246.000000,7068.000000
10500.000000,8700.000000,10000.000000,10000.000000,-9534.000000,7853.000000,7853.000000
9800.000000,8600.000000,10000.000000,10000.000000,-9212.000000,8246.000000,9032.000000
8600.000000,9700.000000,10000.000000,10000.000000,-8777.000000,8443.000000,9424.000000
10900.000000,9300.000000,10000.000000,10000.000000,-8137.000000,9032.000000,9032.000000
9300.000000,10800.000000,10000.000000,10000.000000,-7310.000000,9228.000000,8835.000000
10700.000000,9000.000000,10000.000000,10000.000000,-6610.000000,9032.000000,9424.000000
10300.000000,10400.000000,10000.000000,10000.000000,-6030.000000,9032.000000,8639.000000
8900.000000,9100.000000,10000.000000,10000.000000,-5446.000000,9032.000000,9228.000000
10700.000000,10000.000000,10000.000000,10000.000000,-4628.000000,9032.000000,9228.000000
10100.000000,10500.000000,10000.000000,10000.000000,-4067.000000,9621.000000,9424.000000
8700.000000,11100.000000,10000.000000,10000.000000,-3477.000000,10013.000000,9228.000000
9100.000000,10900.000000,10000.000000,10000.000000,-2421.000000,9621.000000,9032.000000
9600.000000,10400.000000,10000.000000,10000.000000,-1574.000000,9424.000000,9817.000000
9100.000000,9000.000000,10000.000000,10000.000000,-1125.000000,9621.000000,10013.000000
10000.000000,9100.000000,10000.000000,10000.000000,-422.000000,9621.000000,9621.000000
10200.000000,9200.000000,10000.000000,10000.000000,249.000000,9817.000000,9621.000000
10900.000000,9300.000000,10000.000000,10000.000000,830.000000,10210.000000,8246.000000
10800.000000,8900.000000,0.000000,0.000000,1149.000000,10406.000000,9621.000000
0.000000,0.000000,0.000000,0.000000,1772.000000,8835.000000,9032.000000
0.000000,0.000000,0.000000,0.000000,2407.000000,7657.000000,7853.000000
0.000000,100.000000,0.000000,0.000000,2559.000000,7264.000000,7657.000000
300.000000,100.000000,0.000000,0.000000,2856.000000,7264.000000,6675.000000
-200.000000,0.000000,0.000000,0.000000,3349.000000,8246.000000,6675.000000
100.000000,200.000000,0.000000,0.000000,3485.000000,9424.000000,6675.000000
-100.000000,-100.000000,0.000000,0.000000,3160.000000,9817.000000,7264.000000
0.000000,-100.000000,0.000000,0.000000,2637.000000,9424.000000,8443.000000
100.000000,-100.000000,0.000000,0.000000,2400.000000,9228.000000,8443.000000
0.000000,0.000000,0.000000,0.000000,2211.000000,7853.000000,8639.000000
-100.000000,0.000000,0.000000,0.000000,1585.000000,6479.000000,11191.000000
-100.000000,200.000000,0.000000,0.000000,818.000000,5694.000000,7461.000000
0.000000,-100.000000,0.000000,0.000000,151.000000,5497.000000,7264.000000
0.000000,-200.000000,0.000000,0.000000,-537.000000,5105.000000,7068.000000
100.000000,100.000000,0.000000,0.000000,-1441.000000,5105.000000,6283.000000
-100.000000,100.000000,0.000000,0.000000,-2562.000000,5105.000000,5890.000000
100.000000,0.000000,0.000000,0.000000,-3606.000000,5694.000000,4908.000000
-100.000000,-100.000000,0.000000,0.000000,-4511.000000,6283.000000,4516.000000
200.000000,100.000000,0.000000,0.000000,-5704.000000,6283.000000,4123.000000
0.000000,0.000000,0.000000,0.000000,-7013.000000,5890.000000,3926.000000
0.000000,0.000000,0.000000,0.000000,-7982.000000,6283.000000,3337.000000
-100.000000,200.000000,0.000000,0.000000,-9007.000000,5694.000000,2748.000000
100.000000,0.000000,0.000000,0.000000,-10332.000000,5301.000000,2945.000000
-100.000000,200.000000,0.000000,0.000000,-11754.000000,5301.000000,3141.000000
-200.000000,0.000000,0.000000,0.000000,-12989.000000,5105.000000,3730.000000
-200.000000,0.000000,0.000000,0.000000,-14139.000000,5105.000000,5105.000000
0.000000,-200.000000,0.000000,0.000000,-15551.000000,4516.000000,6086.000000
-100.000000,0.000000,0.000000,0.000000,-16933.000000,4319.000000,5694.000000
-200.000000,200.000000,0.000000,0.000000,-18112.000000,4319.000000,5890.000000
100.000000,100.000000,0.000000,0.000000,-19229.000000,4123.000000,5301.000000
-100.000000,0.000000,0.000000,0.000000,-20581.000000,4712.000000,5105.000000
-200.000000,100.000000,0.000000,0.000000,-21741.000000,6086.000000,4908.000000
-400.000000,0.000000,0.000000,0.000000,-22435.000000,7068.000000,4319.000000
-100.000000,-100.000000,0.000000,0.000000,-23408.000000,6872.000000,3926.000000
0.000000,0.000000,0.000000,0.000000,-24579.000000,6872.000000,3926.000000
-100.000000,-100.000000,0.000000,0.000000,-25535.000000,6479.000000,5105.000000
0.000000,0.000000,0.000000,0.000000,-26176.000000,6479.000000,6283.000000
-100.000000,100.000000,0.000000,0.000000,-26691.000000,6086.000000,7461.000000
-100.000000,100.000000,0.000000,0.000000,-27298.000000,6086.000000,7264.000000
0.000000,0.000000,0.000000,0.000000,-27784.000000,6283.000000,7264.000000
0.000000,0.000000,0.000000,0.000000,-28179.000000,7657.000000,6479.000000
0.000000,100.000000,0.000000,0.000000,-28564.000000,8443.000000,6086.000000
-100.000000,0.000000,0.000000,0.000000,-28783.000000,8835.000000,6283.000000
0.000000,100.000000,0.000000,0.000000,-28780.000000,8835.000000,6479.000000
-100.000000,100.000000,0.000000,0.000000,-28515.000000,8639.000000,7068.000000
-100.000000,0.000000,0.000000,0.000000,-28128.000000,8246.000000,8246.000000
0.000000,0.000000,0.000000,0.000000,-27736.000000,8246.000000,8835.000000
100.000000,0.000000,0.000000,0.000000,-27361.000000,8050.000000,7657.000000
0.000000,0.000000,0.000000,0.000000,-26868.000000,8639.000000,7264.000000
0.000000,-100.000000,0.000000,0.000000,-26296.000000,10013.000000,7853.000000
100.000000,0.000000,0.000000,0.000000,-25671.000000,10799.000000,8050.000000
0.000000,100.000000,0.000000,0.000000,-24980.000000,10406.000000,8443.000000
-100.000000,200.000000,0.000000,0.000000,-24107.000000,10406.000000,9228.000000
-200.000000,0.000000,0.000000,0.000000,-23249.000000,10013.000000,9424.000000
-100.000000,-100.000000,0.000000,0.000000,-22276.000000,9817.000000,9228.000000
-100.000000,-100.000000,0.000000,0.000000,-21253.000000,9621.000000,9032.000000
100.000000,0.000000,0.000000,0.000000,-20225.000000,9424.000000,9032.000000
-200.000000,0.000000,0.000000,0.000000,-19116.000000,9424.000000,9228.000000
-200.000000,100.000000,0.000000,0.000000,-17977.000000,10013.000000,9817.000000
0.000000,0.000000,0.000000,0.000000,-16869.000000,10406.000000,13155.000000
0.000000,300.000000,0.000000,0.000000,-15702.000000,10995.000000,9621.000000
-100.000000,0.000000,0.000000,0.000000,-14528.000000,10602.000000,9424.000000
-100.000000,-100.000000,0.000000,0.000000,-13252.000000,10602.000000,9228.000000
-100.000000,-500.000000,0.000000,0.000000,-12115.000000,10210.000000,8835.000000
-200.000000,0.000000,0.000000,0.000000,-11035.000000,10210.000000,8639.000000
0.000000,100.000000,0.000000,0.000000,-9887.000000,9817.000000,7853.000000
0.000000,0.000000,0.000000,0.000000,-8799.000000,9424.000000,7461.000000
-200.000000,300.000000,0.000000,0.000000,-7787.000000,9424.000000,8246.000000
-100.000000,0.000000,0.000000,0.000000,-6840.000000,9032.000000,8639.000000
0.000000,0.000000,0.000000,0.000000,-5882.000000,9032.000000,8443.000000
0.000000,-100.000000,0.000000,0.000000,-5096.000000,8246.000000,8443.000000
0.000000,0.000000,0.000000,0.000000,-4365.000000,8835.000000,7853.000000
-100.000000,0.000000,0.000000,0.000000,-3691.000000,8050.000000,7068.000000
300.000000,0.000000,0.000000,0.000000,-3143.000000,8050.000000,7657.000000
0.000000,0.000000,0.000000,0.000000,-2749.000000,7853.000000,7264.000000
-100.000000,0.000000,0.000000,0.000000,-2491.000000,7853.000000,6872.000000
-100.000000,0.000000,0.000000,0.000000,-2191.000000,7264.000000,6872.000000
0.000000,100.000000,0.000000,0.000000,-1982.000000,7461.000000,6479.000000
-100.000000,200.000000,0.000000,0.000000,-1862.000000,7068.000000,6086.000000
0.000000,0.000000,0.000000,0.000000,-1883.000000,7068.000000,5497.000000
-100.000000,0.000000,0.000000,0.000000,-1935.000000,6675.000000,4712.000000
-200.000000,0.000000,0.000000,0.000000,-2042.000000,6675.000000,5105.000000
0.000000,300.000000,0.000000,0.000000,-2296.000000,6283.000000,4908.000000
100.000000,-200.000000,0.000000,0.000000,-2644.000000,6283.000000,4516.000000
0.000000,0.000000,0.000000,0.000000,-3065.000000,6086.000000,4319.000000
100.000000,0.000000,0.000000,0.000000,-3624.000000,5694.000000,4123.000000
-200.000000,0.000000,0.000000,0.000000,-4240.000000,5497.000000,3926.000000
200.000000,0.000000,0.000000,0.000000,-4900.000000,5301.000000,3534.000000
0.000000,0.000000,0.000000,0.000000,-5616.000000,5105.000000,3534.000000
0.000000,100.000000,0.000000,0.000000,-6448.000000,4908.000000,3141.000000
0.000000,0.000000,0.000000,0.000000,-7345.000000,4712.000000,2552.000000
-100.000000,0.000000,0.000000,0.000000,-8259.000000,4319.000000,2748.000000
200.000000,100.000000,0.000000,0.000000,-9197.000000,4123.000000,2748.000000
0.000000,100.000000,0.000000,0.000000,-10184.000000,4123.000000,2356.000000
0.000000,-200.000000,0.000000,0.000000,-11227.000000,3730.000000,2552.000000
-300.000000,0.000000,0.000000,0.000000,-12269.000000,3730.000000,2356.000000
0.000000,0.000000,0.000000,0.000000,-13301.000000,3337.000000,2945.000000
0.000000,0.000000,0.000000,0.000000,-14327.000000,3337.000000,2748.000000
-200.000000,0.000000,0.000000,0.000000,-15419.000000,3141.000000,2748.000000
100.000000,0.000000,0.000000,0.000000,-16543.000000,2945.000000,2748.000000
0.000000,0.000000,0.000000,0.000000,-17628.000000,2945.000000,2748.000000
-100.000000,0.000000,0.000000,0.000000,-18776.000000,4123.000000,2748.000000
-100.000000,0.000000,0.000000,0.000000,-19713.000000,5105.000000,3337.000000
-100.000000,0.000000,0.000000,0.000000,-20656.000000,5497.000000,3337.000000
-100.000000,-100.000000,0.000000,0.000000,-21561.000000,5497.000000,3141.000000
-100.000000,0.000000,0.000000,0.000000,-22101.000000,5301.000000,3337.000000
100.000000,0.000000,0.000000,0.000000,-22729.000000,5105.000000,3141.000000
-100.000000,100.000000,0.000000,0.000000,-23559.000000,4908.000000,3534.000000
0.000000,0.000000,0.000000,0.000000,-24229.000000,4712.000000,3730.000000
0.000000,-300.000000,0.000000,0.000000,-24706.000000,4516.000000,4123.000000
0.000000,0.000000,0.000000,0.000000,-25135.000000,4908.000000,4319.000000
-100.000000,-100.000000,0.000000,0.000000,-25675.000000,5890.000000,4516.000000
0.000000,0.000000,0.000000,0.000000,-26123.000000,6675.000000,4712.000000
100.000000,300.000000,0.000000,0.000000,-26478.000000,6872.000000,4712.000000
0.000000,-200.000000,0.000000,0.000000,-26662.000000,6872.000000,4908.000000
0.000000,100.000000,0.000000,0.000000,-26649.000000,6872.000000,5105.000000
0.000000,300.000000,0.000000,0.000000,-26354.000000,6479.000000,5497.000000
0.000000,300.000000,0.000000,0.000000,-26233.000000,6675.000000,6675.000000
0.000000,0.000000,0.000000,0.000000,-26007.000000,7068.000000,7264.000000
100.000000,0.000000,0.000000,0.000000,-25675.000000,7853.000000,7264.000000
0.000000,0.000000,0.000000,0.000000,-25207.000000,8639.000000,6479.000000
-100.000000,-100.000000,0.000000,0.000000,-24701.000000,8639.000000,6086.000000
0.000000,0.000000,0.000000,0.000000,-24176.000000,8443.000000,6283.000000
200.000000,0.000000,0.000000,0.000000,-23472.000000,8246.000000,6283.000000
200.000000,-100.000000,0.000000,0.000000,-22725.000000,8050.000000,6675.000000
-100.000000,200.000000,0.000000,0.000000,-22056.000000,8050.000000,7264.000000
-100.000000,100.000000,0.000000,0.000000,-21276.000000,8443.000000,7068.000000
0.000000,0.000000,0.000000,0.000000,-20331.000000,9032.000000,6283.000000
0.000000,0.000000,0.000000,0.000000,-19424.000000,9621.000000,6283.000000
0.000000,0.000000,0.000000,0.000000,-18599.000000,9621.000000,6086.000000
100.000000,0.000000,0.000000,0.000000,-17587.000000,9424.000000,6872.000000
-100.000000,0.000000,0.000000,0.000000,-16473.000000,9228.000000,7264.000000
0.000000,300.000000,0.000000,0.000000,-15403.000000,9228.000000,7264.000000
100.000000,0.000000,0.000000,0.000000,-14288.000000,8835.000000,7264.000000
0.000000,-100.000000,0.000000,0.000000,-12983.000000,8639.000000,7068.000000
-100.000000,0.000000,0.000000,0.000000,-12036.000000,8639.000000,6872.000000
-400.000000,-200.000000,0.000000,0.000000,-11200.000000,8639.000000,6675.000000
0.000000,-100.000000,0.000000,0.000000,-10145.000000,8639.000000,7068.000000
-100.000000,200.000000,0.000000,0.000000,-9078.000000,8835.000000,6675.000000
-100.000000,-200.000000,0.000000,0.000000,-8182.000000,9032.000000,6872.000000
-200.000000,0.000000,0.000000,0.000000,-7294.000000,8443.000000,6675.000000
0.000000,100.000000,0.000000,0.000000,-6408.000000,8639.000000,6479.000000
0.000000,0.000000,0.000000,0.000000,-5757.000000,8246.000000,6283.000000
100.000000,0.000000,0.000000,0.000000,-5070.000000,8050.000000,5497.000000
-100.000000,0.000000,0.000000,0.000000,-4382.000000,7853.000000,5301.000000
0.000000,-200.000000,0.000000,0.000000,-3700.000000,7657.000000,5497.000000
-200.000000,200.000000,0.000000,0.000000,-3272.000000,7264.000000,5497.000000
-100.000000,0.000000,0.000000,0.000000,-2887.000000,7264.000000,5105.000000
0.000000,-100.000000,0.000000,0.000000,-2534.000000,6872.000000,4712.000000
0.000000,0.000000,0.000000,0.000000,-2278.000000,6675.000000,4712.000000
-200.000000,-100.000000,0.000000,0.000000,-2084.000000,6479.000000,4319.000000
0.000000,0.000000,0.000000,0.000000,-1955.000000,6086.000000,3926.000000
200.000000,0.000000,0.000000,0.000000,-1951.000000,5890.000000,3534.000000
0.000000,0.000000,0.000000,0.000000,-2054.000000,5694.000000,3337.000000
-200.000000,100.000000,0.000000,0.000000,-2187.000000,5694.000000,2945.000000
-200.000000,0.000000,0.000000,0.000000,-2425.000000,5301.000000,2748.000000
100.000000,-100.000000,0.000000,0.000000,-2824.000000,5105.000000,2552.000000
0.000000,100.000000,0.000000,0.000000,-3336.000000,4712.000000,2552.000000
0.000000,400.000000,0.000000,0.000000,-3784.000000,4516.000000,2552.000000
0.000000,-100.000000,0.000000,0.000000,-4370.000000,4516.000000,2356.000000
-100.000000,-100.000000,0.000000,0.000000,-5058.000000,4123.000000,2159.000000
-100.000000,-100.000000,0.000000,0.000000,-5731.000000,3926.000000,1963.000000
-100.000000,0.000000,0.000000,0.000000,-6448.000000,3730.000000,1570.000000
0.000000,300.000000,0.000000,0.000000,-7241.000000,3534.000000,1570.000000
0.000000,-100.000000,0.000000,0.000000,-8119.000000,3141.000000,1374.000000
0.000000,-100.000000,0.000000,0.000000,-8962.000000,2945.000000,1178.000000
-200.000000,0.000000,0.000000,0.000000,-9850.000000,2945.000000,981.000000
-100.000000,100.000000,0.000000,0.000000,-10861.000000,2552.000000,981.000000
0.000000,0.000000,0.000000,0.000000,-11847.000000,2159.000000,785.000000
-200.000000,0.000000,0.000000,0.000000,-12754.000000,1963.000000,981.000000
0.000000,-100.000000,0.000000,0.000000,-13680.000000,2159.000000,981.000000
0.000000,0.000000,0.000000,0.000000,-14602.000000,1767.000000,1570.000000
-100.000000,0.000000,0.000000,0.000000,-15542.000000,1767.000000,1767.000000
0.000000,100.000000,0.000000,0.000000,-16443.000000,1374.000000,1570.000000
-200.000000,0.000000,0.000000,0.000000,-17335.000000,1767.000000,1374.000000
0.000000,0.000000,0.000000,0.000000,-18274.000000,2748.000000,1374.000000
100.000000,0.000000,0.000000,0.000000,-19000.000000,4319.000000,1374.000000
0.000000,0.000000,0.000000,0.000000,-19677.000000,4908.000000,1178.000000
100.000000,0.000000,0.000000,0.000000,-20357.000000,4908.000000,1374.000000
100.000000,0.000000,0.000000,0.000000,-20900.000000,4516.000000,1767.000000
100.000000,0.000000,0.000000,0.000000,-21375.000000,4516.000000,2159.000000
-100.000000,300.000000,0.000000,0.000000,-22022.000000,4319.000000,2356.000000
-100.000000,-300.000000,0.000000,0.000000,-22598.000000,4123.000000,2356.000000
0.000000,0.000000,0.000000,0.000000,-23080.000000,3926.000000,2552.000000
-100.000000,0.000000,0.000000,0.000000,-23441.000000,3730.000000,2356.000000
-100.000000,0.000000,0.000000,0.000000,-23754.000000,3730.000000,2748.000000
100.000000,-100.000000,0.000000,0.000000,-23961.000000,3730.000000,3141.000000
0.000000,100.000000,0.000000,0.000000,-24203.000000,4712.000000,3534.000000
0.000000,300.000000,0.000000,0.000000,-24369.000000,6086.000000,3730.000000
-100.000000,200.000000,0.000000,0.000000,-24390.000000,6675.000000,3534.000000
200.000000,0.000000,0.000000,0.000000,-24220.000000,6675.000000,3534.000000
0.000000,100.000000,0.000000,0.000000,-23937.000000,6675.000000,3730.000000
0.000000,0.000000,0.000000,0.000000,-23650.000000,6283.000000,3730.000000
-200.000000,0.000000,0.000000,0.000000,-23304.000000,6086.000000,4319.000000
0.000000,0.000000,0.000000,0.000000,-22883.000000,5890.000000,4908.000000
100.000000,400.000000,0.000000,0.000000,-22367.000000,5890.000000,5301.000000
-100.000000,-100.000000,0.000000,0.000000,-21887.000000,5694.000000,5890.000000
0.000000,0.000000,0.000000,0.000000,-21244.000000,6086.000000,6283.000000
-100.000000,0.000000,0.000000,0.000000,-20729.000000,6872.000000,4712.000000
100.000000,100.000000,0.000000,0.000000,-20188.000000,7264.000000,4712.000000
-100.000000,100.000000,0.000000,0.000000,-19579.000000,7657.000000,4712.000000
0.000000,100.000000,0.000000,0.000000,-18850.000000,7264.000000,4908.000000
0.000000,100.000000,0.000000,0.000000,-17965.000000,7264.000000,5301.000000
0.000000,0.000000,0.000000,0.000000,-17054.000000,7068.000000,5497.000000
0.000000,-100.000000,0.000000,0.000000,-16133.000000,6872.000000,5497.000000
0.000000,300.000000,0.000000,0.000000,-15248.000000,6675.000000,5105.000000
0.000000,0.000000,0.000000,0.000000,-14263.000000,6479.000000,5105.000000
0.000000,300.000000,0.000000,0.000000,-13318.000000,6283.000000,4319.000000
0.000000,0.000000,0.000000,0.000000,-12361.000000,6086.000000,4319.000000
0.000000,200.000000,0.000000,0.000000,-11453.000000,6086.000000,4123.000000
0.000000,0.000000,0.000000,0.000000,-10570.000000,6479.000000,4319.000000
-100.000000,0.000000,0.000000,0.000000,-9752.000000,6872.000000,4319.000000
0.000000,100.000000,0.000000,0.000000,-8894.000000,6479.000000,4712.000000
100.000000,0.000000,0.000000,0.000000,-8044.000000,6675.000000,4516.000000
-100.000000,0.000000,0.000000,0.000000,-7273.000000,6283.000000,4516.000000
-100.000000,0.000000,0.000000,0.000000,-6550.000000,5890.000000,4319.000000
-200.000000,0.000000,0.000000,0.000000,-6024.000000,6086.000000,4123.000000
0.000000,0.000000,0.000000,0.000000,-5461.000000,5497.000000,3926.000000
-100.000000,0.000000,0.000000,0.000000,-4986.000000,5694.000000,3534.000000
300.000000,0.000000,0.000000,0.000000,-4616.000000,5105.000000,3534.000000
-100.000000,0.000000,0.000000,0.000000,-4251.000000,4908.000000,3141.000000
-200.000000,-100.000000,0.000000,0.000000,-4027.000000,4908.000000,2748.000000
-200.000000,0.000000,0.000000,0.000000,-3802.000000,4516.000000,2552.000000
-100.000000,-200.000000,0.000000,0.000000,-3595.000000,4319.000000,2552.000000
-200.000000,0.000000,0.000000,0.000000,-3564.000000,4123.000000,2356.000000
0.000000,0.000000,0.000000,0.000000,-3643.000000,3730.000000,2159.000000
0.000000,0.000000,0.000000,0.000000,-3678.000000,3337.000000,2159.000000
0.000000,0.000000,0.000000,0.000000,-3801.000000,2945.000000,1570.000000
0.000000,100.000000,0.000000,0.000000,-4066.000000,2552.000000,1570.000000
-200.000000,-100.000000,0.000000,0.000000,-4409.000000,2159.000000,1374.000000
0.000000,100.000000,0.000000,0.000000,-4759.000000,2159.000000,1178.000000
0.000000,100.000000,0.000000,0.000000,-5190.000000,1963.000000,981.000000
100.000000,0.000000,0.000000,0.000000,-5736.000000,1963.000000,981.000000
-100.000000,0.000000,0.000000,0.000000,-6338.000000,1570.000000,589.000000
0.000000,200.000000,0.000000,0.000000,-6941.000000,1374.000000,392.000000
0.000000,-100.000000,0.000000,0.000000,-7637.000000,1178.000000,196.000000
-200.000000,200.000000,0.000000,0.000000,-8409.000000,1178.000000,196.000000
-100.000000,-100.000000,0.000000,0.000000,-9202.000000,981.000000,196.000000
0.000000,-100.000000,0.000000,0.000000,-10032.000000,981.000000,0.000000
0.000000,0.000000,0.000000,0.000000,-10917.000000,1374.000000,0.000000
0.000000,-100.000000,0.000000,0.000000,-11834.000000,1767.000000,-196.000000
-100.000000,100.000000,0.000000,0.000000,-12736.000000,1963.000000,0.000000
-100.000000,100.000000,0.000000,0.000000,-13653.000000,1963.000000,0.000000
-200.000000,200.000000,0.000000,0.000000,-14577.000000,1570.000000,0.000000
-100.000000,200.000000,0.000000,0.000000,-15495.000000,1767.000000,0.000000
-100.000000,-100.000000,0.000000,0.000000,-16349.000000,1570.000000,0.000000
100.000000,-200.000000,0.000000,0.000000,-17252.000000,1374.000000,0.000000
-200.000000,0.000000,0.000000,0.000000,-18027.000000,1374.000000,196.000000
-100.000000,0.000000,0.000000,0.000000,-18704.000000,1374.000000,0.000000
-100.000000,200.000000,0.000000,0.000000,-19462.000000,1570.000000,0.000000
-200.000000,-100.000000,0.000000,0.000000,-20234.000000,1963.000000,0.000000
0.000000,0.000000,0.000000,0.000000,-20870.000000,2552.000000,0.000000
-400.000000,0.000000,0.000000,0.000000,-21480.000000,2552.000000,0.000000
0.000000,100.000000,0.000000,0.000000,-22029.000000,2356.000000,0.000000
0.000000,0.000000,0.000000,0.000000,-22483.000000,2552.000000,0.000000
-100.000000,0.000000,0.000000,0.000000,-22813.000000,2552.000000,196.000000
-100.000000,0.000000,0.000000,0.000000,-23117.000000,2748.000000,392.000000
0.000000,0.000000,0.000000,0.000000,-23368.000000,3141.000000,981.000000
-100.000000,0.000000,0.000000,0.000000,-23532.000000,3141.000000,2159.000000
-100.000000,-200.000000,0.000000,0.000000,-23657.000000,3534.000000,2748.000000
-200.000000,0.000000,0.000000,0.000000,-23692.000000,3337.000000,2552.000000
200.000000,-200.000000,0.000000,0.000000,-23667.000000,3337.000000,2552.000000
-100.000000,0.000000,0.000000,0.000000,-23559.000000,3534.000000,2356.000000
0.000000,100.000000,0.000000,0.000000,-23487.000000,3730.000000,1963.000000
-200.000000,0.000000,0.000000,0.000000,-23293.000000,4123.000000,1963.000000
-100.000000,200.000000,0.000000,0.000000,-22925.000000,4319.000000,1963.000000
0.000000,0.000000,0.000000,0.000000,-22393.000000,4516.000000,2356.000000
-300.000000,-100.000000,0.000000,0.000000,-21903.000000,4319.000000,2748.000000
100.000000,0.000000,0.000000,0.000000,-21413.000000,4516.000000,3337.000000
-300.000000,0.000000,0.000000,0.000000,-20764.000000,4319.000000,3337.000000
0.000000,100.000000,0.000000,0.000000,-20089.000000,4123.000000,2945.000000
200.000000,100.000000,0.000000,0.000000,-19386.000000,4319.000000,3337.000000
-100.000000,0.000000,0.000000,0.000000,-18600.000000,4319.000000,3141.000000
-100.000000,0.000000,0.000000,0.000000,-17864.000000,4908.000000,3141.000000
0.000000,200.000000,0.000000,0.000000,-17088.000000,5105.000000,2945.000000
0.000000,0.000000,0.000000,0.000000,-16280.000000,4908.000000,2945.000000
0.000000,100.000000,0.000000,0.000000,-15357.000000,4712.000000,3337.000000
-200.000000,100.000000,0.000000,0.000000,-14364.000000,4516.000000,3337.000000
-100.000000,100.000000,0.000000,0.000000,-13402.000000,4516.000000,3337.000000
0.000000,200.000000,0.000000,0.000000,-12544.000000,4516.000000,3337.000000
0.000000,200.000000,0.000000,0.000000,-11663.000000,4123.000000,3141.000000
0.000000,0.000000,0.000000,0.000000,-10786.000000,3926.000000,2945.000000
0.000000,100.000000,0.000000,0.000000,-10012.000000,3926.000000,2552.000000
100.000000,-200.000000,0.000000,0.000000,-9221.000000,3730.000000,2552.000000
0.000000,-100.000000,0.000000,0.000000,-8501.000000,3534.000000,2159.000000
-200.000000,0.000000,0.000000,0.000000,-7830.000000,3534.000000,1963.000000
0.000000,100.000000,0.000000,0.000000,-7194.000000,3534.000000,1963.000000
-100.000000,-100.000000,0.000000,0.000000,-6576.000000,3337.000000,1767.000000
-200.000000,100.000000,0.000000,0.000000,-6033.000000,3141.000000,1570.000000
0.000000,100.000000,0.000000,0.000000,-5595.000000,3141.000000,1374.000000
-200.000000,-100.000000,0.000000,0.000000,-5210.000000,2748.000000,1374.000000
0.000000,0.000000,0.000000,0.000000,-4926.000000,2748.000000,1570.000000
100.000000,0.000000,0.000000,0.000000,-4679.000000,2748.000000,1178.000000
200.000000,0.000000,0.000000,0.000000,-4447.000000,2356.000000,981.000000
100.000000,-100.000000,0.000000,0.000000,-4310.000000,1963.000000,981.000000
-100.000000,-100.000000,0.000000,0.000000,-4288.000000,1767.000000,785.000000
-100.000000,300.000000,0.000000,0.000000,-4300.000000,1767.000000,589.000000
100.000000,0.000000,0.000000,0.000000,-4327.000000,1374.000000,392.000000
-100.000000,-100.000000,0.000000,0.000000,-4425.000000,785.000000,196.000000
100.000000,0.000000,0.000000,0.000000,-4678.000000,392.000000,196.000000
-100.000000,-100.000000,0.000000,0.000000,-4994.000000,196.000000,0.000000
-300.000000,0.000000,0.000000,0.000000,-5341.000000,0.000000,-196.000000
-200.000000,100.000000,0.000000,0.000000,-5730.000000,0.000000,0.000000
100.000000,0.000000,0.000000,0.000000,-6223.000000,0.000000,0.000000
0.000000,0.000000,0.000000,0.000000,-6706.000000,0.000000,-196.000000
100.000000,-200.000000,0.000000,0.000000,-7291.000000,0.000000,-785.000000
0.000000,-100.000000,0.000000,0.000000,-7934.000000,0.000000,-1570.000000
100.000000,0.000000,0.000000,0.000000,-8466.000000,-196.000000,-1963.000000
0.000000,0.000000,0.000000,0.000000,-8958.000000,-392.000000,-1767.000000
0.000000,0.000000,0.000000,0.000000,-9614.000000,-785.000000,-1570.000000
0.000000,100.000000,0.000000,0.000000,-10403.000000,-785.000000,-1178.000000
0.000000,0.000000,0.000000,0.000000,-11106.000000,-981.000000,-1178.000000
100.000000,0.000000,0.000000,0.000000,-11828.000000,-589.000000,-981.000000
-200.000000,0.000000,0.000000,0.000000,-12607.000000,-785.000000,-785.000000
200.000000,200.000000,0.000000,0.000000,-13327.000000,-392.000000,-589.000000
0.000000,300.000000,0.000000,0.000000,-14004.000000,-589.000000,-981.000000
100.000000,0.000000,0.000000,0.000000,-14710.000000,-589.000000,-1374.000000
100.000000,0.000000,0.000000,0.000000,-15376.000000,-589.000000,-1570.000000
0.000000,-200.000000,0.000000,0.000000,-15943.000000,-785.000000,-1767.000000
100.000000,0.000000,0.000000,0.000000,-16551.000000,-589.000000,-981.000000
100.000000,0.000000,0.000000,0.000000,-17216.000000,-392.000000,-1178.000000
100.000000,0.000000,0.000000,0.000000,-17711.000000,-196.000000,-981.000000
0.000000,-100.000000,0.000000,0.000000,-18109.000000,-196.000000,-589.000000
-200.000000,200.000000,0.000000,0.000000,-18578.000000,0.000000,-785.000000
-100.000000,-200.000000,0.000000,0.000000,-18997.000000,196.000000,-392.000000
-100.000000,100.000000,0.000000,0.000000,-19293.000000,392.000000,-392.000000
-100.000000,0.000000,0.000000,0.000000,-19557.000000,0.000000,-392.000000
100.000000,200.000000,0.000000,0.000000,-19850.000000,0.000000,-196.000000
100.000000,100.000000,0.000000,0.000000,-19991.000000,0.000000,-392.000000
0.000000,0.000000,0.000000,0.000000,-20053.000000,0.000000,-392.000000
300.000000,200.000000,0.000000,0.000000,-20159.000000,196.000000,-196.000000
0.000000,-100.000000,0.000000,0.000000,-20265.000000,589.000000,196.000000
-100.000000,0.000000,0.000000,0.000000,-20270.000000,981.000000,0.000000
-100.000000,-200.000000,0.000000,0.000000,-20131.000000,1767.000000,0.000000
-400.000000,-100.000000,0.000000,0.000000,-20051.000000,1767.000000,0.000000
-100.000000,300.000000,0.000000,0.000000,-19882.000000,1570.000000,0.000000
0.000000,-200.000000,0.000000,0.000000,-19537.000000,1374.000000,0.000000
-200.000000,0.000000,0.000000,0.000000,-19195.000000,1374.000000,0.000000
0.000000,0.000000,0.000000,0.000000,-18875.000000,1178.000000,0.000000
0.000000,0.000000,0.000000,0.000000,-18422.000000,1178.000000,0.000000
100.000000,0.000000,0.000000,0.000000,-17879.000000,1374.000000,196.000000
-100.000000,0.000000,0.000000,0.000000,-17422.000000,1570.000000,589.000000
0.000000,0.000000,0.000000,0.000000,-16991.000000,1963.000000,1570.000000
0.000000,0.000000,0.000000,0.000000,-16447.000000,1963.000000,1570.000000
0.000000,200.000000,0.000000,0.000000,-15850.000000,1963.000000,1374.000000
0.000000,-200.000000,0.000000,0.000000,-15287.000000,1767.000000,1570.000000
-100.000000,300.000000,0.000000,0.000000,-14726.000000,1570.000000,1374.000000
200.000000,300.000000,0.000000,0.000000,-14123.000000,1570.000000,1178.000000
-100.000000,0.000000,0.000000,0.000000,-13543.000000,1374.000000,1178.000000
-100.000000,-100.000000,0.000000,0.000000,-12953.000000,1570.000000,981.000000
0.000000,0.000000,0.000000,0.000000,-12384.000000,1374.000000,785.000000
0.000000,-100.000000,0.000000,0.000000,-11791.000000,1374.000000,785.000000
-100.000000,100.000000,0.000000,0.000000,-11212.000000,1570.000000,589.000000
0.000000,-100.000000,0.000000,0.000000,-10661.000000,1570.000000,392.000000
-100.000000,0.000000,0.000000,0.000000,-10171.000000,1374.000000,392.000000
0.000000,0.000000,0.000000,0.000000,-9688.000000,1374.000000,589.000000
100.000000,0.000000,0.000000,0.000000,-9206.000000,1178.000000,392.000000
-100.000000,-100.000000,0.000000,0.000000,-8788.000000,981.000000,589.000000
0.000000,0.000000,0.000000,0.000000,-8445.000000,981.000000,392.000000
-200.000000,0.000000,0.000000,0.000000,-8125.000000,785.000000,392.000000
0.000000,200.000000,0.000000,0.000000,-7779.000000,589.000000,392.000000
0.000000,100.000000,0.000000,0.000000,-7503.000000,392.000000,196.000000
0.000000,100.000000,0.000000,0.000000,-7358.000000,392.000000,0.000000
100.000000,-100.000000,0.000000,0.000000,-7217.000000,392.000000,0.000000
0.000000,200.000000,0.000000,0.000000,-7099.000000,0.000000,0.000000
-100.000000,0.000000,0.000000,0.000000,-7031.000000,0.000000,0.000000
0.000000,100.000000,0.000000,0.000000,-7045.000000,0.000000,0.000000
-100.000000,-200.000000,0.000000,0.000000,-7063.000000,-196.000000,-196.000000
100.000000,200.000000,0.000000,0.000000,-7127.000000,-196.000000,0.000000
0.000000,-400.000000,0.000000,0.000000,-7284.000000,0.000000,0.000000
100.000000,0.000000,0.000000,0.000000,-7529.000000,0.000000,-392.000000
0.000000,-100.000000,0.000000,0.000000,-7725.000000,-196.000000,-785.000000
0.000000,100.000000,0.000000,0.000000,-7875.000000,-785.000000,-1570.000000
200.000000,0.000000,0.000000,0.000000,-8022.000000,-981.000000,-2159.000000
0.000000,0.000000,0.000000,0.000000,-8324.000000,-1178.000000,-1963.000000
0.000000,100.000000,0.000000,0.000000,-8758.000000,-1178.000000,-1570.000000
200.000000,0.000000,0.000000,0.000000,-9049.000000,-981.000000,-1374.000000
0.000000,100.000000,0.000000,0.000000,-9318.000000,-785.000000,-1374.000000
200.000000,300.000000,0.000000,0.000000,-9738.000000,-981.000000,-981.000000
-200.000000,0.000000,0.000000,0.000000,-10176.000000,-981.000000,-785.000000
100.000000,0.000000,0.000000,0.000000,-10520.000000,-1178.000000,-981.000000
200.000000,0.000000,0.000000,0.000000,-10949.000000,-1374.000000,-1374.000000
0.000000,-300.000000,0.000000,0.000000,-11465.000000,-1178.000000,-1963.000000
100.000000,0.000000,0.000000,0.000000,-11857.000000,-1374.000000,-1963.000000
0.000000,100.000000,0.000000,0.000000,-12158.000000,-1178.000000,-1963.000000
100.000000,0.000000,0.000000,0.000000,-12640.000000,-981.000000,-1570.000000
0.000000,-200.000000,0.000000,0.000000,-13095.000000,-1178.000000,-1570.000000
-100.000000,-200.000000,0.000000,0.000000,-13395.000000,-1178.000000,-1374.000000
100.000000,200.000000,0.000000,0.000000,-13739.000000,-1178.000000,-1178.000000
100.000000,-100.000000,0.000000,0.000000,-14175.000000,-1178.000000,-981.000000
100.000000,0.000000,0.000000,0.000000,-14495.000000,-981.000000,-981.000000
-100.000000,200.000000,0.000000,0.000000,-14811.000000,-981.000000,-981.000000
100.000000,200.000000,0.000000,0.000000,-15187.000000,-981.000000,-1178.000000
200.000000,0.000000,0.000000,0.000000,-15434.000000,-785.000000,-1374.000000
0.000000,200.000000,0.000000,0.000000,-15556.000000,-785.000000,-981.000000
200.000000,100.000000,0.000000,0.000000,-15766.000000,-785.000000,-981.000000
0.000000,-100.000000,0.000000,0.000000,-16014.000000,-589.000000,-785.000000
100.000000,200.000000,0.000000,0.000000,-16101.000000,-785.000000,-589.000000
-200.000000,200.000000,0.000000,0.000000,-16140.000000,-589.000000,-392.000000
0.000000,0.000000,0.000000,0.000000,-16187.000000,-392.000000,-392.000000
0.000000,-300.000000,0.000000,0.000000,-16193.000000,-392.000000,-392.000000
100.000000,100.000000,0.000000,0.000000,-16136.000000,-392.000000,-196.000000
0.000000,0.000000,0.000000,0.000000,-16133.000000,-196.000000,-196.000000
300.000000,-100.000000,0.000000,0.000000,-16061.000000,-196.000000,-196.000000
0.000000,100.000000,0.000000,0.000000,-15867.000000,0.000000,0.000000
0.000000,0.000000,0.000000,0.000000,-15681.000000,0.000000,-196.000000
200.000000,0.000000,0.000000,0.000000,-15549.000000,0.000000,0.000000
0.000000,0.000000,0.000000,0.000000,-15327.000000,0.000000,0.000000
-100.000000,0.000000,0.000000,0.000000,-15005.000000,196.000000,196.000000
100.000000,-100.000000,0.000000,0.000000,-14723.000000,0.000000,0.000000
100.000000,0.000000,0.000000,0.000000,-14440.000000,196.000000,196.000000
0.000000,0.000000,0.000000,0.000000,-14085.000000,196.000000,-196.000000
-200.000000,0.000000,0.000000,0.000000,-13768.000000,0.000000,0.000000
-100.000000,300.000000,0.000000,0.000000,-13474.000000,0.000000,0.000000
0.000000,0.000000,0.000000,0.000000,-13160.000000,0.000000,0.000000
0.000000,0.000000,0.000000,0.000000,-12776.000000,0.000000,196.000000
-100.000000,0.000000,0.000000,0.000000,-12442.000000,0.000000,0.000000
-200.000000,0.000000,0.000000,0.000000,-12169.000000,0.000000,0.000000
-100.000000,-100.000000,0.000000,0.000000,-11874.000000,0.000000,0.000000
0.000000,100.000000,0.000000,0.000000,-11549.000000,196.000000,0.000000
-100.000000,0.000000,0.000000,0.000000,-11241.000000,196.000000,0.000000
0.000000,0.000000,0.000000,0.000000,-10960.000000,196.000000,0.000000
100.000000,0.000000,0.000000,0.000000,-10684.000000,196.000000,0.000000
100.000000,0.000000,0.000000,0.000000,-10451.000000,0.000000,0.000000
-100.000000,0.000000,0.000000,0.000000,-10218.000000,0.000000,0.000000
0.000000,-100.000000,0.000000,0.000000,-10008.000000,0.000000,0.000000
-100.000000,-200.000000,0.000000,0.000000,-9809.000000,0.000000,0.000000
0.000000,100.000000,0.000000,0.000000,-9649.000000,0.000000,0.000000
0.000000,0.000000,0.000000,0.000000,-9520.000000,0.000000,-196.000000
0.000000,-100.000000,0.000000,0.000000,-9399.000000,-196.000000,0.000000
-100.000000,0.000000,0.000000,0.000000,-9303.000000,-196.000000,0.000000
0.000000,0.000000,0.000000,0.000000,-9228.000000,-196.000000,-196.000000
-100.000000,0.000000,0.000000,0.000000,-9129.000000,-392.000000,0.000000
200.000000,0.000000,0.000000,0.000000,-9031.000000,-785.000000,-392.000000
0.000000,0.000000,0.000000,0.000000,-9003.000000,-1374.000000,-785.000000
0.000000,0.000000,0.000000,0.000000,-9032.000000,-1178.000000,-981.000000
0.000000,0.000000,0.000000,0.000000,-9031.000000,-981.000000,-785.000000
0.000000,-100.000000,0.000000,0.000000,-9040.000000,-981.000000,-785.000000
200.000000,0.000000,0.000000,0.000000,-9099.000000,-981.000000,-785.000000
100.000000,0.000000,0.000000,0.000000,-9139.000000,-785.000000,-589.000000
0.000000,100.000000,0.000000,0.000000,-9186.000000,-1178.000000,-589.000000
0.000000,-200.000000,0.000000,0.000000,-9260.000000,-1374.000000,-981.000000
-200.000000,0.000000,0.000000,0.000000,-9356.000000,-1570.000000,-981.000000
0.000000,0.000000,0.000000,0.000000,-9486.000000,-1570.000000,-1178.000000
100.000000,100.000000,0.000000,0.000000,-9659.000000,-1374.000000,-981.000000
100.000000,0.000000,0.000000,0.000000,-9818.000000,-1178.000000,-1178.000000
0.000000,0.000000,0.000000,0.000000,-9961.000000,-1570.000000,-981.000000
100.000000,-100.000000,0.000000,0.000000,-10109.000000,-1374.000000,-981.000000
100.000000,-200.000000,0.000000,0.000000,-10350.000000,-1767.000000,-981.000000
-100.000000,0.000000,0.000000,0.000000,-10531.000000,-1767.000000,-1178.000000
-200.000000,0.000000,0.000000,0.000000,-10718.000000,-1767.000000,-1178.000000
100.000000,-100.000000,0.000000,0.000000,-10954.000000,-1570.000000,-1374.000000
100.000000,200.000000,0.000000,0.000000,-11187.000000,-1570.000000,-981.000000
200.000000,200.000000,0.000000,0.000000,-11351.000000,-1570.000000,-1178.000000
0.000000,0.000000,0.000000,0.000000,-11542.000000,-1570.000000,-981.000000
100.000000,0.000000,0.000000,0.000000,-11799.000000,-1570.000000,-1178.000000
100.000000,-200.000000,0.000000,0.000000,-12013.000000,-1767.000000,-1178.000000
-100.000000,100.000000,0.000000,0.000000,-12178.000000,-1570.000000,-1178.000000
100.000000,0.000000,0.000000,0.000000,-12393.000000,-1570.000000,-981.000000
-100.000000,0.000000,0.000000,0.000000,-12640.000000,-1374.000000,-981.000000
-100.000000,200.000000,0.000000,0.000000,-12804.000000,-1374.000000,-981.000000
100.000000,200.000000,0.000000,0.000000,-12948.000000,-1570.000000,-981.000000
-100.000000,-200.000000,0.000000,0.000000,-13108.000000,-1374.000000,-785.000000
200.000000,0.000000,0.000000,0.000000,-13281.000000,-1570.000000,-785.000000
0.000000,100.000000,0.000000,0.000000,-13443.000000,-1374.000000,-589.000000
100.000000,0.000000,0.000000,0.000000,-13553.000000,-1178.000000,-785.000000
0.000000,0.000000,0.000000,0.000000,-13672.000000,-1374.000000,-589.000000
0.000000,0.000000,0.000000,0.000000,-13769.000000,-1178.000000,-589.000000
0.000000,-200.000000,0.000000,0.000000,-13846.000000,-1178.000000,-589.000000
-100.000000,-100.000000,0.000000,0.000000,-13896.000000,-1178.000000,-589.000000
100.000000,200.000000,0.000000,0.000000,-13927.000000,-1178.000000,-589.000000
200.000000,-300.000000,0.000000,0.000000,-13973.000000,-981.000000,-392.000000
100.000000,-200.000000,0.000000,0.000000,-13984.000000,-981.000000,-392.000000
-300.000000,0.000000,0.000000,0.000000,-13956.000000,-981.000000,-392.000000
0.000000,-200.000000,0.000000,0.000000,-13926.000000,-981.000000,-392.000000
-200.000000,200.000000,0.000000,0.000000,-13862.000000,-785.000000,-392.000000
0.000000,0.000000,0.000000,0.000000,-13774.000000,-981.000000,-196.000000
100.000000,-100.000000,0.000000,0.000000,-13679.000000,-981.000000,0.000000
0.000000,0.000000,0.000000,0.000000,-13593.000000,-785.000000,-196.000000
-300.000000,300.000000,0.000000,0.000000,-13460.000000,-785.000000,-392.000000
0.000000,-200.000000,0.000000,0.000000,-13315.000000,-589.000000,-196.000000
100.000000,200.000000,0.000000,0.000000,-13149.000000,-589.000000,-196.000000
0.000000,0.000000,0.000000,0.000000,-12976.000000,-589.000000,0.000000
-100.000000,100.000000,0.000000,0.000000,-12801.000000,-589.000000,0.000000
-100.000000,0.000000,0.000000,0.000000,-12611.000000,-589.000000,0.000000
0.000000,-100.000000,0.000000,0.000000,-12427.000000,-589.000000,0.000000
-100.000000,-100.000000,0.000000,0.000000,-12248.000000,-589.000000,0.000000
200.000000,0.000000,0.000000,0.000000,-12069.000000,-392.000000,-196.000000
100.000000,100.000000,0.000000,0.000000,-11881.000000,-589.000000,0.000000
-300.000000,100.000000,0.000000,0.000000,-11667.000000,-392.000000,0.000000
0.000000,-100.000000,0.000000,0.000000,-11487.000000,-589.000000,0.000000
-100.000000,0.000000,0.000000,0.000000,-11341.000000,-589.000000,0.000000
0.000000,100.000000,0.000000,0.000000,-11172.000000,-392.000000,0.000000
-100.000000,200.000000,0.000000,0.000000,-10975.000000,-392.000000,0.000000
0.000000,-200.000000,0.000000,0.000000,-10817.000000,-589.000000,0.000000
100.000000,-200.000000,0.000000,0.000000,-10675.000000,-589.000000,-196.000000
0.000000,0.000000,0.000000,0.000000,-10513.000000,-589.000000,0.000000
0.000000,100.000000,0.000000,0.000000,-10371.000000,-392.000000,0.000000
100.000000,0.000000,0.000000,0.000000,-10253.000000,-589.000000,0.000000
100.000000,0.000000,0.000000,0.000000,-10160.000000,-589.000000,-196.000000
100.000000,-100.000000,0.000000,0.000000,-10036.000000,-589.000000,0.000000
200.000000,-300.000000,0.000000,0.000000,-9920.000000,-785.000000,-196.000000
0.000000,100.000000,0.000000,0.000000,-9837.000000,-785.000000,-196.000000
0.000000,-300.000000,0.000000,0.000000,-9776.000000,-785.000000,-196.000000
200.000000,0.000000,0.000000,0.000000,-9694.000000,-785.000000,-196.000000
-100.000000,0.000000,0.000000,0.000000,-9616.000000,-785.000000,-196.000000
100.000000,100.000000,0.000000,0.000000,-9570.000000,-785.000000,-196.000000
-100.000000,-100.000000,0.000000,0.000000,-9534.000000,-981.000000,-196.000000
0.000000,0.000000,0.000000,0.000000,-9505.000000,-981.000000,-196.000000
100.000000,-100.000000,0.000000,0.000000,-9492.000000,-1178.000000,-196.000000
-200.000000,-100.000000,0.000000,0.000000,-9513.000000,-981.000000,-196.000000
100.000000,-100.000000,0.000000,0.000000,-9537.000000,-981.000000,-589.000000
200.000000,0.000000,0.000000,0.000000,-9573.000000,-1178.000000,-392.000000
-200.000000,0.000000,0.000000,0.000000,-9603.000000,-981.000000,-589.000000
-300.000000,200.000000,0.000000,0.000000,-9610.000000,-1178.000000,-196.000000
0.000000,-100.000000,0.000000,0.000000,-9670.000000,-1374.000000,-392.000000
0.000000,0.000000,0.000000,0.000000,-9756.000000,-1374.000000,-589.000000
-200.000000,0.000000,0.000000,0.000000,-9828.000000,-1374.000000,-392.000000
100.000000,100.000000,0.000000,0.000000,-9959.000000,-1374.000000,-392.000000
0.000000,100.000000,0.000000,0.000000,-10100.000000,-1374.000000,-589.000000
0.000000,100.000000,0.000000,0.000000,-10185.000000,-1374.000000,-785.000000
100.000000,-300.000000,0.000000,0.000000,-10246.000000,-1374.000000,-589.000000
100.000000,0.000000,0.000000,0.000000,-10402.000000,-1570.000000,-785.000000
200.000000,0.000000,0.000000,0.000000,-10540.000000,-1570.000000,-589.000000
100.000000,0.000000,0.000000,0.000000,-10709.000000,-1374.000000,-589.000000
0.000000,0.000000,0.000000,0.000000,-10854.000000,-1374.000000,-785.000000
0.000000,0.000000,0.000000,0.000000,-10998.000000,-1570.000000,-785.000000
0.000000,-100.000000,0.000000,0.000000,-11135.000000,-1374.000000,-589.000000
0.000000,100.000000,0.000000,0.000000,-11272.000000,-1374.000000,-785.000000
0.000000,100.000000,0.000000,0.000000,-11431.000000,-1374.000000,-785.000000
0.000000,0.000000,0.000000,0.000000,-11557.000000,-1570.000000,-785.000000
200.000000,0.000000,0.000000,0.000000,-11715.000000,-1374.000000,-589.000000
0.000000,0.000000,0.000000,0.000000,-11875.000000,-1374.000000,-785.000000
0.000000,0.000000,0.000000,0.000000,-12012.000000,-1374.000000,-589.000000
0.000000,0.000000,0.000000,0.000000,-12122.000000,-1178.000000,-785.000000
200.000000,100.000000,0.000000,0.000000,-12267.000000,-1374.000000,-589.000000
0.000000,300.000000,0.000000,0.000000,-12409.000000,-1374.000000,-785.000000
200.000000,0.000000,0.000000,0.000000,-12518.000000,-1178.000000,-589.000000
100.000000,100.000000,0.000000,0.000000,-12625.000000,-1374.000000,-589.000000
0.000000,-200.000000,0.000000,0.000000,-12749.000000,-1178.000000,-589.000000
-100.000000,-300.000000,0.000000,0.000000,-12854.000000,-1178.000000,-392.000000
200.000000,0.000000,0.000000,0.000000,-12921.000000,-1178.000000,-589.000000
100.000000,100.000000,0.000000,0.000000,-12999.000000,-1178.000000,-392.000000
200.000000,0.000000,0.000000,0.000000,-13046.000000,-1178.000000,-392.000000
-100.000000,-200.000000,0.000000,0.000000,-13078.000000,-981.000000,-392.000000
100.000000,-200.000000,0.000000,0.000000,-13103.000000,-1178.000000,-392.000000
-100.000000,-300.000000,0.000000,0.000000,-13105.000000,-981.000000,-392.000000
100.000000,-200.000000,0.000000,0.000000,-13124.000000,-981.000000,-196.000000
0.000000,100.000000,0.000000,0.000000,-13095.000000,-981.000000,-196.000000
0.000000,0.000000,0.000000,0.000000,-13045.000000,-981.000000,-196.000000
100.000000,100.000000,0.000000,0.000000,-13012.000000,-981.000000,-392.000000
-100.000000,-200.000000,0.000000,0.000000,-12978.000000,-785.000000,-196.000000
0.000000,0.000000,0.000000,0.000000,-12887.000000,-785.000000,-196.000000
-200.000000,100.000000,0.000000,0.000000,-12804.000000,-981.000000,0.000000
0.000000,0.000000,0.000000,0.000000,-12735.000000,-785.000000,0.000000
0.000000,-100.000000,0.000000,0.000000,-12618.000000,-785.000000,0.000000
-100.000000,-100.000000,0.000000,0.000000,-12492.000000,-589.000000,-196.000000
0.000000,-100.000000,0.000000,0.000000,-12369.000000,-785.000000,0.000000
-100.000000,0.000000,0.000000,0.000000,-12247.000000,-589.000000,0.000000
-200.000000,100.000000,0.000000,0.000000,-12122.000000,-785.000000,0.000000
0.000000,-100.000000,0.000000,0.000000,-11994.000000,-589.000000,0.000000
-100.000000,-100.000000,0.000000,0.000000,-11865.000000,-785.000000,0.000000
-200.000000,-200.000000,0.000000,0.000000,-11705.000000,-589.000000,0.000000
-200.000000,0.000000,0.000000,0.000000,-11588.000000,-589.000000,0.000000
0.000000,0.000000,0.000000,0.000000,-11457.000000,-589.000000,0.000000
100.000000,0.000000,0.000000,0.000000,-11307.000000,-589.000000,0.000000
0.000000,0.000000,0.000000,0.000000,-11182.000000,-589.000000,-196.000000
0.000000,-300.000000,0.000000,0.000000,-11040.000000,-785.000000,0.000000
-100.000000,0.000000,0.000000,0.000000,-10916.000000,-589.000000,0.000000
200.000000,-100.000000,0.000000,0.000000,-10820.000000,-589.000000,0.000000
0.000000,0.000000,0.000000,0.000000,-10713.000000,-785.000000,0.000000
100.000000,0.000000,0.000000,0.000000,-10602.000000,-589.000000,0.000000
0.000000,-100.000000,0.000000,0.000000,-10508.000000,-785.000000,0.000000
0.000000,-200.000000,0.000000,0.000000,-10427.000000,-589.000000,-196.000000
100.000000,100.000000,0.000000,0.000000,-10347.000000,-785.000000,0.000000
0.000000,-100.000000,0.000000,0.000000,-10284.000000,-785.000000,0.000000
100.000000,100.000000,0.000000,0.000000,-10215.000000,-785.000000,-196.000000
-200.000000,-200.000000,0.000000,0.000000,-10165.000000,-785.000000,-196.000000
300.000000,0.000000,0.000000,0.000000,-10127.000000,-785.000000,0.000000
100.000000,-100.000000,0.000000,0.000000,-10094.000000,-785.000000,-196.000000
200.000000,0.000000,0.000000,0.000000,-10069.000000,-981.000000,-196.000000
0.000000,-100.000000,0.000000,0.000000,-10036.000000,-785.000000,-392.000000
0.000000,-100.000000,0.000000,0.000000,-10048.000000,-981.000000,-196.000000
-100.000000,0.000000,0.000000,0.000000,-10082.000000,-981.000000,-196.000000
0.000000,100.000000,0.000000,0.000000,-10090.000000,-981.000000,-196.000000
0.000000,0.000000,0.000000,0.000000,-10121.000000,-981.000000,-196.000000
100.000000,0.000000,0.000000,0.000000,-10165.000000,-981.000000,-196.000000
-100.000000,-100.000000,0.000000,0.000000,-10193.000000,-981.000000,-196.000000
0.000000,200.000000,0.000000,0.000000,-10254.000000,-1178.000000,-392.000000
300.000000,100.000000,0.000000,0.000000,-10318.000000,-981.000000,-589.000000
200.000000,0.000000,0.000000,0.000000,-10364.000000,-1178.000000,-392.000000
0.000000,-100.000000,0.000000,0.000000,-10424.000000,-981.000000,-392.000000
0.000000,0.000000,0.000000,0.000000,-10507.000000,-1178.000000,-196.000000
0.000000,-100.000000,0.000000,0.000000,-10585.000000,-1178.000000,-392.000000
-100.000000,100.000000,0.000000,0.000000,-10680.000000,-981.000000,-392.000000
-100.000000,-100.000000,0.000000,0.000000,-10815.000000,-1178.000000,-589.000000
-100.000000,100.000000,0.000000,0.000000,-10916.000000,-981.000000,-392.000000
0.000000,0.000000,0.000000,0.000000,-11006.000000,-981.000000,-589.000000
0.000000,300.000000,0.000000,0.000000,-11104.000000,-1178.000000,-392.000000
0.000000,-200.000000,0.000000,0.000000,-11225.000000,-981.000000,-392.000000
100.000000,100.000000,0.000000,0.000000,-11326.000000,-981.000000,-589.000000
100.000000,100.000000,0.000000,0.000000,-11436.000000,-981.000000,-392.000000
0.000000,-100.000000,0.000000,0.000000,-11573.000000,-981.000000,-392.000000
0.000000,0.000000,0.000000,0.000000,-11675.000000,-981.000000,-589.000000
0.000000,100.000000,0.000000,0.000000,-11770.000000,-785.000000,-392.000000
0.000000,200.000000,0.000000,0.000000,-11869.000000,-981.000000,-392.000000
0.000000,100.000000,0.000000,0.000000,-11962.000000,-785.000000,-589.000000
100.000000,0.000000,0.000000,0.000000,-12039.000000,-785.000000,-392.000000
100.000000,100.000000,0.000000,0.000000,-12141.000000,-785.000000,-392.000000
0.000000,0.000000,0.000000,0.000000,-12233.000000,-785.000000,-392.000000
0.000000,100.000000,0.000000,0.000000,-12303.000000,-785.000000,-392.000000
100.000000,100.000000,0.000000,0.000000,-12362.000000,-589.000000,-392.000000
0.000000,0.000000,0.000000,0.000000,-12440.000000,-589.000000,-392.000000
0.000000,0.000000,0.000000,0.000000,-12504.000000,-589.000000,-392.000000
0.000000,0.000000,0.000000,0.000000,-12539.000000,-589.000000,-392.000000
100.000000,-100.000000,0.000000,0.000000,-12551.000000,-589.000000,-392.000000
0.000000,200.000000,0.000000,0.000000,-12577.000000,-392.000000,-196.000000
0.000000,0.000000,0.000000,0.000000,-12612.000000,-392.000000,-196.000000
0.000000,-300.000000,0.000000,0.000000,-12617.000000,-392.000000,-196.000000
0.000000,-200.000000,0.000000,0.000000,-12607.000000,-196.000000,0.000000
0.000000,0.000000,0.000000,0.000000,-12568.000000,-392.000000,-196.000000
-100.000000,-300.000000,0.000000,0.000000,-12557.000000,-392.000000,-196.000000
-100.000000,0.000000,0.000000,0.000000,-12543.000000,-196.000000,-196.000000
0.000000,-100.000000,0.000000,0.000000,-12499.000000,-196.000000,-196.000000
0.000000,-200.000000,0.000000,0.000000,-12455.000000,0.000000,-196.000000
-300.000000,0.000000,0.000000,0.000000,-12412.000000,-196.000000,0.000000
-100.000000,200.000000,0.000000,0.000000,-12342.000000,0.000000,-196.000000
0.000000,0.000000,0.000000,0.000000,-12253.000000,0.000000,0.000000
100.000000,0.000000,0.000000,0.000000,-12183.000000,0.000000,0.000000
100.000000,100.000000,0.000000,0.000000,-12105.000000,-196.000000,0.000000
-200.000000,300.000000,0.000000,0.000000,-12012.000000,0.000000,0.000000
-100.000000,0.000000,0.000000,0.000000,-11908.000000,196.000000,0.000000
0.000000,100.000000,0.000000,0.000000,-11818.000000,0.000000,0.000000
0.000000,-200.000000,0.000000,0.000000,-11719.000000,0.000000,0.000000
-200.000000,0.000000,0.000000,0.000000,-11638.000000,0.000000,0.000000
-200.000000,-200.000000,0.000000,0.000000,-11534.000000,0.000000,0.000000
-200.000000,0.000000,0.000000,0.000000,-11456.000000,0.000000,0.000000
-100.000000,0.000000,0.000000,0.000000,-11388.000000,0.000000,0.000000
100.000000,100.000000,0.000000,0.000000,-11315.000000,0.000000,0.000000
-300.000000,300.000000,0.000000,0.000000,-11240.000000,0.000000,-196.000000
-200.000000,100.000000,0.000000,0.000000,-11179.000000,0.000000,0.000000
0.000000,200.000000,0.000000,0.000000,-11123.000000,0.000000,0.000000
0.000000,0.000000,0.000000,0.000000,-11087.000000,0.000000,0.000000
-100.000000,-100.000000,0.000000,0.000000,-11045.000000,0.000000,0.000000
100.000000,0.000000,0.000000,0.000000,-11011.000000,0.000000,0.000000
0.000000,-200.000000,0.000000,0.000000,-10967.000000,0.000000,0.000000
0.000000,0.000000,0.000000,0.000000,-10938.000000,-196.000000,0.000000
0.000000,0.000000,0.000000,0.000000,-10882.000000,0.000000,-196.000000
300.000000,0.000000,0.000000,0.000000,-10866.000000,0.000000,0.000000
0.000000,-200.000000,0.000000,0.000000,-10838.000000,-196.000000,-196.000000
0.000000,0.000000,0.000000,0.000000,-10818.000000,-196.000000,0.000000
0.000000,200.000000,0.000000,0.000000,-10823.000000,-196.000000,-196.000000
0.000000,-400.000000,0.000000,0.000000,-10813.000000,-196.000000,-196.000000
100.000000,200.000000,0.000000,0.000000,-10808.000000,-196.000000,0.000000
0.000000,-100.000000,0.000000,0.000000,-10808.000000,-196.000000,-196.000000
100.000000,-100.000000,0.000000,0.000000,-10815.000000,0.000000,0.000000
0.000000,100.000000,0.000000,0.000000,-10834.000000,-196.000000,0.000000
100.000000,-100.000000,0.000000,0.000000,-10847.000000,-196.000000,-196.000000
0.000000,0.000000,0.000000,0.000000,-10859.000000,-196.000000,0.000000
0.000000,0.000000,0.000000,0.000000,-10860.000000,-392.000000,-196.000000
100.000000,-200.000000,0.000000,0.000000,-10884.000000,-196.000000,-196.000000
100.000000,100.000000,0.000000,0.000000,-10919.000000,-196.000000,-196.000000
0.000000,100.000000,0.000000,0.000000,-10934.000000,-392.000000,-196.000000
100.000000,100.000000,0.000000,0.000000,-10967.000000,-196.000000,-196.000000
0.000000,100.000000,0.000000,0.000000,-11023.000000,-196.000000,0.000000
0.000000,0.000000,0.000000,0.000000,-11060.000000,-392.000000,-196.000000
0.000000,-100.000000,0.000000,0.000000,-11109.000000,-196.000000,0.000000
0.000000,-200.000000,0.000000,0.000000,-11161.000000,-196.000000,0.000000
-100.000000,-100.000000,0.000000,0.000000,-11199.000000,-392.000000,0.000000
-200.000000,-100.000000,0.000000,0.000000,-11236.000000,-392.000000,-196.000000
-100.000000,0.000000,0.000000,0.000000,-11305.000000,-392.000000,-196.000000
100.000000,0.000000,0.000000,0.000000,-11372.000000,-196.000000,-196.000000
0.000000,0.000000,0.000000,0.000000,-11419.000000,-392.000000,-196.000000
0.000000,0.000000,0.000000,0.000000,-11470.000000,0.000000,0.000000
0.000000,0.000000,0.000000,0.000000,-11516.000000,-196.000000,0.000000
-100.000000,0.000000,0.000000,0.000000,-11577.000000,-392.000000,0.000000
0.000000,-200.000000,0.000000,0.000000,-11623.000000,-392.000000,-196.000000
200.000000,0.000000,0.000000,0.000000,-11684.000000,-392.000000,0.000000
0.000000,0.000000,0.000000,0.000000,-11756.000000,-196.000000,-196.000000
0.000000,0.000000,0.000000,0.000000,-11803.000000,-196.000000,0.000000
0.000000,0.000000,0.000000,0.000000,-11809.000000,0.000000,-196.000000
0.000000,100.000000,0.000000,0.000000,-11838.000000,-196.000000,0.000000
100.000000,0.000000,0.000000,0.000000,-11866.000000,0.000000,0.000000
0.000000,300.000000,0.000000,0.000000,-11857.000000,-196.000000,0.000000
0.000000,-200.000000,0.000000,0.000000,-11875.000000,-392.000000,-196.000000
-100.000000,0.000000,0.000000,0.000000,-11930.000000,-196.000000,0.000000
-100.000000,0.000000,0.000000,0.000000,-11943.000000,-392.000000,0.000000
200.000000,100.000000,0.000000,0.000000,-11964.000000,-196.000000,0.000000
-100.000000,200.000000,0.000000,0.000000,-11974.000000,0.000000,0.000000
0.000000,200.000000,0.000000,0.000000,-11989.000000,0.000000,0.000000
0.000000,-100.000000,0.000000,0.000000,-11986.000000,0.000000,0.000000
0.000000,0.000000,0.000000,0.000000,-12003.000000,0.000000,0.000000
0.000000,-100.000000,0.000000,0.000000,-12004.000000,0.000000,0.000000
0.000000,100.000000,0.000000,0.000000,-11996.000000,0.000000,0.000000
-100.000000,0.000000,0.000000,0.000000,-11995.000000,-196.000000,0.000000
-100.000000,-300.000000,0.000000,0.000000,-11976.000000,0.000000,0.000000
0.000000,0.000000,0.000000,0.000000,-11952.000000,0.000000,0.000000
0.000000,-300.000000,0.000000,0.000000,-11939.000000,0.000000,0.000000
0.000000,0.000000,0.000000,0.000000,-11924.000000,0.000000,0.000000
-100.000000,-200.000000,0.000000,0.000000,-11931.000000,0.000000,0.000000
-100.000000,0.000000,0.000000,0.000000,-11909.000000,0.000000,0.000000
-200.000000,0.000000,0.000000,0.000000,-11896.000000,0.000000,0.000000
-200.000000,0.000000,0.000000,0.000000,-11907.000000,0.000000,0.000000
-200.000000,300.000000,0.000000,0.000000,-11892.000000,0.000000,0.000000
100.000000,100.000000,0.000000,0.000000,-11875.000000,0.000000,0.000000
0.000000,100.000000,0.000000,0.000000,-11879.000000,0.000000,0.000000
-100.000000,300.000000,0.000000,0.000000,-11860.000000,0.000000,0.000000
0.000000,-100.000000,0.000000,0.000000,-11845.000000,0.000000,0.000000
-200.000000,0.000000,0.000000,0.000000,-11824.000000,0.000000,0.000000
0.000000,-100.000000,0.000000,0.000000,-11826.000000,0.000000,0.000000
-200.000000,0.000000,0.000000,0.000000,-11827.000000,0.000000,-196.000000
0.000000,0.000000,0.000000,0.000000,-11784.000000,0.000000,0.000000
0.000000,-100.000000,0.000000,0.000000,-11781.000000,0.000000,0.000000
0.000000,0.000000,0.000000,0.000000,-11784.000000,0.000000,0.000000
0.000000,-200.000000,0.000000,0.000000,-11762.000000,0.000000,0.000000
0.000000,0.000000,0.000000,0.000000,-11731.000000,0.000000,0.000000
-200.000000,-100.000000,0.000000,0.000000,-11712.000000,0.000000,-196.000000
0.000000,-200.000000,0.000000,0.000000,-11708.000000,0.000000,0.000000
0.000000,-100.000000,0.000000,0.000000,-11702.000000,0.000000,0.000000
-100.000000,0.000000,0.000000,0.000000,-11688.000000,-196.000000,0.000000
0.000000,-200.000000,0.000000,0.000000,-11681.000000,0.000000,0.000000
300.000000,-100.000000,78.000000,78.000000,-11674.000000,0.000000,-196.000000
-100.000000,-100.000000,0.000000,0.000000,-11656.000000,0.000000,0.000000
0.000000,0.000000,0.000000,0.000000,-11649.000000,0.000000,0.000000
100.000000,-100.000000,0.000000,0.000000,-11630.000000,0.000000,0.000000
0.000000,100.000000,0.000000,0.000000,-11637.000000,0.000000,0.000000
-100.000000,0.000000,0.000000,0.000000,-11604.000000,0.000000,0.000000
-200.000000,0.000000,0.000000,0.000000,-11593.000000,0.000000,0.000000
-100.000000,0.000000,0.000000,0.000000,-11577.000000,0.000000,0.000000
0.000000,0.000000,0.000000,0.000000,-11559.000000,0.000000,-196.000000
0.000000,-200.000000,0.000000,0.000000,-11515.000000,0.000000,0.000000
-100.000000,-100.000000,0.000000,0.000000,-11514.000000,0.000000,0.000000
0.000000,-200.000000,0.000000,0.000000,-11498.000000,0.000000,0.000000
-300.000000,-100.000000,0.000000,0.000000,-11493.000000,0.000000,0.000000
0.000000,-300.000000,0.000000,0.000000,-11476.000000,0.000000,0.000000
-200.000000,-100.000000,0.000000,0.000000,-11474.000000,0.000000,0.000000
0.000000,-100.000000,0.000000,0.000000,-11463.000000,0.000000,0.000000
0.000000,-100.000000,0.000000,0.000000,-11476.000000,0.000000,0.000000
0.000000,-100.000000,0.000000,0.000000,-11460.000000,0.000000,0.000000
-300.000000,0.000000,0.000000,0.000000,-11459.000000,0.000000,0.000000
0.000000,-300.000000,0.000000,0.000000,-11467.000000,0.000000,0.000000
-100.000000,-200.000000,0.000000,0.000000,-11460.000000,0.000000,0.000000
-200.000000,200.000000,0.000000,0.000000,-11450.000000,0.000000,0.000000
-200.000000,0.000000,0.000000,0.000000,-11454.000000,0.000000,0.000000
-200.000000,0.000000,0.000000,0.000000,-11463.000000,0.000000,0.000000
0.000000,0.000000,78.000000,78.000000,-11475.000000,0.000000,0.000000
-100.000000,0.000000,0.000000,0.000000,-11483.000000,0.000000,0.000000
0.000000,0.000000,0.000000,0.000000,-11505.000000,0.000000,0.000000
0.000000,0.000000,0.000000,0.000000,-11505.000000,0.000000,0.000000
-100.000000,0.000000,0.000000,0.000000,-11519.000000,0.000000,0.000000
-100.000000,0.000000,0.000000,0.000000,-11499.000000,0.000000,0.000000
0.000000,0.000000,0.000000,0.000000,-11515.000000,0.000000,0.000000
0.000000,0.000000,0.000000,0.000000,-11527.000000,0.000000,0.000000
0.000000,100.000000,0.000000,0.000000,-11529.000000,0.000000,0.000000
-200.000000,0.000000,0.000000,0.000000,-11553.000000,0.000000,0.000000
100.000000,0.000000,0.000000,0.000000,-11558.000000,0.000000,0.000000
0.000000,100.000000,0.000000,0.000000,-11578.000000,0.000000,0.000000
0.000000,100.000000,0.000000,0.000000,-11583.000000,0.000000,0.000000
100.000000,0.000000,0.000000,0.000000,-11587.000000,0.000000,0.000000
-100.000000,-200.000000,0.000000,0.000000,-11601.000000,0.000000,0.000000
-100.000000,0.000000,0.000000,0.000000,-11587.000000,0.000000,0.000000
0.000000,-200.000000,0.000000,0.000000,-11598.000000,0.000000,0.000000
-200.000000,-300.000000,0.000000,0.000000,-11616.000000,0.000000,0.000000
0.000000,-300.000000,0.000000,0.000000,-11625.000000,0.000000,0.000000
-100.000000,100.000000,0.000000,0.000000,-11633.000000,0.000000,0.000000
-200.000000,-100.000000,0.000000,0.000000,-11633.000000,0.000000,0.000000
-200.000000,0.000000,0.000000,0.000000,-11663.000000,0.000000,0.000000
0.000000,-100.000000,0.000000,0.000000,-11675.000000,0.000000,0.000000
-300.000000,100.000000,0.000000,0.000000,-11679.000000,0.000000,0.000000
-200.000000,0.000000,0.000000,0.000000,-11708.000000,0.000000,0.000000
-100.000000,100.000000,0.000000,0.000000,-11723.000000,0.000000,0.000000
-200.000000,-100.000000,0.000000,0.000000,-11718.000000,0.000000,0.000000
0.000000,0.000000,0.000000,0.000000,-11703.000000,0.000000,0.000000
0.000000,300.000000,0.000000,0.000000,-11713.000000,0.000000,0.000000
0.000000,0.000000,0.000000,0.000000,-11722.000000,0.000000,0.000000
0.000000,-400.000000,0.000000,0.000000,-11722.000000,0.000000,0.000000
0.000000,-100.000000,0.000000,0.000000,-11719.000000,0.000000,0.000000
0.000000,200.000000,0.000000,0.000000,-11724.000000,0.000000,0.000000
-300.000000,0.000000,0.000000,0.000000,-11727.000000,0.000000,0.000000
-300.000000,100.000000,0.000000,0.000000,-11721.000000,0.000000,0.000000
-100.000000,-100.000000,0.000000,0.000000,-11729.000000,0.000000,0.000000
0.000000,100.000000,0.000000,0.000000,-11740.000000,0.000000,0.000000
0.000000,0.000000,0.000000,0.000000,-11751.000000,0.000000,0.000000
0.000000,100.000000,0.000000,0.000000,-11756.000000,0.000000,0.000000
-100.000000,-300.000000,0.000000,0.000000,-11767.000000,0.000000,0.000000
-100.000000,0.000000,0.000000,0.000000,-11755.000000,0.000000,0.000000
0.000000,-100.000000,0.000000,0.000000,-11750.000000,0.000000,0.000000
0.000000,200.000000,0.000000,0.000000,-11745.000000,0.000000,0.000000
-200.000000,-300.000000,0.000000,0.000000,-11740.000000,0.000000,0.000000
0.000000,0.000000,0.000000,0.000000,-11732.000000,0.000000,0.000000
-100.000000,0.000000,0.000000,0.000000,-11703.000000,0.000000,0.000000
0.000000,-300.000000,0.000000,0.000000,-11696.000000,0.000000,0.000000
-200.000000,-100.000000,0.000000,0.000000,-11678.000000,0.000000,0.000000
0.000000,0.000000,0.000000,0.000000,-11679.000000,0.000000,0.000000
0.000000,0.000000,0.000000,0.000000,-11675.000000,0.000000,0.000000
0.000000,-100.000000,0.000000,0.000000,-11659.000000,0.000000,0.000000
-100.000000,-200.000000,0.000000,0.000000,-11646.000000,0.000000,0.000000
-100.000000,-100.000000,0.000000,0.000000,-11637.000000,0.000000,0.000000
-400.000000,300.000000,0.000000,0.000000,-11645.000000,0.000000,0.000000
0.000000,0.000000,0.000000,0.000000,-11661.000000,0.000000,0.000000
0.000000,-200.000000,0.000000,0.000000,-11656.000000,0.000000,0.000000
-200.000000,0.000000,0.000000,0.000000,-11674.000000,0.000000,0.000000
-200.000000,-200.000000,0.000000,0.000000,-11675.000000,0.000000,0.000000
0.000000,-100.000000,0.000000,0.000000,-11663.000000,0.000000,0.000000
-200.000000,0.000000,0.000000,0.000000,-11653.000000,0.000000,0.000000
-200.000000,-200.000000,0.000000,0.000000,-11657.000000,0.000000,0.000000
0.000000,-300.000000,0.000000,0.000000,-11658.000000,0.000000,0.000000
0.000000,0.000000,0.000000,0.000000,-11644.000000,0.000000,0.000000
0.000000,0.000000,0.000000,0.000000,-11631.000000,0.000000,0.000000
0.000000,100.000000,0.000000,0.000000,-11597.000000,0.000000,0.000000
-100.000000,0.000000,0.000000,0.000000,-11590.000000,0.000000,0.000000
0.000000,0.000000,0.000000,0.000000,-11589.000000,0.000000,0.000000
100.000000,0.000000,0.000000,0.000000,-11568.000000,0.000000,0.000000
0.000000,0.000000,0.000000,0.000000,-11575.000000,0.000000,0.000000
100.000000,-200.000000,0.000000,0.000000,-11575.000000,0.000000,0.000000
-100.000000,0.000000,0.000000,0.000000,-11581.000000,0.000000,0.000000
-100.000000,-100.000000,0.000000,0.000000,-11597.000000,0.000000,0.000000
0.000000,-100.000000,0.000000,0.000000,-11585.000000,0.000000,0.000000
0.000000,100.000000,0.000000,0.000000,-11573.000000,0.000000,0.000000
-200.000000,100.000000,0.000000,0.000000,-11563.000000,0.000000,0.000000
-100.000000,-200.000000,0.000000,0.000000,-11562.000000,0.000000,0.000000
0.000000,0.000000,78.000000,78.000000,-11558.000000,0.000000,0.000000
-100.000000,-100.000000,0.000000,0.000000,-11537.000000,0.000000,0.000000
200.000000,200.000000,0.000000,0.000000,-11573.000000,0.000000,0.000000
100.000000,0.000000,0.000000,0.000000,-11573.000000,0.000000,0.000000
0.000000,-300.000000,0.000000,0.000000,-11561.000000,0.000000,0.000000
-200.000000,100.000000,0.000000,0.000000,-11555.000000,0.000000,0.000000
0.000000,0.000000,0.000000,0.000000,-11548.000000,0.000000,0.000000
-300.000000,-300.000000,0.000000,0.000000,-11547.000000,0.000000,0.000000
0.000000,-300.000000,0.000000,0.000000,-11552.000000,0.000000,0.000000
-100.000000,-100.000000,0.000000,0.000000,-11544.000000,0.000000,0.000000
-100.000000,0.000000,0.000000,0.000000,-11543.000000,0.000000,0.000000
-200.000000,-100.000000,0.000000,0.000000,-11542.000000,0.000000,0.000000
0.000000,-200.000000,0.000000,0.000000,-11535.000000,0.000000,0.000000
100.000000,0.000000,0.000000,0.000000,-11543.000000,0.000000,0.000000
-200.000000,200.000000,0.000000,0.000000,-11557.000000,0.000000,0.000000
-100.000000,-200.000000,0.000000,0.000000,-11562.000000,0.000000,0.000000
-200.000000,0.000000,0.000000,0.000000,-11567.000000,0.000000,0.000000
-100.000000,-100.000000,0.000000,0.000000,-11578.000000,0.000000,0.000000
0.000000,300.000000,0.000000,0.000000,-11582.000000,0.000000,0.000000
0.000000,0.000000,0.000000,0.000000,-11595.000000,0.000000,0.000000
0.000000,0.000000,156.000000,156.000000,-11605.000000,0.000000,0.000000
0.000000,-200.000000,0.000000,0.000000,-11621.000000,0.000000,0.000000
200.000000,100.000000,0.000000,0.000000,-11631.000000,0.000000,0.000000
0.000000,100.000000,0.000000,0.000000,-11653.000000,0.000000,0.000000
0.000000,-300.000000,0.000000,0.000000,-11659.000000,0.000000,0.000000
100.000000,-100.000000,0.000000,0.000000,-11670.000000,0.000000,0.000000
-200.000000,-300.000000,0.000000,0.000000,-11680.000000,0.000000,0.000000
0.000000,100.000000,0.000000,0.000000,-11703.000000,0.000000,0.000000
-200.000000,0.000000,0.000000,0.000000,-11740.000000,0.000000,0.000000
-200.000000,0.000000,0.000000,0.000000,-11770.000000,0.000000,0.000000
-100.000000,-700.000000,0.000000,0.000000,-11775.000000,0.000000,0.000000
0.000000,100.000000,0.000000,0.000000,-11810.000000,0.000000,0.000000
0.000000,-100.000000,0.000000,0.000000,-11811.000000,0.000000,0.000000
0.000000,-200.000000,0.000000,0.000000,-11825.000000,0.000000,0.000000
0.000000,-300.000000,78.000000,78.000000,-11812.000000,0.000000,0.000000
0.000000,0.000000,0.000000,0.000000,-11834.000000,0.000000,0.000000
0.000000,0.000000,0.000000,0.000000,-11824.000000,0.000000,0.000000
-100.000000,-100.000000,0.000000,0.000000,-11819.000000,0.000000,0.000000
-100.000000,-100.000000,0.000000,0.000000,-11817.000000,0.000000,0.000000
0.000000,-100.000000,0.000000,0.000000,-11821.000000,0.000000,0.000000
-100.000000,0.000000,0.000000,0.000000,-11812.000000,0.000000,0.000000
100.000000,200.000000,0.000000,0.000000,-11819.000000,0.000000,0.000000
200.000000,0.000000,0.000000,0.000000,-11849.000000,0.000000,0.000000
0.000000,-200.000000,0.000000,0.000000,-11856.000000,0.000000,0.000000
0.000000,300.000000,0.000000,0.000000,-11856.000000,0.000000,0.000000
-100.000000,-200.000000,0.000000,0.000000,-11877.000000,0.000000,0.000000
0.000000,-100.000000,0.000000,0.000000,-11887.000000,0.000000,0.000000
0.000000,0.000000,0.000000,0.000000,-11899.000000,0.000000,0.000000
-200.000000,200.000000,156.000000,156.000000,-11907.000000,0.000000,0.000000
0.000000,300.000000,0.000000,0.000000,-11902.000000,0.000000,0.000000
0.000000,400.000000,0.000000,0.000000,-11904.000000,0.000000,0.000000
0.000000,100.000000,0.000000,0.000000,-11903.000000,-196.000000,0.000000
-200.000000,-100.000000,78.000000,78.000000,-11907.000000,0.000000,0.000000
-300.000000,0.000000,0.000000,0.000000,-11905.000000,0.000000,0.000000
-200.000000,0.000000,0.000000,0.000000,-11912.000000,0.000000,0.000000
-100.000000,0.000000,0.000000,0.000000,-11923.000000,0.000000,0.000000
100.000000,-200.000000,0.000000,0.000000,-11920.000000,0.000000,0.000000
-300.000000,-200.000000,0.000000,0.000000,-11932.000000,0.000000,0.000000
-300.000000,-200.000000,0.000000,0.000000,-11915.000000,0.000000,0.000000
100.000000,0.000000,0.000000,0.000000,-11921.000000,0.000000,0.000000
200.000000,-100.000000,0.000000,0.000000,-11924.000000,0.000000,-196.000000
-100.000000,-200.000000,0.000000,0.000000,-11917.000000,0.000000,0.000000
-100.000000,0.000000,0.000000,0.000000,-11913.000000,0.000000,0.000000
-100.000000,-400.000000,0.000000,0.000000,-11903.000000,0.000000,0.000000
-200.000000,0.000000,0.000000,0.000000,-11916.000000,0.000000,0.000000
100.000000,-100.000000,0.000000,0.000000,-11928.000000,0.000000,0.000000
0.000000,0.000000,0.000000,0.000000,-11944.000000,0.000000,0.000000
0.000000,100.000000,0.000000,0.000000,-11949.000000,0.000000,0.000000
-100.000000,0.000000,0.000000,0.000000,-11941.000000,0.000000,0.000000
100.000000,0.000000,0.000000,0.000000,-11951.000000,0.000000,0.000000
0.000000,-100.000000,0.000000,0.000000,-11935.000000,0.000000,0.000000
-100.000000,0.000000,0.000000,0.000000,-11925.000000,0.000000,0.000000
0.000000,-300.000000,0.000000,0.000000,-11926.000000,0.000000,0.000000
-200.000000,0.000000,0.000000,0.000000,-11937.000000,0.000000,0.000000
-100.000000,-300.000000,0.000000,0.000000,-11937.000000,0.000000,0.000000
-300.000000,0.000000,0.000000,0.000000,-11936.000000,0.000000,0.000000
-200.000000,-400.000000,0.000000,0.000000,-11917.000000,0.000000,0.000000
0.000000,100.000000,0.000000,0.000000,-11935.000000,0.000000,0.000000
-100.000000,0.000000,0.000000,0.000000,-11923.000000,0.000000,0.000000
-200.000000,-100.000000,0.000000,0.000000,-11915.000000,0.000000,0.000000
0.000000,100.000000,0.000000,0.000000,-11902.000000,0.000000,0.000000
0.000000,0.000000,0.000000,0.000000,-11902.000000,0.000000,0.000000
-100.000000,-200.000000,0.000000,0.000000,-11901.000000,0.000000,0.000000
0.000000,0.000000,0.000000,0.000000,-11888.000000,0.000000,0.000000
-100.000000,0.000000,0.000000,0.000000,-11876.000000,0.000000,0.000000
-200.000000,-300.000000,0.000000,0.000000,-11876.000000,0.000000,0.000000
-200.000000,-300.000000,0.000000,0.000000,-11893.000000,0.000000,0.000000
-100.000000,0.000000,0.000000,0.000000,-11887.000000,0.000000,0.000000
-100.000000,0.000000,0.000000,0.000000,-11871.000000,0.000000,0.000000
-200.000000,100.000000,0.000000,0.000000,-11855.000000,0.000000,0.000000
-300.000000,-400.000000,0.000000,0.000000,-11843.000000,0.000000,0.000000
-200.000000,100.000000,0.000000,0.000000,-11836.000000,0.000000,0.000000
-200.000000,0.000000,0.000000,0.000000,-11837.000000,0.000000,0.000000
-100.000000,100.000000,0.000000,0.000000,-11826.000000,0.000000,0.000000
-100.000000,-100.000000,0.000000,0.000000,-11806.000000,0.000000,0.000000
-200.000000,0.000000,0.000000,0.000000,-11770.000000,0.000000,0.000000
0.000000,0.000000,0.000000,0.000000,-11742.000000,0.000000,0.000000
100.000000,-200.000000,0.000000,0.000000,-11749.000000,0.000000,0.000000
-200.000000,0.000000,0.000000,0.000000,-11752.000000,0.000000,0.000000
-100.000000,-200.000000,0.000000,0.000000,-11752.000000,0.000000,0.000000
-300.000000,-100.000000,0.000000,0.000000,-11758.000000,0.000000,0.000000
-300.000000,-100.000000,0.000000,0.000000,-11765.000000,0.000000,0.000000
-100.000000,-200.000000,0.000000,0.000000,-11781.000000,0.000000,0.000000
-100.000000,-100.000000,0.000000,0.000000,-11791.000000,0.000000,0.000000
-100.000000,-100.000000,0.000000,0.000000,-11820.000000,0.000000,0.000000
0.000000,-100.000000,0.000000,0.000000,-11803.000000,0.000000,0.000000
-100.000000,-300.000000,0.000000,0.000000,-11804.000000,0.000000,0.000000
-200.000000,-100.000000,0.000000,0.000000,-11812.000000,0.000000,0.000000
-300.000000,-100.000000,0.000000,0.000000,-11798.000000,0.000000,0.000000
-300.000000,-300.000000,0.000000,0.000000,-11782.000000,0.000000,0.000000
100.000000,0.000000,0.000000,0.000000,-11778.000000,0.000000,0.000000
-200.000000,-200.000000,0.000000,0.000000,-11779.000000,0.000000,0.000000
0.000000,0.000000,0.000000,0.000000,-11786.000000,0.000000,0.000000
-100.000000,-100.000000,0.000000,0.000000,-11791.000000,0.000000,0.000000
-200.000000,-100.000000,0.000000,0.000000,-11812.000000,0.000000,0.000000
-200.000000,0.000000,0.000000,0.000000,-11836.000000,0.000000,0.000000
-200.000000,0.000000,0.000000,0.000000,-11836.000000,0.000000,0.000000
-200.000000,0.000000,0.000000,0.000000,-11851.000000,0.000000,0.000000
-100.000000,-100.000000,0.000000,0.000000,-11875.000000,0.000000,0.000000
-100.000000,0.000000,0.000000,0.000000,-11897.000000,0.000000,0.000000
-100.000000,200.000000,0.000000,0.000000,-11913.000000,0.000000,0.000000
-100.000000,0.000000,0.000000,0.000000,-11926.000000,-196.000000,0.000000
200.000000,0.000000,0.000000,0.000000,-11949.000000,0.000000,0.000000
-100.000000,0.000000,0.000000,0.000000,-11964.000000,0.000000,0.000000
-100.000000,300.000000,0.000000,0.000000,-11951.000000,0.000000,0.000000
-100.000000,200.000000,0.000000,0.000000,-11955.000000,0.000000,0.000000
-100.000000,-200.000000,0.000000,0.000000,-11973.000000,0.000000,0.000000
-300.000000,100.000000,0.000000,0.000000,-11980.000000,0.000000,0.000000
0.000000,0.000000,0.000000,0.000000,-12007.000000,-196.000000,0.000000
-200.000000,100.000000,0.000000,0.000000,-12018.000000,0.000000,0.000000
-100.000000,300.000000,0.000000,0.000000,-12031.000000,0.000000,0.000000
0.000000,0.000000,0.000000,0.000000,-12040.000000,0.000000,0.000000
-200.000000,0.000000,0.000000,0.000000,-12053.000000,-196.000000,0.000000
-100.000000,100.000000,0.000000,0.000000,-12065.000000,0.000000,0.000000
-100.000000,200.000000,0.000000,0.000000,-12065.000000,0.000000,0.000000
100.000000,300.000000,0.000000,0.000000,-12086.000000,0.000000,0.000000
100.000000,100.000000,0.000000,0.000000,-12078.000000,-196.000000,0.000000
-200.000000,0.000000,0.000000,0.000000,-12089.000000,0.000000,0.000000
0.000000,100.000000,0.000000,0.000000,-12115.000000,-196.000000,0.000000
0.000000,0.000000,0.000000,0.000000,-12104.000000,0.000000,0.000000
-200.000000,0.000000,0.000000,0.000000,-12126.000000,-196.000000,0.000000
-100.000000,-200.000000,0.000000,0.000000,-12145.000000,0.000000,0.000000
0.000000,0.000000,0.000000,0.000000,-12156.000000,0.000000,0.000000
-100.000000,200.000000,0.000000,0.000000,-12155.000000,0.000000,0.000000
0.000000,0.000000,0.000000,0.000000,-12145.000000,-196.000000,0.000000
-200.000000,-200.000000,0.000000,0.000000,-12144.000000,0.000000,0.000000
-100.000000,0.000000,0.000000,0.000000,-12141.000000,0.000000,0.000000
-100.000000,0.000000,0.000000,0.000000,-12120.000000,-196.000000,0.000000
0.000000,0.000000,156.000000,156.000000,-12112.000000,0.000000,0.000000
200.000000,300.000000,0.000000,0.000000,-12124.000000,-196.000000,0.000000
-100.000000,-100.000000,0.000000,0.000000,-12132.000000,0.000000,0.000000
0.000000,-100.000000,0.000000,0.000000,-12121.000000,0.000000,0.000000
-100.000000,0.000000,0.000000,0.000000,-12128.000000,0.000000,0.000000
0.000000,0.000000,0.000000,0.000000,-12123.000000,0.000000,0.000000
-200.000000,0.000000,0.000000,0.000000,-12108.000000,0.000000,0.000000
-100.000000,300.000000,0.000000,0.000000,-12107.000000,0.000000,0.000000
-100.000000,0.000000,0.000000,0.000000,-12109.000000,0.000000,0.000000
100.000000,200.000000,0.000000,0.000000,-12085.000000,0.000000,0.000000
0.000000,-200.000000,156.000000,156.000000,-12059.000000,0.000000,0.000000
100.000000,-100.000000,0.000000,0.000000,-12051.000000,0.000000,0.000000
0.000000,-100.000000,0.000000,0.000000,-12041.000000,0.000000,0.000000
-200.000000,-100.000000,0.000000,0.000000,-12019.000000,0.000000,0.000000
-100.000000,0.000000,0.000000,0.000000,-11993.000000,0.000000,0.000000
-200.000000,-100.000000,0.000000,0.000000,-11991.000000,0.000000,0.000000
0.000000,0.000000,0.000000,0.000000,-11998.000000,0.000000,0.000000
0.000000,200.000000,0.000000,0.000000,-11976.000000,0.000000,0.000000
100.000000,-100.000000,0.000000,0.000000,-11978.000000,0.000000,0.000000
-100.000000,0.000000,0.000000,0.000000,-11965.000000,0.000000,0.000000
-100.000000,0.000000,0.000000,0.000000,-11968.000000,0.000000,0.000000
0.000000,-200.000000,0.000000,0.000000,-11957.000000,0.000000,0.000000
-200.000000,-100.000000,0.000000,0.000000,-11943.000000,0.000000,0.000000
100.000000,0.000000,0.000000,0.000000,-11921.000000,0.000000,0.000000
100.000000,100.000000,0.000000,0.000000,-11914.000000,0.000000,0.000000
0.000000,100.000000,0.000000,0.000000,-11906.000000,0.000000,0.000000
0.000000,100.000000,0.000000,0.000000,-11905.000000,0.000000,-196.000000
-300.000000,0.000000,0.000000,0.000000,-11911.000000,0.000000,0.000000
100.000000,0.000000,0.000000,0.000000,-11893.000000,0.000000,0.000000
