Channel 1,Channel 2,Channel 3,Channel 4,Channel 5,Channel 6,Channel 7
-200.000000,0.000000,0.000000,0.000000,-3697.000000,0.000000,0.000000
-100.000000,0.000000,0.000000,0.000000,-3699.000000,0.000000,0.000000
0.000000,100.000000,0.000000,0.000000,-3690.000000,0.000000,0.000000
0.000000,-400.000000,0.000000,0.000000,-3698.000000,0.000000,0.000000
0.000000,-300.000000,0.000000,0.000000,-3695.000000,0.000000,0.000000
-200.000000,0.000000,0.000000,0.000000,-3696.000000,0.000000,0.000000
-100.000000,0.000000,0.000000,0.000000,-3690.000000,0.000000,0.000000
300.000000,100.000000,156.000000,156.000000,-3687.000000,0.000000,0.000000
0.000000,-100.000000,0.000000,0.000000,-3700.000000,0.000000,0.000000
-200.000000,0.000000,0.000000,0.000000,-3693.000000,0.000000,0.000000
0.000000,0.000000,0.000000,0.000000,-3688.000000,0.000000,0.000000
0.000000,0.000000,0.000000,0.000000,-3683.000000,0.000000,0.000000
0.000000,0.000000,0.000000,0.000000,-3675.000000,0.000000,0.000000
0.000000,0.000000,0.000000,0.000000,-3664.000000,0.000000,0.000000
400.000000,0.000000,156.000000,156.000000,-3676.000000,0.000000,0.000000
-100.000000,-400.000000,0.000000,0.000000,-3683.000000,0.000000,0.000000
-100.000000,0.000000,0.000000,0.000000,-3683.000000,0.000000,0.000000
0.000000,-300.000000,0.000000,0.000000,-3683.000000,0.000000,0.000000
0.000000,-100.000000,0.000000,0.000000,-3694.000000,0.000000,0.000000
-100.000000,0.000000,0.000000,0.000000,-3679.000000,0.000000,0.000000
200.000000,100.000000,0.000000,0.000000,-3688.000000,0.000000,0.000000
-100.000000,-200.000000,0.000000,0.000000,-3704.000000,0.000000,0.000000
0.000000,-200.000000,0.000000,0.000000,-3722.000000,0.000000,0.000000
100.000000,0.000000,78.000000,78.000000,-3716.000000,0.000000,0.000000
-200.000000,200.000000,0.000000,0.000000,-3726.000000,0.000000,0.000000
0.000000,0.000000,0.000000,0.000000,-3742.000000,0.000000,0.000000
0.000000,0.000000,0.000000,0.000000,-3743.000000,0.000000,0.000000
-100.000000,-100.000000,0.000000,0.000000,-3758.000000,0.000000,0.000000
-200.000000,0.000000,0.000000,0.000000,-3743.000000,0.000000,0.000000
-200.000000,300.000000,0.000000,0.000000,-3738.000000,0.000000,0.000000
0.000000,-100.000000,0.000000,0.000000,-3737.000000,0.000000,0.000000
0.000000,0.000000,0.000000,0.000000,-3733.000000,0.000000,0.000000
-100.000000,100.000000,0.000000,0.000000,-3740.000000,0.000000,0.000000
-200.000000,0.000000,0.000000,0.000000,-3752.000000,0.000000,0.000000
-200.000000,0.000000,0.000000,0.000000,-3748.000000,0.000000,0.000000
0.000000,200.000000,0.000000,0.000000,-3741.000000,0.000000,0.000000
0.000000,-100.000000,0.000000,0.000000,-3734.000000,0.000000,0.000000
-100.000000,-100.000000,0.000000,0.000000,-3729.000000,0.000000,0.000000
0.000000,0.000000,0.000000,0.000000,-3740.000000,0.000000,0.000000
-100.000000,0.000000,0.000000,0.000000,-3745.000000,0.000000,0.000000
-100.000000,0.000000,0.000000,0.000000,-3740.000000,0.000000,0.000000
-300.000000,100.000000,0.000000,0.000000,-3747.000000,0.000000,0.000000
-200.000000,0.000000,0.000000,0.000000,-3735.000000,0.000000,0.000000
0.000000,0.000000,0.000000,0.000000,-3727.000000,0.000000,0.000000
0.000000,-100.000000,0.000000,0.000000,-3740.000000,0.000000,0.000000
-100.000000,200.000000,0.000000,0.000000,-3740.000000,0.000000,0.000000
-100.000000,0.000000,0.000000,0.000000,-3744.000000,0.000000,0.000000
-100.000000,-300.000000,0.000000,0.000000,-3733.000000,0.000000,0.000000
-200.000000,-100.000000,0.000000,0.000000,-3741.000000,0.000000,0.000000
-100.000000,0.000000,0.000000,0.000000,-3754.000000,0.000000,0.000000
-200.000000,0.000000,0.000000,0.000000,-3758.000000,0.000000,0.000000
-100.000000,0.000000,0.000000,0.000000,-3770.000000,0.000000,0.000000
-300.000000,0.000000,0.000000,0.000000,-3765.000000,0.000000,0.000000
0.000000,300.000000,78.000000,78.000000,-3767.000000,0.000000,0.000000
-200.000000,-200.000000,0.000000,0.000000,-3765.000000,0.000000,0.000000
-200.000000,-200.000000,0.000000,0.000000,-3778.000000,0.000000,0.000000
-200.000000,-200.000000,0.000000,0.000000,-3788.000000,0.000000,0.000000
100.000000,0.000000,0.000000,0.000000,-3792.000000,0.000000,0.000000
-300.000000,100.000000,0.000000,0.000000,-3781.000000,0.000000,0.000000
-200.000000,100.000000,0.000000,0.000000,-3781.000000,0.000000,0.000000
-200.000000,0.000000,0.000000,0.000000,-3772.000000,0.000000,0.000000
0.000000,100.000000,0.000000,0.000000,-3774.000000,0.000000,0.000000
-600.000000,-200.000000,0.000000,0.000000,-3768.000000,0.000000,0.000000
-200.000000,100.000000,0.000000,0.000000,-3772.000000,0.000000,0.000000
-200.000000,0.000000,0.000000,0.000000,-3771.000000,0.000000,0.000000
100.000000,0.000000,0.000000,0.000000,-3766.000000,0.000000,0.000000
-200.000000,0.000000,0.000000,0.000000,-3740.000000,0.000000,0.000000
-100.000000,-200.000000,0.000000,0.000000,-3745.000000,0.000000,0.000000
0.000000,-200.000000,0.000000,0.000000,-3729.000000,0.000000,0.000000
-100.000000,100.000000,0.000000,0.000000,-3728.000000,0.000000,0.000000
-100.000000,0.000000,0.000000,0.000000,-3722.000000,0.000000,0.000000
-200.000000,0.000000,0.000000,0.000000,-3731.000000,0.000000,0.000000
-100.000000,0.000000,0.000000,0.000000,-3722.000000,0.000000,0.000000
-200.000000,0.000000,0.000000,0.000000,-3717.000000,0.000000,0.000000
100.000000,0.000000,0.000000,0.000000,-3714.000000,0.000000,0.000000
-300.000000,200.000000,0.000000,0.000000,-3724.000000,0.000000,0.000000
100.000000,-200.000000,0.000000,0.000000,-3728.000000,0.000000,0.000000
0.000000,-100.000000,0.000000,0.000000,-3728.000000,0.000000,0.000000
-100.000000,-100.000000,0.000000,0.000000,-3723.000000,0.000000,0.000000
-300.000000,200.000000,0.000000,0.000000,-3732.000000,0.000000,0.000000
-200.000000,-100.000000,0.000000,0.000000,-3732.000000,0.000000,0.000000
-200.000000,-200.000000,0.000000,0.000000,-3737.000000,0.000000,0.000000
-100.000000,-400.000000,0.000000,0.000000,-3743.000000,0.000000,0.000000
-200.000000,-400.000000,0.000000,0.000000,-3747.000000,0.000000,0.000000
0.000000,200.000000,0.000000,0.000000,-3748.000000,0.000000,0.000000
-100.000000,0.000000,0.000000,0.000000,-3750.000000,0.000000,0.000000
-200.000000,100.000000,0.000000,0.000000,-3741.000000,0.000000,0.000000
-200.000000,0.000000,0.000000,0.000000,-3741.000000,0.000000,0.000000
0.000000,0.000000,0.000000,0.000000,-3731.000000,0.000000,0.000000
-100.000000,-100.000000,0.000000,0.000000,-3728.000000,0.000000,0.000000
0.000000,300.000000,0.000000,0.000000,-3739.000000,0.000000,0.000000
100.000000,300.000000,0.000000,0.000000,-3741.000000,0.000000,0.000000
-100.000000,-100.000000,0.000000,0.000000,-3756.000000,0.000000,0.000000
-200.000000,-300.000000,0.000000,0.000000,-3767.000000,0.000000,0.000000
-200.000000,-100.000000,0.000000,0.000000,-3761.000000,0.000000,0.000000
-300.000000,-100.000000,0.000000,0.000000,-3759.000000,0.000000,0.000000
-100.000000,0.000000,0.000000,0.000000,-3749.000000,0.000000,0.000000
-200.000000,0.000000,78.000000,78.000000,-3732.000000,0.000000,0.000000
0.000000,100.000000,0.000000,0.000000,-3720.000000,0.000000,0.000000
0.000000,-200.000000,0.000000,0.000000,-3707.000000,0.000000,0.000000
0.000000,0.000000,0.000000,0.000000,-3703.000000,0.000000,0.000000
0.000000,0.000000,0.000000,0.000000,-3704.000000,0.000000,0.000000
-200.000000,0.000000,0.000000,0.000000,-3708.000000,0.000000,0.000000
-100.000000,0.000000,0.000000,0.000000,-3703.000000,0.000000,0.000000
0.000000,300.000000,0.000000,0.000000,-3695.000000,0.000000,0.000000
-200.000000,100.000000,0.000000,0.000000,-3680.000000,0.000000,0.000000
0.000000,-200.000000,0.000000,0.000000,-3673.000000,0.000000,0.000000
-200.000000,100.000000,0.000000,0.000000,-3668.000000,0.000000,0.000000
-300.000000,-100.000000,0.000000,0.000000,-3666.000000,0.000000,0.000000
0.000000,0.000000,0.000000,0.000000,-3661.000000,0.000000,0.000000
-100.000000,-200.000000,0.000000,0.000000,-3674.000000,0.000000,0.000000
-100.000000,0.000000,0.000000,0.000000,-3678.000000,0.000000,0.000000
0.000000,-300.000000,0.000000,0.000000,-3680.000000,0.000000,0.000000
100.000000,100.000000,0.000000,0.000000,-3664.000000,0.000000,0.000000
0.000000,200.000000,0.000000,0.000000,-3670.000000,0.000000,0.000000
-100.000000,-200.000000,0.000000,0.000000,-3675.000000,0.000000,0.000000
-100.000000,-100.000000,0.000000,0.000000,-3669.000000,0.000000,0.000000
0.000000,0.000000,0.000000,0.000000,-3682.000000,0.000000,0.000000
-100.000000,0.000000,0.000000,0.000000,-3701.000000,0.000000,0.000000
0.000000,0.000000,0.000000,0.000000,-3710.000000,0.000000,0.000000
-200.000000,-100.000000,0.000000,0.000000,-3707.000000,0.000000,0.000000
-200.000000,0.000000,0.000000,0.000000,-3715.000000,0.000000,0.000000
-200.000000,-200.000000,0.000000,0.000000,-3715.000000,0.000000,0.000000
-300.000000,0.000000,0.000000,0.000000,-3706.000000,0.000000,0.000000
-100.000000,-200.000000,0.000000,0.000000,-3702.000000,0.000000,0.000000
-300.000000,-200.000000,0.000000,0.000000,-3705.000000,0.000000,0.000000
0.000000,-200.000000,0.000000,0.000000,-3697.000000,0.000000,0.000000
-100.000000,100.000000,0.000000,0.000000,-3701.000000,0.000000,0.000000
-100.000000,-200.000000,0.000000,0.000000,-3715.000000,0.000000,0.000000
0.000000,0.000000,0.000000,0.000000,-3717.000000,0.000000,0.000000
-100.000000,0.000000,0.000000,0.000000,-3718.000000,0.000000,0.000000
-100.000000,0.000000,0.000000,0.000000,-3727.000000,0.000000,0.000000
-100.000000,100.000000,0.000000,0.000000,-3744.000000,0.000000,0.000000
-200.000000,-100.000000,0.000000,0.000000,-3744.000000,0.000000,0.000000
-100.000000,0.000000,156.000000,156.000000,-3752.000000,0.000000,0.000000
200.000000,-100.000000,0.000000,0.000000,-3768.000000,0.000000,0.000000
-100.000000,-200.000000,0.000000,0.000000,-3763.000000,0.000000,0.000000
-100.000000,0.000000,0.000000,0.000000,-3782.000000,0.000000,0.000000
200.000000,0.000000,0.000000,0.000000,-3784.000000,0.000000,0.000000
-100.000000,100.000000,0.000000,0.000000,-3796.000000,0.000000,0.000000
-200.000000,-200.000000,0.000000,0.000000,-3791.000000,0.000000,0.000000
-100.000000,100.000000,0.000000,0.000000,-3788.000000,0.000000,0.000000
0.000000,0.000000,0.000000,0.000000,-3796.000000,0.000000,0.000000
-300.000000,-200.000000,0.000000,0.000000,-3790.000000,0.000000,0.000000
-100.000000,100.000000,0.000000,0.000000,-3771.000000,0.000000,0.000000
-100.000000,100.000000,0.000000,0.000000,-3782.000000,0.000000,0.000000
100.000000,0.000000,0.000000,0.000000,-3770.000000,0.000000,0.000000
0.000000,-100.000000,0.000000,0.000000,-3774.000000,0.000000,0.000000
-200.000000,-100.000000,0.000000,0.000000,-3774.000000,0.000000,0.000000
0.000000,100.000000,0.000000,0.000000,-3764.000000,0.000000,0.000000
0.000000,0.000000,0.000000,0.000000,-3771.000000,0.000000,0.000000
-300.000000,-100.000000,0.000000,0.000000,-3781.000000,0.000000,0.000000
-100.000000,200.000000,0.000000,0.000000,-3782.000000,0.000000,0.000000
-200.000000,0.000000,0.000000,0.000000,-3784.000000,0.000000,0.000000
0.000000,0.000000,0.000000,0.000000,-3792.000000,0.000000,0.000000
-300.000000,-200.000000,0.000000,0.000000,-3772.000000,0.000000,0.000000
-100.000000,100.000000,0.000000,0.000000,-3749.000000,0.000000,0.000000
-100.000000,100.000000,0.000000,0.000000,-3767.000000,0.000000,0.000000
0.000000,300.000000,0.000000,0.000000,-3772.000000,0.000000,0.000000
-200.000000,0.000000,0.000000,0.000000,-3770.000000,0.000000,0.000000
-200.000000,0.000000,0.000000,0.000000,-3750.000000,0.000000,0.000000
0.000000,-100.000000,0.000000,0.000000,-3735.000000,0.000000,0.000000
-100.000000,0.000000,0.000000,0.000000,-3721.000000,0.000000,0.000000
0.000000,-100.000000,0.000000,0.000000,-3724.000000,0.000000,0.000000
100.000000,-300.000000,0.000000,0.000000,-3715.000000,0.000000,0.000000
-200.000000,-100.000000,0.000000,0.000000,-3703.000000,0.000000,0.000000
-200.000000,100.000000,0.000000,0.000000,-3710.000000,0.000000,0.000000
200.000000,100.000000,0.000000,0.000000,-3717.000000,0.000000,0.000000
100.000000,0.000000,0.000000,0.000000,-3712.000000,0.000000,0.000000
-200.000000,0.000000,0.000000,0.000000,-3696.000000,0.000000,0.000000
-100.000000,-100.000000,0.000000,0.000000,-3703.000000,0.000000,0.000000
200.000000,100.000000,0.000000,0.000000,-3695.000000,0.000000,0.000000
-100.000000,100.000000,0.000000,0.000000,-3691.000000,0.000000,0.000000
0.000000,0.000000,0.000000,0.000000,-3692.000000,0.000000,0.000000
200.000000,100.000000,0.000000,0.000000,-3708.000000,0.000000,0.000000
-200.000000,-100.000000,0.000000,0.000000,-3693.000000,0.000000,0.000000
200.000000,200.000000,0.000000,0.000000,-3696.000000,0.000000,0.000000
0.000000,0.000000,0.000000,0.000000,-3700.000000,0.000000,0.000000
-200.000000,0.000000,0.000000,0.000000,-3695.000000,0.000000,0.000000
0.000000,0.000000,0.000000,0.000000,-3716.000000,0.000000,0.000000
0.000000,100.000000,0.000000,0.000000,-3738.000000,0.000000,0.000000
-100.000000,-100.000000,0.000000,0.000000,-3736.000000,0.000000,0.000000
100.000000,100.000000,0.000000,0.000000,-3743.000000,0.000000,0.000000
-100.000000,-100.000000,0.000000,0.000000,-3740.000000,0.000000,0.000000
-100.000000,0.000000,0.000000,0.000000,-3733.000000,0.000000,0.000000
-200.000000,0.000000,0.000000,0.000000,-3730.000000,0.000000,0.000000
100.000000,0.000000,0.000000,0.000000,-3714.000000,0.000000,0.000000
0.000000,300.000000,0.000000,0.000000,-3703.000000,0.000000,0.000000
-100.000000,200.000000,0.000000,0.000000,-3698.000000,0.000000,0.000000
100.000000,100.000000,0.000000,0.000000,-3679.000000,0.000000,0.000000
-100.000000,200.000000,0.000000,0.000000,-3680.000000,0.000000,0.000000
0.000000,0.000000,0.000000,0.000000,-3683.000000,0.000000,0.000000
-200.000000,0.000000,0.000000,0.000000,-3689.000000,0.000000,0.000000
-100.000000,200.000000,0.000000,0.000000,-3696.000000,0.000000,0.000000
-100.000000,-100.000000,0.000000,0.000000,-3710.000000,0.000000,0.000000
0.000000,-300.000000,0.000000,0.000000,-3714.000000,0.000000,0.000000
-100.000000,-300.000000,0.000000,0.000000,-3727.000000,0.000000,0.000000
-300.000000,-100.000000,0.000000,0.000000,-3724.000000,0.000000,0.000000
0.000000,0.000000,0.000000,0.000000,-3728.000000,0.000000,0.000000
0.000000,-100.000000,0.000000,0.000000,-3726.000000,0.000000,0.000000
0.000000,200.000000,0.000000,0.000000,-3717.000000,0.000000,0.000000
0.000000,-200.000000,0.000000,0.000000,-3724.000000,0.000000,0.000000
-200.000000,0.000000,0.000000,0.000000,-3709.000000,0.000000,0.000000
0.000000,200.000000,0.000000,0.000000,-3730.000000,0.000000,0.000000
-100.000000,0.000000,0.000000,0.000000,-3727.000000,0.000000,0.000000
100.000000,-200.000000,0.000000,0.000000,-3718.000000,0.000000,0.000000
-100.000000,0.000000,0.000000,0.000000,-3710.000000,0.000000,0.000000
-100.000000,-100.000000,0.000000,0.000000,-3716.000000,0.000000,0.000000
100.000000,-100.000000,0.000000,0.000000,-3721.000000,0.000000,0.000000
-100.000000,100.000000,0.000000,0.000000,-3712.000000,0.000000,0.000000
100.000000,0.000000,0.000000,0.000000,-3709.000000,0.000000,0.000000
-300.000000,-100.000000,0.000000,0.000000,-3720.000000,0.000000,0.000000
0.000000,-200.000000,0.000000,0.000000,-3725.000000,0.000000,0.000000
-200.000000,-100.000000,0.000000,0.000000,-3716.000000,0.000000,0.000000
0.000000,300.000000,0.000000,0.000000,-3721.000000,0.000000,0.000000
0.000000,100.000000,0.000000,0.000000,-3739.000000,0.000000,0.000000
0.000000,-200.000000,0.000000,0.000000,-3731.000000,0.000000,0.000000
-200.000000,0.000000,0.000000,0.000000,-3724.000000,0.000000,0.000000
-200.000000,0.000000,0.000000,0.000000,-3732.000000,0.000000,0.000000
200.000000,0.000000,0.000000,0.000000,-3716.000000,0.000000,0.000000
0.000000,0.000000,0.000000,0.000000,-3718.000000,0.000000,0.000000
0.000000,0.000000,0.000000,0.000000,-3721.000000,0.000000,0.000000
0.000000,-100.000000,0.000000,0.000000,-3718.000000,0.000000,0.000000
0.000000,0.000000,0.000000,0.000000,-3742.000000,0.000000,0.000000
-200.000000,0.000000,0.000000,0.000000,-3734.000000,0.000000,0.000000
100.000000,-100.000000,0.000000,0.000000,-3726.000000,0.000000,0.000000
0.000000,0.000000,78.000000,78.000000,-3733.000000,0.000000,0.000000
0.000000,-100.000000,0.000000,0.000000,-3761.000000,0.000000,0.000000
0.000000,-100.000000,0.000000,0.000000,-3777.000000,0.000000,0.000000
0.000000,-200.000000,0.000000,0.000000,-3779.000000,0.000000,0.000000
200.000000,-300.000000,0.000000,0.000000,-3787.000000,0.000000,0.000000
0.000000,0.000000,0.000000,0.000000,-3773.000000,0.000000,0.000000
-100.000000,-100.000000,0.000000,0.000000,-3776.000000,0.000000,0.000000
0.000000,0.000000,0.000000,0.000000,-3781.000000,0.000000,0.000000
0.000000,-100.000000,0.000000,0.000000,-3789.000000,0.000000,0.000000
0.000000,0.000000,0.000000,0.000000,-3781.000000,0.000000,0.000000
-200.000000,0.000000,0.000000,0.000000,-3783.000000,0.000000,0.000000
0.000000,100.000000,0.000000,0.000000,-3768.000000,0.000000,0.000000
-100.000000,100.000000,0.000000,0.000000,-3775.000000,0.000000,0.000000
0.000000,0.000000,0.000000,0.000000,-3758.000000,0.000000,0.000000
-100.000000,0.000000,0.000000,0.000000,-3751.000000,0.000000,0.000000
0.000000,300.000000,0.000000,0.000000,-3746.000000,0.000000,0.000000
0.000000,-200.000000,0.000000,0.000000,-3747.000000,0.000000,0.000000
0.000000,100.000000,0.000000,0.000000,-3743.000000,0.000000,0.000000
-100.000000,0.000000,0.000000,0.000000,-3735.000000,0.000000,0.000000
0.000000,0.000000,0.000000,0.000000,-3748.000000,0.000000,0.000000
0.000000,100.000000,0.000000,0.000000,-3755.000000,0.000000,0.000000
-100.000000,0.000000,0.000000,0.000000,-3759.000000,0.000000,0.000000
-200.000000,-200.000000,0.000000,0.000000,-3763.000000,0.000000,0.000000
-100.000000,0.000000,0.000000,0.000000,-3772.000000,0.000000,0.000000
-100.000000,-200.000000,0.000000,0.000000,-3760.000000,0.000000,0.000000
100.000000,300.000000,0.000000,0.000000,-3757.000000,0.000000,0.000000
0.000000,-100.000000,0.000000,0.000000,-3745.000000,0.000000,0.000000
0.000000,0.000000,0.000000,0.000000,-3752.000000,0.000000,0.000000
4500.000000,100.000000,5000.000000,5000.000000,-3752.000000,-196.000000,0.000000
4800.000000,4600.000000,5000.000000,5000.000000,-3773.000000,0.000000,981.000000
4600.000000,4900.000000,5000.000000,5000.000000,-3728.000000,196.000000,1178.000000
5300.000000,4900.000000,5000.000000,5000.000000,-3559.000000,-196.000000,589.000000
4700.000000,5300.000000,5000.000000,5000.000000,-3310.000000,0.000000,-196.000000
4800.000000,4400.000000,5000.000000,5000.000000,-3214.000000,196.000000,0.000000
5200.000000,5200.000000,5000.000000,5000.000000,-3150.000000,-196.000000,196.000000
4800.000000,5100.000000,5000.000000,5000.000000,-2968.000000,0.000000,981.000000
4600.000000,4800.000000,5000.000000,5000.000000,-2762.000000,196.000000,1178.000000
4900.000000,5500.000000,5000.000000,5000.000000,-2564.000000,-196.000000,1178.000000
4900.000000,5300.000000,5000.000000,5000.000000,-2368.000000,196.000000,785.000000
4900.000000,4700.000000,5000.000000,5000.000000,-2067.000000,0.000000,589.000000
5100.000000,4500.000000,5000.000000,5000.000000,-1806.000000,0.000000,785.000000
4700.000000,5000.000000,5000.000000,5000.000000,-1630.000000,-196.000000,1178.000000
5400.000000,4500.000000,5000.000000,5000.000000,-1395.000000,0.000000,1570.000000
4800.000000,4200.000000,5000.000000,5000.000000,-1071.000000,0.000000,1570.000000
4700.000000,4600.000000,5000.000000,5000.000000,-766.000000,196.000000,1374.000000
4200.000000,6100.000000,5000.000000,5000.000000,-508.000000,-196.000000,1178.000000
5300.000000,4700.000000,5000.000000,5000.000000,-224.000000,196.000000,981.000000
4800.000000,4800.000000,5000.000000,5000.000000,43.000000,0.000000,1374.000000
5800.000000,4600.000000,5000.000000,5000.000000,313.000000,0.000000,1570.000000
5300.000000,4700.000000,5000.000000,5000.000000,633.000000,0.000000,1963.000000
5400.000000,4900.000000,5000.000000,5000.000000,961.000000,-196.000000,1963.000000
4900.000000,4100.000000,5000.000000,5000.000000,1243.000000,196.000000,1374.000000
4600.000000,5700.000000,5000.000000,5000.000000,1489.000000,0.000000,1374.000000
4100.000000,4900.000000,5000.000000,5000.000000,1748.000000,-196.000000,1374.000000
6100.000000,4800.000000,5000.000000,5000.000000,2034.000000,196.000000,1570.000000
4800.000000,4300.000000,5000.000000,5000.000000,2302.000000,0.000000,1767.000000
4400.000000,4200.000000,5000.000000,5000.000000,2519.000000,0.000000,1767.000000
4400.000000,5200.000000,5000.000000,5000.000000,2792.000000,0.000000,1570.000000
4100.000000,5100.000000,5000.000000,5000.000000,3051.000000,0.000000,1374.000000
5700.000000,4300.000000,5000.000000,5000.000000,3212.000000,0.000000,1374.000000
4500.000000,4100.000000,5000.000000,5000.000000,3352.000000,0.000000,1374.000000
4500.000000,4100.000000,5000.000000,5000.000000,3543.000000,-196.000000,1570.000000
3900.000000,5100.000000,5000.000000,5000.000000,3714.000000,0.000000,1570.000000
6300.000000,5900.000000,5000.000000,5000.000000,3844.000000,0.000000,1374.000000
4600.000000,4600.000000,5000.000000,5000.000000,3923.000000,196.000000,1374.000000
4900.000000,4100.000000,5000.000000,5000.000000,4031.000000,-196.000000,1178.000000
5900.000000,6200.000000,5000.000000,5000.000000,4110.000000,0.000000,1178.000000
4800.000000,5000.000000,5000.000000,5000.000000,4147.000000,0.000000,1374.000000
4500.000000,4800.000000,5000.000000,5000.000000,4190.000000,196.000000,1374.000000
5100.000000,4300.000000,5000.000000,5000.000000,4278.000000,-196.000000,1374.000000
4600.000000,4900.000000,5000.000000,5000.000000,4255.000000,0.000000,1178.000000
4500.000000,5000.000000,5000.000000,5000.000000,4139.000000,196.000000,1178.000000
6000.000000,5900.000000,5000.000000,5000.000000,4073.000000,-196.000000,981.000000
4800.000000,4900.000000,5000.000000,5000.000000,4035.000000,196.000000,1178.000000
4400.000000,3800.000000,5000.000000,5000.000000,3928.000000,-196.000000,1178.000000
5100.000000,5900.000000,5000.000000,5000.000000,3770.000000,196.000000,1178.000000
4700.000000,4600.000000,5000.000000,5000.000000,3640.000000,-196.000000,981.000000
5100.000000,5300.000000,5000.000000,5000.000000,3480.000000,196.000000,981.000000
4800.000000,4900.000000,5000.000000,5000.000000,3271.000000,-196.000000,981.000000
4900.000000,4200.000000,5000.000000,5000.000000,3057.000000,196.000000,981.000000
5300.000000,5500.000000,5000.000000,5000.000000,2884.000000,-196.000000,981.000000
4300.000000,4500.000000,5000.000000,5000.000000,2672.000000,196.000000,981.000000
4700.000000,5000.000000,5000.000000,5000.000000,2502.000000,-196.000000,981.000000
4200.000000,5000.000000,5000.000000,5000.000000,2190.000000,0.000000,981.000000
4700.000000,4200.000000,5000.000000,5000.000000,1840.000000,196.000000,981.000000
4100.000000,5600.000000,5000.000000,5000.000000,1599.000000,-196.000000,981.000000
4700.000000,4600.000000,5000.000000,5000.000000,1328.000000,0.000000,981.000000
4400.000000,4800.000000,5000.000000,5000.000000,1057.000000,196.000000,1178.000000
5300.000000,4700.000000,5000.000000,5000.000000,807.000000,0.000000,981.000000
4900.000000,5500.000000,5000.000000,5000.000000,481.000000,0.000000,981.000000
6000.000000,4700.000000,5000.000000,5000.000000,168.000000,-196.000000,1178.000000
5000.000000,4300.000000,5000.000000,5000.000000,-155.000000,0.000000,1178.000000
4100.000000,5100.000000,5000.000000,5000.000000,-423.000000,0.000000,1178.000000
4900.000000,5700.000000,5000.000000,5000.000000,-708.000000,0.000000,1374.000000
4800.000000,4500.000000,5000.000000,5000.000000,-1001.000000,0.000000,1374.000000
4100.000000,4900.000000,5000.000000,5000.000000,-1250.000000,196.000000,1374.000000
6000.000000,4500.000000,5000.000000,5000.000000,-1489.000000,0.000000,1374.000000
4700.000000,3900.000000,5000.000000,5000.000000,-1698.000000,0.000000,1570.000000
4100.000000,4700.000000,5000.000000,5000.000000,-1847.000000,0.000000,1570.000000
3800.000000,5200.000000,5000.000000,5000.000000,-2003.000000,196.000000,1767.000000
4000.000000,5400.000000,5000.000000,5000.000000,-2170.000000,-196.000000,1963.000000
4100.000000,5200.000000,5000.000000,5000.000000,-2340.000000,196.000000,1767.000000
4000.000000,5200.000000,5000.000000,5000.000000,-2500.000000,0.000000,1767.000000
3900.000000,4100.000000,5000.000000,5000.000000,-2617.000000,0.000000,2159.000000
4300.000000,3900.000000,5000.000000,5000.000000,-2714.000000,0.000000,2159.000000
4300.000000,4100.000000,5000.000000,5000.000000,-2846.000000,0.000000,2356.000000
4600.000000,6100.000000,5000.000000,5000.000000,-2926.000000,-196.000000,2356.000000
6400.000000,4400.000000,5000.000000,5000.000000,-2901.000000,0.000000,2356.000000
5000.000000,4600.000000,5000.000000,5000.000000,-2967.000000,196.000000,2552.000000
4000.000000,5800.000000,5000.000000,5000.000000,-2964.000000,-196.000000,2356.000000
4200.000000,3900.000000,5000.000000,5000.000000,-2931.000000,196.000000,2552.000000
6700.000000,5500.000000,5000.000000,5000.000000,-2857.000000,0.000000,2748.000000
4200.000000,4600.000000,5000.000000,5000.000000,-2873.000000,-196.000000,2748.000000
4900.000000,4700.000000,5000.000000,5000.000000,-2838.000000,0.000000,2748.000000
4400.000000,4600.000000,5000.000000,5000.000000,-2696.000000,0.000000,2748.000000
5200.000000,5800.000000,5000.000000,5000.000000,-2639.000000,0.000000,2945.000000
4200.000000,4300.000000,5000.000000,5000.000000,-2505.000000,0.000000,3337.000000
5900.000000,4800.000000,5000.000000,5000.000000,-2374.000000,196.000000,3337.000000
5200.000000,6300.000000,5000.000000,5000.000000,-2190.000000,-196.000000,3337.000000
4500.000000,4600.000000,5000.000000,5000.000000,-1964.000000,196.000000,3337.000000
5600.000000,4600.000000,5000.000000,5000.000000,-1714.000000,-196.000000,3337.000000
4100.000000,4600.000000,5000.000000,5000.000000,-1466.000000,196.000000,3337.000000
4300.000000,6200.000000,5000.000000,5000.000000,-1335.000000,-196.000000,3534.000000
4500.000000,4500.000000,5000.000000,5000.000000,-1200.000000,196.000000,3730.000000
5700.000000,3900.000000,5000.000000,5000.000000,-1033.000000,-196.000000,3730.000000
6500.000000,4000.000000,5000.000000,5000.000000,-845.000000,0.000000,3730.000000
6200.000000,4200.000000,5000.000000,5000.000000,-564.000000,0.000000,3730.000000
5700.000000,4000.000000,5000.000000,5000.000000,-277.000000,0.000000,3534.000000
4900.000000,4500.000000,5000.000000,5000.000000,-29.000000,0.000000,3337.000000
4200.000000,4500.000000,5000.000000,5000.000000,246.000000,0.000000,3141.000000
3800.000000,5200.000000,5000.000000,5000.000000,531.000000,0.000000,3534.000000
3900.000000,5700.000000,5000.000000,5000.000000,853.000000,0.000000,3730.000000
4500.000000,6000.000000,5000.000000,5000.000000,1067.000000,196.000000,3926.000000
4900.000000,6600.000000,5000.000000,5000.000000,1330.000000,0.000000,4319.000000
4500.000000,5200.000000,5000.000000,5000.000000,1612.000000,0.000000,4319.000000
4500.000000,5600.000000,5000.000000,5000.000000,1814.000000,-196.000000,4123.000000
4300.000000,5700.000000,5000.000000,5000.000000,2039.000000,0.000000,4123.000000
4100.000000,5800.000000,5000.000000,5000.000000,2203.000000,196.000000,3926.000000
4600.000000,5800.000000,5000.000000,5000.000000,2368.000000,0.000000,3730.000000
5900.000000,5800.000000,5000.000000,5000.000000,2573.000000,0.000000,3730.000000
6400.000000,5700.000000,5000.000000,5000.000000,2686.000000,196.000000,3730.000000
5700.000000,5800.000000,5000.000000,5000.000000,2773.000000,0.000000,3534.000000
5800.000000,5500.000000,5000.000000,5000.000000,2858.000000,0.000000,3926.000000
5500.000000,6200.000000,5000.000000,5000.000000,2945.000000,-196.000000,4123.000000
6100.000000,5800.000000,5000.000000,5000.000000,2950.000000,0.000000,3926.000000
5400.000000,5800.000000,5000.000000,5000.000000,2971.000000,196.000000,3926.000000
4400.000000,6000.000000,5000.000000,5000.000000,2919.000000,0.000000,3730.000000
3600.000000,6100.000000,5000.000000,5000.000000,2910.000000,-196.000000,3534.000000
4300.000000,6100.000000,5000.000000,5000.000000,2872.000000,196.000000,3534.000000
5700.000000,6600.000000,5000.000000,5000.000000,2850.000000,0.000000,3730.000000
6200.000000,5500.000000,5000.000000,5000.000000,2772.000000,0.000000,3730.000000
5400.000000,5700.000000,5000.000000,5000.000000,2686.000000,0.000000,3730.000000
5000.000000,5300.000000,5000.000000,5000.000000,2631.000000,-196.000000,3926.000000
3800.000000,6100.000000,5000.000000,5000.000000,2485.000000,0.000000,3926.000000
4000.000000,6400.000000,5000.000000,5000.000000,2350.000000,196.000000,3730.000000
4300.000000,5700.000000,5000.000000,5000.000000,2155.000000,0.000000,3926.000000
4600.000000,6100.000000,5000.000000,5000.000000,1986.000000,0.000000,3534.000000
6400.000000,6500.000000,5000.000000,5000.000000,1803.000000,0.000000,3337.000000
4300.000000,5200.000000,5000.000000,5000.000000,1617.000000,-196.000000,3926.000000
3900.000000,4000.000000,5000.000000,5000.000000,1394.000000,0.000000,4123.000000
3800.000000,4100.000000,5000.000000,5000.000000,1077.000000,0.000000,4123.000000
3900.000000,4800.000000,5000.000000,5000.000000,1020.000000,196.000000,4123.000000
4100.000000,5800.000000,5000.000000,5000.000000,739.000000,0.000000,3926.000000
4100.000000,6000.000000,5000.000000,5000.000000,500.000000,-196.000000,3926.000000
4100.000000,5700.000000,5000.000000,5000.000000,365.000000,0.000000,4123.000000
4300.000000,6500.000000,5000.000000,5000.000000,71.000000,0.000000,3730.000000
4900.000000,5900.000000,5000.000000,5000.000000,-199.000000,0.000000,3730.000000
5700.000000,5900.000000,5000.000000,5000.000000,-400.000000,0.000000,3730.000000
6300.000000,6400.000000,5000.000000,5000.000000,-584.000000,196.000000,3926.000000
6200.000000,5100.000000,5000.000000,5000.000000,-811.000000,-196.000000,3926.000000
6200.000000,4600.000000,5000.000000,5000.000000,-1021.000000,196.000000,3926.000000
5900.000000,4000.000000,5000.000000,5000.000000,-1274.000000,-196.000000,4123.000000
4700.000000,4300.000000,5000.000000,5000.000000,-1436.000000,196.000000,4319.000000
4700.000000,5800.000000,5000.000000,5000.000000,-1515.000000,0.000000,4319.000000
4100.000000,5300.000000,5000.000000,5000.000000,-1683.000000,-196.000000,4319.000000
4100.000000,4100.000000,5000.000000,5000.000000,-1824.000000,196.000000,4319.000000
4000.000000,3900.000000,5000.000000,5000.000000,-1954.000000,-196.000000,4319.000000
3300.000000,5400.000000,5000.000000,5000.000000,-2064.000000,0.000000,4712.000000
5400.000000,5300.000000,5000.000000,5000.000000,-2194.000000,196.000000,4908.000000
4700.000000,4000.000000,5000.000000,5000.000000,-2270.000000,-196.000000,5105.000000
3800.000000,4900.000000,5000.000000,5000.000000,-2411.000000,196.000000,4908.000000
6000.000000,5500.000000,5000.000000,5000.000000,-2468.000000,0.000000,4712.000000
4700.000000,4700.000000,5000.000000,5000.000000,-2468.000000,0.000000,4319.000000
3800.000000,4000.000000,5000.000000,5000.000000,-2512.000000,0.000000,4123.000000
4800.000000,5500.000000,5000.000000,5000.000000,-2574.000000,-196.000000,4319.000000
4700.000000,4000.000000,5000.000000,5000.000000,-2618.000000,0.000000,4908.000000
4600.000000,4200.000000,5000.000000,5000.000000,-2700.000000,196.000000,5105.000000
3900.000000,4600.000000,5000.000000,5000.000000,-2615.000000,0.000000,5497.000000
5300.000000,5300.000000,5000.000000,5000.000000,-2526.000000,0.000000,5301.000000
5800.000000,5200.000000,5000.000000,5000.000000,-2469.000000,0.000000,5105.000000
4600.000000,4300.000000,5000.000000,5000.000000,-2461.000000,0.000000,4908.000000
4100.000000,5600.000000,5000.000000,5000.000000,-2419.000000,0.000000,4712.000000
5000.000000,5200.000000,5000.000000,5000.000000,-2315.000000,0.000000,4712.000000
5800.000000,5600.000000,5000.000000,5000.000000,-2250.000000,-196.000000,5105.000000
5900.000000,4900.000000,5000.000000,5000.000000,-2058.000000,196.000000,5890.000000
6300.000000,5400.000000,5000.000000,5000.000000,-1879.000000,0.000000,5890.000000
5100.000000,5500.000000,5000.000000,5000.000000,-1844.000000,-196.000000,5497.000000
4600.000000,3600.000000,5000.000000,5000.000000,-1843.000000,196.000000,5105.000000
5700.000000,3800.000000,5000.000000,5000.000000,-1741.000000,-196.000000,5301.000000
3500.000000,5700.000000,5000.000000,5000.000000,-1636.000000,0.000000,5497.000000
3600.000000,4400.000000,5000.000000,5000.000000,-1534.000000,196.000000,6086.000000
5400.000000,4600.000000,5000.000000,5000.000000,-1099.000000,0.000000,5694.000000
5700.000000,4400.000000,5000.000000,5000.000000,-1040.000000,0.000000,5497.000000
6400.000000,5100.000000,5000.000000,5000.000000,-1012.000000,-196.000000,5497.000000
4000.000000,4800.000000,5000.000000,5000.000000,-900.000000,196.000000,5105.000000
4600.000000,4300.000000,5000.000000,5000.000000,-702.000000,0.000000,5497.000000
4400.000000,4600.000000,5000.000000,5000.000000,-434.000000,-196.000000,6086.000000
3700.000000,6100.000000,5000.000000,5000.000000,-193.000000,0.000000,6675.000000
6100.000000,6000.000000,5000.000000,5000.000000,-7.000000,196.000000,6675.000000
5700.000000,6100.000000,5000.000000,5000.000000,132.000000,0.000000,6086.000000
6200.000000,5400.000000,5000.000000,5000.000000,181.000000,-196.000000,5497.000000
3600.000000,3600.000000,5000.000000,5000.000000,420.000000,196.000000,5301.000000
4000.000000,5200.000000,5000.000000,5000.000000,834.000000,-196.000000,5694.000000
3600.000000,5300.000000,5000.000000,5000.000000,1259.000000,196.000000,6479.000000
6200.000000,5600.000000,5000.000000,5000.000000,1358.000000,-196.000000,6675.000000
5300.000000,5500.000000,5000.000000,5000.000000,1464.000000,196.000000,6479.000000
5700.000000,4600.000000,5000.000000,5000.000000,1511.000000,0.000000,5694.000000
5500.000000,4500.000000,5000.000000,5000.000000,1605.000000,0.000000,5497.000000
3800.000000,4700.000000,5000.000000,5000.000000,1785.000000,0.000000,5890.000000
4200.000000,5200.000000,5000.000000,5000.000000,1799.000000,-196.000000,5890.000000
5700.000000,4900.000000,5000.000000,5000.000000,2002.000000,196.000000,6086.000000
6200.000000,3900.000000,5000.000000,5000.000000,2134.000000,-196.000000,6283.000000
5400.000000,5100.000000,5000.000000,5000.000000,2161.000000,0.000000,5694.000000
3600.000000,5500.000000,5000.000000,5000.000000,2208.000000,196.000000,5694.000000
4100.000000,4200.000000,5000.000000,5000.000000,2344.000000,-196.000000,5890.000000
4300.000000,5100.000000,5000.000000,5000.000000,2259.000000,196.000000,5890.000000
4500.000000,4900.000000,5000.000000,5000.000000,2224.000000,0.000000,5890.000000
5000.000000,5200.000000,5000.000000,5000.000000,2284.000000,0.000000,5890.000000
-200.000000,0.000000,0.000000,0.000000,2380.000000,-196.000000,5301.000000
-100.000000,0.000000,0.000000,0.000000,2197.000000,0.000000,4123.000000
0.000000,200.000000,0.000000,0.000000,1864.000000,196.000000,3534.000000
-200.000000,0.000000,0.000000,0.000000,1792.000000,0.000000,3926.000000
-200.000000,-100.000000,0.000000,0.000000,1676.000000,-196.000000,3534.000000
-200.000000,200.000000,0.000000,0.000000,1325.000000,0.000000,3730.000000
-100.000000,0.000000,0.000000,0.000000,1105.000000,196.000000,4516.000000
-200.000000,0.000000,0.000000,0.000000,840.000000,-196.000000,5694.000000
-100.000000,0.000000,0.000000,0.000000,597.000000,0.000000,6283.000000
0.000000,0.000000,0.000000,0.000000,260.000000,196.000000,5890.000000
0.000000,100.000000,0.000000,0.000000,-288.000000,-196.000000,5497.000000
0.000000,0.000000,0.000000,0.000000,-694.000000,0.000000,5105.000000
200.000000,0.000000,0.000000,0.000000,-1148.000000,0.000000,4516.000000
-200.000000,100.000000,0.000000,0.000000,-1409.000000,-196.000000,4319.000000
-200.000000,0.000000,0.000000,0.000000,-1846.000000,196.000000,4319.000000
0.000000,-200.000000,0.000000,0.000000,-2291.000000,0.000000,3926.000000
-100.000000,200.000000,0.000000,0.000000,-3000.000000,0.000000,3730.000000
-200.000000,0.000000,0.000000,0.000000,-3488.000000,-196.000000,3534.000000
-300.000000,0.000000,0.000000,0.000000,-4038.000000,0.000000,3337.000000
-100.000000,0.000000,0.000000,0.000000,-4623.000000,0.000000,2748.000000
-100.000000,100.000000,0.000000,0.000000,-5203.000000,0.000000,2945.000000
-100.000000,400.000000,0.000000,0.000000,-5529.000000,196.000000,2748.000000
200.000000,100.000000,0.000000,0.000000,-5856.000000,-196.000000,3141.000000
-100.000000,0.000000,0.000000,0.000000,-6350.000000,0.000000,3730.000000
0.000000,-100.000000,0.000000,0.000000,-7094.000000,0.000000,4123.000000
-400.000000,-100.000000,0.000000,0.000000,-7615.000000,0.000000,3926.000000
-300.000000,0.000000,0.000000,0.000000,-8024.000000,196.000000,3141.000000
0.000000,0.000000,0.000000,0.000000,-8540.000000,-196.000000,3926.000000
-100.000000,100.000000,0.000000,0.000000,-9185.000000,0.000000,3730.000000
0.000000,0.000000,0.000000,0.000000,-9594.000000,196.000000,3730.000000
-300.000000,100.000000,0.000000,0.000000,-9810.000000,0.000000,3337.000000
-400.000000,0.000000,0.000000,0.000000,-10148.000000,0.000000,3534.000000
0.000000,-100.000000,0.000000,0.000000,-10648.000000,0.000000,3534.000000
100.000000,200.000000,0.000000,0.000000,-10924.000000,-196.000000,4123.000000
0.000000,0.000000,0.000000,0.000000,-11106.000000,196.000000,4516.000000
-100.000000,-200.000000,0.000000,0.000000,-11483.000000,196.000000,4319.000000
-100.000000,0.000000,0.000000,0.000000,-11695.000000,-196.000000,4516.000000
-200.000000,400.000000,0.000000,0.000000,-11955.000000,0.000000,3926.000000
0.000000,0.000000,0.000000,0.000000,-12181.000000,196.000000,3730.000000
0.000000,0.000000,0.000000,0.000000,-12329.000000,0.000000,3534.000000
-200.000000,0.000000,0.000000,0.000000,-12455.000000,-196.000000,3730.000000
-200.000000,-200.000000,0.000000,0.000000,-12431.000000,196.000000,4319.000000
-200.000000,0.000000,0.000000,0.000000,-12284.000000,0.000000,4712.000000
-400.000000,0.000000,0.000000,0.000000,-12316.000000,-196.000000,4712.000000
-100.000000,100.000000,0.000000,0.000000,-12261.000000,196.000000,4908.000000
0.000000,300.000000,0.000000,0.000000,-12142.000000,-196.000000,4908.000000
-200.000000,100.000000,0.000000,0.000000,-11959.000000,196.000000,5105.000000
-400.000000,0.000000,0.000000,0.000000,-11805.000000,-196.000000,5105.000000
0.000000,200.000000,0.000000,0.000000,-11607.000000,0.000000,5105.000000
-200.000000,0.000000,0.000000,0.000000,-11326.000000,0.000000,4908.000000
0.000000,0.000000,0.000000,0.000000,-10976.000000,196.000000,5105.000000
0.000000,300.000000,0.000000,0.000000,-10696.000000,-196.000000,5105.000000
0.000000,300.000000,0.000000,0.000000,-10361.000000,0.000000,5694.000000
0.000000,0.000000,0.000000,0.000000,-9986.000000,196.000000,5497.000000
0.000000,0.000000,0.000000,0.000000,-9507.000000,0.000000,5497.000000
-100.000000,0.000000,0.000000,0.000000,-9134.000000,-196.000000,5301.000000
0.000000,0.000000,0.000000,0.000000,-8779.000000,0.000000,5301.000000
-100.000000,100.000000,0.000000,0.000000,-8269.000000,196.000000,5105.000000
-100.000000,200.000000,0.000000,0.000000,-7799.000000,0.000000,5497.000000
-200.000000,0.000000,0.000000,0.000000,-7353.000000,-196.000000,5105.000000
-200.000000,0.000000,0.000000,0.000000,-6901.000000,196.000000,4712.000000
0.000000,0.000000,0.000000,0.000000,-6340.000000,-196.000000,5497.000000
-200.000000,0.000000,0.000000,0.000000,-5749.000000,196.000000,5105.000000
-200.000000,100.000000,0.000000,0.000000,-5334.000000,-196.000000,5105.000000
-100.000000,-100.000000,0.000000,0.000000,-4881.000000,0.000000,5105.000000
-200.000000,0.000000,0.000000,0.000000,-4339.000000,-196.000000,4908.000000
-100.000000,0.000000,0.000000,0.000000,-3771.000000,0.000000,4908.000000
0.000000,0.000000,0.000000,0.000000,-3343.000000,196.000000,5105.000000
0.000000,0.000000,0.000000,0.000000,-2925.000000,-196.000000,5105.000000
-100.000000,0.000000,0.000000,0.000000,-2431.000000,196.000000,4908.000000
-100.000000,100.000000,0.000000,0.000000,-2081.000000,0.000000,4908.000000
0.000000,0.000000,0.000000,0.000000,-1857.000000,-196.000000,4712.000000
100.000000,0.000000,0.000000,0.000000,-1502.000000,-196.000000,3926.000000
-200.000000,-200.000000,0.000000,0.000000,-1129.000000,196.000000,3534.000000
0.000000,0.000000,0.000000,0.000000,-951.000000,196.000000,4319.000000
0.000000,0.000000,0.000000,0.000000,-793.000000,-196.000000,4123.000000
-100.000000,100.000000,0.000000,0.000000,-523.000000,0.000000,4123.000000
-200.000000,0.000000,0.000000,0.000000,-300.000000,0.000000,4123.000000
-100.000000,0.000000,0.000000,0.000000,-168.000000,0.000000,3926.000000
0.000000,0.000000,0.000000,0.000000,-118.000000,196.000000,3926.000000
0.000000,100.000000,0.000000,0.000000,-43.000000,-196.000000,3730.000000
-200.000000,0.000000,0.000000,0.000000,22.000000,0.000000,3534.000000
0.000000,100.000000,0.000000,0.000000,-81.000000,0.000000,3730.000000
-200.000000,-100.000000,0.000000,0.000000,-225.000000,196.000000,3337.000000
-200.000000,-100.000000,0.000000,0.000000,-321.000000,-196.000000,3337.000000
0.000000,0.000000,0.000000,0.000000,-398.000000,196.000000,2945.000000
-100.000000,0.000000,0.000000,0.000000,-661.000000,0.000000,2945.000000
0.000000,0.000000,0.000000,0.000000,-875.000000,0.000000,2945.000000
100.000000,100.000000,0.000000,0.000000,-1109.000000,-196.000000,2748.000000
0.000000,0.000000,0.000000,0.000000,-1382.000000,196.000000,2552.000000
-200.000000,400.000000,0.000000,0.000000,-1675.000000,196.000000,2552.000000
0.000000,100.000000,0.000000,0.000000,-2024.000000,-196.000000,2552.000000
-200.000000,-100.000000,0.000000,0.000000,-2347.000000,0.000000,2552.000000
-200.000000,0.000000,0.000000,0.000000,-2700.000000,0.000000,2356.000000
-100.000000,0.000000,0.000000,0.000000,-3106.000000,196.000000,2552.000000
-100.000000,0.000000,0.000000,0.000000,-3483.000000,-196.000000,2356.000000
-100.000000,0.000000,0.000000,0.000000,-3800.000000,0.000000,2159.000000
-100.000000,100.000000,0.000000,0.000000,-4191.000000,196.000000,2159.000000
0.000000,0.000000,0.000000,0.000000,-4686.000000,-196.000000,2159.000000
0.000000,100.000000,0.000000,0.000000,-5070.000000,196.000000,1963.000000
0.000000,0.000000,0.000000,0.000000,-5435.000000,0.000000,1963.000000
100.000000,0.000000,0.000000,0.000000,-5810.000000,-196.000000,1963.000000
0.000000,0.000000,0.000000,0.000000,-6228.000000,0.000000,1963.000000
-100.000000,100.000000,0.000000,0.000000,-6606.000000,0.000000,2356.000000
-100.000000,0.000000,0.000000,0.000000,-6828.000000,0.000000,2356.000000
-200.000000,300.000000,0.000000,0.000000,-7253.000000,0.000000,1963.000000
0.000000,-100.000000,0.000000,0.000000,-7842.000000,0.000000,1963.000000
100.000000,400.000000,0.000000,0.000000,-8216.000000,196.000000,1963.000000
0.000000,0.000000,0.000000,0.000000,-8532.000000,-196.000000,1963.000000
0.000000,0.000000,0.000000,0.000000,-8904.000000,196.000000,2356.000000
-100.000000,200.000000,0.000000,0.000000,-9241.000000,-196.000000,2356.000000
-200.000000,0.000000,0.000000,0.000000,-9537.000000,196.000000,2552.000000
0.000000,0.000000,0.000000,0.000000,-9758.000000,-196.000000,2356.000000
0.000000,300.000000,0.000000,0.000000,-10060.000000,0.000000,2552.000000
-100.000000,-100.000000,0.000000,0.000000,-10291.000000,196.000000,2552.000000
0.000000,-100.000000,0.000000,0.000000,-10408.000000,-196.000000,2356.000000
-300.000000,100.000000,0.000000,0.000000,-10527.000000,0.000000,2552.000000
-200.000000,200.000000,0.000000,0.000000,-10669.000000,-196.000000,2552.000000
-300.000000,0.000000,0.000000,0.000000,-10773.000000,0.000000,2945.000000
-100.000000,-200.000000,0.000000,0.000000,-10830.000000,0.000000,2748.000000
-100.000000,0.000000,0.000000,0.000000,-10847.000000,196.000000,3141.000000
0.000000,100.000000,0.000000,0.000000,-10841.000000,0.000000,2945.000000
-100.000000,0.000000,0.000000,0.000000,-10834.000000,-196.000000,3141.000000
0.000000,200.000000,0.000000,0.000000,-10710.000000,196.000000,2748.000000
-100.000000,0.000000,0.000000,0.000000,-10581.000000,-196.000000,2748.000000
-200.000000,200.000000,0.000000,0.000000,-10488.000000,196.000000,2748.000000
-100.000000,0.000000,0.000000,0.000000,-10228.000000,0.000000,2748.000000
0.000000,200.000000,0.000000,0.000000,-10022.000000,0.000000,2552.000000
-100.000000,100.000000,0.000000,0.000000,-9764.000000,0.000000,2945.000000
-100.000000,0.000000,0.000000,0.000000,-9438.000000,-196.000000,3337.000000
-200.000000,0.000000,0.000000,0.000000,-9171.000000,196.000000,3337.000000
-200.000000,0.000000,0.000000,0.000000,-8872.000000,0.000000,3337.000000
0.000000,0.000000,0.000000,0.000000,-8554.000000,0.000000,3534.000000
0.000000,200.000000,0.000000,0.000000,-8164.000000,0.000000,3534.000000
0.000000,0.000000,0.000000,0.000000,-7670.000000,0.000000,3730.000000
100.000000,200.000000,0.000000,0.000000,-7289.000000,-196.000000,3534.000000
0.000000,200.000000,0.000000,0.000000,-6940.000000,196.000000,3534.000000
0.000000,-100.000000,0.000000,0.000000,-6488.000000,-196.000000,3534.000000
-100.000000,-100.000000,0.000000,0.000000,-6007.000000,196.000000,3337.000000
0.000000,0.000000,0.000000,0.000000,-5639.000000,-196.000000,3337.000000
0.000000,100.000000,0.000000,0.000000,-5314.000000,196.000000,3337.000000
0.000000,0.000000,0.000000,0.000000,-4873.000000,0.000000,3337.000000
0.000000,0.000000,0.000000,0.000000,-4414.000000,0.000000,3730.000000
-400.000000,200.000000,0.000000,0.000000,-4083.000000,-196.000000,3534.000000
-200.000000,-100.000000,0.000000,0.000000,-3690.000000,0.000000,3730.000000
0.000000,0.000000,0.000000,0.000000,-3310.000000,196.000000,3337.000000
-200.000000,-100.000000,0.000000,0.000000,-2964.000000,-196.000000,3534.000000
-100.000000,0.000000,0.000000,0.000000,-2635.000000,0.000000,3141.000000
-200.000000,-200.000000,0.000000,0.000000,-2254.000000,0.000000,3141.000000
0.000000,200.000000,0.000000,0.000000,-1895.000000,196.000000,2945.000000
-100.000000,0.000000,0.000000,0.000000,-1569.000000,0.000000,2748.000000
0.000000,0.000000,0.000000,0.000000,-1276.000000,-196.000000,2748.000000
-100.000000,-100.000000,0.000000,0.000000,-1051.000000,196.000000,2945.000000
0.000000,100.000000,0.000000,0.000000,-760.000000,0.000000,2748.000000
0.000000,100.000000,0.000000,0.000000,-577.000000,-196.000000,2945.000000
-100.000000,0.000000,0.000000,0.000000,-423.000000,0.000000,2748.000000
-200.000000,0.000000,0.000000,0.000000,-316.000000,0.000000,2748.000000
0.000000,0.000000,0.000000,0.000000,-254.000000,0.000000,2159.000000
0.000000,0.000000,0.000000,0.000000,-190.000000,0.000000,2159.000000
0.000000,0.000000,0.000000,0.000000,-137.000000,196.000000,1767.000000
-200.000000,0.000000,0.000000,0.000000,-86.000000,0.000000,1767.000000
-100.000000,300.000000,0.000000,0.000000,-86.000000,0.000000,1767.000000
0.000000,-100.000000,0.000000,0.000000,-184.000000,-196.000000,1767.000000
0.000000,0.000000,0.000000,0.000000,-239.000000,0.000000,1570.000000
-100.000000,0.000000,0.000000,0.000000,-340.000000,0.000000,1374.000000
-100.000000,0.000000,0.000000,0.000000,-475.000000,196.000000,1374.000000
-200.000000,-200.000000,0.000000,0.000000,-652.000000,0.000000,1178.000000
-200.000000,0.000000,0.000000,0.000000,-896.000000,0.000000,1178.000000
-200.000000,300.000000,0.000000,0.000000,-1095.000000,-196.000000,1178.000000
-100.000000,0.000000,0.000000,0.000000,-1371.000000,0.000000,1178.000000
-100.000000,0.000000,0.000000,0.000000,-1672.000000,0.000000,1178.000000
-100.000000,-100.000000,0.000000,0.000000,-1980.000000,0.000000,1178.000000
0.000000,0.000000,0.000000,0.000000,-2281.000000,196.000000,981.000000
0.000000,0.000000,0.000000,0.000000,-2600.000000,0.000000,785.000000
-100.000000,0.000000,0.000000,0.000000,-2988.000000,-196.000000,981.000000
-100.000000,200.000000,0.000000,0.000000,-3360.000000,196.000000,589.000000
-200.000000,0.000000,0.000000,0.000000,-3699.000000,0.000000,589.000000
100.000000,0.000000,0.000000,0.000000,-4087.000000,-196.000000,589.000000
0.000000,0.000000,0.000000,0.000000,-4557.000000,196.000000,589.000000
-200.000000,0.000000,0.000000,0.000000,-4949.000000,-196.000000,392.000000
0.000000,0.000000,0.000000,0.000000,-5357.000000,-196.000000,589.000000
0.000000,0.000000,0.000000,0.000000,-5627.000000,196.000000,589.000000
0.000000,-100.000000,0.000000,0.000000,-6063.000000,-196.000000,589.000000
-100.000000,0.000000,0.000000,0.000000,-6440.000000,196.000000,589.000000
100.000000,0.000000,0.000000,0.000000,-6853.000000,-196.000000,589.000000
0.000000,100.000000,0.000000,0.000000,-7222.000000,196.000000,589.000000
-200.000000,0.000000,0.000000,0.000000,-7518.000000,-196.000000,589.000000
-200.000000,300.000000,0.000000,0.000000,-7811.000000,196.000000,392.000000
0.000000,0.000000,0.000000,0.000000,-8167.000000,-196.000000,589.000000
-100.000000,0.000000,0.000000,0.000000,-8528.000000,0.000000,589.000000
100.000000,0.000000,0.000000,0.000000,-8764.000000,196.000000,589.000000
0.000000,100.000000,0.000000,0.000000,-9048.000000,0.000000,589.000000
-100.000000,0.000000,0.000000,0.000000,-9269.000000,0.000000,785.000000
0.000000,-200.000000,0.000000,0.000000,-9505.000000,0.000000,785.000000
-200.000000,200.000000,0.000000,0.000000,-9700.000000,0.000000,589.000000
0.000000,200.000000,0.000000,0.000000,-9870.000000,0.000000,785.000000
-100.000000,0.000000,0.000000,0.000000,-10000.000000,-196.000000,785.000000
-200.000000,400.000000,0.000000,0.000000,-10091.000000,0.000000,981.000000
-100.000000,300.000000,0.000000,0.000000,-10159.000000,196.000000,785.000000
0.000000,0.000000,0.000000,0.000000,-10182.000000,-196.000000,981.000000
0.000000,100.000000,0.000000,0.000000,-10244.000000,196.000000,981.000000
-100.000000,300.000000,0.000000,0.000000,-10197.000000,-196.000000,1178.000000
0.000000,0.000000,0.000000,0.000000,-10159.000000,0.000000,1178.000000
-100.000000,0.000000,0.000000,0.000000,-10055.000000,196.000000,1178.000000
0.000000,0.000000,0.000000,0.000000,-9879.000000,-196.000000,1178.000000
-200.000000,0.000000,0.000000,0.000000,-9758.000000,0.000000,1374.000000
100.000000,100.000000,156.000000,156.000000,-9529.000000,-196.000000,1374.000000
0.000000,0.000000,0.000000,0.000000,-9324.000000,196.000000,1374.000000
0.000000,-100.000000,0.000000,0.000000,-9046.000000,0.000000,1374.000000
0.000000,200.000000,78.000000,78.000000,-8792.000000,0.000000,1570.000000
-100.000000,0.000000,0.000000,0.000000,-8506.000000,0.000000,1374.000000
0.000000,0.000000,0.000000,0.000000,-8209.000000,-196.000000,1374.000000
0.000000,-100.000000,0.000000,0.000000,-7902.000000,0.000000,1570.000000
100.000000,-100.000000,0.000000,0.000000,-7533.000000,0.000000,1374.000000
-100.000000,0.000000,0.000000,0.000000,-7169.000000,196.000000,1570.000000
-100.000000,-100.000000,0.000000,0.000000,-6779.000000,0.000000,1374.000000
-200.000000,100.000000,0.000000,0.000000,-6411.000000,-196.000000,1570.000000
0.000000,100.000000,0.000000,0.000000,-6047.000000,196.000000,1570.000000
0.000000,100.000000,0.000000,0.000000,-5617.000000,-196.000000,1374.000000
-100.000000,0.000000,0.000000,0.000000,-5202.000000,196.000000,1570.000000
0.000000,400.000000,0.000000,0.000000,-4804.000000,-196.000000,1374.000000
-200.000000,0.000000,0.000000,0.000000,-4449.000000,196.000000,1178.000000
0.000000,0.000000,0.000000,0.000000,-4086.000000,-196.000000,1374.000000
0.000000,300.000000,0.000000,0.000000,-3717.000000,196.000000,1178.000000
0.000000,0.000000,0.000000,0.000000,-3386.000000,-196.000000,1374.000000
-100.000000,0.000000,0.000000,0.000000,-3079.000000,0.000000,1178.000000
0.000000,0.000000,0.000000,0.000000,-2754.000000,0.000000,981.000000
-100.000000,-200.000000,0.000000,0.000000,-2434.000000,0.000000,1178.000000
-200.000000,0.000000,0.000000,0.000000,-2172.000000,0.000000,981.000000
-200.000000,0.000000,0.000000,0.000000,-1901.000000,196.000000,981.000000
-100.000000,0.000000,0.000000,0.000000,-1654.000000,-196.000000,785.000000
100.000000,-100.000000,0.000000,0.000000,-1434.000000,0.000000,785.000000
-100.000000,100.000000,0.000000,0.000000,-1264.000000,196.000000,785.000000
-200.000000,-100.000000,0.000000,0.000000,-1103.000000,0.000000,589.000000
0.000000,200.000000,0.000000,0.000000,-958.000000,-196.000000,589.000000
0.000000,0.000000,0.000000,0.000000,-855.000000,196.000000,589.000000
100.000000,200.000000,0.000000,0.000000,-789.000000,-196.000000,196.000000
0.000000,100.000000,0.000000,0.000000,-737.000000,196.000000,196.000000
0.000000,-100.000000,0.000000,0.000000,-715.000000,-196.000000,196.000000
-100.000000,-100.000000,0.000000,0.000000,-733.000000,0.000000,0.000000
0.000000,0.000000,0.000000,0.000000,-778.000000,0.000000,0.000000
0.000000,0.000000,0.000000,0.000000,-839.000000,0.000000,196.000000
0.000000,300.000000,0.000000,0.000000,-939.000000,196.000000,0.000000
0.000000,0.000000,0.000000,0.000000,-1070.000000,-196.000000,0.000000
0.000000,-100.000000,156.000000,156.000000,-1254.000000,196.000000,0.000000
0.000000,0.000000,0.000000,0.000000,-1437.000000,-196.000000,0.000000
200.000000,0.000000,0.000000,0.000000,-1636.000000,196.000000,0.000000
0.000000,0.000000,0.000000,0.000000,-1882.000000,0.000000,-196.000000
0.000000,200.000000,0.000000,0.000000,-2113.000000,0.000000,0.000000
-100.000000,200.000000,0.000000,0.000000,-2379.000000,0.000000,0.000000
-200.000000,0.000000,0.000000,0.000000,-2658.000000,0.000000,-196.000000
0.000000,400.000000,0.000000,0.000000,-2945.000000,0.000000,0.000000
0.000000,0.000000,0.000000,0.000000,-3285.000000,0.000000,-589.000000
0.000000,-200.000000,0.000000,0.000000,-3573.000000,0.000000,-785.000000
100.000000,-200.000000,0.000000,0.000000,-3893.000000,0.000000,-1178.000000
0.000000,-100.000000,0.000000,0.000000,-4204.000000,0.000000,-981.000000
0.000000,-300.000000,0.000000,0.000000,-4514.000000,0.000000,-981.000000
0.000000,-100.000000,0.000000,0.000000,-4838.000000,0.000000,-785.000000
-100.000000,0.000000,0.000000,0.000000,-5117.000000,0.000000,-589.000000
200.000000,0.000000,0.000000,0.000000,-5403.000000,0.000000,-589.000000
0.000000,0.000000,0.000000,0.000000,-5674.000000,0.000000,-392.000000
0.000000,0.000000,0.000000,0.000000,-5968.000000,0.000000,-392.000000
100.000000,-100.000000,0.000000,0.000000,-6253.000000,0.000000,-589.000000
100.000000,0.000000,0.000000,0.000000,-6536.000000,0.000000,-589.000000
-200.000000,-200.000000,0.000000,0.000000,-6674.000000,-196.000000,-785.000000
0.000000,-200.000000,0.000000,0.000000,-6951.000000,0.000000,-785.000000
100.000000,-200.000000,0.000000,0.000000,-7087.000000,0.000000,-785.000000
0.000000,0.000000,0.000000,0.000000,-7309.000000,0.000000,-392.000000
0.000000,200.000000,0.000000,0.000000,-7405.000000,0.000000,-392.000000
100.000000,-400.000000,0.000000,0.000000,-7570.000000,0.000000,-196.000000
0.000000,0.000000,0.000000,0.000000,-7626.000000,0.000000,-196.000000
0.000000,0.000000,0.000000,0.000000,-7734.000000,196.000000,-196.000000
100.000000,100.000000,0.000000,0.000000,-7814.000000,0.000000,-196.000000
0.000000,-200.000000,0.000000,0.000000,-7868.000000,0.000000,-196.000000
0.000000,-100.000000,0.000000,0.000000,-7893.000000,0.000000,0.000000
200.000000,200.000000,0.000000,0.000000,-7900.000000,0.000000,-196.000000
100.000000,0.000000,0.000000,0.000000,-7891.000000,0.000000,0.000000
0.000000,300.000000,0.000000,0.000000,-7833.000000,0.000000,0.000000
-300.000000,0.000000,0.000000,0.000000,-7751.000000,0.000000,0.000000
0.000000,-100.000000,0.000000,0.000000,-7672.000000,0.000000,0.000000
-100.000000,-100.000000,0.000000,0.000000,-7538.000000,0.000000,0.000000
0.000000,100.000000,0.000000,0.000000,-7377.000000,0.000000,0.000000
0.000000,0.000000,0.000000,0.000000,-7229.000000,0.000000,0.000000
0.000000,-100.000000,0.000000,0.000000,-7040.000000,0.000000,0.000000
-300.000000,-100.000000,0.000000,0.000000,-6853.000000,-196.000000,196.000000
-100.000000,400.000000,0.000000,0.000000,-6630.000000,0.000000,0.000000
-100.000000,0.000000,0.000000,0.000000,-6409.000000,0.000000,0.000000
-200.000000,100.000000,0.000000,0.000000,-6170.000000,0.000000,196.000000
-200.000000,-100.000000,0.000000,0.000000,-5921.000000,0.000000,0.000000
-100.000000,-100.000000,0.000000,0.000000,-5669.000000,0.000000,0.000000
0.000000,-200.000000,0.000000,0.000000,-5423.000000,0.000000,0.000000
-100.000000,-100.000000,0.000000,0.000000,-5163.000000,0.000000,0.000000
-100.000000,0.000000,0.000000,0.000000,-4904.000000,0.000000,0.000000
0.000000,100.000000,0.000000,0.000000,-4643.000000,0.000000,0.000000
0.000000,200.000000,0.000000,0.000000,-4393.000000,0.000000,196.000000
100.000000,-200.000000,0.000000,0.000000,-4120.000000,0.000000,392.000000
0.000000,-300.000000,0.000000,0.000000,-3869.000000,0.000000,392.000000
0.000000,-100.000000,0.000000,0.000000,-3637.000000,0.000000,196.000000
-100.000000,100.000000,0.000000,0.000000,-3385.000000,0.000000,392.000000
-100.000000,-100.000000,0.000000,0.000000,-3175.000000,0.000000,196.000000
0.000000,0.000000,0.000000,0.000000,-2962.000000,0.000000,0.000000
-200.000000,0.000000,0.000000,0.000000,-2748.000000,0.000000,196.000000
0.000000,0.000000,0.000000,0.000000,-2554.000000,0.000000,0.000000
0.000000,0.000000,0.000000,0.000000,-2389.000000,0.000000,0.000000
-200.000000,100.000000,0.000000,0.000000,-2231.000000,0.000000,0.000000
-200.000000,-300.000000,0.000000,0.000000,-2076.000000,0.000000,0.000000
0.000000,0.000000,0.000000,0.000000,-1925.000000,0.000000,0.000000
0.000000,-100.000000,0.000000,0.000000,-1825.000000,0.000000,0.000000
100.000000,0.000000,0.000000,0.000000,-1746.000000,0.000000,0.000000
-100.000000,0.000000,0.000000,0.000000,-1674.000000,0.000000,0.000000
100.000000,0.000000,0.000000,0.000000,-1599.000000,0.000000,0.000000
0.000000,100.000000,0.000000,0.000000,-1577.000000,0.000000,-196.000000
0.000000,0.000000,0.000000,0.000000,-1554.000000,0.000000,0.000000
200.000000,-100.000000,0.000000,0.000000,-1529.000000,196.000000,-196.000000
100.000000,-100.000000,0.000000,0.000000,-1603.000000,0.000000,-392.000000
0.000000,200.000000,0.000000,0.000000,-1691.000000,0.000000,-981.000000
0.000000,0.000000,0.000000,0.000000,-1782.000000,0.000000,-1178.000000
100.000000,-100.000000,0.000000,0.000000,-1755.000000,-196.000000,-1374.000000
-100.000000,0.000000,0.000000,0.000000,-1692.000000,0.000000,-1178.000000
100.000000,0.000000,0.000000,0.000000,-1732.000000,0.000000,-981.000000
400.000000,0.000000,0.000000,0.000000,-1928.000000,196.000000,-981.000000
0.000000,0.000000,0.000000,0.000000,-2045.000000,-196.000000,-785.000000
200.000000,300.000000,0.000000,0.000000,-2073.000000,196.000000,-785.000000
0.000000,200.000000,0.000000,0.000000,-2147.000000,0.000000,-981.000000
-100.000000,200.000000,0.000000,0.000000,-2364.000000,0.000000,-981.000000
100.000000,-300.000000,0.000000,0.000000,-2536.000000,0.000000,-1374.000000
400.000000,200.000000,0.000000,0.000000,-2577.000000,0.000000,-1374.000000
0.000000,100.000000,0.000000,0.000000,-2691.000000,-196.000000,-1570.000000
100.000000,0.000000,0.000000,0.000000,-2865.000000,196.000000,-1178.000000
0.000000,200.000000,0.000000,0.000000,-2950.000000,0.000000,-981.000000
300.000000,0.000000,0.000000,0.000000,-3012.000000,0.000000,-981.000000
0.000000,-300.000000,0.000000,0.000000,-3219.000000,-196.000000,-785.000000
300.000000,100.000000,0.000000,0.000000,-3496.000000,196.000000,-785.000000
100.000000,-200.000000,0.000000,0.000000,-3581.000000,0.000000,-785.000000
-100.000000,0.000000,0.000000,0.000000,-3683.000000,-196.000000,-981.000000
0.000000,0.000000,0.000000,0.000000,-3880.000000,0.000000,-981.000000
0.000000,100.000000,0.000000,0.000000,-4064.000000,0.000000,-1178.000000
0.000000,0.000000,0.000000,0.000000,-4099.000000,196.000000,-1178.000000
0.000000,300.000000,0.000000,0.000000,-4172.000000,-196.000000,-981.000000
0.000000,400.000000,0.000000,0.000000,-4353.000000,196.000000,-981.000000
0.000000,0.000000,156.000000,156.000000,-4488.000000,-196.000000,-981.000000
100.000000,0.000000,0.000000,0.000000,-4598.000000,0.000000,-785.000000
100.000000,0.000000,0.000000,0.000000,-4672.000000,196.000000,-981.000000
-200.000000,0.000000,78.000000,78.000000,-4791.000000,0.000000,-785.000000
100.000000,-300.000000,0.000000,0.000000,-4940.000000,-196.000000,-785.000000
0.000000,0.000000,0.000000,0.000000,-4988.000000,0.000000,-1178.000000
-100.000000,0.000000,0.000000,0.000000,-5020.000000,0.000000,-981.000000
-100.000000,0.000000,0.000000,0.000000,-5094.000000,196.000000,-785.000000
100.000000,-100.000000,0.000000,0.000000,-5171.000000,0.000000,-981.000000
200.000000,-300.000000,0.000000,0.000000,-5227.000000,0.000000,-785.000000
200.000000,0.000000,0.000000,0.000000,-5249.000000,0.000000,-785.000000
100.000000,0.000000,0.000000,0.000000,-5295.000000,0.000000,-589.000000
100.000000,0.000000,0.000000,0.000000,-5293.000000,0.000000,-785.000000
400.000000,0.000000,0.000000,0.000000,-5286.000000,0.000000,-589.000000
100.000000,-300.000000,0.000000,0.000000,-5253.000000,0.000000,-785.000000
100.000000,100.000000,0.000000,0.000000,-5229.000000,0.000000,-589.000000
100.000000,0.000000,0.000000,0.000000,-5158.000000,0.000000,-785.000000
0.000000,-300.000000,78.000000,78.000000,-5077.000000,-196.000000,-589.000000
-200.000000,100.000000,155.000000,156.000000,-5024.000000,0.000000,-589.000000
0.000000,200.000000,0.000000,0.000000,-4965.000000,196.000000,-589.000000
0.000000,100.000000,0.000000,0.000000,-4886.000000,-196.000000,-392.000000
0.000000,-100.000000,0.000000,0.000000,-4773.000000,0.000000,-589.000000
-200.000000,0.000000,0.000000,0.000000,-4715.000000,196.000000,-392.000000
0.000000,-100.000000,0.000000,0.000000,-4624.000000,-196.000000,-589.000000
0.000000,200.000000,0.000000,0.000000,-4466.000000,196.000000,-392.000000
-100.000000,200.000000,0.000000,0.000000,-4360.000000,0.000000,-392.000000
200.000000,0.000000,0.000000,0.000000,-4296.000000,0.000000,-392.000000
100.000000,0.000000,0.000000,0.000000,-4124.000000,-196.000000,-392.000000
200.000000,100.000000,0.000000,0.000000,-3965.000000,196.000000,-392.000000
0.000000,200.000000,0.000000,0.000000,-3882.000000,-196.000000,-196.000000
0.000000,0.000000,0.000000,0.000000,-3777.000000,0.000000,-392.000000
200.000000,-100.000000,78.000000,78.000000,-3657.000000,196.000000,-196.000000
100.000000,300.000000,0.000000,0.000000,-3494.000000,-196.000000,-196.000000
0.000000,200.000000,0.000000,0.000000,-3359.000000,196.000000,-392.000000
0.000000,200.000000,0.000000,0.000000,-3230.000000,-196.000000,-392.000000
0.000000,0.000000,0.000000,0.000000,-3110.000000,196.000000,-392.000000
0.000000,0.000000,156.000000,156.000000,-2974.000000,-196.000000,-196.000000
200.000000,0.000000,0.000000,0.000000,-2832.000000,196.000000,-196.000000
0.000000,0.000000,0.000000,0.000000,-2718.000000,0.000000,0.000000
-100.000000,0.000000,0.000000,0.000000,-2615.000000,-196.000000,-196.000000
100.000000,0.000000,0.000000,0.000000,-2513.000000,0.000000,-392.000000
300.000000,0.000000,0.000000,0.000000,-2405.000000,196.000000,-392.000000
-100.000000,0.000000,0.000000,0.000000,-2310.000000,0.000000,-589.000000
-200.000000,0.000000,0.000000,0.000000,-2219.000000,-196.000000,-392.000000
-100.000000,-200.000000,0.000000,0.000000,-2128.000000,0.000000,-196.000000
500.000000,0.000000,0.000000,0.000000,-2033.000000,0.000000,-392.000000
300.000000,0.000000,0.000000,0.000000,-1951.000000,0.000000,-196.000000
0.000000,-100.000000,0.000000,0.000000,-1873.000000,0.000000,-392.000000
100.000000,-100.000000,0.000000,0.000000,-1827.000000,0.000000,-392.000000
0.000000,200.000000,0.000000,0.000000,-1781.000000,0.000000,-392.000000
0.000000,0.000000,0.000000,0.000000,-1755.000000,0.000000,-392.000000
0.000000,-300.000000,0.000000,0.000000,-1737.000000,0.000000,-589.000000
100.000000,0.000000,156.000000,156.000000,-1701.000000,0.000000,-589.000000
-200.000000,300.000000,0.000000,0.000000,-1687.000000,0.000000,-589.000000
0.000000,400.000000,0.000000,0.000000,-1681.000000,196.000000,-589.000000
0.000000,0.000000,0.000000,0.000000,-1662.000000,-196.000000,-589.000000
200.000000,-100.000000,0.000000,0.000000,-1722.000000,0.000000,-589.000000
300.000000,300.000000,0.000000,0.000000,-1752.000000,196.000000,-589.000000
100.000000,-200.000000,0.000000,0.000000,-1776.000000,0.000000,-785.000000
0.000000,-200.000000,0.000000,0.000000,-1821.000000,-196.000000,-785.000000
0.000000,100.000000,0.000000,0.000000,-1888.000000,196.000000,-785.000000
-100.000000,200.000000,0.000000,0.000000,-1949.000000,-196.000000,-785.000000
200.000000,0.000000,0.000000,0.000000,-2015.000000,196.000000,-785.000000
0.000000,-100.000000,0.000000,0.000000,-2090.000000,-196.000000,-981.000000
0.000000,-100.000000,0.000000,0.000000,-2177.000000,196.000000,-785.000000
0.000000,0.000000,0.000000,0.000000,-2289.000000,-196.000000,-785.000000
-100.000000,100.000000,0.000000,0.000000,-2366.000000,196.000000,-981.000000
0.000000,-100.000000,0.000000,0.000000,-2496.000000,-196.000000,-981.000000
0.000000,100.000000,0.000000,0.000000,-2622.000000,196.000000,-981.000000
0.000000,0.000000,0.000000,0.000000,-2750.000000,0.000000,-785.000000
-200.000000,0.000000,0.000000,0.000000,-2867.000000,-196.000000,-1178.000000
0.000000,-300.000000,0.000000,0.000000,-2969.000000,196.000000,-981.000000
100.000000,200.000000,0.000000,0.000000,-3118.000000,-196.000000,-981.000000
-100.000000,200.000000,0.000000,0.000000,-3252.000000,196.000000,-981.000000
-300.000000,-100.000000,0.000000,0.000000,-3359.000000,-196.000000,-981.000000
0.000000,0.000000,0.000000,0.000000,-3471.000000,196.000000,-981.000000
-200.000000,0.000000,0.000000,0.000000,-3603.000000,-196.000000,-981.000000
-100.000000,-100.000000,0.000000,0.000000,-3770.000000,196.000000,-981.000000
-100.000000,500.000000,0.000000,0.000000,-3901.000000,-196.000000,-981.000000
0.000000,200.000000,0.000000,0.000000,-4010.000000,196.000000,-981.000000
-300.000000,100.000000,0.000000,0.000000,-4097.000000,0.000000,-981.000000
-100.000000,0.000000,0.000000,0.000000,-4172.000000,-196.000000,-981.000000
-200.000000,0.000000,0.000000,0.000000,-4279.000000,196.000000,-981.000000
100.000000,-100.000000,0.000000,0.000000,-4371.000000,0.000000,-785.000000
0.000000,200.000000,0.000000,0.000000,-4443.000000,-196.000000,-981.000000
0.000000,100.000000,0.000000,0.000000,-4507.000000,196.000000,-785.000000
0.000000,0.000000,0.000000,0.000000,-4596.000000,0.000000,-785.000000
0.000000,0.000000,0.000000,0.000000,-4667.000000,0.000000,-785.000000
0.000000,-100.000000,0.000000,0.000000,-4696.000000,0.000000,-785.000000
-100.000000,0.000000,0.000000,0.000000,-4750.000000,-196.000000,-589.000000
100.000000,-300.000000,0.000000,0.000000,-4827.000000,0.000000,-785.000000
-100.000000,-100.000000,0.000000,0.000000,-4866.000000,0.000000,-589.000000
-200.000000,100.000000,0.000000,0.000000,-4849.000000,0.000000,-589.000000
0.000000,0.000000,0.000000,0.000000,-4868.000000,0.000000,-589.000000
0.000000,-200.000000,156.000000,156.000000,-4885.000000,196.000000,-392.000000
0.000000,-300.000000,0.000000,0.000000,-4894.000000,0.000000,-589.000000
-300.000000,0.000000,0.000000,0.000000,-4851.000000,0.000000,-392.000000
-200.000000,-100.000000,0.000000,0.000000,-4826.000000,-196.000000,-392.000000
-300.000000,0.000000,0.000000,0.000000,-4808.000000,0.000000,-589.000000
0.000000,0.000000,0.000000,0.000000,-4783.000000,196.000000,-392.000000
-200.000000,-100.000000,0.000000,0.000000,-4726.000000,-196.000000,-392.000000
0.000000,0.000000,0.000000,0.000000,-4713.000000,0.000000,-196.000000
0.000000,300.000000,0.000000,0.000000,-4674.000000,196.000000,-392.000000
0.000000,-100.000000,0.000000,0.000000,-4569.000000,-196.000000,-392.000000
100.000000,300.000000,0.000000,0.000000,-4480.000000,196.000000,-196.000000
-100.000000,0.000000,0.000000,0.000000,-4421.000000,-196.000000,-196.000000
100.000000,-100.000000,0.000000,0.000000,-4343.000000,196.000000,-196.000000
-100.000000,0.000000,0.000000,0.000000,-4253.000000,0.000000,-196.000000
0.000000,0.000000,0.000000,0.000000,-4156.000000,-196.000000,0.000000
200.000000,0.000000,0.000000,0.000000,-4063.000000,196.000000,0.000000
0.000000,0.000000,0.000000,0.000000,-3964.000000,0.000000,-196.000000
0.000000,200.000000,0.000000,0.000000,-3851.000000,-196.000000,-196.000000
-100.000000,100.000000,0.000000,0.000000,-3760.000000,196.000000,-392.000000
200.000000,100.000000,0.000000,0.000000,-3671.000000,0.000000,-196.000000
0.000000,0.000000,0.000000,0.000000,-3567.000000,0.000000,0.000000
0.000000,-200.000000,0.000000,0.000000,-3459.000000,-196.000000,0.000000
-100.000000,0.000000,0.000000,0.000000,-3354.000000,0.000000,0.000000
-100.000000,0.000000,0.000000,0.000000,-3218.000000,0.000000,0.000000
-100.000000,0.000000,0.000000,0.000000,-3107.000000,196.000000,0.000000
0.000000,0.000000,0.000000,0.000000,-3019.000000,-196.000000,0.000000
100.000000,100.000000,0.000000,0.000000,-2949.000000,196.000000,0.000000
100.000000,0.000000,0.000000,0.000000,-2840.000000,0.000000,0.000000
-100.000000,100.000000,0.000000,0.000000,-2746.000000,-196.000000,-196.000000
-200.000000,-300.000000,0.000000,0.000000,-2671.000000,0.000000,0.000000
-100.000000,0.000000,0.000000,0.000000,-2600.000000,0.000000,-196.000000
0.000000,0.000000,0.000000,0.000000,-2494.000000,0.000000,0.000000
-100.000000,-100.000000,0.000000,0.000000,-2390.000000,196.000000,0.000000
-100.000000,0.000000,0.000000,0.000000,-2324.000000,0.000000,0.000000
0.000000,100.000000,0.000000,0.000000,-2244.000000,-196.000000,0.000000
0.000000,300.000000,0.000000,0.000000,-2187.000000,196.000000,0.000000
100.000000,0.000000,0.000000,0.000000,-2137.000000,-196.000000,-196.000000
0.000000,0.000000,0.000000,0.000000,-2088.000000,196.000000,-196.000000
0.000000,-200.000000,0.000000,0.000000,-2058.000000,0.000000,-196.000000
200.000000,100.000000,0.000000,0.000000,-2022.000000,0.000000,-196.000000
0.000000,100.000000,0.000000,0.000000,-1987.000000,-196.000000,-196.000000
0.000000,0.000000,0.000000,0.000000,-1935.000000,0.000000,-196.000000
0.000000,0.000000,0.000000,0.000000,-1902.000000,196.000000,-196.000000
100.000000,0.000000,0.000000,0.000000,-1907.000000,0.000000,-196.000000
0.000000,300.000000,156.000000,156.000000,-1950.000000,-196.000000,0.000000
300.000000,100.000000,0.000000,0.000000,-1982.000000,196.000000,-196.000000
0.000000,100.000000,0.000000,0.000000,-1985.000000,-196.000000,-196.000000
200.000000,-100.000000,0.000000,0.000000,-2025.000000,196.000000,0.000000
0.000000,0.000000,0.000000,0.000000,-2099.000000,-196.000000,-392.000000
0.000000,200.000000,0.000000,0.000000,-2133.000000,196.000000,-392.000000
0.000000,-100.000000,0.000000,0.000000,-2141.000000,-196.000000,-392.000000
0.000000,0.000000,0.000000,0.000000,-2198.000000,196.000000,-589.000000
100.000000,200.000000,0.000000,0.000000,-2280.000000,0.000000,-196.000000
100.000000,200.000000,0.000000,0.000000,-2370.000000,-196.000000,-392.000000
0.000000,0.000000,0.000000,0.000000,-2430.000000,0.000000,-196.000000
300.000000,200.000000,0.000000,0.000000,-2510.000000,196.000000,-196.000000
0.000000,200.000000,0.000000,0.000000,-2598.000000,-196.000000,-196.000000
100.000000,100.000000,0.000000,0.000000,-2688.000000,0.000000,-392.000000
0.000000,200.000000,0.000000,0.000000,-2778.000000,196.000000,-589.000000
0.000000,200.000000,0.000000,0.000000,-2837.000000,-196.000000,-392.000000
100.000000,0.000000,0.000000,0.000000,-2938.000000,0.000000,-196.000000
0.000000,0.000000,0.000000,0.000000,-3059.000000,196.000000,-392.000000
100.000000,0.000000,0.000000,0.000000,-3154.000000,0.000000,-589.000000
100.000000,300.000000,0.000000,0.000000,-3204.000000,-196.000000,-392.000000
0.000000,300.000000,0.000000,0.000000,-3301.000000,0.000000,-196.000000
0.000000,-100.000000,0.000000,0.000000,-3427.000000,196.000000,-196.000000
0.000000,0.000000,0.000000,0.000000,-3502.000000,-196.000000,-392.000000
100.000000,0.000000,0.000000,0.000000,-3543.000000,196.000000,-392.000000
100.000000,0.000000,0.000000,0.000000,-3645.000000,0.000000,-392.000000
0.000000,300.000000,0.000000,0.000000,-3766.000000,-196.000000,-392.000000
0.000000,200.000000,0.000000,0.000000,-3830.000000,196.000000,-392.000000
100.000000,100.000000,0.000000,0.000000,-3905.000000,0.000000,-392.000000
100.000000,0.000000,0.000000,0.000000,-4014.000000,-196.000000,-196.000000
0.000000,300.000000,0.000000,0.000000,-4083.000000,196.000000,-392.000000
0.000000,300.000000,0.000000,0.000000,-4123.000000,-196.000000,-196.000000
0.000000,0.000000,0.000000,0.000000,-4179.000000,196.000000,-392.000000
-100.000000,0.000000,0.000000,0.000000,-4257.000000,-196.000000,-196.000000
0.000000,200.000000,0.000000,0.000000,-4284.000000,196.000000,-196.000000
0.000000,100.000000,0.000000,0.000000,-4295.000000,-196.000000,0.000000
100.000000,100.000000,0.000000,0.000000,-4334.000000,196.000000,-196.000000
100.000000,100.000000,0.000000,0.000000,-4365.000000,-196.000000,-196.000000
200.000000,0.000000,0.000000,0.000000,-4376.000000,196.000000,-196.000000
100.000000,0.000000,0.000000,0.000000,-4388.000000,0.000000,-196.000000
0.000000,100.000000,0.000000,0.000000,-4394.000000,-196.000000,-392.000000
200.000000,-200.000000,0.000000,0.000000,-4390.000000,196.000000,-196.000000
100.000000,100.000000,0.000000,0.000000,-4380.000000,0.000000,-196.000000
0.000000,200.000000,0.000000,0.000000,-4331.000000,0.000000,0.000000
-100.000000,100.000000,0.000000,0.000000,-4308.000000,0.000000,0.000000
-100.000000,0.000000,0.000000,0.000000,-4273.000000,-196.000000,0.000000
100.000000,0.000000,0.000000,0.000000,-4234.000000,196.000000,0.000000
0.000000,0.000000,0.000000,0.000000,-4187.000000,0.000000,0.000000
0.000000,0.000000,0.000000,0.000000,-4145.000000,-196.000000,0.000000
0.000000,0.000000,78.000000,78.000000,-4109.000000,0.000000,0.000000
-200.000000,100.000000,0.000000,0.000000,-4052.000000,0.000000,0.000000
-300.000000,-200.000000,0.000000,0.000000,-3997.000000,0.000000,0.000000
-200.000000,-100.000000,0.000000,0.000000,-3949.000000,0.000000,0.000000
-200.000000,-200.000000,0.000000,0.000000,-3871.000000,0.000000,0.000000
-300.000000,-200.000000,0.000000,0.000000,-3803.000000,0.000000,0.000000
-200.000000,0.000000,0.000000,0.000000,-3736.000000,0.000000,0.000000
0.000000,0.000000,0.000000,0.000000,-3674.000000,0.000000,0.000000
-100.000000,300.000000,0.000000,0.000000,-3599.000000,0.000000,0.000000
-300.000000,0.000000,0.000000,0.000000,-3520.000000,0.000000,0.000000
0.000000,100.000000,0.000000,0.000000,-3458.000000,0.000000,0.000000
0.000000,0.000000,0.000000,0.000000,-3401.000000,0.000000,0.000000
0.000000,0.000000,0.000000,0.000000,-3347.000000,196.000000,0.000000
-100.000000,100.000000,0.000000,0.000000,-3292.000000,0.000000,0.000000
-100.000000,0.000000,0.000000,0.000000,-3241.000000,0.000000,0.000000
0.000000,-100.000000,0.000000,0.000000,-3181.000000,0.000000,0.000000
0.000000,0.000000,0.000000,0.000000,-3116.000000,0.000000,0.000000
-100.000000,-100.000000,0.000000,0.000000,-3066.000000,0.000000,0.000000
-100.000000,100.000000,0.000000,0.000000,-3017.000000,0.000000,0.000000
-200.000000,0.000000,0.000000,0.000000,-2982.000000,0.000000,0.000000
0.000000,200.000000,0.000000,0.000000,-2922.000000,0.000000,-196.000000
-200.000000,100.000000,0.000000,0.000000,-2875.000000,0.000000,0.000000
-100.000000,0.000000,0.000000,0.000000,-2845.000000,0.000000,0.000000
100.000000,0.000000,0.000000,0.000000,-2810.000000,-196.000000,0.000000
0.000000,-300.000000,0.000000,0.000000,-2789.000000,0.000000,-196.000000
-200.000000,0.000000,0.000000,0.000000,-2779.000000,0.000000,0.000000
-300.000000,100.000000,0.000000,0.000000,-2760.000000,0.000000,0.000000
-200.000000,100.000000,0.000000,0.000000,-2748.000000,0.000000,0.000000
300.000000,100.000000,0.000000,0.000000,-2730.000000,196.000000,-196.000000
-200.000000,100.000000,0.000000,0.000000,-2736.000000,0.000000,0.000000
0.000000,200.000000,156.000000,156.000000,-2731.000000,0.000000,0.000000
100.000000,-100.000000,0.000000,0.000000,-2744.000000,-196.000000,-196.000000
100.000000,-100.000000,0.000000,0.000000,-2750.000000,0.000000,0.000000
100.000000,300.000000,0.000000,0.000000,-2761.000000,196.000000,-196.000000
100.000000,-100.000000,0.000000,0.000000,-2775.000000,0.000000,-196.000000
0.000000,200.000000,0.000000,0.000000,-2804.000000,0.000000,0.000000
100.000000,200.000000,0.000000,0.000000,-2808.000000,-196.000000,-196.000000
300.000000,300.000000,0.000000,0.000000,-2830.000000,0.000000,-196.000000
200.000000,0.000000,0.000000,0.000000,-2853.000000,0.000000,-196.000000
200.000000,0.000000,0.000000,0.000000,-2867.000000,196.000000,0.000000
-100.000000,-200.000000,0.000000,0.000000,-2902.000000,0.000000,-196.000000
0.000000,200.000000,0.000000,0.000000,-2958.000000,-196.000000,0.000000
0.000000,0.000000,0.000000,0.000000,-2995.000000,0.000000,0.000000
0.000000,100.000000,0.000000,0.000000,-3036.000000,196.000000,0.000000
200.000000,-100.000000,0.000000,0.000000,-3076.000000,0.000000,0.000000
0.000000,0.000000,0.000000,0.000000,-3149.000000,-196.000000,-196.000000
0.000000,0.000000,0.000000,0.000000,-3183.000000,196.000000,-196.000000
200.000000,0.000000,0.000000,0.000000,-3236.000000,0.000000,-196.000000
0.000000,200.000000,0.000000,0.000000,-3271.000000,0.000000,0.000000
-100.000000,200.000000,0.000000,0.000000,-3335.000000,0.000000,0.000000
-100.000000,-100.000000,0.000000,0.000000,-3396.000000,-196.000000,-196.000000
200.000000,100.000000,0.000000,0.000000,-3452.000000,0.000000,0.000000
-100.000000,0.000000,0.000000,0.000000,-3488.000000,0.000000,0.000000
300.000000,0.000000,0.000000,0.000000,-3536.000000,0.000000,-196.000000
100.000000,200.000000,0.000000,0.000000,-3574.000000,196.000000,0.000000
100.000000,0.000000,0.000000,0.000000,-3601.000000,0.000000,-196.000000
200.000000,100.000000,0.000000,0.000000,-3639.000000,0.000000,0.000000
100.000000,-100.000000,0.000000,0.000000,-3685.000000,0.000000,-196.000000
-300.000000,-100.000000,0.000000,0.000000,-3720.000000,-196.000000,0.000000
-100.000000,-300.000000,0.000000,0.000000,-3742.000000,0.000000,0.000000
0.000000,0.000000,0.000000,0.000000,-3767.000000,0.000000,0.000000
-100.000000,-200.000000,0.000000,0.000000,-3817.000000,0.000000,0.000000
0.000000,-200.000000,0.000000,0.000000,-3830.000000,0.000000,0.000000
0.000000,100.000000,0.000000,0.000000,-3833.000000,0.000000,0.000000
0.000000,0.000000,0.000000,0.000000,-3856.000000,0.000000,0.000000
0.000000,-100.000000,0.000000,0.000000,-3875.000000,0.000000,0.000000
-100.000000,0.000000,0.000000,0.000000,-3897.000000,0.000000,0.000000
0.000000,0.000000,0.000000,0.000000,-3908.000000,0.000000,0.000000
-200.000000,-300.000000,0.000000,0.000000,-3926.000000,0.000000,0.000000
0.000000,0.000000,0.000000,0.000000,-3938.000000,0.000000,0.000000
-100.000000,-100.000000,0.000000,0.000000,-3939.000000,0.000000,0.000000
-300.000000,0.000000,0.000000,0.000000,-3962.000000,0.000000,0.000000
100.000000,-100.000000,0.000000,0.000000,-3971.000000,0.000000,0.000000
-100.000000,-100.000000,0.000000,0.000000,-3972.000000,0.000000,0.000000
-100.000000,0.000000,0.000000,0.000000,-3961.000000,0.000000,0.000000
-100.000000,-100.000000,0.000000,0.000000,-3950.000000,0.000000,0.000000
-200.000000,-300.000000,0.000000,0.000000,-3930.000000,0.000000,0.000000
-100.000000,0.000000,0.000000,0.000000,-3916.000000,0.000000,0.000000
-100.000000,0.000000,0.000000,0.000000,-3904.000000,0.000000,0.000000
0.000000,-100.000000,78.000000,78.000000,-3916.000000,0.000000,-196.000000
0.000000,-200.000000,0.000000,0.000000,-3920.000000,0.000000,0.000000
-100.000000,0.000000,0.000000,0.000000,-3895.000000,0.000000,0.000000
0.000000,0.000000,0.000000,0.000000,-3882.000000,0.000000,0.000000
-200.000000,100.000000,0.000000,0.000000,-3877.000000,0.000000,0.000000
0.000000,-100.000000,0.000000,0.000000,-3870.000000,0.000000,0.000000
-200.000000,-100.000000,0.000000,0.000000,-3868.000000,0.000000,0.000000
0.000000,-200.000000,0.000000,0.000000,-3876.000000,0.000000,0.000000
0.000000,-300.000000,0.000000,0.000000,-3859.000000,0.000000,0.000000
-200.000000,-400.000000,0.000000,0.000000,-3851.000000,0.000000,0.000000
100.000000,-100.000000,0.000000,0.000000,-3840.000000,0.000000,0.000000
0.000000,-200.000000,0.000000,0.000000,-3825.000000,0.000000,0.000000
0.000000,0.000000,78.000000,78.000000,-3812.000000,0.000000,0.000000
200.000000,0.000000,0.000000,0.000000,-3792.000000,0.000000,0.000000
-200.000000,0.000000,0.000000,0.000000,-3776.000000,0.000000,0.000000
-100.000000,-200.000000,0.000000,0.000000,-3769.000000,0.000000,0.000000
0.000000,0.000000,0.000000,0.000000,-3781.000000,0.000000,-196.000000
0.000000,0.000000,0.000000,0.000000,-3750.000000,0.000000,0.000000
-300.000000,0.000000,0.000000,0.000000,-3737.000000,0.000000,0.000000
100.000000,200.000000,0.000000,0.000000,-3718.000000,0.000000,0.000000
0.000000,0.000000,0.000000,0.000000,-3691.000000,0.000000,-196.000000
0.000000,200.000000,0.000000,0.000000,-3680.000000,0.000000,0.000000
100.000000,-200.000000,0.000000,0.000000,-3675.000000,0.000000,0.000000
0.000000,0.000000,0.000000,0.000000,-3664.000000,0.000000,0.000000
100.000000,0.000000,0.000000,0.000000,-3654.000000,0.000000,0.000000
-200.000000,-100.000000,0.000000,0.000000,-3639.000000,0.000000,0.000000
-100.000000,0.000000,0.000000,0.000000,-3637.000000,0.000000,0.000000
0.000000,100.000000,0.000000,0.000000,-3639.000000,0.000000,0.000000
0.000000,100.000000,0.000000,0.000000,-3636.000000,0.000000,0.000000
-100.000000,200.000000,0.000000,0.000000,-3638.000000,0.000000,-196.000000
-100.000000,0.000000,0.000000,0.000000,-3622.000000,196.000000,0.000000
0.000000,100.000000,0.000000,0.000000,-3626.000000,0.000000,0.000000
0.000000,0.000000,0.000000,0.000000,-3636.000000,0.000000,0.000000
100.000000,300.000000,0.000000,0.000000,-3638.000000,0.000000,0.000000
0.000000,0.000000,0.000000,0.000000,-3644.000000,0.000000,0.000000
0.000000,0.000000,0.000000,0.000000,-3647.000000,0.000000,0.000000
0.000000,0.000000,0.000000,0.000000,-3673.000000,0.000000,0.000000
0.000000,-100.000000,0.000000,0.000000,-3683.000000,0.000000,0.000000
-300.000000,0.000000,0.000000,0.000000,-3684.000000,0.000000,0.000000
-200.000000,-100.000000,0.000000,0.000000,-3672.000000,0.000000,0.000000
-200.000000,0.000000,0.000000,0.000000,-3667.000000,0.000000,0.000000
0.000000,0.000000,0.000000,0.000000,-3657.000000,0.000000,0.000000
0.000000,200.000000,0.000000,0.000000,-3658.000000,0.000000,0.000000
-100.000000,-100.000000,0.000000,0.000000,-3662.000000,0.000000,0.000000
-100.000000,-100.000000,0.000000,0.000000,-3653.000000,0.000000,0.000000
-200.000000,-100.000000,0.000000,0.000000,-3650.000000,0.000000,0.000000
-200.000000,0.000000,0.000000,0.000000,-3642.000000,0.000000,0.000000
-100.000000,0.000000,0.000000,0.000000,-3642.000000,0.000000,0.000000
0.000000,-100.000000,156.000000,156.000000,-3635.000000,0.000000,0.000000
-200.000000,-100.000000,0.000000,0.000000,-3636.000000,0.000000,0.000000
0.000000,200.000000,156.000000,156.000000,-3641.000000,0.000000,0.000000
0.000000,0.000000,0.000000,0.000000,-3647.000000,0.000000,0.000000
0.000000,-300.000000,0.000000,0.000000,-3660.000000,0.000000,0.000000
-100.000000,100.000000,0.000000,0.000000,-3665.000000,0.000000,0.000000
0.000000,-100.000000,0.000000,0.000000,-3673.000000,0.000000,0.000000
-200.000000,-100.000000,0.000000,0.000000,-3691.000000,0.000000,0.000000
-200.000000,-200.000000,0.000000,0.000000,-3697.000000,0.000000,0.000000
0.000000,-100.000000,0.000000,0.000000,-3715.000000,0.000000,0.000000
0.000000,-300.000000,0.000000,0.000000,-3725.000000,0.000000,0.000000
0.000000,0.000000,0.000000,0.000000,-3738.000000,0.000000,0.000000
-100.000000,-100.000000,0.000000,0.000000,-3754.000000,0.000000,0.000000
-100.000000,200.000000,0.000000,0.000000,-3779.000000,0.000000,0.000000
-300.000000,-100.000000,0.000000,0.000000,-3788.000000,0.000000,0.000000
100.000000,-300.000000,0.000000,0.000000,-3799.000000,0.000000,0.000000
0.000000,200.000000,0.000000,0.000000,-3808.000000,0.000000,0.000000
-100.000000,100.000000,0.000000,0.000000,-3817.000000,0.000000,0.000000
-100.000000,0.000000,0.000000,0.000000,-3824.000000,0.000000,0.000000
-100.000000,-200.000000,0.000000,0.000000,-3823.000000,0.000000,0.000000
0.000000,-100.000000,0.000000,0.000000,-3827.000000,0.000000,0.000000
-100.000000,-200.000000,0.000000,0.000000,-3839.000000,0.000000,0.000000
0.000000,-100.000000,0.000000,0.000000,-3862.000000,0.000000,0.000000
-100.000000,-200.000000,0.000000,0.000000,-3870.000000,0.000000,0.000000
-300.000000,200.000000,0.000000,0.000000,-3876.000000,0.000000,0.000000
-300.000000,-100.000000,0.000000,0.000000,-3881.000000,0.000000,0.000000
0.000000,-100.000000,0.000000,0.000000,-3876.000000,0.000000,0.000000
-200.000000,-100.000000,0.000000,0.000000,-3862.000000,0.000000,0.000000
-100.000000,-100.000000,0.000000,0.000000,-3859.000000,0.000000,0.000000
0.000000,-200.000000,0.000000,0.000000,-3839.000000,0.000000,0.000000
-200.000000,200.000000,0.000000,0.000000,-3837.000000,0.000000,0.000000
-200.000000,-100.000000,0.000000,0.000000,-3830.000000,0.000000,0.000000
0.000000,-200.000000,0.000000,0.000000,-3822.000000,0.000000,0.000000
-100.000000,100.000000,0.000000,0.000000,-3790.000000,0.000000,0.000000
-100.000000,-300.000000,0.000000,0.000000,-3793.000000,0.000000,0.000000
-100.000000,-300.000000,0.000000,0.000000,-3789.000000,0.000000,0.000000
-100.000000,-200.000000,0.000000,0.000000,-3783.000000,0.000000,0.000000
-100.000000,0.000000,0.000000,0.000000,-3772.000000,0.000000,0.000000
-100.000000,0.000000,0.000000,0.000000,-3768.000000,0.000000,0.000000
-200.000000,0.000000,78.000000,78.000000,-3775.000000,0.000000,0.000000
0.000000,-400.000000,0.000000,0.000000,-3772.000000,0.000000,0.000000
0.000000,0.000000,0.000000,0.000000,-3769.000000,0.000000,0.000000
-100.000000,-200.000000,0.000000,0.000000,-3773.000000,0.000000,0.000000
0.000000,-100.000000,0.000000,0.000000,-3782.000000,0.000000,0.000000
-100.000000,-100.000000,0.000000,0.000000,-3781.000000,0.000000,0.000000
-100.000000,-200.000000,0.000000,0.000000,-3765.000000,0.000000,0.000000
-100.000000,0.000000,0.000000,0.000000,-3768.000000,0.000000,-196.000000
0.000000,0.000000,0.000000,0.000000,-3768.000000,0.000000,0.000000
0.000000,-500.000000,0.000000,0.000000,-3769.000000,0.000000,0.000000
0.000000,0.000000,0.000000,0.000000,-3758.000000,0.000000,0.000000
-100.000000,-200.000000,0.000000,0.000000,-3733.000000,0.000000,0.000000
0.000000,0.000000,0.000000,0.000000,-3737.000000,0.000000,0.000000
-200.000000,-100.000000,0.000000,0.000000,-3731.000000,0.000000,0.000000
300.000000,200.000000,156.000000,156.000000,-3727.000000,0.000000,0.000000
0.000000,0.000000,0.000000,0.000000,-3711.000000,0.000000,0.000000
-200.000000,-100.000000,0.000000,0.000000,-3719.000000,0.000000,0.000000
-100.000000,100.000000,0.000000,0.000000,-3716.000000,0.000000,0.000000
0.000000,0.000000,0.000000,0.000000,-3708.000000,0.000000,0.000000
0.000000,-300.000000,0.000000,0.000000,-3718.000000,0.000000,0.000000
0.000000,-100.000000,0.000000,0.000000,-3709.000000,0.000000,0.000000
200.000000,0.000000,156.000000,156.000000,-3707.000000,0.000000,0.000000
0.000000,0.000000,0.000000,0.000000,-3697.000000,0.000000,0.000000
100.000000,0.000000,0.000000,0.000000,-3692.000000,0.000000,0.000000
-200.000000,-300.000000,0.000000,0.000000,-3690.000000,0.000000,0.000000
-100.000000,-200.000000,0.000000,0.000000,-3681.000000,0.000000,0.000000
100.000000,-300.000000,0.000000,0.000000,-3667.000000,0.000000,0.000000
-100.000000,0.000000,0.000000,0.000000,-3656.000000,0.000000,0.000000
-100.000000,-100.000000,0.000000,0.000000,-3658.000000,0.000000,0.000000
-100.000000,100.000000,0.000000,0.000000,-3651.000000,0.000000,0.000000
0.000000,100.000000,0.000000,0.000000,-3651.000000,0.000000,0.000000
-100.000000,0.000000,0.000000,0.000000,-3658.000000,0.000000,0.000000
100.000000,-200.000000,0.000000,0.000000,-3669.000000,0.000000,0.000000
-100.000000,-300.000000,0.000000,0.000000,-3657.000000,0.000000,0.000000
-200.000000,-100.000000,0.000000,0.000000,-3668.000000,0.000000,0.000000
-200.000000,0.000000,0.000000,0.000000,-3674.000000,0.000000,0.000000
-100.000000,100.000000,0.000000,0.000000,-3687.000000,0.000000,0.000000
0.000000,-100.000000,0.000000,0.000000,-3686.000000,0.000000,0.000000
-100.000000,0.000000,0.000000,0.000000,-3685.000000,0.000000,0.000000
0.000000,-300.000000,0.000000,0.000000,-3678.000000,0.000000,0.000000
-100.000000,-300.000000,0.000000,0.000000,-3675.000000,0.000000,0.000000
-300.000000,-200.000000,0.000000,0.000000,-3679.000000,0.000000,0.000000
-100.000000,-200.000000,0.000000,0.000000,-3679.000000,0.000000,0.000000
0.000000,0.000000,0.000000,0.000000,-3682.000000,0.000000,0.000000
0.000000,-200.000000,0.000000,0.000000,-3692.000000,0.000000,0.000000
0.000000,-100.000000,0.000000,0.000000,-3678.000000,0.000000,0.000000
-100.000000,-300.000000,0.000000,0.000000,-3687.000000,0.000000,0.000000
-100.000000,0.000000,0.000000,0.000000,-3678.000000,0.000000,0.000000
100.000000,-200.000000,0.000000,0.000000,-3688.000000,0.000000,0.000000
0.000000,-200.000000,0.000000,0.000000,-3695.000000,0.000000,0.000000
0.000000,-100.000000,0.000000,0.000000,-3701.000000,0.000000,0.000000
-200.000000,0.000000,0.000000,0.000000,-3701.000000,0.000000,0.000000
0.000000,-100.000000,0.000000,0.000000,-3711.000000,0.000000,0.000000
-200.000000,-200.000000,0.000000,0.000000,-3705.000000,0.000000,0.000000
0.000000,-200.000000,0.000000,0.000000,-3712.000000,0.000000,0.000000
-200.000000,0.000000,0.000000,0.000000,-3714.000000,0.000000,0.000000
100.000000,0.000000,0.000000,0.000000,-3733.000000,0.000000,0.000000
0.000000,-200.000000,0.000000,0.000000,-3733.000000,0.000000,0.000000
-100.000000,0.000000,0.000000,0.000000,-3742.000000,0.000000,0.000000
0.000000,-100.000000,0.000000,0.000000,-3751.000000,0.000000,0.000000
-200.000000,-200.000000,0.000000,0.000000,-3752.000000,0.000000,0.000000
-200.000000,-200.000000,0.000000,0.000000,-3751.000000,0.000000,0.000000
-200.000000,0.000000,0.000000,0.000000,-3774.000000,0.000000,0.000000
-100.000000,-400.000000,0.000000,0.000000,-3773.000000,0.000000,0.000000
0.000000,0.000000,0.000000,0.000000,-3770.000000,0.000000,0.000000
0.000000,-200.000000,0.000000,0.000000,-3776.000000,0.000000,0.000000
-100.000000,-200.000000,0.000000,0.000000,-3779.000000,0.000000,0.000000
-200.000000,-100.000000,0.000000,0.000000,-3785.000000,0.000000,0.000000
100.000000,0.000000,0.000000,0.000000,-3788.000000,0.000000,0.000000
-200.000000,0.000000,0.000000,0.000000,-3798.000000,0.000000,0.000000
-200.000000,-300.000000,0.000000,0.000000,-3812.000000,0.000000,0.000000
-100.000000,0.000000,0.000000,0.000000,-3800.000000,0.000000,0.000000
0.000000,-100.000000,0.000000,0.000000,-3788.000000,0.000000,0.000000
-200.000000,0.000000,0.000000,0.000000,-3776.000000,0.000000,0.000000
0.000000,0.000000,0.000000,0.000000,-3779.000000,0.000000,0.000000
-100.000000,0.000000,0.000000,0.000000,-3781.000000,0.000000,0.000000
0.000000,0.000000,0.000000,0.000000,-3769.000000,0.000000,0.000000
0.000000,0.000000,0.000000,0.000000,-3774.000000,0.000000,0.000000
100.000000,0.000000,0.000000,0.000000,-3759.000000,0.000000,0.000000
200.000000,0.000000,0.000000,0.000000,-3758.000000,0.000000,0.000000
-100.000000,-100.000000,0.000000,0.000000,-3760.000000,0.000000,0.000000
-100.000000,0.000000,0.000000,0.000000,-3754.000000,0.000000,0.000000
0.000000,-200.000000,0.000000,0.000000,-3749.000000,0.000000,0.000000
0.000000,200.000000,0.000000,0.000000,-3751.000000,0.000000,0.000000
-100.000000,-100.000000,0.000000,0.000000,-3761.000000,0.000000,0.000000
0.000000,-200.000000,0.000000,0.000000,-3767.000000,0.000000,0.000000
-100.000000,0.000000,0.000000,0.000000,-3761.000000,0.000000,0.000000
0.000000,-100.000000,0.000000,0.000000,-3761.000000,0.000000,0.000000
-200.000000,100.000000,0.000000,0.000000,-3753.000000,0.000000,0.000000
-100.000000,0.000000,0.000000,0.000000,-3761.000000,0.000000,0.000000
100.000000,-300.000000,0.000000,0.000000,-3762.000000,0.000000,0.000000
100.000000,-100.000000,0.000000,0.000000,-3752.000000,0.000000,0.000000
-100.000000,0.000000,0.000000,0.000000,-3752.000000,0.000000,0.000000
-100.000000,-300.000000,0.000000,0.000000,-3752.000000,0.000000,0.000000
-100.000000,-300.000000,0.000000,0.000000,-3756.000000,0.000000,0.000000
-100.000000,0.000000,0.000000,0.000000,-3738.000000,0.000000,0.000000
