Channel 1,Channel 2,Channel 3,Channel 4,Channel 5,Channel 6,Channel 7
-100.000000,0.000000,0.000000,0.000000,1911.000000,0.000000,0.000000
0.000000,-100.000000,0.000000,0.000000,1913.000000,0.000000,0.000000
0.000000,-300.000000,0.000000,0.000000,1929.000000,0.000000,0.000000
-300.000000,0.000000,0.000000,0.000000,1936.000000,0.000000,0.000000
0.000000,0.000000,0.000000,0.000000,1915.000000,0.000000,0.000000
0.000000,-200.000000,0.000000,0.000000,1909.000000,0.000000,0.000000
0.000000,0.000000,78.000000,78.000000,1897.000000,0.000000,0.000000
-200.000000,100.000000,0.000000,0.000000,1903.000000,0.000000,0.000000
-200.000000,100.000000,0.000000,0.000000,1923.000000,0.000000,0.000000
-200.000000,0.000000,0.000000,0.000000,1944.000000,0.000000,0.000000
0.000000,-100.000000,0.000000,0.000000,1961.000000,0.000000,0.000000
-200.000000,-400.000000,0.000000,0.000000,1961.000000,0.000000,0.000000
-100.000000,-200.000000,0.000000,0.000000,1960.000000,0.000000,0.000000
0.000000,-200.000000,0.000000,0.000000,1968.000000,0.000000,0.000000
-200.000000,-100.000000,0.000000,0.000000,1973.000000,0.000000,0.000000
0.000000,-400.000000,0.000000,0.000000,1962.000000,0.000000,0.000000
100.000000,-200.000000,0.000000,0.000000,1960.000000,0.000000,0.000000
-300.000000,-100.000000,0.000000,0.000000,1952.000000,0.000000,0.000000
-100.000000,-100.000000,0.000000,0.000000,1955.000000,0.000000,0.000000
0.000000,0.000000,0.000000,0.000000,1956.000000,0.000000,0.000000
-100.000000,-200.000000,0.000000,0.000000,1951.000000,0.000000,0.000000
0.000000,0.000000,0.000000,0.000000,1966.000000,0.000000,0.000000
-100.000000,-100.000000,0.000000,0.000000,1965.000000,0.000000,0.000000
-100.000000,0.000000,0.000000,0.000000,1959.000000,0.000000,0.000000
0.000000,-300.000000,0.000000,0.000000,1965.000000,0.000000,0.000000
-200.000000,-300.000000,0.000000,0.000000,1962.000000,0.000000,0.000000
100.000000,-200.000000,0.000000,0.000000,1952.000000,0.000000,0.000000
-200.000000,-400.000000,0.000000,0.000000,1941.000000,0.000000,0.000000
-100.000000,-100.000000,0.000000,0.000000,1945.000000,0.000000,0.000000
-300.000000,-500.000000,0.000000,0.000000,1947.000000,0.000000,0.000000
0.000000,-400.000000,0.000000,0.000000,1953.000000,0.000000,0.000000
0.000000,0.000000,0.000000,0.000000,1956.000000,0.000000,0.000000
0.000000,0.000000,0.000000,0.000000,1958.000000,0.000000,0.000000
-100.000000,-200.000000,0.000000,0.000000,1958.000000,0.000000,0.000000
0.000000,-300.000000,0.000000,0.000000,1961.000000,0.000000,0.000000
-300.000000,-100.000000,0.000000,0.000000,1958.000000,0.000000,0.000000
-100.000000,100.000000,0.000000,0.000000,1945.000000,0.000000,0.000000
0.000000,0.000000,0.000000,0.000000,1941.000000,0.000000,0.000000
-100.000000,0.000000,0.000000,0.000000,1943.000000,0.000000,0.000000
0.000000,-300.000000,0.000000,0.000000,1934.000000,0.000000,0.000000
0.000000,-400.000000,0.000000,0.000000,1942.000000,0.000000,0.000000
-200.000000,-400.000000,0.000000,0.000000,1942.000000,0.000000,0.000000
0.000000,-100.000000,0.000000,0.000000,1959.000000,0.000000,0.000000
-200.000000,-100.000000,0.000000,0.000000,1973.000000,0.000000,0.000000
-200.000000,-200.000000,0.000000,0.000000,1968.000000,0.000000,0.000000
0.000000,0.000000,0.000000,0.000000,1967.000000,0.000000,0.000000
-200.000000,0.000000,156.000000,156.000000,1968.000000,0.000000,0.000000
100.000000,200.000000,0.000000,0.000000,1968.000000,0.000000,0.000000
0.000000,-300.000000,0.000000,0.000000,1960.000000,0.000000,0.000000
-100.000000,-200.000000,0.000000,0.000000,1957.000000,0.000000,0.000000
-100.000000,0.000000,0.000000,0.000000,1950.000000,0.000000,0.000000
-100.000000,0.000000,0.000000,0.000000,1952.000000,0.000000,0.000000
-100.000000,0.000000,78.000000,78.000000,1968.000000,0.000000,0.000000
-100.000000,0.000000,0.000000,0.000000,1988.000000,0.000000,0.000000
-100.000000,100.000000,0.000000,0.000000,1977.000000,0.000000,0.000000
0.000000,-100.000000,0.000000,0.000000,1976.000000,0.000000,0.000000
-200.000000,-100.000000,0.000000,0.000000,1978.000000,0.000000,0.000000
100.000000,-200.000000,0.000000,0.000000,1982.000000,0.000000,0.000000
-300.000000,0.000000,0.000000,0.000000,1976.000000,0.000000,0.000000
-100.000000,100.000000,0.000000,0.000000,1986.000000,0.000000,0.000000
-100.000000,-300.000000,0.000000,0.000000,1974.000000,0.000000,0.000000
-200.000000,-100.000000,0.000000,0.000000,1982.000000,0.000000,0.000000
-100.000000,-300.000000,0.000000,0.000000,1986.000000,0.000000,0.000000
-200.000000,-200.000000,0.000000,0.000000,1993.000000,0.000000,0.000000
-200.000000,-400.000000,0.000000,0.000000,1989.000000,0.000000,0.000000
700.000000,4200.000000,5000.000000,5000.000000,1967.000000,392.000000,392.000000
4600.000000,4500.000000,5000.000000,5000.000000,1942.000000,981.000000,981.000000
5800.000000,6000.000000,5000.000000,5000.000000,1873.000000,1374.000000,1767.000000
6000.000000,5700.000000,5000.000000,5000.000000,1986.000000,981.000000,1570.000000
5300.000000,4500.000000,5000.000000,5000.000000,1997.000000,785.000000,785.000000
5200.000000,4700.000000,5000.000000,5000.000000,2153.000000,785.000000,589.000000
4000.000000,5200.000000,5000.000000,5000.000000,2290.000000,1767.000000,1178.000000
6100.000000,5300.000000,5000.000000,5000.000000,2217.000000,2356.000000,2159.000000
5500.000000,4100.000000,5000.000000,5000.000000,2142.000000,2552.000000,2552.000000
3800.000000,4200.000000,5000.000000,5000.000000,2191.000000,2159.000000,2748.000000
6800.000000,4300.000000,5000.000000,5000.000000,2104.000000,2159.000000,2356.000000
5600.000000,5200.000000,5000.000000,5000.000000,2003.000000,2748.000000,2356.000000
3200.000000,4600.000000,5000.000000,5000.000000,2163.000000,3337.000000,2552.000000
6400.000000,5200.000000,5000.000000,5000.000000,2306.000000,3926.000000,3337.000000
5500.000000,5400.000000,5000.000000,5000.000000,1995.000000,4123.000000,4319.000000
6600.000000,5900.000000,5000.000000,5000.000000,1915.000000,3926.000000,4123.000000
6500.000000,6300.000000,5000.000000,5000.000000,2024.000000,3730.000000,3730.000000
6200.000000,5900.000000,5000.000000,5000.000000,2077.000000,4319.000000,4123.000000
6100.000000,4200.000000,5000.000000,5000.000000,2140.000000,4908.000000,4712.000000
3700.000000,5800.000000,5000.000000,5000.000000,2110.000000,5301.000000,5105.000000
5200.000000,3800.000000,5000.000000,5000.000000,2108.000000,5105.000000,4908.000000
6000.000000,5400.000000,5000.000000,5000.000000,2146.000000,5301.000000,4908.000000
4800.000000,5300.000000,5000.000000,5000.000000,2027.000000,5497.000000,5497.000000
3800.000000,4400.000000,5000.000000,5000.000000,1931.000000,6086.000000,5694.000000
4500.000000,5700.000000,5000.000000,5000.000000,1982.000000,6479.000000,5890.000000
4300.000000,5800.000000,5000.000000,5000.000000,2201.000000,6479.000000,6283.000000
3400.000000,4100.000000,5000.000000,5000.000000,2227.000000,6479.000000,7068.000000
5600.000000,3400.000000,5000.000000,5000.000000,2087.000000,6675.000000,7264.000000
4700.000000,5300.000000,5000.000000,5000.000000,1967.000000,7264.000000,7068.000000
4900.000000,5500.000000,5000.000000,5000.000000,1931.000000,7657.000000,6675.000000
4800.000000,5200.000000,5000.000000,5000.000000,1913.000000,7657.000000,5890.000000
4000.000000,3900.000000,5000.000000,5000.000000,2064.000000,7657.000000,7068.000000
4200.000000,4200.000000,5000.000000,5000.000000,1899.000000,7853.000000,8443.000000
4700.000000,3700.000000,5000.000000,5000.000000,1809.000000,8246.000000,8639.000000
5600.000000,4700.000000,5000.000000,5000.000000,1782.000000,8639.000000,8443.000000
5000.000000,5600.000000,5000.000000,5000.000000,1793.000000,8639.000000,8443.000000
3600.000000,3800.000000,5000.000000,5000.000000,1848.000000,8835.000000,8639.000000
5700.000000,5300.000000,5000.000000,5000.000000,1814.000000,9424.000000,8443.000000
5000.000000,5300.000000,5000.000000,5000.000000,1822.000000,9621.000000,10013.000000
4900.000000,4900.000000,5000.000000,5000.000000,1887.000000,9817.000000,10210.000000
5300.000000,4400.000000,5000.000000,5000.000000,1787.000000,9817.000000,10210.000000
5300.000000,5100.000000,5000.000000,5000.000000,1621.000000,10210.000000,10406.000000
5300.000000,5800.000000,5000.000000,5000.000000,1811.000000,10210.000000,10406.000000
5700.000000,4700.000000,5000.000000,5000.000000,2087.000000,10602.000000,10995.000000
3800.000000,4500.000000,5000.000000,5000.000000,1804.000000,10995.000000,11388.000000
5200.000000,4400.000000,5000.000000,5000.000000,1636.000000,11191.000000,11780.000000
5300.000000,5400.000000,5000.000000,5000.000000,1883.000000,11191.000000,14726.000000
3900.000000,4500.000000,5000.000000,5000.000000,1634.000000,11584.000000,12370.000000
4600.000000,5100.000000,5000.000000,5000.000000,1581.000000,11977.000000,11584.000000
4800.000000,5600.000000,5000.000000,5000.000000,1889.000000,12173.000000,11780.000000
4800.000000,5400.000000,5000.000000,5000.000000,1947.000000,12566.000000,12173.000000
3800.000000,4300.000000,5000.000000,5000.000000,1754.000000,12370.000000,11191.000000
4600.000000,4600.000000,5000.000000,5000.000000,1968.000000,12566.000000,12173.000000
5600.000000,5100.000000,5000.000000,5000.000000,1884.000000,12959.000000,12566.000000
4000.000000,5300.000000,5000.000000,5000.000000,1704.000000,13351.000000,11584.000000
5700.000000,4200.000000,5000.000000,5000.000000,2041.000000,13548.000000,13351.000000
4100.000000,4300.000000,5000.000000,5000.000000,1967.000000,13744.000000,13548.000000
4100.000000,4400.000000,5000.000000,5000.000000,1586.000000,13940.000000,13548.000000
4700.000000,4200.000000,5000.000000,5000.000000,1325.000000,13940.000000,13548.000000
4600.000000,4000.000000,5000.000000,5000.000000,1220.000000,14137.000000,12173.000000
4200.000000,4800.000000,5000.000000,5000.000000,1060.000000,14726.000000,14333.000000
4400.000000,5200.000000,5000.000000,5000.000000,759.000000,14922.000000,14726.000000
5600.000000,4400.000000,5000.000000,5000.000000,1023.000000,14922.000000,14726.000000
4000.000000,4100.000000,5000.000000,5000.000000,1150.000000,15315.000000,14137.000000
4800.000000,5200.000000,5000.000000,5000.000000,922.000000,15511.000000,16100.000000
5500.000000,5100.000000,5000.000000,5000.000000,924.000000,15904.000000,16100.000000
5800.000000,5200.000000,5000.000000,5000.000000,863.000000,15904.000000,16100.000000
5300.000000,4300.000000,5000.000000,5000.000000,1104.000000,16297.000000,16100.000000
5400.000000,4900.000000,5000.000000,5000.000000,1019.000000,16689.000000,16493.000000
5200.000000,4800.000000,5000.000000,5000.000000,959.000000,16886.000000,21009.000000
3900.000000,5300.000000,5000.000000,5000.000000,1039.000000,17082.000000,16689.000000
5300.000000,3900.000000,5000.000000,5000.000000,1042.000000,17278.000000,16689.000000
4600.000000,4200.000000,5000.000000,5000.000000,1269.000000,17475.000000,15904.000000
5400.000000,4500.000000,5000.000000,5000.000000,1234.000000,17867.000000,16297.000000
4000.000000,3700.000000,5000.000000,5000.000000,1334.000000,18260.000000,17082.000000
5100.000000,5000.000000,5000.000000,5000.000000,1310.000000,18260.000000,16493.000000
5700.000000,5500.000000,5000.000000,5000.000000,1417.000000,18456.000000,17671.000000
5300.000000,4600.000000,5000.000000,5000.000000,1470.000000,18653.000000,17671.000000
5500.000000,5100.000000,5000.000000,5000.000000,1588.000000,19242.000000,15904.000000
5200.000000,4000.000000,5000.000000,5000.000000,1564.000000,19242.000000,18456.000000
4300.000000,4100.000000,5000.000000,5000.000000,1779.000000,19634.000000,18849.000000
5500.000000,4900.000000,5000.000000,5000.000000,1624.000000,19634.000000,17671.000000
3800.000000,4700.000000,5000.000000,5000.000000,1734.000000,20027.000000,19831.000000
5400.000000,4100.000000,5000.000000,5000.000000,1894.000000,20420.000000,20027.000000
5600.000000,5200.000000,5000.000000,5000.000000,1726.000000,21009.000000,20224.000000
5500.000000,5300.000000,5000.000000,5000.000000,1702.000000,21009.000000,20420.000000
5400.000000,3800.000000,5000.000000,5000.000000,1562.000000,21009.000000,24347.000000
4600.000000,4800.000000,5000.000000,5000.000000,1363.000000,21205.000000,20813.000000
3800.000000,4800.000000,5000.000000,5000.000000,1302.000000,21598.000000,20027.000000
4200.000000,5400.000000,5000.000000,5000.000000,1266.000000,21991.000000,18260.000000
5400.000000,5200.000000,5000.000000,5000.000000,1427.000000,22383.000000,20813.000000
4500.000000,4200.000000,5000.000000,5000.000000,1204.000000,22580.000000,19831.000000
5300.000000,5100.000000,5000.000000,5000.000000,1178.000000,22580.000000,21205.000000
3700.000000,5800.000000,5000.000000,5000.000000,1433.000000,22580.000000,21205.000000
5200.000000,3900.000000,5000.000000,5000.000000,1073.000000,22776.000000,19242.000000
5400.000000,5000.000000,5000.000000,5000.000000,1208.000000,23365.000000,21794.000000
5400.000000,3900.000000,5000.000000,5000.000000,1224.000000,23758.000000,21402.000000
4700.000000,3800.000000,5000.000000,5000.000000,1282.000000,24150.000000,22187.000000
4200.000000,4800.000000,5000.000000,5000.000000,1181.000000,24347.000000,23561.000000
5400.000000,5500.000000,5000.000000,5000.000000,1463.000000,24347.000000,23561.000000
4800.000000,5000.000000,5000.000000,5000.000000,1697.000000,24740.000000,23561.000000
4500.000000,4800.000000,5000.000000,5000.000000,1759.000000,24936.000000,27881.000000
5700.000000,3800.000000,5000.000000,5000.000000,1788.000000,25132.000000,23365.000000
5200.000000,5600.000000,5000.000000,5000.000000,1915.000000,25329.000000,21598.000000
4200.000000,5000.000000,5000.000000,5000.000000,1851.000000,25329.000000,23561.000000
4000.000000,4300.000000,5000.000000,5000.000000,1813.000000,25525.000000,22580.000000
4400.000000,4200.000000,5000.000000,5000.000000,1650.000000,25721.000000,23758.000000
4800.000000,4000.000000,5000.000000,5000.000000,1723.000000,26114.000000,22972.000000
4200.000000,4200.000000,5000.000000,5000.000000,1825.000000,26310.000000,23169.000000
5200.000000,5600.000000,5000.000000,5000.000000,1979.000000,26507.000000,24740.000000
3700.000000,5000.000000,5000.000000,5000.000000,1924.000000,26703.000000,24543.000000
4100.000000,4800.000000,5000.000000,5000.000000,1741.000000,27096.000000,26310.000000
5000.000000,4000.000000,5000.000000,5000.000000,1780.000000,27685.000000,26310.000000
5600.000000,4100.000000,5000.000000,5000.000000,1981.000000,27881.000000,26310.000000
5500.000000,3900.000000,5000.000000,5000.000000,1954.000000,28077.000000,30237.000000
5300.000000,4200.000000,5000.000000,5000.000000,1962.000000,27881.000000,25525.000000
5200.000000,4400.000000,5000.000000,5000.000000,2029.000000,27881.000000,24936.000000
5600.000000,4200.000000,5000.000000,5000.000000,2299.000000,28077.000000,24936.000000
4800.000000,3600.000000,5000.000000,5000.000000,2176.000000,28470.000000,26114.000000
4100.000000,5100.000000,5000.000000,5000.000000,1792.000000,28863.000000,25918.000000
4600.000000,4500.000000,5000.000000,5000.000000,1910.000000,29059.000000,24347.000000
5100.000000,5800.000000,5000.000000,5000.000000,2178.000000,29452.000000,26899.000000
4900.000000,4800.000000,5000.000000,5000.000000,2444.000000,29648.000000,26507.000000
5000.000000,4700.000000,5000.000000,5000.000000,2292.000000,29845.000000,28667.000000
5400.000000,4400.000000,5000.000000,5000.000000,2135.000000,30041.000000,28863.000000
4800.000000,4700.000000,5000.000000,5000.000000,2195.000000,30237.000000,29452.000000
4200.000000,5700.000000,5000.000000,5000.000000,2491.000000,30237.000000,32397.000000
4100.000000,5100.000000,5000.000000,5000.000000,2572.000000,30434.000000,27488.000000
3800.000000,4100.000000,5000.000000,5000.000000,2553.000000,30630.000000,27881.000000
5200.000000,5600.000000,5000.000000,5000.000000,2324.000000,31023.000000,26507.000000
5200.000000,3800.000000,5000.000000,5000.000000,2844.000000,31415.000000,28667.000000
4600.000000,4600.000000,5000.000000,5000.000000,3310.000000,31612.000000,26507.000000
4200.000000,4600.000000,5000.000000,5000.000000,3282.000000,31808.000000,29256.000000
5300.000000,3700.000000,5000.000000,5000.000000,3061.000000,32201.000000,28470.000000
5000.000000,4500.000000,5000.000000,5000.000000,2681.000000,32594.000000,30826.000000
4100.000000,4900.000000,5000.000000,5000.000000,2598.000000,32986.000000,30630.000000
4600.000000,4500.000000,5000.000000,5000.000000,2570.000000,32986.000000,35931.000000
5700.000000,4600.000000,5000.000000,5000.000000,2899.000000,32790.000000,30237.000000
5100.000000,5400.000000,5000.000000,5000.000000,3203.000000,32790.000000,30237.000000
4100.000000,4300.000000,5000.000000,5000.000000,3357.000000,33183.000000,28077.000000
4800.000000,5000.000000,5000.000000,5000.000000,3362.000000,33968.000000,30826.000000
4700.000000,3900.000000,5000.000000,5000.000000,3142.000000,34557.000000,28667.000000
5700.000000,4500.000000,5000.000000,5000.000000,3112.000000,34753.000000,31023.000000
4200.000000,3100.000000,5000.000000,5000.000000,2746.000000,35146.000000,29845.000000
4000.000000,4700.000000,5000.000000,5000.000000,3230.000000,34950.000000,32397.000000
4700.000000,3100.000000,5000.000000,5000.000000,3568.000000,34950.000000,33183.000000
5700.000000,4500.000000,5000.000000,5000.000000,3478.000000,34950.000000,37306.000000
4100.000000,4400.000000,5000.000000,5000.000000,3102.000000,34950.000000,32594.000000
4800.000000,3200.000000,5000.000000,5000.000000,2980.000000,35146.000000,32790.000000
5100.000000,3700.000000,5000.000000,5000.000000,2793.000000,35539.000000,29845.000000
5400.000000,4100.000000,5000.000000,5000.000000,2808.000000,35931.000000,32397.000000
3800.000000,3300.000000,5000.000000,5000.000000,2564.000000,35931.000000,30041.000000
3800.000000,1900.000000,5000.000000,5000.000000,2400.000000,36324.000000,32986.000000
5300.000000,2200.000000,5000.000000,5000.000000,2510.000000,36324.000000,32790.000000
5800.000000,3300.000000,5000.000000,5000.000000,2945.000000,36324.000000,34950.000000
5300.000000,2600.000000,5000.000000,5000.000000,3160.000000,35931.000000,34950.000000
4100.000000,3100.000000,5000.000000,5000.000000,3139.000000,35735.000000,38680.000000
4100.000000,3500.000000,5000.000000,5000.000000,3307.000000,35931.000000,34361.000000
4100.000000,2700.000000,5000.000000,5000.000000,3420.000000,36128.000000,32790.000000
4100.000000,1900.000000,5000.000000,5000.000000,3479.000000,36128.000000,32790.000000
4300.000000,2200.000000,5000.000000,5000.000000,3428.000000,36717.000000,31808.000000
5400.000000,3100.000000,5000.000000,5000.000000,3388.000000,36717.000000,34753.000000
3900.000000,1300.000000,5000.000000,5000.000000,2978.000000,36913.000000,34361.000000
5300.000000,2300.000000,5000.000000,5000.000000,2732.000000,36913.000000,36521.000000
5400.000000,1400.000000,5000.000000,5000.000000,3115.000000,36324.000000,36521.000000
5200.000000,3100.000000,5000.000000,5000.000000,2946.000000,36128.000000,41037.000000
5100.000000,3900.000000,5000.000000,5000.000000,3013.000000,36128.000000,36128.000000
5200.000000,2300.000000,5000.000000,5000.000000,2829.000000,36324.000000,33772.000000
5600.000000,1300.000000,5000.000000,5000.000000,2543.000000,36521.000000,35146.000000
4900.000000,2800.000000,5000.000000,5000.000000,2661.000000,36717.000000,32986.000000
4700.000000,1300.000000,5000.000000,5000.000000,2458.000000,36913.000000,36324.000000
4700.000000,2100.000000,5000.000000,5000.000000,2600.000000,37110.000000,36128.000000
2700.000000,2400.000000,5000.000000,5000.000000,2300.000000,37306.000000,37895.000000
3500.000000,1100.000000,5000.000000,5000.000000,1950.000000,37110.000000,41037.000000
4000.000000,2300.000000,5000.000000,5000.000000,2124.000000,36913.000000,38680.000000
3100.000000,2100.000000,5000.000000,5000.000000,2099.000000,36717.000000,37306.000000
3400.000000,2400.000000,5000.000000,5000.000000,1972.000000,36913.000000,34557.000000
3600.000000,2000.000000,5000.000000,5000.000000,2141.000000,37110.000000,36521.000000
4400.000000,900.000000,5000.000000,5000.000000,2347.000000,37110.000000,34557.000000
3200.000000,2500.000000,5000.000000,5000.000000,2234.000000,37306.000000,35931.000000
2400.000000,2600.000000,5000.000000,5000.000000,2067.000000,37502.000000,38288.000000
3300.000000,2000.000000,5000.000000,5000.000000,2286.000000,37502.000000,38484.000000
2700.000000,1100.000000,5000.000000,5000.000000,2393.000000,37699.000000,43000.000000
2100.000000,700.000000,5000.000000,5000.000000,2198.000000,37502.000000,36324.000000
1900.000000,700.000000,5000.000000,5000.000000,1729.000000,37502.000000,36717.000000
2100.000000,700.000000,5000.000000,5000.000000,1988.000000,37699.000000,38288.000000
2700.000000,800.000000,5000.000000,5000.000000,1622.000000,37699.000000,35539.000000
2400.000000,400.000000,5000.000000,5000.000000,1941.000000,37699.000000,36521.000000
2100.000000,600.000000,5000.000000,5000.000000,1865.000000,37699.000000,38484.000000
2700.000000,700.000000,5000.000000,5000.000000,1918.000000,38091.000000,38680.000000
2100.000000,1100.000000,5000.000000,5000.000000,1599.000000,37502.000000,43196.000000
1700.000000,1000.000000,5000.000000,5000.000000,1854.000000,37895.000000,37110.000000
2400.000000,1000.000000,5000.000000,5000.000000,2176.000000,37895.000000,37110.000000
2800.000000,800.000000,5000.000000,5000.000000,2122.000000,37502.000000,37502.000000
2900.000000,500.000000,5000.000000,5000.000000,1726.000000,37699.000000,36324.000000
1800.000000,800.000000,5000.000000,5000.000000,1755.000000,38091.000000,38288.000000
2600.000000,700.000000,5000.000000,5000.000000,1466.000000,37502.000000,38288.000000
3700.000000,800.000000,5000.000000,5000.000000,1441.000000,37895.000000,38877.000000
2400.000000,500.000000,5000.000000,5000.000000,1279.000000,37895.000000,44374.000000
1600.000000,1000.000000,5000.000000,5000.000000,1429.000000,37502.000000,37502.000000
2000.000000,1800.000000,5000.000000,5000.000000,1506.000000,37306.000000,36128.000000
2800.000000,3100.000000,5000.000000,5000.000000,1796.000000,37306.000000,37306.000000
3300.000000,2100.000000,5000.000000,5000.000000,1738.000000,37306.000000,36324.000000
2200.000000,1600.000000,5000.000000,5000.000000,1544.000000,37502.000000,37699.000000
1900.000000,900.000000,5000.000000,5000.000000,1682.000000,37502.000000,37502.000000
1800.000000,1300.000000,5000.000000,5000.000000,1643.000000,37502.000000,39073.000000
2300.000000,2100.000000,5000.000000,5000.000000,1541.000000,37306.000000,38877.000000
3400.000000,2900.000000,5000.000000,5000.000000,1718.000000,37306.000000,43982.000000
2000.000000,2400.000000,5000.000000,5000.000000,1952.000000,37306.000000,36128.000000
1800.000000,1200.000000,5000.000000,5000.000000,2028.000000,37306.000000,37502.000000
3100.000000,800.000000,5000.000000,5000.000000,1924.000000,37502.000000,37699.000000
1500.000000,1200.000000,5000.000000,5000.000000,2216.000000,37699.000000,36913.000000
2100.000000,1900.000000,5000.000000,5000.000000,2249.000000,37699.000000,37895.000000
2900.000000,2600.000000,5000.000000,5000.000000,2098.000000,37699.000000,39662.000000
1500.000000,2400.000000,5000.000000,5000.000000,2165.000000,37699.000000,39269.000000
2800.000000,2200.000000,5000.000000,5000.000000,2179.000000,37699.000000,43982.000000
2000.000000,1600.000000,5000.000000,5000.000000,2315.000000,37502.000000,36324.000000
1700.000000,1000.000000,5000.000000,5000.000000,2193.000000,37502.000000,37306.000000
3600.000000,1000.000000,5000.000000,5000.000000,2387.000000,37502.000000,38288.000000
2300.000000,800.000000,5000.000000,5000.000000,2427.000000,37699.000000,36521.000000
2100.000000,500.000000,5000.000000,5000.000000,2424.000000,37895.000000,37502.000000
3200.000000,500.000000,5000.000000,5000.000000,2492.000000,37895.000000,39466.000000
2000.000000,700.000000,5000.000000,5000.000000,2718.000000,38091.000000,39466.000000
1900.000000,300.000000,5000.000000,5000.000000,2442.000000,37895.000000,43982.000000
3100.000000,500.000000,5000.000000,5000.000000,2420.000000,37895.000000,36324.000000
700.000000,500.000000,5000.000000,5000.000000,2335.000000,37895.000000,37502.000000
2300.000000,800.000000,5000.000000,5000.000000,2448.000000,37699.000000,38680.000000
2100.000000,1200.000000,5000.000000,5000.000000,2397.000000,37895.000000,36717.000000
1800.000000,1600.000000,5000.000000,5000.000000,2218.000000,37895.000000,37699.000000
2400.000000,2100.000000,5000.000000,5000.000000,2631.000000,37895.000000,39662.000000
1900.000000,2500.000000,5000.000000,5000.000000,2634.000000,38288.000000,39269.000000
2100.000000,1900.000000,5000.000000,5000.000000,3234.000000,38288.000000,44571.000000
1900.000000,1500.000000,5000.000000,5000.000000,3285.000000,37895.000000,36324.000000
2800.000000,700.000000,5000.000000,5000.000000,3427.000000,37699.000000,37306.000000
1400.000000,400.000000,5000.000000,5000.000000,3281.000000,38091.000000,38877.000000
2800.000000,900.000000,5000.000000,5000.000000,3169.000000,38288.000000,36913.000000
1300.000000,900.000000,5000.000000,5000.000000,3267.000000,38091.000000,37502.000000
3100.000000,1400.000000,5000.000000,5000.000000,2933.000000,38091.000000,39858.000000
1200.000000,1800.000000,5000.000000,5000.000000,2957.000000,37895.000000,39269.000000
2900.000000,2400.000000,5000.000000,5000.000000,3048.000000,38484.000000,44571.000000
1400.000000,1900.000000,5000.000000,5000.000000,2774.000000,37699.000000,36717.000000
2400.000000,1900.000000,5000.000000,5000.000000,2686.000000,37895.000000,37110.000000
1800.000000,1500.000000,5000.000000,5000.000000,2619.000000,37895.000000,38680.000000
1900.000000,800.000000,5000.000000,5000.000000,2574.000000,37895.000000,36324.000000
3600.000000,200.000000,5000.000000,5000.000000,2291.000000,37895.000000,37110.000000
2600.000000,300.000000,5000.000000,5000.000000,2297.000000,37895.000000,39269.000000
1600.000000,1200.000000,5000.000000,5000.000000,2481.000000,38091.000000,39073.000000
2800.000000,1100.000000,5000.000000,5000.000000,2564.000000,38091.000000,44374.000000
2800.000000,1600.000000,5000.000000,5000.000000,2350.000000,37699.000000,36521.000000
1500.000000,1600.000000,5000.000000,5000.000000,2260.000000,37502.000000,37502.000000
3500.000000,1800.000000,5000.000000,5000.000000,2196.000000,37306.000000,38288.000000
1200.000000,1100.000000,5000.000000,5000.000000,2002.000000,37306.000000,36324.000000
2300.000000,1100.000000,5000.000000,5000.000000,2197.000000,37306.000000,38091.000000
1900.000000,1500.000000,5000.000000,5000.000000,2156.000000,37502.000000,39073.000000
1700.000000,2100.000000,5000.000000,5000.000000,2267.000000,37502.000000,39466.000000
1800.000000,2300.000000,5000.000000,5000.000000,2057.000000,37895.000000,44767.000000
2400.000000,2700.000000,5000.000000,5000.000000,2064.000000,37895.000000,37699.000000
1500.000000,2600.000000,5000.000000,5000.000000,2067.000000,37699.000000,37502.000000
2800.000000,2100.000000,5000.000000,5000.000000,2031.000000,37895.000000,38091.000000
1300.000000,2300.000000,5000.000000,5000.000000,2114.000000,37895.000000,36324.000000
2700.000000,2700.000000,5000.000000,5000.000000,2095.000000,37699.000000,38484.000000
1300.000000,2100.000000,5000.000000,5000.000000,2335.000000,38091.000000,38680.000000
2500.000000,2100.000000,5000.000000,5000.000000,2261.000000,37895.000000,39662.000000
1300.000000,1700.000000,5000.000000,5000.000000,2369.000000,37895.000000,44767.000000
2800.000000,1300.000000,5000.000000,5000.000000,2254.000000,38091.000000,38091.000000
1100.000000,700.000000,5000.000000,5000.000000,2197.000000,37895.000000,37306.000000
2700.000000,500.000000,5000.000000,5000.000000,2155.000000,37895.000000,37895.000000
1100.000000,800.000000,5000.000000,5000.000000,2170.000000,37895.000000,36521.000000
2100.000000,1400.000000,5000.000000,5000.000000,2156.000000,37895.000000,38680.000000
1900.000000,1100.000000,5000.000000,5000.000000,2120.000000,38091.000000,38484.000000
2000.000000,1700.000000,5000.000000,5000.000000,2259.000000,38091.000000,39269.000000
2000.000000,2200.000000,5000.000000,5000.000000,2149.000000,38091.000000,45160.000000
1900.000000,2000.000000,5000.000000,5000.000000,2081.000000,38288.000000,38288.000000
1900.000000,1700.000000,5000.000000,5000.000000,2114.000000,37895.000000,36717.000000
1700.000000,900.000000,5000.000000,5000.000000,2019.000000,37895.000000,37699.000000
2500.000000,100.000000,5000.000000,5000.000000,1964.000000,37895.000000,36521.000000
1800.000000,1000.000000,5000.000000,5000.000000,2073.000000,37895.000000,38680.000000
2500.000000,1100.000000,5000.000000,5000.000000,1821.000000,38091.000000,38091.000000
1400.000000,1800.000000,5000.000000,5000.000000,1724.000000,38091.000000,39466.000000
2700.000000,2300.000000,5000.000000,5000.000000,1651.000000,38091.000000,43393.000000
1300.000000,2100.000000,5000.000000,5000.000000,1786.000000,38091.000000,40055.000000
2800.000000,1600.000000,5000.000000,5000.000000,1933.000000,38091.000000,36521.000000
1600.000000,800.000000,5000.000000,5000.000000,2022.000000,37895.000000,37699.000000
3300.000000,200.000000,5000.000000,5000.000000,1879.000000,37699.000000,36913.000000
1300.000000,500.000000,5000.000000,5000.000000,2159.000000,37895.000000,37895.000000
2200.000000,1000.000000,5000.000000,5000.000000,2155.000000,38091.000000,38288.000000
2300.000000,1400.000000,5000.000000,5000.000000,2221.000000,37895.000000,39269.000000
1300.000000,1900.000000,5000.000000,5000.000000,2075.000000,38091.000000,39269.000000
3100.000000,2400.000000,5000.000000,5000.000000,2294.000000,38091.000000,44374.000000
1400.000000,2600.000000,5000.000000,5000.000000,2513.000000,37699.000000,36717.000000
2900.000000,2600.000000,5000.000000,5000.000000,2185.000000,37502.000000,37502.000000
1100.000000,2100.000000,5000.000000,5000.000000,2533.000000,37110.000000,37502.000000
2600.000000,600.000000,5000.000000,5000.000000,2594.000000,37306.000000,37895.000000
1100.000000,1800.000000,5000.000000,5000.000000,2695.000000,37502.000000,38288.000000
2700.000000,3100.000000,5000.000000,5000.000000,2775.000000,37699.000000,39662.000000
1000.000000,2100.000000,5000.000000,5000.000000,2654.000000,37502.000000,39466.000000
2200.000000,1500.000000,5000.000000,5000.000000,2270.000000,37895.000000,44571.000000
1600.000000,1500.000000,5000.000000,5000.000000,2124.000000,37699.000000,36717.000000
1800.000000,1400.000000,5000.000000,5000.000000,2047.000000,37895.000000,37699.000000
2300.000000,1700.000000,5000.000000,5000.000000,2038.000000,37895.000000,38091.000000
1200.000000,1600.000000,5000.000000,5000.000000,2091.000000,37699.000000,37502.000000
2500.000000,2600.000000,5000.000000,5000.000000,2001.000000,37895.000000,38091.000000
1200.000000,2000.000000,5000.000000,5000.000000,1843.000000,37895.000000,40055.000000
2700.000000,1700.000000,5000.000000,5000.000000,1823.000000,38091.000000,39662.000000
1500.000000,1100.000000,5000.000000,5000.000000,2074.000000,37895.000000,44178.000000
1700.000000,500.000000,5000.000000,5000.000000,2288.000000,38288.000000,37110.000000
2200.000000,500.000000,5000.000000,5000.000000,2087.000000,38091.000000,37502.000000
1700.000000,500.000000,5000.000000,5000.000000,2411.000000,37895.000000,38091.000000
2300.000000,900.000000,5000.000000,5000.000000,2447.000000,38091.000000,37110.000000
1200.000000,1700.000000,5000.000000,5000.000000,2483.000000,37699.000000,38288.000000
2800.000000,2300.000000,5000.000000,5000.000000,2565.000000,37895.000000,39858.000000
1400.000000,1900.000000,5000.000000,5000.000000,2576.000000,38091.000000,39858.000000
1400.000000,1100.000000,5000.000000,5000.000000,2290.000000,38091.000000,43785.000000
2100.000000,700.000000,5000.000000,5000.000000,1937.000000,38288.000000,36913.000000
1600.000000,100.000000,5000.000000,5000.000000,1801.000000,38091.000000,37699.000000
2300.000000,600.000000,5000.000000,5000.000000,1867.000000,37895.000000,38680.000000
1500.000000,1100.000000,5000.000000,5000.000000,1665.000000,37895.000000,36913.000000
2900.000000,2000.000000,5000.000000,5000.000000,1621.000000,38091.000000,38091.000000
1200.000000,2100.000000,5000.000000,5000.000000,1440.000000,37895.000000,40055.000000
2500.000000,1800.000000,5000.000000,5000.000000,1457.000000,37699.000000,39662.000000
1500.000000,900.000000,5000.000000,5000.000000,1317.000000,38288.000000,44178.000000
2200.000000,600.000000,5000.000000,5000.000000,1228.000000,38288.000000,37110.000000
1700.000000,0.000000,5000.000000,5000.000000,1281.000000,38091.000000,37502.000000
1500.000000,1600.000000,5000.000000,5000.000000,1185.000000,38091.000000,38484.000000
2500.000000,1800.000000,5000.000000,5000.000000,1114.000000,37895.000000,37110.000000
1200.000000,2100.000000,5000.000000,5000.000000,1081.000000,37895.000000,38091.000000
3000.000000,2000.000000,5000.000000,5000.000000,1232.000000,38091.000000,39858.000000
1000.000000,1400.000000,5000.000000,5000.000000,1385.000000,38091.000000,39466.000000
2900.000000,900.000000,5000.000000,5000.000000,1579.000000,37895.000000,44374.000000
1300.000000,300.000000,5000.000000,5000.000000,1416.000000,37895.000000,36717.000000
2700.000000,800.000000,5000.000000,5000.000000,1825.000000,37699.000000,37502.000000
1500.000000,2300.000000,5000.000000,5000.000000,1628.000000,37306.000000,38680.000000
2500.000000,3100.000000,5000.000000,5000.000000,1428.000000,37110.000000,36521.000000
1300.000000,700.000000,5000.000000,5000.000000,1697.000000,37306.000000,37699.000000
2700.000000,1800.000000,5000.000000,5000.000000,1612.000000,37306.000000,39858.000000
2700.000000,2300.000000,5000.000000,5000.000000,1932.000000,37306.000000,39466.000000
1300.000000,2200.000000,5000.000000,5000.000000,2112.000000,37502.000000,44571.000000
2500.000000,2300.000000,5000.000000,5000.000000,1905.000000,38091.000000,36717.000000
1500.000000,2400.000000,5000.000000,5000.000000,1782.000000,37895.000000,37699.000000
1500.000000,2000.000000,5000.000000,5000.000000,1992.000000,37895.000000,38877.000000
1800.000000,1700.000000,5000.000000,5000.000000,2122.000000,37895.000000,36717.000000
1000.000000,1100.000000,5000.000000,5000.000000,1947.000000,37895.000000,37895.000000
2900.000000,400.000000,5000.000000,5000.000000,1826.000000,37895.000000,40055.000000
1300.000000,500.000000,5000.000000,5000.000000,1847.000000,37895.000000,39662.000000
2200.000000,1300.000000,5000.000000,5000.000000,1485.000000,38091.000000,44964.000000
1700.000000,2000.000000,5000.000000,5000.000000,1420.000000,38091.000000,36521.000000
1300.000000,1700.000000,5000.000000,5000.000000,1352.000000,38288.000000,37895.000000
2700.000000,900.000000,5000.000000,5000.000000,1233.000000,38288.000000,39073.000000
900.000000,0.000000,5000.000000,5000.000000,1289.000000,38091.000000,36717.000000
2600.000000,700.000000,5000.000000,5000.000000,1292.000000,37895.000000,38091.000000
1300.000000,2200.000000,5000.000000,5000.000000,1271.000000,38091.000000,40055.000000
1600.000000,2000.000000,5000.000000,5000.000000,1225.000000,38091.000000,39466.000000
2600.000000,1500.000000,5000.000000,5000.000000,1664.000000,37895.000000,44964.000000
800.000000,700.000000,5000.000000,5000.000000,1618.000000,38091.000000,36717.000000
3000.000000,200.000000,5000.000000,5000.000000,1691.000000,38288.000000,37502.000000
1100.000000,800.000000,5000.000000,5000.000000,1780.000000,38091.000000,38877.000000
2100.000000,1000.000000,5000.000000,5000.000000,2009.000000,38288.000000,36521.000000
1500.000000,1800.000000,5000.000000,5000.000000,2024.000000,38091.000000,37895.000000
1600.000000,2200.000000,5000.000000,5000.000000,2154.000000,38288.000000,39858.000000
2300.000000,1500.000000,5000.000000,5000.000000,2056.000000,37895.000000,39662.000000
900.000000,700.000000,5000.000000,5000.000000,2161.000000,38091.000000,45356.000000
2800.000000,200.000000,5000.000000,5000.000000,2058.000000,38091.000000,36324.000000
1200.000000,500.000000,5000.000000,5000.000000,1986.000000,38288.000000,37502.000000
3000.000000,800.000000,5000.000000,5000.000000,1906.000000,37895.000000,39073.000000
1100.000000,1500.000000,5000.000000,5000.000000,1920.000000,37895.000000,36717.000000
2700.000000,2100.000000,5000.000000,5000.000000,1871.000000,37895.000000,37699.000000
1600.000000,2000.000000,5000.000000,5000.000000,2086.000000,38091.000000,39662.000000
1900.000000,1900.000000,5000.000000,5000.000000,2097.000000,37699.000000,39466.000000
1600.000000,1200.000000,5000.000000,5000.000000,2026.000000,37895.000000,44964.000000
2100.000000,1000.000000,5000.000000,5000.000000,2028.000000,37895.000000,36717.000000
1900.000000,1000.000000,5000.000000,5000.000000,1840.000000,37895.000000,37502.000000
1900.000000,1700.000000,5000.000000,5000.000000,2347.000000,37699.000000,39073.000000
0.000000,300.000000,0.000000,0.000000,2133.000000,36913.000000,36128.000000
200.000000,0.000000,0.000000,0.000000,1863.000000,36521.000000,36913.000000
-100.000000,300.000000,0.000000,0.000000,1593.000000,36324.000000,38680.000000
-100.000000,0.000000,0.000000,0.000000,1562.000000,35735.000000,37699.000000
0.000000,0.000000,0.000000,0.000000,1964.000000,35931.000000,43196.000000
0.000000,0.000000,0.000000,0.000000,2568.000000,36913.000000,35735.000000
200.000000,0.000000,0.000000,0.000000,2786.000000,38091.000000,36913.000000
100.000000,200.000000,0.000000,0.000000,2520.000000,38091.000000,37895.000000
0.000000,0.000000,0.000000,0.000000,2082.000000,37895.000000,36521.000000
0.000000,0.000000,0.000000,0.000000,2001.000000,37699.000000,38091.000000
-100.000000,100.000000,0.000000,0.000000,1953.000000,36913.000000,37699.000000
100.000000,0.000000,0.000000,0.000000,1864.000000,36913.000000,38091.000000
-100.000000,-100.000000,0.000000,0.000000,1938.000000,36717.000000,43589.000000
0.000000,400.000000,0.000000,0.000000,2139.000000,36521.000000,36324.000000
-300.000000,0.000000,0.000000,0.000000,2418.000000,35735.000000,34164.000000
0.000000,100.000000,0.000000,0.000000,2174.000000,35735.000000,34361.000000
-100.000000,-100.000000,0.000000,0.000000,2129.000000,35735.000000,34557.000000
-100.000000,0.000000,0.000000,0.000000,2122.000000,34950.000000,33183.000000
-100.000000,-100.000000,0.000000,0.000000,2026.000000,34950.000000,34361.000000
0.000000,-100.000000,0.000000,0.000000,2212.000000,34950.000000,37502.000000
-800.000000,0.000000,78.000000,78.000000,2001.000000,35342.000000,37110.000000
100.000000,-1200.000000,0.000000,0.000000,1461.000000,35735.000000,42411.000000
0.000000,0.000000,0.000000,0.000000,1476.000000,35931.000000,34361.000000
0.000000,0.000000,0.000000,0.000000,1330.000000,35931.000000,34753.000000
0.000000,200.000000,0.000000,0.000000,1549.000000,35735.000000,34164.000000
-100.000000,0.000000,0.000000,0.000000,1647.000000,35539.000000,32594.000000
100.000000,0.000000,0.000000,0.000000,1667.000000,35342.000000,34753.000000
0.000000,200.000000,0.000000,0.000000,1825.000000,34950.000000,34361.000000
-200.000000,0.000000,0.000000,0.000000,1877.000000,34753.000000,35539.000000
0.000000,0.000000,0.000000,0.000000,1779.000000,34557.000000,35146.000000
0.000000,0.000000,0.000000,0.000000,2163.000000,34557.000000,40644.000000
0.000000,0.000000,0.000000,0.000000,2033.000000,34753.000000,32986.000000
0.000000,300.000000,0.000000,0.000000,2479.000000,34950.000000,32790.000000
0.000000,-100.000000,0.000000,0.000000,2112.000000,34950.000000,32986.000000
-100.000000,0.000000,0.000000,0.000000,1958.000000,34950.000000,32397.000000
0.000000,100.000000,0.000000,0.000000,1960.000000,34950.000000,34557.000000
0.000000,0.000000,0.000000,0.000000,2008.000000,34753.000000,33379.000000
-200.000000,0.000000,0.000000,0.000000,2213.000000,34361.000000,34361.000000
-200.000000,-300.000000,0.000000,0.000000,2220.000000,34361.000000,33772.000000
-200.000000,0.000000,0.000000,0.000000,2413.000000,33968.000000,39073.000000
-100.000000,100.000000,0.000000,0.000000,2570.000000,33772.000000,31219.000000
0.000000,300.000000,0.000000,0.000000,2723.000000,33772.000000,30434.000000
-300.000000,-700.000000,156.000000,156.000000,2686.000000,33772.000000,31023.000000
0.000000,200.000000,0.000000,0.000000,2681.000000,33772.000000,32790.000000
-100.000000,0.000000,0.000000,0.000000,2545.000000,33968.000000,30826.000000
0.000000,100.000000,0.000000,0.000000,2334.000000,33772.000000,32986.000000
100.000000,0.000000,0.000000,0.000000,2308.000000,33772.000000,32594.000000
-100.000000,0.000000,0.000000,0.000000,2421.000000,33379.000000,32790.000000
0.000000,-100.000000,0.000000,0.000000,2465.000000,33183.000000,32201.000000
200.000000,0.000000,0.000000,0.000000,2168.000000,32986.000000,37306.000000
0.000000,-100.000000,0.000000,0.000000,2358.000000,32790.000000,29452.000000
-100.000000,100.000000,0.000000,0.000000,2356.000000,32594.000000,29256.000000
0.000000,0.000000,0.000000,0.000000,2492.000000,32397.000000,28667.000000
0.000000,-100.000000,0.000000,0.000000,2445.000000,32201.000000,30041.000000
-100.000000,0.000000,0.000000,0.000000,1877.000000,32594.000000,28667.000000
-100.000000,0.000000,0.000000,0.000000,1460.000000,32790.000000,31219.000000
100.000000,-100.000000,0.000000,0.000000,1430.000000,32594.000000,33575.000000
-100.000000,0.000000,0.000000,0.000000,1734.000000,32397.000000,30434.000000
0.000000,-200.000000,0.000000,0.000000,1701.000000,32397.000000,30237.000000
0.000000,400.000000,0.000000,0.000000,1635.000000,32004.000000,34361.000000
0.000000,0.000000,0.000000,0.000000,1630.000000,32004.000000,29256.000000
200.000000,0.000000,0.000000,0.000000,1427.000000,31612.000000,27488.000000
200.000000,0.000000,0.000000,0.000000,1665.000000,31415.000000,27488.000000
0.000000,200.000000,0.000000,0.000000,1547.000000,31415.000000,29648.000000
-100.000000,-300.000000,0.000000,0.000000,1504.000000,31808.000000,27685.000000
100.000000,0.000000,0.000000,0.000000,1581.000000,32004.000000,31612.000000
-600.000000,200.000000,0.000000,0.000000,1405.000000,31808.000000,28274.000000
0.000000,300.000000,0.000000,0.000000,1352.000000,31415.000000,30041.000000
-100.000000,0.000000,0.000000,0.000000,1369.000000,31219.000000,29256.000000
-100.000000,0.000000,0.000000,0.000000,1488.000000,31023.000000,28667.000000
100.000000,100.000000,0.000000,0.000000,997.000000,30826.000000,33772.000000
100.000000,0.000000,0.000000,0.000000,1200.000000,30630.000000,26114.000000
100.000000,0.000000,0.000000,0.000000,1186.000000,30826.000000,27096.000000
0.000000,0.000000,0.000000,0.000000,957.000000,31219.000000,27685.000000
-500.000000,0.000000,78.000000,78.000000,839.000000,31612.000000,29256.000000
-100.000000,0.000000,0.000000,0.000000,733.000000,31023.000000,28274.000000
-100.000000,300.000000,0.000000,0.000000,668.000000,30826.000000,28274.000000
0.000000,-300.000000,0.000000,0.000000,948.000000,30630.000000,26507.000000
0.000000,200.000000,0.000000,0.000000,1018.000000,30630.000000,28470.000000
0.000000,0.000000,0.000000,0.000000,1045.000000,30237.000000,27685.000000
-100.000000,0.000000,0.000000,0.000000,1136.000000,30041.000000,26899.000000
0.000000,-100.000000,0.000000,0.000000,1378.000000,29845.000000,32201.000000
-200.000000,0.000000,0.000000,0.000000,1617.000000,29845.000000,25329.000000
0.000000,0.000000,0.000000,0.000000,1567.000000,29845.000000,24740.000000
-100.000000,-100.000000,0.000000,0.000000,1555.000000,30434.000000,25525.000000
0.000000,400.000000,0.000000,0.000000,1378.000000,30630.000000,27881.000000
0.000000,0.000000,0.000000,0.000000,1189.000000,30237.000000,26310.000000
0.000000,0.000000,0.000000,0.000000,1708.000000,30041.000000,26114.000000
200.000000,-100.000000,0.000000,0.000000,1858.000000,29845.000000,26310.000000
100.000000,0.000000,0.000000,0.000000,1649.000000,29059.000000,26507.000000
0.000000,0.000000,0.000000,0.000000,1649.000000,29256.000000,26703.000000
-100.000000,-100.000000,0.000000,0.000000,1928.000000,28863.000000,25721.000000
100.000000,0.000000,0.000000,0.000000,2481.000000,28863.000000,25918.000000
-100.000000,-100.000000,0.000000,0.000000,2556.000000,28470.000000,30041.000000
-200.000000,0.000000,0.000000,0.000000,2810.000000,28470.000000,23365.000000
0.000000,-400.000000,0.000000,0.000000,2859.000000,28863.000000,22776.000000
0.000000,0.000000,0.000000,0.000000,2699.000000,29256.000000,23561.000000
0.000000,0.000000,0.000000,0.000000,2476.000000,28863.000000,25918.000000
0.000000,-200.000000,0.000000,0.000000,2546.000000,28470.000000,25525.000000
0.000000,0.000000,0.000000,0.000000,2567.000000,28470.000000,23954.000000
0.000000,0.000000,0.000000,0.000000,2545.000000,28077.000000,25329.000000
200.000000,0.000000,0.000000,0.000000,2599.000000,27881.000000,23561.000000
0.000000,0.000000,0.000000,0.000000,2584.000000,27685.000000,24936.000000
0.000000,0.000000,0.000000,0.000000,2672.000000,27685.000000,24740.000000
-100.000000,0.000000,0.000000,0.000000,2744.000000,27685.000000,23954.000000
-100.000000,100.000000,0.000000,0.000000,2603.000000,28077.000000,28863.000000
100.000000,-100.000000,0.000000,0.000000,2128.000000,28077.000000,22580.000000
0.000000,0.000000,0.000000,0.000000,1996.000000,28077.000000,21402.000000
-200.000000,-100.000000,0.000000,0.000000,2057.000000,27685.000000,21402.000000
0.000000,100.000000,0.000000,0.000000,1992.000000,27488.000000,22383.000000
0.000000,0.000000,0.000000,0.000000,1999.000000,27096.000000,24543.000000
-100.000000,100.000000,0.000000,0.000000,1782.000000,27096.000000,23758.000000
0.000000,0.000000,0.000000,0.000000,1688.000000,26703.000000,21794.000000
-500.000000,-100.000000,0.000000,0.000000,1542.000000,26507.000000,23561.000000
0.000000,0.000000,0.000000,0.000000,1852.000000,26507.000000,21794.000000
-100.000000,0.000000,0.000000,0.000000,2128.000000,27096.000000,23169.000000
100.000000,0.000000,0.000000,0.000000,1945.000000,27488.000000,22776.000000
-100.000000,0.000000,0.000000,0.000000,1781.000000,27488.000000,22187.000000
0.000000,-100.000000,0.000000,0.000000,1627.000000,27096.000000,22187.000000
0.000000,0.000000,0.000000,0.000000,1592.000000,27096.000000,26899.000000
0.000000,-100.000000,0.000000,0.000000,1844.000000,26703.000000,20616.000000
0.000000,0.000000,0.000000,0.000000,2140.000000,26310.000000,19438.000000
0.000000,400.000000,0.000000,0.000000,2214.000000,26114.000000,21205.000000
100.000000,0.000000,0.000000,0.000000,2069.000000,26114.000000,21598.000000
-200.000000,-100.000000,0.000000,0.000000,2140.000000,25918.000000,22580.000000
200.000000,0.000000,0.000000,0.000000,2219.000000,25525.000000,22187.000000
0.000000,0.000000,0.000000,0.000000,2235.000000,25525.000000,19831.000000
100.000000,0.000000,0.000000,0.000000,2028.000000,25721.000000,21794.000000
0.000000,-100.000000,0.000000,0.000000,2140.000000,26507.000000,20420.000000
100.000000,300.000000,0.000000,0.000000,2078.000000,26507.000000,20616.000000
0.000000,0.000000,0.000000,0.000000,1894.000000,26507.000000,21205.000000
400.000000,1100.000000,156.000000,156.000000,1915.000000,26310.000000,20420.000000
-100.000000,0.000000,0.000000,0.000000,2032.000000,25918.000000,20027.000000
0.000000,-200.000000,0.000000,0.000000,1944.000000,25525.000000,19831.000000
0.000000,0.000000,0.000000,0.000000,2325.000000,25525.000000,25329.000000
100.000000,200.000000,0.000000,0.000000,2379.000000,25132.000000,20224.000000
0.000000,-100.000000,0.000000,0.000000,2335.000000,24936.000000,19634.000000
0.000000,200.000000,0.000000,0.000000,2215.000000,24740.000000,20813.000000
0.000000,-300.000000,0.000000,0.000000,2163.000000,24347.000000,19438.000000
100.000000,-200.000000,0.000000,0.000000,2048.000000,24347.000000,20420.000000
0.000000,300.000000,0.000000,0.000000,2264.000000,24347.000000,19831.000000
100.000000,-100.000000,0.000000,0.000000,2361.000000,25329.000000,17278.000000
-100.000000,200.000000,0.000000,0.000000,2263.000000,25525.000000,19242.000000
-100.000000,-100.000000,0.000000,0.000000,2198.000000,25525.000000,19045.000000
1200.000000,1100.000000,156.000000,156.000000,2289.000000,25329.000000,17475.000000
600.000000,-400.000000,153.000000,156.000000,2368.000000,24936.000000,18849.000000
100.000000,0.000000,0.000000,0.000000,2279.000000,24150.000000,18849.000000
0.000000,100.000000,0.000000,0.000000,2338.000000,24347.000000,19438.000000
-100.000000,100.000000,0.000000,0.000000,2366.000000,24347.000000,19634.000000
0.000000,100.000000,0.000000,0.000000,2192.000000,23758.000000,19634.000000
0.000000,100.000000,0.000000,0.000000,2180.000000,23169.000000,24347.000000
-100.000000,0.000000,0.000000,0.000000,2065.000000,23365.000000,18260.000000
0.000000,400.000000,0.000000,0.000000,2116.000000,22776.000000,16886.000000
0.000000,0.000000,0.000000,0.000000,2323.000000,22580.000000,17082.000000
0.000000,-100.000000,0.000000,0.000000,2192.000000,23169.000000,17671.000000
0.000000,0.000000,0.000000,0.000000,2070.000000,23954.000000,17082.000000
0.000000,0.000000,0.000000,0.000000,2002.000000,23954.000000,18260.000000
-100.000000,0.000000,0.000000,0.000000,1872.000000,23758.000000,17867.000000
0.000000,0.000000,0.000000,0.000000,1850.000000,23365.000000,15511.000000
100.000000,0.000000,0.000000,0.000000,2012.000000,23365.000000,17671.000000
0.000000,-100.000000,0.000000,0.000000,1850.000000,22972.000000,17278.000000
0.000000,100.000000,0.000000,0.000000,1712.000000,22776.000000,15904.000000
-100.000000,0.000000,0.000000,0.000000,1665.000000,22383.000000,17082.000000
-200.000000,100.000000,0.000000,0.000000,1823.000000,21991.000000,17082.000000
0.000000,0.000000,0.000000,0.000000,1786.000000,21794.000000,16689.000000
-200.000000,0.000000,0.000000,0.000000,1720.000000,21991.000000,16886.000000
0.000000,0.000000,0.000000,0.000000,1594.000000,22187.000000,17082.000000
0.000000,0.000000,0.000000,0.000000,1647.000000,22776.000000,16689.000000
0.000000,-100.000000,0.000000,0.000000,1499.000000,22776.000000,15904.000000
-100.000000,100.000000,0.000000,0.000000,1431.000000,22383.000000,16297.000000
0.000000,-100.000000,0.000000,0.000000,1591.000000,22383.000000,16100.000000
0.000000,0.000000,0.000000,0.000000,1682.000000,22187.000000,15315.000000
0.000000,-100.000000,0.000000,0.000000,1663.000000,21794.000000,16493.000000
100.000000,0.000000,0.000000,0.000000,1705.000000,21598.000000,16493.000000
-200.000000,0.000000,0.000000,0.000000,1784.000000,21402.000000,16297.000000
0.000000,0.000000,0.000000,0.000000,1897.000000,21205.000000,15904.000000
0.000000,100.000000,0.000000,0.000000,1829.000000,21009.000000,15707.000000
0.000000,0.000000,0.000000,0.000000,1885.000000,20813.000000,13548.000000
0.000000,200.000000,0.000000,0.000000,1736.000000,21205.000000,14726.000000
-100.000000,100.000000,0.000000,0.000000,1485.000000,21794.000000,14922.000000
-100.000000,0.000000,0.000000,0.000000,1360.000000,21991.000000,14726.000000
0.000000,0.000000,0.000000,0.000000,1364.000000,21991.000000,14922.000000
0.000000,200.000000,0.000000,0.000000,1358.000000,21598.000000,15118.000000
0.000000,300.000000,0.000000,0.000000,1397.000000,21402.000000,14922.000000
-100.000000,100.000000,0.000000,0.000000,1408.000000,21205.000000,14726.000000
-100.000000,0.000000,0.000000,0.000000,1475.000000,20813.000000,14922.000000
-100.000000,0.000000,0.000000,0.000000,1541.000000,20420.000000,14726.000000
-100.000000,0.000000,0.000000,0.000000,1589.000000,20420.000000,14529.000000
0.000000,0.000000,0.000000,0.000000,1652.000000,20027.000000,12762.000000
-200.000000,0.000000,0.000000,0.000000,1791.000000,19831.000000,13940.000000
0.000000,0.000000,0.000000,0.000000,1636.000000,19634.000000,13940.000000
0.000000,0.000000,0.000000,0.000000,1818.000000,19831.000000,13940.000000
-100.000000,0.000000,0.000000,0.000000,1723.000000,20420.000000,13351.000000
0.000000,100.000000,0.000000,0.000000,1617.000000,21009.000000,13940.000000
-200.000000,200.000000,0.000000,0.000000,1560.000000,20813.000000,13548.000000
0.000000,300.000000,0.000000,0.000000,1453.000000,20813.000000,13548.000000
0.000000,-200.000000,0.000000,0.000000,1455.000000,20420.000000,13548.000000
-100.000000,100.000000,0.000000,0.000000,1471.000000,20224.000000,13548.000000
0.000000,0.000000,0.000000,0.000000,1698.000000,19831.000000,13351.000000
0.000000,100.000000,0.000000,0.000000,1700.000000,19634.000000,11977.000000
-100.000000,0.000000,0.000000,0.000000,1604.000000,19634.000000,12173.000000
200.000000,200.000000,0.000000,0.000000,1692.000000,19242.000000,12762.000000
0.000000,100.000000,0.000000,0.000000,1653.000000,18849.000000,12566.000000
-200.000000,100.000000,0.000000,0.000000,1650.000000,18653.000000,12370.000000
0.000000,0.000000,0.000000,0.000000,1503.000000,18653.000000,12370.000000
-100.000000,400.000000,0.000000,0.000000,1790.000000,18653.000000,12370.000000
100.000000,0.000000,0.000000,0.000000,1704.000000,19242.000000,12566.000000
0.000000,0.000000,0.000000,0.000000,1455.000000,19438.000000,12566.000000
-100.000000,0.000000,0.000000,0.000000,1362.000000,19438.000000,12370.000000
-100.000000,-100.000000,0.000000,0.000000,1404.000000,19242.000000,12370.000000
0.000000,100.000000,0.000000,0.000000,1603.000000,19045.000000,12370.000000
200.000000,100.000000,0.000000,0.000000,1649.000000,18849.000000,12370.000000
0.000000,-100.000000,0.000000,0.000000,1690.000000,18653.000000,11191.000000
0.000000,0.000000,0.000000,0.000000,1704.000000,18456.000000,10799.000000
100.000000,0.000000,0.000000,0.000000,1790.000000,18260.000000,11584.000000
100.000000,-100.000000,0.000000,0.000000,1991.000000,18064.000000,11388.000000
200.000000,0.000000,0.000000,0.000000,1945.000000,18064.000000,11388.000000
0.000000,0.000000,0.000000,0.000000,1961.000000,17867.000000,11584.000000
-100.000000,-100.000000,0.000000,0.000000,2008.000000,17671.000000,11191.000000
0.000000,100.000000,0.000000,0.000000,1943.000000,17671.000000,11388.000000
-200.000000,-100.000000,0.000000,0.000000,1942.000000,17671.000000,11191.000000
0.000000,0.000000,0.000000,0.000000,1870.000000,17671.000000,11191.000000
100.000000,0.000000,0.000000,0.000000,1828.000000,17475.000000,10995.000000
-200.000000,-200.000000,0.000000,0.000000,1747.000000,17475.000000,10995.000000
0.000000,300.000000,0.000000,0.000000,1793.000000,17475.000000,10995.000000
0.000000,-100.000000,0.000000,0.000000,1813.000000,17278.000000,10799.000000
100.000000,0.000000,0.000000,0.000000,1832.000000,17278.000000,9424.000000
100.000000,300.000000,0.000000,0.000000,1844.000000,17278.000000,9817.000000
100.000000,-100.000000,0.000000,0.000000,1811.000000,17278.000000,10210.000000
-200.000000,100.000000,0.000000,0.000000,1655.000000,17082.000000,10013.000000
-200.000000,100.000000,0.000000,0.000000,1594.000000,16886.000000,9817.000000
0.000000,0.000000,0.000000,0.000000,1617.000000,16886.000000,10013.000000
0.000000,-100.000000,0.000000,0.000000,1725.000000,16886.000000,10210.000000
0.000000,0.000000,0.000000,0.000000,1670.000000,16689.000000,10210.000000
-100.000000,0.000000,0.000000,0.000000,1396.000000,16493.000000,10210.000000
0.000000,0.000000,0.000000,0.000000,1480.000000,16297.000000,10013.000000
-200.000000,200.000000,0.000000,0.000000,1558.000000,16100.000000,9621.000000
-100.000000,300.000000,0.000000,0.000000,1722.000000,16100.000000,9621.000000
0.000000,0.000000,0.000000,0.000000,1682.000000,15904.000000,9424.000000
0.000000,200.000000,0.000000,0.000000,1870.000000,15707.000000,9424.000000
-100.000000,200.000000,0.000000,0.000000,1808.000000,15904.000000,9424.000000
0.000000,0.000000,0.000000,0.000000,1879.000000,16100.000000,9424.000000
0.000000,100.000000,0.000000,0.000000,1693.000000,15904.000000,8835.000000
100.000000,-100.000000,0.000000,0.000000,1705.000000,15707.000000,8246.000000
0.000000,100.000000,0.000000,0.000000,1631.000000,15707.000000,9032.000000
-100.000000,200.000000,0.000000,0.000000,1741.000000,15707.000000,9032.000000
0.000000,200.000000,0.000000,0.000000,1870.000000,15707.000000,8835.000000
-100.000000,0.000000,0.000000,0.000000,1690.000000,15511.000000,8835.000000
-100.000000,0.000000,0.000000,0.000000,1724.000000,15511.000000,8639.000000
0.000000,0.000000,0.000000,0.000000,1729.000000,15511.000000,8246.000000
0.000000,100.000000,0.000000,0.000000,1607.000000,15511.000000,8835.000000
0.000000,200.000000,0.000000,0.000000,1538.000000,15315.000000,8639.000000
200.000000,0.000000,0.000000,0.000000,1629.000000,15118.000000,8443.000000
0.000000,300.000000,0.000000,0.000000,1632.000000,14922.000000,8639.000000
-200.000000,0.000000,0.000000,0.000000,1611.000000,14922.000000,8443.000000
0.000000,-100.000000,0.000000,0.000000,1555.000000,14529.000000,8246.000000
0.000000,0.000000,0.000000,0.000000,1543.000000,14529.000000,8246.000000
-100.000000,0.000000,0.000000,0.000000,1545.000000,14529.000000,8050.000000
-200.000000,-500.000000,78.000000,78.000000,1446.000000,14529.000000,7853.000000
0.000000,-100.000000,0.000000,0.000000,1624.000000,14529.000000,7853.000000
0.000000,0.000000,0.000000,0.000000,1693.000000,14529.000000,7657.000000
0.000000,-500.000000,0.000000,0.000000,1850.000000,14333.000000,6086.000000
-100.000000,0.000000,0.000000,0.000000,1894.000000,14333.000000,7068.000000
0.000000,100.000000,0.000000,0.000000,1962.000000,14333.000000,7461.000000
-100.000000,0.000000,0.000000,0.000000,2134.000000,14137.000000,7461.000000
0.000000,0.000000,0.000000,0.000000,2286.000000,14137.000000,7264.000000
-200.000000,100.000000,0.000000,0.000000,2453.000000,14333.000000,7068.000000
0.000000,100.000000,0.000000,0.000000,2706.000000,14137.000000,6872.000000
-100.000000,0.000000,0.000000,0.000000,2655.000000,14137.000000,6872.000000
0.000000,0.000000,0.000000,0.000000,2800.000000,14137.000000,6872.000000
0.000000,0.000000,0.000000,0.000000,2898.000000,13940.000000,6872.000000
100.000000,300.000000,0.000000,0.000000,2867.000000,13744.000000,7068.000000
0.000000,-100.000000,0.000000,0.000000,2803.000000,13744.000000,6872.000000
0.000000,-200.000000,0.000000,0.000000,2499.000000,13744.000000,6872.000000
-100.000000,-100.000000,0.000000,0.000000,2417.000000,13744.000000,6872.000000
0.000000,0.000000,0.000000,0.000000,2492.000000,13548.000000,6479.000000
100.000000,200.000000,0.000000,0.000000,2587.000000,13351.000000,6283.000000
0.000000,200.000000,0.000000,0.000000,2677.000000,13351.000000,6283.000000
-100.000000,200.000000,0.000000,0.000000,2616.000000,13155.000000,6086.000000
0.000000,0.000000,0.000000,0.000000,2620.000000,12959.000000,6086.000000
100.000000,300.000000,0.000000,0.000000,2601.000000,12959.000000,6283.000000
100.000000,0.000000,0.000000,0.000000,2464.000000,12762.000000,6086.000000
100.000000,200.000000,0.000000,0.000000,2520.000000,12566.000000,6283.000000
-100.000000,-100.000000,0.000000,0.000000,2522.000000,12959.000000,5890.000000
100.000000,0.000000,0.000000,0.000000,2608.000000,12959.000000,5890.000000
0.000000,-200.000000,0.000000,0.000000,2594.000000,12959.000000,4908.000000
0.000000,0.000000,0.000000,0.000000,2488.000000,12566.000000,4712.000000
0.000000,0.000000,0.000000,0.000000,2605.000000,12959.000000,5497.000000
0.000000,-100.000000,0.000000,0.000000,2500.000000,12566.000000,5301.000000
0.000000,200.000000,0.000000,0.000000,2608.000000,12370.000000,5301.000000
0.000000,0.000000,0.000000,0.000000,2639.000000,12370.000000,5301.000000
-200.000000,200.000000,0.000000,0.000000,2723.000000,12370.000000,5105.000000
0.000000,0.000000,0.000000,0.000000,2644.000000,12370.000000,5301.000000
0.000000,0.000000,0.000000,0.000000,2594.000000,12173.000000,5105.000000
0.000000,-300.000000,0.000000,0.000000,2415.000000,12173.000000,4908.000000
0.000000,100.000000,0.000000,0.000000,2409.000000,12173.000000,4712.000000
0.000000,0.000000,0.000000,0.000000,2532.000000,11977.000000,4712.000000
-100.000000,100.000000,0.000000,0.000000,2454.000000,11977.000000,4319.000000
-100.000000,0.000000,0.000000,0.000000,2508.000000,11780.000000,4712.000000
0.000000,0.000000,0.000000,0.000000,2486.000000,11584.000000,4908.000000
-100.000000,0.000000,0.000000,0.000000,2453.000000,11584.000000,4712.000000
-200.000000,0.000000,0.000000,0.000000,2375.000000,11191.000000,4516.000000
0.000000,0.000000,0.000000,0.000000,2318.000000,11191.000000,4516.000000
0.000000,100.000000,0.000000,0.000000,2262.000000,11584.000000,4319.000000
0.000000,0.000000,0.000000,0.000000,2272.000000,11191.000000,4319.000000
-100.000000,0.000000,0.000000,0.000000,2327.000000,11191.000000,4123.000000
0.000000,100.000000,0.000000,0.000000,2252.000000,11191.000000,4319.000000
0.000000,0.000000,0.000000,0.000000,2291.000000,10799.000000,4123.000000
0.000000,100.000000,0.000000,0.000000,2284.000000,10799.000000,4123.000000
0.000000,0.000000,0.000000,0.000000,2351.000000,10602.000000,3730.000000
-100.000000,100.000000,0.000000,0.000000,2347.000000,10602.000000,3926.000000
0.000000,0.000000,0.000000,0.000000,2389.000000,10602.000000,3730.000000
0.000000,0.000000,0.000000,0.000000,2478.000000,10602.000000,3534.000000
-100.000000,0.000000,0.000000,0.000000,2428.000000,10799.000000,3730.000000
0.000000,-100.000000,0.000000,0.000000,2402.000000,10602.000000,3534.000000
0.000000,0.000000,0.000000,0.000000,2409.000000,10602.000000,3534.000000
0.000000,0.000000,0.000000,0.000000,2342.000000,10210.000000,3534.000000
0.000000,100.000000,0.000000,0.000000,2303.000000,10406.000000,3337.000000
-200.000000,0.000000,0.000000,0.000000,2184.000000,10210.000000,3141.000000
-100.000000,0.000000,0.000000,0.000000,2135.000000,10013.000000,3141.000000
-200.000000,0.000000,0.000000,0.000000,2146.000000,9817.000000,2552.000000
0.000000,0.000000,0.000000,0.000000,2076.000000,10013.000000,2356.000000
0.000000,0.000000,0.000000,0.000000,2169.000000,10013.000000,2356.000000
0.000000,0.000000,0.000000,0.000000,2144.000000,10013.000000,2356.000000
0.000000,0.000000,0.000000,0.000000,2053.000000,9817.000000,2356.000000
0.000000,0.000000,0.000000,0.000000,2026.000000,9621.000000,2748.000000
-100.000000,-100.000000,0.000000,0.000000,2105.000000,9621.000000,2748.000000
0.000000,0.000000,0.000000,0.000000,2064.000000,9424.000000,2552.000000
-100.000000,200.000000,0.000000,0.000000,2048.000000,9228.000000,2552.000000
-300.000000,0.000000,0.000000,0.000000,2082.000000,9228.000000,2356.000000
0.000000,0.000000,0.000000,0.000000,2130.000000,9228.000000,2159.000000
0.000000,0.000000,0.000000,0.000000,2033.000000,9032.000000,2159.000000
0.000000,-100.000000,0.000000,0.000000,1937.000000,9032.000000,1963.000000
0.000000,0.000000,0.000000,0.000000,1971.000000,9032.000000,1963.000000
-200.000000,0.000000,0.000000,0.000000,2025.000000,8835.000000,1767.000000
0.000000,0.000000,0.000000,0.000000,2033.000000,8639.000000,1963.000000
-100.000000,0.000000,0.000000,0.000000,2068.000000,8443.000000,1963.000000
-100.000000,200.000000,0.000000,0.000000,2077.000000,8639.000000,1963.000000
-100.000000,0.000000,0.000000,0.000000,2037.000000,8443.000000,1963.000000
0.000000,100.000000,0.000000,0.000000,1985.000000,8246.000000,1767.000000
-400.000000,300.000000,0.000000,0.000000,2173.000000,8443.000000,1767.000000
0.000000,0.000000,0.000000,0.000000,2126.000000,8443.000000,1570.000000
-200.000000,100.000000,0.000000,0.000000,2136.000000,8246.000000,1570.000000
0.000000,0.000000,0.000000,0.000000,2148.000000,8050.000000,1374.000000
100.000000,0.000000,0.000000,0.000000,2120.000000,8050.000000,1374.000000
0.000000,200.000000,0.000000,0.000000,2108.000000,8050.000000,1178.000000
0.000000,0.000000,0.000000,0.000000,2148.000000,8050.000000,1178.000000
-100.000000,0.000000,0.000000,0.000000,2166.000000,7657.000000,1178.000000
-100.000000,100.000000,0.000000,0.000000,2161.000000,7461.000000,1178.000000
-100.000000,100.000000,0.000000,0.000000,2109.000000,7657.000000,1178.000000
0.000000,0.000000,0.000000,0.000000,2090.000000,7853.000000,981.000000
0.000000,-200.000000,0.000000,0.000000,2079.000000,7657.000000,981.000000
200.000000,-100.000000,0.000000,0.000000,2110.000000,7853.000000,981.000000
0.000000,0.000000,0.000000,0.000000,2057.000000,7657.000000,785.000000
0.000000,0.000000,0.000000,0.000000,2112.000000,7461.000000,785.000000
-100.000000,100.000000,0.000000,0.000000,2122.000000,7264.000000,785.000000
200.000000,0.000000,0.000000,0.000000,2064.000000,7068.000000,589.000000
0.000000,200.000000,0.000000,0.000000,2019.000000,7264.000000,589.000000
-100.000000,300.000000,0.000000,0.000000,1925.000000,7068.000000,785.000000
0.000000,300.000000,0.000000,0.000000,1899.000000,7264.000000,392.000000
0.000000,0.000000,0.000000,0.000000,1805.000000,7264.000000,589.000000
0.000000,-100.000000,0.000000,0.000000,1717.000000,7264.000000,392.000000
200.000000,100.000000,0.000000,0.000000,1689.000000,7068.000000,392.000000
-100.000000,-200.000000,0.000000,0.000000,1736.000000,7068.000000,392.000000
-100.000000,-100.000000,0.000000,0.000000,1782.000000,6872.000000,196.000000
0.000000,100.000000,0.000000,0.000000,1737.000000,6675.000000,196.000000
0.000000,300.000000,0.000000,0.000000,1750.000000,6675.000000,0.000000
100.000000,0.000000,0.000000,0.000000,1833.000000,6479.000000,0.000000
0.000000,100.000000,0.000000,0.000000,1874.000000,6283.000000,0.000000
0.000000,0.000000,0.000000,0.000000,1886.000000,6479.000000,0.000000
100.000000,200.000000,0.000000,0.000000,1867.000000,6479.000000,0.000000
0.000000,-100.000000,0.000000,0.000000,1824.000000,6479.000000,0.000000
-100.000000,-100.000000,0.000000,0.000000,1859.000000,6479.000000,0.000000
0.000000,-200.000000,0.000000,0.000000,1795.000000,6283.000000,0.000000
0.000000,100.000000,0.000000,0.000000,1824.000000,6283.000000,0.000000
100.000000,0.000000,0.000000,0.000000,1878.000000,6086.000000,0.000000
200.000000,100.000000,0.000000,0.000000,1881.000000,5890.000000,0.000000
-100.000000,0.000000,0.000000,0.000000,1871.000000,5890.000000,0.000000
100.000000,0.000000,0.000000,0.000000,1888.000000,5694.000000,0.000000
0.000000,100.000000,0.000000,0.000000,1882.000000,5890.000000,0.000000
-200.000000,0.000000,0.000000,0.000000,1928.000000,5694.000000,0.000000
0.000000,0.000000,0.000000,0.000000,1945.000000,5890.000000,-196.000000
-200.000000,0.000000,0.000000,0.000000,1872.000000,5890.000000,0.000000
200.000000,0.000000,0.000000,0.000000,1870.000000,5890.000000,0.000000
0.000000,-100.000000,0.000000,0.000000,1901.000000,5694.000000,0.000000
0.000000,-200.000000,156.000000,156.000000,1927.000000,5497.000000,0.000000
400.000000,0.000000,0.000000,0.000000,1908.000000,5301.000000,0.000000
-100.000000,-200.000000,156.000000,156.000000,1882.000000,5105.000000,-196.000000
0.000000,-100.000000,0.000000,0.000000,1891.000000,5301.000000,-196.000000
0.000000,100.000000,0.000000,0.000000,1897.000000,5105.000000,-196.000000
200.000000,0.000000,0.000000,0.000000,1920.000000,5301.000000,-196.000000
0.000000,-200.000000,0.000000,0.000000,1896.000000,5105.000000,0.000000
100.000000,200.000000,0.000000,0.000000,1924.000000,5105.000000,0.000000
-100.000000,-100.000000,0.000000,0.000000,1904.000000,5301.000000,0.000000
-100.000000,300.000000,0.000000,0.000000,1878.000000,5105.000000,0.000000
0.000000,0.000000,0.000000,0.000000,1848.000000,5105.000000,0.000000
-100.000000,0.000000,0.000000,0.000000,1845.000000,4908.000000,0.000000
-100.000000,300.000000,0.000000,0.000000,1851.000000,5105.000000,0.000000
-200.000000,0.000000,0.000000,0.000000,1861.000000,4908.000000,0.000000
0.000000,0.000000,0.000000,0.000000,1847.000000,4712.000000,0.000000
-300.000000,0.000000,156.000000,156.000000,1863.000000,4908.000000,0.000000
-100.000000,200.000000,0.000000,0.000000,1905.000000,4712.000000,196.000000
0.000000,0.000000,0.000000,0.000000,1902.000000,4712.000000,0.000000
-200.000000,-100.000000,0.000000,0.000000,1922.000000,4712.000000,0.000000
0.000000,100.000000,0.000000,0.000000,1917.000000,4712.000000,0.000000
-100.000000,0.000000,0.000000,0.000000,1905.000000,4516.000000,0.000000
-200.000000,0.000000,0.000000,0.000000,1961.000000,4516.000000,0.000000
0.000000,0.000000,0.000000,0.000000,1975.000000,4516.000000,0.000000
-100.000000,0.000000,0.000000,0.000000,1941.000000,4319.000000,0.000000
-200.000000,0.000000,0.000000,0.000000,1949.000000,4319.000000,0.000000
0.000000,0.000000,0.000000,0.000000,1951.000000,4319.000000,0.000000
0.000000,100.000000,0.000000,0.000000,1937.000000,4319.000000,0.000000
-200.000000,0.000000,0.000000,0.000000,1961.000000,4123.000000,0.000000
0.000000,0.000000,0.000000,0.000000,1927.000000,4123.000000,0.000000
100.000000,0.000000,156.000000,156.000000,1932.000000,4123.000000,0.000000
100.000000,200.000000,77.000000,78.000000,1945.000000,3926.000000,196.000000
0.000000,0.000000,0.000000,0.000000,1948.000000,3926.000000,0.000000
0.000000,100.000000,0.000000,0.000000,1993.000000,4123.000000,0.000000
-100.000000,100.000000,0.000000,0.000000,1995.000000,3926.000000,0.000000
-100.000000,100.000000,0.000000,0.000000,1992.000000,4123.000000,0.000000
-100.000000,300.000000,0.000000,0.000000,1973.000000,3926.000000,0.000000
-400.000000,0.000000,0.000000,0.000000,1962.000000,3730.000000,0.000000
0.000000,400.000000,0.000000,0.000000,1948.000000,3730.000000,0.000000
-100.000000,0.000000,0.000000,0.000000,1954.000000,3534.000000,0.000000
-100.000000,0.000000,0.000000,0.000000,1941.000000,3337.000000,0.000000
-100.000000,0.000000,0.000000,0.000000,1954.000000,3534.000000,0.000000
0.000000,0.000000,0.000000,0.000000,1951.000000,3534.000000,0.000000
-300.000000,0.000000,0.000000,0.000000,1928.000000,3534.000000,0.000000
-100.000000,0.000000,0.000000,0.000000,1902.000000,3534.000000,0.000000
0.000000,-100.000000,0.000000,0.000000,1850.000000,3534.000000,0.000000
-100.000000,-100.000000,0.000000,0.000000,1829.000000,3534.000000,196.000000
-100.000000,0.000000,0.000000,0.000000,1803.000000,3337.000000,0.000000
-100.000000,0.000000,0.000000,0.000000,1792.000000,3337.000000,0.000000
-200.000000,-200.000000,0.000000,0.000000,1804.000000,3141.000000,0.000000
-100.000000,0.000000,0.000000,0.000000,1779.000000,2945.000000,0.000000
-100.000000,100.000000,0.000000,0.000000,1800.000000,3141.000000,0.000000
0.000000,0.000000,0.000000,0.000000,1858.000000,2945.000000,0.000000
0.000000,0.000000,0.000000,0.000000,1868.000000,3141.000000,0.000000
-300.000000,0.000000,0.000000,0.000000,1895.000000,3141.000000,0.000000
-200.000000,0.000000,0.000000,0.000000,1884.000000,2945.000000,0.000000
0.000000,200.000000,0.000000,0.000000,1881.000000,3141.000000,0.000000
-400.000000,-100.000000,0.000000,0.000000,1904.000000,2945.000000,0.000000
-100.000000,-100.000000,0.000000,0.000000,1894.000000,2748.000000,0.000000
0.000000,100.000000,0.000000,0.000000,1931.000000,2748.000000,0.000000
-200.000000,200.000000,0.000000,0.000000,1950.000000,2748.000000,196.000000
-100.000000,200.000000,0.000000,0.000000,1970.000000,2356.000000,0.000000
-200.000000,0.000000,0.000000,0.000000,1993.000000,2552.000000,0.000000
-400.000000,100.000000,0.000000,0.000000,2002.000000,2552.000000,0.000000
-200.000000,0.000000,0.000000,0.000000,1990.000000,2552.000000,0.000000
-300.000000,-100.000000,0.000000,0.000000,1973.000000,2552.000000,0.000000
0.000000,400.000000,0.000000,0.000000,1940.000000,2748.000000,0.000000
-200.000000,-300.000000,0.000000,0.000000,1935.000000,2748.000000,0.000000
-300.000000,-400.000000,0.000000,0.000000,1947.000000,2552.000000,0.000000
-200.000000,400.000000,0.000000,0.000000,1968.000000,2356.000000,0.000000
-300.000000,0.000000,0.000000,0.000000,1970.000000,2356.000000,0.000000
-100.000000,0.000000,0.000000,0.000000,1948.000000,2159.000000,0.000000
0.000000,0.000000,0.000000,0.000000,1962.000000,2159.000000,0.000000
100.000000,0.000000,0.000000,0.000000,2003.000000,1963.000000,0.000000
-200.000000,-100.000000,0.000000,0.000000,1990.000000,1963.000000,0.000000
0.000000,100.000000,0.000000,0.000000,1985.000000,1963.000000,0.000000
-200.000000,100.000000,0.000000,0.000000,1974.000000,1963.000000,0.000000
-100.000000,0.000000,0.000000,0.000000,1973.000000,1963.000000,196.000000
0.000000,100.000000,0.000000,0.000000,1956.000000,2159.000000,0.000000
-100.000000,0.000000,0.000000,0.000000,1921.000000,2159.000000,0.000000
-300.000000,200.000000,0.000000,0.000000,1898.000000,2159.000000,0.000000
0.000000,0.000000,0.000000,0.000000,1883.000000,1963.000000,0.000000
-100.000000,0.000000,0.000000,0.000000,1903.000000,1963.000000,0.000000
-100.000000,0.000000,0.000000,0.000000,1908.000000,1767.000000,0.000000
0.000000,200.000000,0.000000,0.000000,1916.000000,1767.000000,0.000000
-100.000000,0.000000,0.000000,0.000000,1926.000000,1570.000000,0.000000
-100.000000,0.000000,0.000000,0.000000,1951.000000,1570.000000,0.000000
-200.000000,-100.000000,0.000000,0.000000,1942.000000,1570.000000,0.000000
-100.000000,100.000000,0.000000,0.000000,1927.000000,1374.000000,0.000000
0.000000,0.000000,0.000000,0.000000,1927.000000,1374.000000,0.000000
-200.000000,-100.000000,0.000000,0.000000,1906.000000,1374.000000,0.000000
-200.000000,0.000000,0.000000,0.000000,1882.000000,1374.000000,0.000000
-100.000000,200.000000,0.000000,0.000000,1857.000000,1374.000000,0.000000
-100.000000,-200.000000,0.000000,0.000000,1837.000000,1570.000000,0.000000
-100.000000,0.000000,0.000000,0.000000,1837.000000,1570.000000,196.000000
-200.000000,300.000000,0.000000,0.000000,1849.000000,1374.000000,0.000000
-100.000000,200.000000,0.000000,0.000000,1878.000000,1374.000000,0.000000
0.000000,0.000000,0.000000,0.000000,1884.000000,1374.000000,0.000000
-100.000000,-100.000000,0.000000,0.000000,1892.000000,1178.000000,0.000000
0.000000,0.000000,0.000000,0.000000,1899.000000,1178.000000,0.000000
-200.000000,0.000000,0.000000,0.000000,1913.000000,981.000000,0.000000
-200.000000,0.000000,0.000000,0.000000,1890.000000,1178.000000,0.000000
-100.000000,0.000000,78.000000,78.000000,1887.000000,981.000000,0.000000
-300.000000,300.000000,0.000000,0.000000,1874.000000,981.000000,0.000000
0.000000,-100.000000,0.000000,0.000000,1867.000000,981.000000,0.000000
-100.000000,-100.000000,0.000000,0.000000,1861.000000,981.000000,0.000000
0.000000,500.000000,0.000000,0.000000,1878.000000,981.000000,0.000000
-200.000000,0.000000,0.000000,0.000000,1876.000000,981.000000,0.000000
-100.000000,-100.000000,0.000000,0.000000,1873.000000,981.000000,0.000000
-300.000000,0.000000,0.000000,0.000000,1881.000000,981.000000,0.000000
0.000000,0.000000,0.000000,0.000000,1878.000000,785.000000,0.000000
-200.000000,-200.000000,0.000000,0.000000,1884.000000,589.000000,196.000000
-100.000000,0.000000,0.000000,0.000000,1884.000000,785.000000,0.000000
0.000000,300.000000,0.000000,0.000000,1884.000000,392.000000,0.000000
-200.000000,0.000000,0.000000,0.000000,1884.000000,589.000000,0.000000
-200.000000,-100.000000,0.000000,0.000000,1886.000000,589.000000,0.000000
-100.000000,0.000000,0.000000,0.000000,1884.000000,589.000000,0.000000
-300.000000,300.000000,0.000000,0.000000,1904.000000,392.000000,0.000000
-300.000000,100.000000,0.000000,0.000000,1909.000000,589.000000,0.000000
-100.000000,0.000000,0.000000,0.000000,1915.000000,392.000000,0.000000
-200.000000,100.000000,0.000000,0.000000,1922.000000,589.000000,0.000000
-100.000000,0.000000,0.000000,0.000000,1946.000000,392.000000,0.000000
-400.000000,0.000000,0.000000,0.000000,1955.000000,392.000000,0.000000
-300.000000,0.000000,0.000000,0.000000,1968.000000,392.000000,0.000000
-100.000000,0.000000,0.000000,0.000000,1959.000000,196.000000,0.000000
-200.000000,300.000000,0.000000,0.000000,1963.000000,392.000000,0.000000
0.000000,200.000000,0.000000,0.000000,1973.000000,196.000000,0.000000
0.000000,200.000000,0.000000,0.000000,1986.000000,0.000000,196.000000
-200.000000,300.000000,0.000000,0.000000,1978.000000,0.000000,0.000000
0.000000,0.000000,0.000000,0.000000,1985.000000,0.000000,0.000000
0.000000,300.000000,0.000000,0.000000,1968.000000,0.000000,0.000000
0.000000,0.000000,0.000000,0.000000,1972.000000,0.000000,0.000000
-200.000000,0.000000,0.000000,0.000000,1984.000000,196.000000,0.000000
-200.000000,100.000000,0.000000,0.000000,1983.000000,0.000000,0.000000
-300.000000,0.000000,0.000000,0.000000,1999.000000,0.000000,0.000000
0.000000,0.000000,0.000000,0.000000,1990.000000,0.000000,0.000000
0.000000,-200.000000,0.000000,0.000000,1983.000000,0.000000,0.000000
0.000000,0.000000,0.000000,0.000000,1976.000000,0.000000,0.000000
0.000000,0.000000,0.000000,0.000000,1988.000000,0.000000,0.000000
-100.000000,0.000000,0.000000,0.000000,1995.000000,-196.000000,0.000000
0.000000,0.000000,0.000000,0.000000,1998.000000,0.000000,0.000000
-200.000000,-200.000000,0.000000,0.000000,1983.000000,0.000000,0.000000
-200.000000,0.000000,0.000000,0.000000,1999.000000,0.000000,196.000000
-200.000000,-100.000000,0.000000,0.000000,2011.000000,0.000000,0.000000
-200.000000,0.000000,0.000000,0.000000,2010.000000,0.000000,0.000000
-100.000000,200.000000,0.000000,0.000000,2012.000000,0.000000,0.000000
-200.000000,0.000000,0.000000,0.000000,2001.000000,0.000000,0.000000
-100.000000,0.000000,0.000000,0.000000,1980.000000,0.000000,0.000000
0.000000,0.000000,0.000000,0.000000,1977.000000,0.000000,0.000000
-100.000000,200.000000,0.000000,0.000000,1968.000000,0.000000,0.000000
-200.000000,100.000000,0.000000,0.000000,1975.000000,0.000000,0.000000
-300.000000,0.000000,0.000000,0.000000,2004.000000,0.000000,0.000000
-400.000000,200.000000,0.000000,0.000000,2005.000000,0.000000,0.000000
-100.000000,0.000000,0.000000,0.000000,2007.000000,0.000000,0.000000
-100.000000,0.000000,0.000000,0.000000,1987.000000,0.000000,0.000000
-100.000000,-100.000000,0.000000,0.000000,1978.000000,0.000000,0.000000
-200.000000,200.000000,0.000000,0.000000,1970.000000,0.000000,196.000000
-200.000000,0.000000,0.000000,0.000000,1973.000000,0.000000,0.000000
-100.000000,-100.000000,0.000000,0.000000,1962.000000,0.000000,0.000000
-100.000000,-100.000000,0.000000,0.000000,1971.000000,0.000000,0.000000
0.000000,-200.000000,0.000000,0.000000,1971.000000,0.000000,0.000000
-200.000000,300.000000,0.000000,0.000000,1961.000000,0.000000,0.000000
0.000000,-100.000000,0.000000,0.000000,1962.000000,0.000000,0.000000
0.000000,0.000000,0.000000,0.000000,1969.000000,0.000000,0.000000
-200.000000,-100.000000,0.000000,0.000000,1969.000000,0.000000,0.000000
-100.000000,100.000000,0.000000,0.000000,1977.000000,0.000000,0.000000
0.000000,0.000000,0.000000,0.000000,1978.000000,0.000000,0.000000
0.000000,-100.000000,0.000000,0.000000,1985.000000,0.000000,0.000000
-200.000000,0.000000,0.000000,0.000000,1989.000000,0.000000,0.000000
-200.000000,-200.000000,0.000000,0.000000,1973.000000,0.000000,0.000000
-300.000000,100.000000,0.000000,0.000000,1966.000000,0.000000,0.000000
-100.000000,200.000000,0.000000,0.000000,1967.000000,0.000000,0.000000
-100.000000,0.000000,0.000000,0.000000,1972.000000,0.000000,0.000000
0.000000,0.000000,0.000000,0.000000,1974.000000,0.000000,0.000000
-200.000000,100.000000,0.000000,0.000000,1981.000000,0.000000,0.000000
-200.000000,0.000000,0.000000,0.000000,1976.000000,0.000000,0.000000
-100.000000,100.000000,0.000000,0.000000,1977.000000,0.000000,0.000000
-100.000000,0.000000,0.000000,0.000000,1978.000000,0.000000,0.000000
-100.000000,0.000000,0.000000,0.000000,1995.000000,0.000000,0.000000
0.000000,0.000000,0.000000,0.000000,1983.000000,0.000000,0.000000
100.000000,300.000000,0.000000,0.000000,2001.000000,0.000000,0.000000
-100.000000,0.000000,0.000000,0.000000,2003.000000,0.000000,0.000000
-100.000000,100.000000,0.000000,0.000000,1996.000000,0.000000,196.000000
-200.000000,200.000000,0.000000,0.000000,1980.000000,0.000000,0.000000
-100.000000,0.000000,0.000000,0.000000,1984.000000,0.000000,0.000000
-200.000000,-100.000000,0.000000,0.000000,1984.000000,0.000000,0.000000
0.000000,200.000000,0.000000,0.000000,2001.000000,0.000000,0.000000
-100.000000,-200.000000,0.000000,0.000000,2020.000000,0.000000,0.000000
-100.000000,-300.000000,0.000000,0.000000,2019.000000,0.000000,0.000000
0.000000,200.000000,0.000000,0.000000,2009.000000,0.000000,0.000000
-100.000000,0.000000,0.000000,0.000000,1995.000000,0.000000,0.000000
-200.000000,-100.000000,0.000000,0.000000,1999.000000,0.000000,0.000000
-100.000000,0.000000,0.000000,0.000000,1995.000000,0.000000,0.000000
-200.000000,-200.000000,0.000000,0.000000,2003.000000,0.000000,0.000000
0.000000,100.000000,0.000000,0.000000,2019.000000,0.000000,0.000000
-200.000000,0.000000,0.000000,0.000000,2025.000000,0.000000,0.000000
-200.000000,-100.000000,0.000000,0.000000,2008.000000,0.000000,0.000000
-200.000000,0.000000,0.000000,0.000000,1995.000000,0.000000,0.000000
-200.000000,100.000000,0.000000,0.000000,1993.000000,0.000000,0.000000
-100.000000,-100.000000,0.000000,0.000000,2008.000000,0.000000,0.000000
-100.000000,100.000000,0.000000,0.000000,2021.000000,0.000000,0.000000
-100.000000,400.000000,0.000000,0.000000,2012.000000,0.000000,0.000000
0.000000,-200.000000,0.000000,0.000000,2004.000000,0.000000,0.000000
-200.000000,0.000000,0.000000,0.000000,2005.000000,0.000000,0.000000
-200.000000,0.000000,0.000000,0.000000,2008.000000,0.000000,0.000000
0.000000,0.000000,0.000000,0.000000,2000.000000,0.000000,0.000000
-200.000000,-100.000000,0.000000,0.000000,2009.000000,0.000000,0.000000
-100.000000,0.000000,0.000000,0.000000,2003.000000,0.000000,0.000000
-100.000000,-100.000000,0.000000,0.000000,2011.000000,0.000000,196.000000
-100.000000,0.000000,0.000000,0.000000,2010.000000,0.000000,0.000000
0.000000,0.000000,0.000000,0.000000,2029.000000,0.000000,0.000000
-200.000000,-100.000000,0.000000,0.000000,2026.000000,0.000000,0.000000
-100.000000,200.000000,0.000000,0.000000,2022.000000,0.000000,0.000000
-100.000000,-100.000000,0.000000,0.000000,2029.000000,0.000000,0.000000
-100.000000,0.000000,0.000000,0.000000,2032.000000,0.000000,0.000000
-300.000000,0.000000,0.000000,0.000000,2038.000000,0.000000,0.000000
-200.000000,0.000000,0.000000,0.000000,2030.000000,0.000000,0.000000
