Channel 1,Channel 2,Channel 3,Channel 4,Channel 5,Channel 6,Channel 7
100.000000,-100.000000,0.000000,0.000000,-2445.000000,0.000000,0.000000
-100.000000,0.000000,0.000000,0.000000,-2433.000000,0.000000,0.000000
-100.000000,-100.000000,0.000000,0.000000,-2409.000000,0.000000,0.000000
-100.000000,-100.000000,0.000000,0.000000,-2399.000000,0.000000,0.000000
0.000000,-400.000000,0.000000,0.000000,-2436.000000,0.000000,0.000000
-100.000000,-400.000000,0.000000,0.000000,-2427.000000,0.000000,0.000000
100.000000,100.000000,0.000000,0.000000,-2442.000000,0.000000,0.000000
-100.000000,-100.000000,0.000000,0.000000,-2454.000000,0.000000,0.000000
0.000000,-100.000000,0.000000,0.000000,-2457.000000,0.000000,0.000000
-100.000000,-100.000000,0.000000,0.000000,-2467.000000,0.000000,0.000000
200.000000,0.000000,0.000000,0.000000,-2495.000000,0.000000,0.000000
100.000000,0.000000,0.000000,0.000000,-2516.000000,0.000000,0.000000
100.000000,0.000000,0.000000,0.000000,-2522.000000,0.000000,0.000000
0.000000,100.000000,0.000000,0.000000,-2532.000000,0.000000,0.000000
-100.000000,0.000000,0.000000,0.000000,-2510.000000,0.000000,0.000000
-200.000000,-200.000000,0.000000,0.000000,-2498.000000,0.000000,0.000000
100.000000,-300.000000,0.000000,0.000000,-2521.000000,0.000000,0.000000
-200.000000,-100.000000,0.000000,0.000000,-2512.000000,0.000000,0.000000
-100.000000,0.000000,0.000000,0.000000,-2527.000000,0.000000,0.000000
0.000000,-100.000000,0.000000,0.000000,-2532.000000,0.000000,0.000000
-200.000000,-100.000000,0.000000,0.000000,-2525.000000,0.000000,0.000000
0.000000,0.000000,0.000000,0.000000,-2530.000000,0.000000,0.000000
-100.000000,-200.000000,0.000000,0.000000,-2542.000000,0.000000,0.000000
-100.000000,0.000000,0.000000,0.000000,-2540.000000,0.000000,0.000000
0.000000,-300.000000,0.000000,0.000000,-2525.000000,0.000000,0.000000
0.000000,0.000000,0.000000,0.000000,-2526.000000,0.000000,0.000000
-100.000000,0.000000,0.000000,0.000000,-2520.000000,0.000000,0.000000
0.000000,-100.000000,0.000000,0.000000,-2507.000000,0.000000,0.000000
-200.000000,-100.000000,0.000000,0.000000,-2521.000000,0.000000,0.000000
-200.000000,0.000000,0.000000,0.000000,-2543.000000,0.000000,0.000000
-100.000000,-200.000000,0.000000,0.000000,-2559.000000,0.000000,0.000000
0.000000,0.000000,0.000000,0.000000,-2502.000000,0.000000,0.000000
0.000000,-200.000000,0.000000,0.000000,-2474.000000,0.000000,0.000000
-100.000000,-100.000000,0.000000,0.000000,-2475.000000,0.000000,0.000000
-100.000000,100.000000,0.000000,0.000000,-2483.000000,0.000000,0.000000
-100.000000,-200.000000,0.000000,0.000000,-2471.000000,0.000000,0.000000
100.000000,-200.000000,0.000000,0.000000,-2498.000000,0.000000,0.000000
0.000000,-200.000000,0.000000,0.000000,-2530.000000,0.000000,0.000000
0.000000,-200.000000,0.000000,0.000000,-2536.000000,0.000000,0.000000
0.000000,0.000000,0.000000,0.000000,-2508.000000,0.000000,0.000000
0.000000,100.000000,78.000000,78.000000,-2520.000000,0.000000,0.000000
0.000000,200.000000,0.000000,0.000000,-2547.000000,0.000000,0.000000
-200.000000,-100.000000,0.000000,0.000000,-2546.000000,0.000000,0.000000
0.000000,-100.000000,0.000000,0.000000,-2534.000000,0.000000,0.000000
-200.000000,0.000000,0.000000,0.000000,-2547.000000,0.000000,0.000000
-200.000000,0.000000,0.000000,0.000000,-2559.000000,0.000000,0.000000
-100.000000,0.000000,0.000000,0.000000,-2570.000000,0.000000,0.000000
-100.000000,0.000000,0.000000,0.000000,-2568.000000,0.000000,0.000000
-100.000000,0.000000,0.000000,0.000000,-2547.000000,0.000000,0.000000
100.000000,-200.000000,0.000000,0.000000,-2560.000000,0.000000,0.000000
0.000000,0.000000,0.000000,0.000000,-2540.000000,0.000000,0.000000
-200.000000,0.000000,0.000000,0.000000,-2532.000000,0.000000,0.000000
-100.000000,-100.000000,0.000000,0.000000,-2504.000000,0.000000,0.000000
-200.000000,-200.000000,0.000000,0.000000,-2519.000000,0.000000,0.000000
0.000000,0.000000,0.000000,0.000000,-2535.000000,0.000000,0.000000
100.000000,-100.000000,0.000000,0.000000,-2545.000000,0.000000,0.000000
-100.000000,0.000000,0.000000,0.000000,-2547.000000,0.000000,0.000000
-200.000000,0.000000,0.000000,0.000000,-2543.000000,0.000000,0.000000
0.000000,-200.000000,0.000000,0.000000,-2548.000000,0.000000,0.000000
0.000000,0.000000,78.000000,78.000000,-2559.000000,0.000000,0.000000
-100.000000,0.000000,0.000000,0.000000,-2557.000000,0.000000,0.000000
-100.000000,100.000000,0.000000,0.000000,-2546.000000,0.000000,0.000000
0.000000,0.000000,0.000000,0.000000,-2528.000000,0.000000,0.000000
100.000000,0.000000,0.000000,0.000000,-2512.000000,0.000000,0.000000
0.000000,0.000000,0.000000,0.000000,-2521.000000,0.000000,0.000000
0.000000,0.000000,0.000000,0.000000,-2522.000000,0.000000,0.000000
-200.000000,-100.000000,0.000000,0.000000,-2532.000000,0.000000,0.000000
0.000000,-200.000000,0.000000,0.000000,-2525.000000,0.000000,0.000000
-100.000000,0.000000,0.000000,0.000000,-2539.000000,0.000000,0.000000
-100.000000,0.000000,0.000000,0.000000,-2541.000000,0.000000,0.000000
-200.000000,0.000000,0.000000,0.000000,-2543.000000,0.000000,0.000000
-200.000000,-100.000000,0.000000,0.000000,-2525.000000,0.000000,0.000000
-100.000000,-100.000000,0.000000,0.000000,-2499.000000,0.000000,0.000000
0.000000,100.000000,0.000000,0.000000,-2499.000000,0.000000,0.000000
-100.000000,0.000000,0.000000,0.000000,-2523.000000,0.000000,0.000000
0.000000,0.000000,0.000000,0.000000,-2504.000000,0.000000,0.000000
-200.000000,-100.000000,0.000000,0.000000,-2513.000000,0.000000,0.000000
0.000000,0.000000,0.000000,0.000000,-2522.000000,0.000000,0.000000
-100.000000,-200.000000,0.000000,0.000000,-2502.000000,0.000000,0.000000
-100.000000,-100.000000,0.000000,0.000000,-2524.000000,0.000000,0.000000
0.000000,-200.000000,0.000000,0.000000,-2524.000000,0.000000,0.000000
100.000000,0.000000,0.000000,0.000000,-2535.000000,0.000000,0.000000
100.000000,0.000000,0.000000,0.000000,-2522.000000,0.000000,0.000000
100.000000,0.000000,0.000000,0.000000,-2528.000000,0.000000,0.000000
-100.000000,-200.000000,0.000000,0.000000,-2533.000000,0.000000,0.000000
0.000000,-300.000000,0.000000,0.000000,-2553.000000,0.000000,0.000000
-200.000000,0.000000,0.000000,0.000000,-2520.000000,0.000000,0.000000
0.000000,-300.000000,0.000000,0.000000,-2509.000000,0.000000,0.000000
400.000000,0.000000,0.000000,0.000000,-2481.000000,0.000000,0.000000
-100.000000,-400.000000,0.000000,0.000000,-2465.000000,0.000000,0.000000
0.000000,-200.000000,0.000000,0.000000,-2470.000000,0.000000,0.000000
-100.000000,-400.000000,0.000000,0.000000,-2458.000000,0.000000,0.000000
-200.000000,200.000000,0.000000,0.000000,-2444.000000,0.000000,0.000000
0.000000,0.000000,0.000000,0.000000,-2446.000000,0.000000,0.000000
-100.000000,0.000000,0.000000,0.000000,-2457.000000,0.000000,0.000000
-100.000000,0.000000,0.000000,0.000000,-2443.000000,0.000000,0.000000
100.000000,0.000000,0.000000,0.000000,-2441.000000,0.000000,0.000000
-200.000000,0.000000,0.000000,0.000000,-2444.000000,0.000000,0.000000
0.000000,-100.000000,0.000000,0.000000,-2470.000000,0.000000,0.000000
-100.000000,-200.000000,0.000000,0.000000,-2484.000000,0.000000,0.000000
100.000000,0.000000,0.000000,0.000000,-2469.000000,0.000000,0.000000
-200.000000,-100.000000,0.000000,0.000000,-2478.000000,0.000000,0.000000
-200.000000,-100.000000,0.000000,0.000000,-2506.000000,0.000000,0.000000
0.000000,-200.000000,0.000000,0.000000,-2518.000000,0.000000,0.000000
-200.000000,-200.000000,0.000000,0.000000,-2516.000000,0.000000,0.000000
100.000000,-300.000000,0.000000,0.000000,-2522.000000,0.000000,0.000000
-100.000000,100.000000,0.000000,0.000000,-2521.000000,0.000000,0.000000
0.000000,200.000000,0.000000,0.000000,-2510.000000,0.000000,0.000000
-100.000000,-200.000000,0.000000,0.000000,-2508.000000,0.000000,0.000000
-100.000000,-100.000000,0.000000,0.000000,-2489.000000,0.000000,0.000000
-200.000000,-100.000000,0.000000,0.000000,-2479.000000,0.000000,0.000000
100.000000,0.000000,0.000000,0.000000,-2470.000000,0.000000,0.000000
0.000000,0.000000,0.000000,0.000000,-2452.000000,0.000000,0.000000
0.000000,0.000000,0.000000,0.000000,-2452.000000,0.000000,0.000000
-200.000000,-100.000000,0.000000,0.000000,-2455.000000,0.000000,0.000000
0.000000,-100.000000,0.000000,0.000000,-2435.000000,0.000000,0.000000
-100.000000,-100.000000,0.000000,0.000000,-2432.000000,0.000000,0.000000
-100.000000,100.000000,0.000000,0.000000,-2449.000000,0.000000,0.000000
0.000000,0.000000,0.000000,0.000000,-2429.000000,0.000000,0.000000
-300.000000,0.000000,0.000000,0.000000,-2416.000000,0.000000,0.000000
100.000000,-100.000000,0.000000,0.000000,-2419.000000,0.000000,-196.000000
0.000000,-100.000000,0.000000,0.000000,-2433.000000,0.000000,0.000000
200.000000,0.000000,0.000000,0.000000,-2447.000000,0.000000,0.000000
-100.000000,0.000000,0.000000,0.000000,-2463.000000,0.000000,0.000000
-200.000000,0.000000,0.000000,0.000000,-2473.000000,-196.000000,0.000000
-200.000000,-100.000000,0.000000,0.000000,-2495.000000,0.000000,0.000000
0.000000,-100.000000,0.000000,0.000000,-2528.000000,0.000000,0.000000
-100.000000,-100.000000,0.000000,0.000000,-2496.000000,0.000000,0.000000
-100.000000,100.000000,0.000000,0.000000,-2463.000000,0.000000,0.000000
0.000000,0.000000,78.000000,78.000000,-2435.000000,0.000000,0.000000
-300.000000,-100.000000,0.000000,0.000000,-2448.000000,0.000000,0.000000
-300.000000,0.000000,0.000000,0.000000,-2470.000000,0.000000,0.000000
200.000000,0.000000,0.000000,0.000000,-2462.000000,0.000000,0.000000
-100.000000,0.000000,0.000000,0.000000,-2451.000000,0.000000,0.000000
-100.000000,-100.000000,0.000000,0.000000,-2421.000000,0.000000,0.000000
-200.000000,0.000000,0.000000,0.000000,-2397.000000,0.000000,0.000000
-200.000000,-200.000000,78.000000,78.000000,-2381.000000,0.000000,0.000000
-300.000000,0.000000,0.000000,0.000000,-2399.000000,0.000000,0.000000
-200.000000,0.000000,0.000000,0.000000,-2386.000000,0.000000,0.000000
0.000000,-200.000000,0.000000,0.000000,-2384.000000,0.000000,0.000000
-100.000000,0.000000,0.000000,0.000000,-2395.000000,0.000000,0.000000
-200.000000,-100.000000,0.000000,0.000000,-2417.000000,0.000000,0.000000
0.000000,-200.000000,0.000000,0.000000,-2429.000000,0.000000,0.000000
-200.000000,0.000000,0.000000,0.000000,-2440.000000,0.000000,0.000000
-100.000000,-200.000000,0.000000,0.000000,-2439.000000,0.000000,0.000000
-400.000000,0.000000,0.000000,0.000000,-2411.000000,0.000000,0.000000
0.000000,200.000000,156.000000,156.000000,-2416.000000,0.000000,0.000000
0.000000,-100.000000,0.000000,0.000000,-2426.000000,0.000000,0.000000
-200.000000,0.000000,0.000000,0.000000,-2414.000000,0.000000,0.000000
100.000000,0.000000,0.000000,0.000000,-2415.000000,0.000000,0.000000
-100.000000,-300.000000,0.000000,0.000000,-2401.000000,0.000000,0.000000
0.000000,0.000000,0.000000,0.000000,-2376.000000,0.000000,0.000000
0.000000,0.000000,0.000000,0.000000,-2358.000000,0.000000,0.000000
-100.000000,0.000000,0.000000,0.000000,-2354.000000,0.000000,0.000000
-100.000000,0.000000,0.000000,0.000000,-2376.000000,0.000000,0.000000
-200.000000,0.000000,0.000000,0.000000,-2391.000000,0.000000,0.000000
0.000000,-100.000000,0.000000,0.000000,-2394.000000,0.000000,0.000000
-100.000000,0.000000,0.000000,0.000000,-2410.000000,0.000000,0.000000
-200.000000,0.000000,0.000000,0.000000,-2409.000000,0.000000,0.000000
-200.000000,-200.000000,0.000000,0.000000,-2417.000000,0.000000,0.000000
-100.000000,-100.000000,0.000000,0.000000,-2431.000000,0.000000,0.000000
400.000000,200.000000,0.000000,0.000000,-2452.000000,0.000000,0.000000
-200.000000,200.000000,0.000000,0.000000,-2452.000000,0.000000,0.000000
6200.000000,0.000000,12000.000000,12000.000000,-2477.000000,196.000000,196.000000
10800.000000,6700.000000,12000.000000,12000.000000,-2434.000000,1570.000000,1767.000000
10500.000000,11500.000000,12000.000000,12000.000000,-2377.000000,2552.000000,2945.000000
12300.000000,13600.000000,12000.000000,12000.000000,-2418.000000,1374.000000,1570.000000
11200.000000,12900.000000,12000.000000,12000.000000,-2542.000000,0.000000,196.000000
11700.000000,11500.000000,12000.000000,12000.000000,-2633.000000,0.000000,-196.000000
12600.000000,9800.000000,12000.000000,12000.000000,-2532.000000,785.000000,785.000000
11300.000000,10200.000000,12000.000000,12000.000000,-2330.000000,1767.000000,1570.000000
11300.000000,12900.000000,12000.000000,12000.000000,-2273.000000,2552.000000,2159.000000
11100.000000,11200.000000,12000.000000,12000.000000,-2445.000000,2552.000000,2552.000000
14100.000000,11000.000000,12000.000000,12000.000000,-2570.000000,1767.000000,1963.000000
12600.000000,11300.000000,12000.000000,12000.000000,-2473.000000,1178.000000,1374.000000
12300.000000,11700.000000,12000.000000,12000.000000,-2363.000000,1570.000000,1570.000000
11100.000000,11800.000000,12000.000000,12000.000000,-2365.000000,2748.000000,2552.000000
10900.000000,12700.000000,12000.000000,12000.000000,-2419.000000,3141.000000,2945.000000
12500.000000,11400.000000,12000.000000,12000.000000,-2439.000000,2945.000000,2748.000000
10800.000000,11000.000000,12000.000000,12000.000000,-2363.000000,2552.000000,2552.000000
14400.000000,10800.000000,12000.000000,12000.000000,-2396.000000,2159.000000,2356.000000
12000.000000,10900.000000,12000.000000,12000.000000,-2470.000000,2552.000000,2159.000000
10100.000000,12200.000000,12000.000000,12000.000000,-2386.000000,3141.000000,2552.000000
11200.000000,10700.000000,12000.000000,12000.000000,-2324.000000,3337.000000,2945.000000
10800.000000,13200.000000,12000.000000,12000.000000,-2388.000000,3337.000000,2945.000000
13900.000000,11600.000000,12000.000000,12000.000000,-2450.000000,2945.000000,2748.000000
10500.000000,11100.000000,12000.000000,12000.000000,-2408.000000,2552.000000,2356.000000
14000.000000,10700.000000,12000.000000,12000.000000,-2333.000000,2356.000000,2356.000000
11200.000000,11800.000000,12000.000000,12000.000000,-2326.000000,2945.000000,2748.000000
10300.000000,11200.000000,12000.000000,12000.000000,-2380.000000,3141.000000,2945.000000
13700.000000,12300.000000,12000.000000,12000.000000,-2334.000000,2945.000000,3141.000000
10600.000000,11000.000000,12000.000000,12000.000000,-2318.000000,2748.000000,2748.000000
14200.000000,11200.000000,12000.000000,12000.000000,-2327.000000,2356.000000,2748.000000
10600.000000,13200.000000,12000.000000,12000.000000,-2373.000000,2356.000000,2552.000000
10600.000000,12000.000000,12000.000000,12000.000000,-2337.000000,2748.000000,2356.000000
11300.000000,10700.000000,12000.000000,12000.000000,-2302.000000,2748.000000,2748.000000
13700.000000,13400.000000,12000.000000,12000.000000,-2339.000000,2748.000000,2945.000000
10600.000000,11000.000000,12000.000000,12000.000000,-2343.000000,2552.000000,2748.000000
13200.000000,10900.000000,12000.000000,12000.000000,-2329.000000,2159.000000,2356.000000
14000.000000,11400.000000,12000.000000,12000.000000,-2290.000000,2159.000000,1963.000000
13700.000000,11700.000000,12000.000000,12000.000000,-2333.000000,2159.000000,1963.000000
13700.000000,12800.000000,12000.000000,12000.000000,-2339.000000,2159.000000,2159.000000
13800.000000,13800.000000,12000.000000,12000.000000,-2322.000000,2159.000000,2159.000000
12900.000000,13400.000000,12000.000000,12000.000000,-2307.000000,1963.000000,1767.000000
12600.000000,13500.000000,12000.000000,12000.000000,-2303.000000,1767.000000,1767.000000
13900.000000,13800.000000,12000.000000,12000.000000,-2325.000000,1767.000000,1570.000000
12300.000000,12500.000000,12000.000000,12000.000000,-2280.000000,1767.000000,1374.000000
11500.000000,11900.000000,0.000000,0.000000,-2228.000000,1963.000000,1570.000000
100.000000,0.000000,0.000000,0.000000,-2307.000000,0.000000,196.000000
300.000000,200.000000,0.000000,0.000000,-2391.000000,-392.000000,-589.000000
200.000000,200.000000,0.000000,0.000000,-2415.000000,-392.000000,-392.000000
0.000000,100.000000,0.000000,0.000000,-2339.000000,-196.000000,-196.000000
0.000000,0.000000,0.000000,0.000000,-2314.000000,196.000000,196.000000
0.000000,100.000000,0.000000,0.000000,-2451.000000,589.000000,392.000000
-100.000000,-100.000000,0.000000,0.000000,-2496.000000,1178.000000,589.000000
0.000000,-100.000000,0.000000,0.000000,-2435.000000,589.000000,589.000000
0.000000,200.000000,0.000000,0.000000,-2390.000000,1178.000000,392.000000
-200.000000,-300.000000,0.000000,0.000000,-2449.000000,785.000000,196.000000
-100.000000,-100.000000,0.000000,0.000000,-2548.000000,196.000000,196.000000
-100.000000,0.000000,0.000000,0.000000,-2495.000000,392.000000,-196.000000
300.000000,0.000000,0.000000,0.000000,-2425.000000,196.000000,-392.000000
100.000000,-100.000000,0.000000,0.000000,-2445.000000,-196.000000,-785.000000
0.000000,100.000000,0.000000,0.000000,-2508.000000,-196.000000,-785.000000
300.000000,0.000000,0.000000,0.000000,-2582.000000,-392.000000,-589.000000
200.000000,0.000000,0.000000,0.000000,-2519.000000,-392.000000,-785.000000
200.000000,200.000000,0.000000,0.000000,-2408.000000,-196.000000,-589.000000
100.000000,300.000000,0.000000,0.000000,-2426.000000,0.000000,-392.000000
300.000000,0.000000,0.000000,0.000000,-2542.000000,0.000000,-392.000000
300.000000,100.000000,0.000000,0.000000,-2647.000000,196.000000,-392.000000
0.000000,100.000000,0.000000,0.000000,-2576.000000,196.000000,-196.000000
-500.000000,-100.000000,0.000000,0.000000,-2510.000000,0.000000,196.000000
-100.000000,-200.000000,0.000000,0.000000,-2611.000000,0.000000,0.000000
-200.000000,-200.000000,0.000000,0.000000,-2650.000000,196.000000,196.000000
0.000000,0.000000,0.000000,0.000000,-2640.000000,392.000000,0.000000
0.000000,100.000000,0.000000,0.000000,-2571.000000,1374.000000,0.000000
0.000000,0.000000,0.000000,0.000000,-2547.000000,1963.000000,196.000000
0.000000,0.000000,0.000000,0.000000,-2549.000000,2159.000000,981.000000
0.000000,0.000000,0.000000,0.000000,-2537.000000,2159.000000,1570.000000
-100.000000,0.000000,0.000000,0.000000,-2499.000000,2159.000000,2356.000000
0.000000,0.000000,0.000000,0.000000,-2495.000000,1963.000000,2159.000000
-200.000000,0.000000,0.000000,0.000000,-2579.000000,2159.000000,2159.000000
0.000000,0.000000,0.000000,0.000000,-2616.000000,2356.000000,2159.000000
-200.000000,0.000000,0.000000,0.000000,-2647.000000,3141.000000,2159.000000
-100.000000,100.000000,0.000000,0.000000,-2672.000000,3337.000000,2552.000000
100.000000,0.000000,0.000000,0.000000,-2688.000000,3534.000000,3337.000000
-300.000000,-100.000000,0.000000,0.000000,-2634.000000,3534.000000,3730.000000
-200.000000,-100.000000,0.000000,0.000000,-2635.000000,3337.000000,3730.000000
-100.000000,0.000000,0.000000,0.000000,-2748.000000,3730.000000,3730.000000
0.000000,0.000000,0.000000,0.000000,-2767.000000,3730.000000,3730.000000
-100.000000,0.000000,0.000000,0.000000,-2687.000000,4319.000000,3337.000000
0.000000,-200.000000,0.000000,0.000000,-2761.000000,4908.000000,3337.000000
-100.000000,-100.000000,0.000000,0.000000,-2811.000000,4712.000000,3534.000000
-100.000000,100.000000,0.000000,0.000000,-2756.000000,4712.000000,3730.000000
-200.000000,0.000000,0.000000,0.000000,-2712.000000,4516.000000,4319.000000
0.000000,100.000000,0.000000,0.000000,-2743.000000,4516.000000,4712.000000
0.000000,-100.000000,0.000000,0.000000,-2760.000000,4319.000000,4516.000000
0.000000,0.000000,0.000000,0.000000,-2715.000000,4516.000000,4319.000000
200.000000,0.000000,0.000000,0.000000,-2685.000000,4908.000000,4319.000000
-100.000000,-100.000000,0.000000,0.000000,-2715.000000,5105.000000,3926.000000
-300.000000,0.000000,0.000000,0.000000,-2691.000000,5301.000000,4123.000000
0.000000,0.000000,0.000000,0.000000,-2598.000000,5105.000000,3926.000000
-200.000000,-100.000000,0.000000,0.000000,-2581.000000,5105.000000,4319.000000
0.000000,0.000000,0.000000,0.000000,-2569.000000,4712.000000,4319.000000
0.000000,200.000000,0.000000,0.000000,-2530.000000,4319.000000,3534.000000
-100.000000,0.000000,0.000000,0.000000,-2500.000000,4123.000000,3730.000000
100.000000,-100.000000,0.000000,0.000000,-2496.000000,4319.000000,3337.000000
0.000000,-100.000000,0.000000,0.000000,-2524.000000,4123.000000,3534.000000
-200.000000,0.000000,0.000000,0.000000,-2557.000000,3730.000000,3730.000000
-200.000000,0.000000,0.000000,0.000000,-2538.000000,3534.000000,3337.000000
100.000000,0.000000,0.000000,0.000000,-2496.000000,3337.000000,3141.000000
-100.000000,0.000000,0.000000,0.000000,-2476.000000,3141.000000,2945.000000
-100.000000,100.000000,0.000000,0.000000,-2458.000000,2748.000000,2552.000000
0.000000,-100.000000,0.000000,0.000000,-2427.000000,2748.000000,2356.000000
-200.000000,0.000000,0.000000,0.000000,-2428.000000,2748.000000,2159.000000
-400.000000,0.000000,0.000000,0.000000,-2424.000000,2356.000000,2159.000000
0.000000,0.000000,0.000000,0.000000,-2433.000000,2159.000000,1570.000000
0.000000,-100.000000,0.000000,0.000000,-2402.000000,1767.000000,1570.000000
-100.000000,-100.000000,0.000000,0.000000,-2379.000000,1767.000000,1178.000000
100.000000,0.000000,0.000000,0.000000,-2343.000000,1570.000000,981.000000
-100.000000,0.000000,0.000000,0.000000,-2306.000000,1374.000000,981.000000
0.000000,-100.000000,0.000000,0.000000,-2282.000000,981.000000,589.000000
-100.000000,100.000000,0.000000,0.000000,-2302.000000,589.000000,392.000000
-100.000000,100.000000,0.000000,0.000000,-2284.000000,196.000000,392.000000
-100.000000,0.000000,0.000000,0.000000,-2273.000000,196.000000,0.000000
100.000000,0.000000,0.000000,0.000000,-2281.000000,0.000000,-196.000000
0.000000,0.000000,0.000000,0.000000,-2304.000000,-196.000000,-392.000000
0.000000,0.000000,0.000000,0.000000,-2315.000000,0.000000,-392.000000
0.000000,-100.000000,0.000000,0.000000,-2293.000000,0.000000,-785.000000
-100.000000,0.000000,0.000000,0.000000,-2349.000000,-392.000000,-981.000000
100.000000,0.000000,0.000000,0.000000,-2338.000000,-589.000000,-1178.000000
-200.000000,100.000000,0.000000,0.000000,-2362.000000,-785.000000,-1178.000000
200.000000,0.000000,0.000000,0.000000,-2316.000000,-785.000000,-1178.000000
200.000000,-100.000000,0.000000,0.000000,-2348.000000,-981.000000,-981.000000
100.000000,-100.000000,0.000000,0.000000,-2387.000000,-589.000000,-1178.000000
100.000000,0.000000,0.000000,0.000000,-2404.000000,-785.000000,-981.000000
-100.000000,100.000000,78.000000,78.000000,-2464.000000,-785.000000,-1178.000000
0.000000,0.000000,0.000000,0.000000,-2442.000000,-785.000000,-1374.000000
0.000000,0.000000,0.000000,0.000000,-2473.000000,-589.000000,-1178.000000
0.000000,200.000000,0.000000,0.000000,-2489.000000,-785.000000,-1178.000000
0.000000,0.000000,0.000000,0.000000,-2500.000000,-785.000000,-981.000000
200.000000,0.000000,0.000000,0.000000,-2475.000000,-589.000000,-981.000000
100.000000,-100.000000,0.000000,0.000000,-2465.000000,-392.000000,-785.000000
0.000000,0.000000,0.000000,0.000000,-2475.000000,-392.000000,-589.000000
100.000000,200.000000,0.000000,0.000000,-2466.000000,-196.000000,-392.000000
-100.000000,-100.000000,0.000000,0.000000,-2474.000000,0.000000,-392.000000
100.000000,-300.000000,0.000000,0.000000,-2517.000000,0.000000,-392.000000
200.000000,0.000000,0.000000,0.000000,-2524.000000,196.000000,0.000000
-200.000000,-100.000000,0.000000,0.000000,-2537.000000,392.000000,196.000000
100.000000,0.000000,0.000000,0.000000,-2557.000000,0.000000,196.000000
-200.000000,0.000000,0.000000,0.000000,-2594.000000,196.000000,0.000000
0.000000,0.000000,0.000000,0.000000,-2612.000000,392.000000,0.000000
0.000000,-100.000000,0.000000,0.000000,-2608.000000,785.000000,196.000000
-200.000000,100.000000,0.000000,0.000000,-2634.000000,1374.000000,785.000000
100.000000,100.000000,0.000000,0.000000,-2674.000000,1963.000000,1374.000000
-100.000000,0.000000,0.000000,0.000000,-2616.000000,1767.000000,1963.000000
-300.000000,0.000000,0.000000,0.000000,-2629.000000,1767.000000,1767.000000
-100.000000,0.000000,0.000000,0.000000,-2707.000000,1767.000000,1963.000000
100.000000,0.000000,0.000000,0.000000,-2761.000000,1570.000000,1767.000000
-100.000000,0.000000,0.000000,0.000000,-2755.000000,1570.000000,1570.000000
-100.000000,100.000000,0.000000,0.000000,-2729.000000,1963.000000,1767.000000
-200.000000,-200.000000,0.000000,0.000000,-2749.000000,2356.000000,1767.000000
200.000000,0.000000,0.000000,0.000000,-2746.000000,2748.000000,2159.000000
0.000000,0.000000,0.000000,0.000000,-2689.000000,2552.000000,2552.000000
-200.000000,200.000000,0.000000,0.000000,-2702.000000,2552.000000,2748.000000
0.000000,-100.000000,0.000000,0.000000,-2722.000000,2552.000000,2748.000000
-200.000000,0.000000,0.000000,0.000000,-2672.000000,2356.000000,2552.000000
0.000000,0.000000,0.000000,0.000000,-2650.000000,2552.000000,2356.000000
-200.000000,0.000000,0.000000,0.000000,-2646.000000,2748.000000,2552.000000
-300.000000,0.000000,0.000000,0.000000,-2645.000000,2945.000000,2552.000000
-100.000000,-100.000000,0.000000,0.000000,-2640.000000,2748.000000,2748.000000
-100.000000,300.000000,0.000000,0.000000,-2619.000000,2945.000000,2748.000000
0.000000,0.000000,0.000000,0.000000,-2629.000000,2748.000000,2945.000000
-100.000000,-100.000000,0.000000,0.000000,-2664.000000,2552.000000,2945.000000
0.000000,-200.000000,0.000000,0.000000,-2656.000000,2356.000000,2552.000000
200.000000,100.000000,0.000000,0.000000,-2645.000000,2356.000000,2552.000000
-100.000000,-200.000000,0.000000,0.000000,-2654.000000,2159.000000,2356.000000
-100.000000,0.000000,0.000000,0.000000,-2668.000000,2159.000000,2356.000000
0.000000,0.000000,0.000000,0.000000,-2673.000000,1963.000000,1963.000000
-100.000000,-100.000000,0.000000,0.000000,-2632.000000,1963.000000,1963.000000
0.000000,0.000000,0.000000,0.000000,-2647.000000,1767.000000,1963.000000
-100.000000,0.000000,0.000000,0.000000,-2636.000000,1767.000000,1767.000000
0.000000,0.000000,0.000000,0.000000,-2612.000000,1767.000000,1570.000000
-300.000000,0.000000,0.000000,0.000000,-2601.000000,1570.000000,1570.000000
-100.000000,-200.000000,0.000000,0.000000,-2614.000000,1570.000000,1570.000000
0.000000,0.000000,0.000000,0.000000,-2594.000000,1178.000000,1570.000000
-300.000000,0.000000,0.000000,0.000000,-2536.000000,1374.000000,1178.000000
-100.000000,0.000000,0.000000,0.000000,-2525.000000,981.000000,1178.000000
-200.000000,-400.000000,0.000000,0.000000,-2521.000000,785.000000,981.000000
-200.000000,100.000000,0.000000,0.000000,-2513.000000,589.000000,981.000000
0.000000,-100.000000,0.000000,0.000000,-2502.000000,392.000000,785.000000
-100.000000,0.000000,0.000000,0.000000,-2530.000000,392.000000,392.000000
0.000000,0.000000,0.000000,0.000000,-2521.000000,196.000000,392.000000
0.000000,-100.000000,0.000000,0.000000,-2498.000000,0.000000,196.000000
300.000000,100.000000,0.000000,0.000000,-2516.000000,-392.000000,0.000000
-100.000000,-300.000000,0.000000,0.000000,-2507.000000,-196.000000,0.000000
300.000000,0.000000,0.000000,0.000000,-2514.000000,-589.000000,196.000000
-100.000000,100.000000,0.000000,0.000000,-2489.000000,-785.000000,0.000000
0.000000,200.000000,0.000000,0.000000,-2474.000000,-1178.000000,0.000000
300.000000,0.000000,0.000000,0.000000,-2449.000000,-1178.000000,-392.000000
0.000000,0.000000,156.000000,156.000000,-2491.000000,-1178.000000,-981.000000
0.000000,400.000000,0.000000,0.000000,-2513.000000,-981.000000,-1570.000000
100.000000,0.000000,0.000000,0.000000,-2518.000000,-981.000000,-1570.000000
100.000000,-200.000000,0.000000,0.000000,-2521.000000,-981.000000,-1374.000000
0.000000,0.000000,0.000000,0.000000,-2547.000000,-1178.000000,-1374.000000
0.000000,0.000000,0.000000,0.000000,-2484.000000,-1374.000000,-1178.000000
0.000000,0.000000,0.000000,0.000000,-2522.000000,-1374.000000,-1178.000000
0.000000,100.000000,0.000000,0.000000,-2552.000000,-1374.000000,-785.000000
0.000000,-300.000000,0.000000,0.000000,-2527.000000,-1178.000000,-785.000000
200.000000,100.000000,156.000000,156.000000,-2509.000000,-1178.000000,-981.000000
0.000000,-100.000000,153.000000,156.000000,-2535.000000,-981.000000,-981.000000
0.000000,0.000000,0.000000,0.000000,-2547.000000,-981.000000,-1178.000000
100.000000,0.000000,0.000000,0.000000,-2552.000000,-785.000000,-1178.000000
-200.000000,-200.000000,0.000000,0.000000,-2556.000000,-785.000000,-981.000000
0.000000,0.000000,78.000000,78.000000,-2564.000000,-785.000000,-981.000000
0.000000,0.000000,0.000000,0.000000,-2586.000000,-589.000000,-981.000000
200.000000,100.000000,0.000000,0.000000,-2618.000000,-589.000000,-589.000000
0.000000,0.000000,0.000000,0.000000,-2616.000000,-589.000000,-589.000000
200.000000,0.000000,0.000000,0.000000,-2627.000000,-392.000000,-392.000000
0.000000,-100.000000,0.000000,0.000000,-2629.000000,-196.000000,-392.000000
200.000000,0.000000,0.000000,0.000000,-2661.000000,-196.000000,-196.000000
0.000000,-100.000000,0.000000,0.000000,-2657.000000,196.000000,0.000000
0.000000,-400.000000,0.000000,0.000000,-2672.000000,0.000000,0.000000
0.000000,0.000000,0.000000,0.000000,-2693.000000,392.000000,0.000000
-300.000000,0.000000,0.000000,0.000000,-2670.000000,0.000000,0.000000
0.000000,0.000000,0.000000,0.000000,-2678.000000,0.000000,196.000000
0.000000,0.000000,0.000000,0.000000,-2675.000000,0.000000,196.000000
0.000000,200.000000,0.000000,0.000000,-2670.000000,196.000000,0.000000
-100.000000,100.000000,0.000000,0.000000,-2683.000000,589.000000,0.000000
0.000000,0.000000,0.000000,0.000000,-2683.000000,1178.000000,0.000000
-100.000000,-100.000000,0.000000,0.000000,-2691.000000,1570.000000,0.000000
-100.000000,0.000000,0.000000,0.000000,-2662.000000,1374.000000,196.000000
0.000000,100.000000,0.000000,0.000000,-2655.000000,1374.000000,785.000000
0.000000,0.000000,0.000000,0.000000,-2690.000000,1178.000000,1178.000000
-100.000000,0.000000,0.000000,0.000000,-2663.000000,1178.000000,1570.000000
100.000000,0.000000,0.000000,0.000000,-2650.000000,1178.000000,1178.000000
-100.000000,100.000000,0.000000,0.000000,-2671.000000,981.000000,1374.000000
0.000000,0.000000,0.000000,0.000000,-2702.000000,1178.000000,981.000000
0.000000,0.000000,0.000000,0.000000,-2703.000000,1374.000000,981.000000
0.000000,0.000000,0.000000,0.000000,-2676.000000,1767.000000,981.000000
0.000000,-200.000000,0.000000,0.000000,-2659.000000,1570.000000,589.000000
0.000000,0.000000,0.000000,0.000000,-2654.000000,1570.000000,785.000000
0.000000,0.000000,0.000000,0.000000,-2621.000000,1570.000000,785.000000
-100.000000,0.000000,0.000000,0.000000,-2612.000000,1374.000000,981.000000
-100.000000,0.000000,0.000000,0.000000,-2601.000000,1374.000000,1374.000000
-200.000000,100.000000,0.000000,0.000000,-2569.000000,1178.000000,1178.000000
0.000000,100.000000,78.000000,78.000000,-2571.000000,981.000000,981.000000
0.000000,-200.000000,0.000000,0.000000,-2574.000000,981.000000,1178.000000
-200.000000,0.000000,0.000000,0.000000,-2546.000000,981.000000,785.000000
-100.000000,0.000000,0.000000,0.000000,-2530.000000,785.000000,785.000000
-300.000000,200.000000,0.000000,0.000000,-2538.000000,589.000000,785.000000
-400.000000,0.000000,0.000000,0.000000,-2532.000000,785.000000,392.000000
-200.000000,-100.000000,0.000000,0.000000,-2519.000000,392.000000,392.000000
-400.000000,-100.000000,0.000000,0.000000,-2499.000000,589.000000,392.000000
0.000000,0.000000,0.000000,0.000000,-2511.000000,589.000000,196.000000
-300.000000,0.000000,0.000000,0.000000,-2495.000000,392.000000,0.000000
-100.000000,0.000000,0.000000,0.000000,-2507.000000,196.000000,0.000000
0.000000,0.000000,0.000000,0.000000,-2516.000000,196.000000,0.000000
-500.000000,300.000000,0.000000,0.000000,-2521.000000,0.000000,0.000000
-500.000000,-100.000000,0.000000,0.000000,-2483.000000,0.000000,0.000000
-600.000000,-100.000000,0.000000,0.000000,-2489.000000,0.000000,0.000000
-300.000000,0.000000,0.000000,0.000000,-2493.000000,0.000000,0.000000
0.000000,0.000000,0.000000,0.000000,-2476.000000,0.000000,0.000000
-400.000000,-100.000000,0.000000,0.000000,-2467.000000,0.000000,0.000000
-600.000000,-100.000000,0.000000,0.000000,-2454.000000,-196.000000,-196.000000
-500.000000,300.000000,0.000000,0.000000,-2464.000000,-196.000000,0.000000
100.000000,200.000000,0.000000,0.000000,-2461.000000,-196.000000,0.000000
200.000000,0.000000,0.000000,0.000000,-2491.000000,-392.000000,-392.000000
100.000000,200.000000,0.000000,0.000000,-2480.000000,-1178.000000,-589.000000
100.000000,300.000000,0.000000,0.000000,-2488.000000,-1178.000000,-1178.000000
-200.000000,200.000000,0.000000,0.000000,-2538.000000,-1178.000000,-1178.000000
200.000000,100.000000,0.000000,0.000000,-2511.000000,-1178.000000,-1374.000000
200.000000,0.000000,0.000000,0.000000,-2484.000000,-785.000000,-981.000000
100.000000,200.000000,0.000000,0.000000,-2514.000000,-981.000000,-1178.000000
200.000000,500.000000,0.000000,0.000000,-2507.000000,-785.000000,-785.000000
100.000000,200.000000,0.000000,0.000000,-2502.000000,-785.000000,-785.000000
300.000000,300.000000,0.000000,0.000000,-2493.000000,-981.000000,-589.000000
0.000000,300.000000,0.000000,0.000000,-2482.000000,-981.000000,-589.000000
100.000000,300.000000,0.000000,0.000000,-2475.000000,-981.000000,-589.000000
100.000000,200.000000,0.000000,0.000000,-2501.000000,-981.000000,-785.000000
0.000000,300.000000,0.000000,0.000000,-2509.000000,-981.000000,-981.000000
300.000000,200.000000,0.000000,0.000000,-2469.000000,-785.000000,-981.000000
300.000000,200.000000,0.000000,0.000000,-2490.000000,-785.000000,-785.000000
100.000000,200.000000,0.000000,0.000000,-2511.000000,-785.000000,-785.000000
100.000000,300.000000,0.000000,0.000000,-2542.000000,-392.000000,-589.000000
200.000000,0.000000,156.000000,156.000000,-2525.000000,-589.000000,-589.000000
-200.000000,0.000000,0.000000,0.000000,-2537.000000,-589.000000,-392.000000
-100.000000,0.000000,0.000000,0.000000,-2558.000000,-392.000000,-196.000000
500.000000,0.000000,0.000000,0.000000,-2594.000000,-392.000000,-196.000000
-300.000000,-100.000000,0.000000,0.000000,-2603.000000,-392.000000,-392.000000
-200.000000,0.000000,0.000000,0.000000,-2596.000000,-392.000000,0.000000
0.000000,100.000000,0.000000,0.000000,-2621.000000,-196.000000,-196.000000
300.000000,0.000000,0.000000,0.000000,-2611.000000,0.000000,0.000000
300.000000,0.000000,0.000000,0.000000,-2627.000000,0.000000,-196.000000
200.000000,0.000000,0.000000,0.000000,-2600.000000,0.000000,-196.000000
-500.000000,-100.000000,0.000000,0.000000,-2610.000000,196.000000,0.000000
-100.000000,0.000000,0.000000,0.000000,-2618.000000,0.000000,0.000000
-100.000000,0.000000,0.000000,0.000000,-2627.000000,196.000000,0.000000
0.000000,0.000000,0.000000,0.000000,-2613.000000,0.000000,0.000000
-100.000000,0.000000,0.000000,0.000000,-2616.000000,0.000000,196.000000
-100.000000,-100.000000,0.000000,0.000000,-2613.000000,0.000000,196.000000
-100.000000,-100.000000,0.000000,0.000000,-2582.000000,0.000000,0.000000
-100.000000,0.000000,0.000000,0.000000,-2582.000000,0.000000,0.000000
-200.000000,0.000000,0.000000,0.000000,-2583.000000,0.000000,0.000000
-100.000000,0.000000,0.000000,0.000000,-2585.000000,196.000000,0.000000
-300.000000,300.000000,0.000000,0.000000,-2561.000000,392.000000,0.000000
0.000000,100.000000,0.000000,0.000000,-2550.000000,589.000000,196.000000
-200.000000,0.000000,0.000000,0.000000,-2537.000000,785.000000,392.000000
0.000000,100.000000,0.000000,0.000000,-2521.000000,785.000000,589.000000
0.000000,300.000000,0.000000,0.000000,-2507.000000,589.000000,589.000000
0.000000,200.000000,0.000000,0.000000,-2499.000000,589.000000,589.000000
0.000000,100.000000,0.000000,0.000000,-2509.000000,392.000000,589.000000
-300.000000,100.000000,0.000000,0.000000,-2508.000000,392.000000,392.000000
-200.000000,-100.000000,78.000000,78.000000,-2491.000000,196.000000,392.000000
0.000000,100.000000,0.000000,0.000000,-2478.000000,196.000000,196.000000
0.000000,-100.000000,0.000000,0.000000,-2493.000000,0.000000,0.000000
200.000000,100.000000,0.000000,0.000000,-2463.000000,0.000000,0.000000
0.000000,-100.000000,0.000000,0.000000,-2453.000000,0.000000,0.000000
0.000000,-200.000000,0.000000,0.000000,-2448.000000,0.000000,0.000000
-100.000000,-200.000000,0.000000,0.000000,-2449.000000,0.000000,196.000000
-400.000000,0.000000,0.000000,0.000000,-2455.000000,0.000000,0.000000
-100.000000,-100.000000,0.000000,0.000000,-2456.000000,0.000000,0.000000
-100.000000,-100.000000,0.000000,0.000000,-2450.000000,0.000000,0.000000
200.000000,-100.000000,0.000000,0.000000,-2410.000000,0.000000,-196.000000
0.000000,-400.000000,0.000000,0.000000,-2408.000000,-196.000000,0.000000
-200.000000,0.000000,0.000000,0.000000,-2432.000000,0.000000,0.000000
0.000000,-100.000000,0.000000,0.000000,-2414.000000,0.000000,0.000000
0.000000,-100.000000,0.000000,0.000000,-2394.000000,0.000000,0.000000
-100.000000,0.000000,0.000000,0.000000,-2408.000000,0.000000,0.000000
-100.000000,0.000000,0.000000,0.000000,-2403.000000,-196.000000,0.000000
0.000000,100.000000,0.000000,0.000000,-2406.000000,-196.000000,-196.000000
-100.000000,0.000000,0.000000,0.000000,-2398.000000,-196.000000,0.000000
-100.000000,100.000000,0.000000,0.000000,-2403.000000,-392.000000,0.000000
100.000000,300.000000,0.000000,0.000000,-2396.000000,-589.000000,-196.000000
0.000000,200.000000,0.000000,0.000000,-2396.000000,-785.000000,-196.000000
0.000000,100.000000,0.000000,0.000000,-2394.000000,-785.000000,-392.000000
100.000000,200.000000,0.000000,0.000000,-2400.000000,-785.000000,-785.000000
100.000000,200.000000,0.000000,0.000000,-2397.000000,-392.000000,-785.000000
100.000000,100.000000,0.000000,0.000000,-2396.000000,-589.000000,-589.000000
100.000000,100.000000,0.000000,0.000000,-2433.000000,-589.000000,-589.000000
-100.000000,0.000000,0.000000,0.000000,-2461.000000,-392.000000,-589.000000
200.000000,0.000000,0.000000,0.000000,-2466.000000,-392.000000,-392.000000
0.000000,200.000000,0.000000,0.000000,-2460.000000,-589.000000,-392.000000
0.000000,0.000000,0.000000,0.000000,-2454.000000,-589.000000,-196.000000
0.000000,200.000000,0.000000,0.000000,-2457.000000,-589.000000,-196.000000
200.000000,200.000000,0.000000,0.000000,-2456.000000,-392.000000,-196.000000
-100.000000,0.000000,0.000000,0.000000,-2511.000000,-392.000000,-392.000000
-100.000000,0.000000,0.000000,0.000000,-2556.000000,-392.000000,-589.000000
100.000000,100.000000,0.000000,0.000000,-2579.000000,-392.000000,-589.000000
100.000000,-100.000000,0.000000,0.000000,-2572.000000,-196.000000,-392.000000
0.000000,0.000000,0.000000,0.000000,-2569.000000,-196.000000,-196.000000
-100.000000,0.000000,0.000000,0.000000,-2579.000000,-392.000000,-196.000000
0.000000,100.000000,0.000000,0.000000,-2571.000000,-196.000000,0.000000
200.000000,0.000000,0.000000,0.000000,-2592.000000,-392.000000,-196.000000
0.000000,300.000000,0.000000,0.000000,-2570.000000,-196.000000,-196.000000
100.000000,100.000000,0.000000,0.000000,-2552.000000,0.000000,0.000000
100.000000,100.000000,0.000000,0.000000,-2553.000000,0.000000,-196.000000
100.000000,0.000000,0.000000,0.000000,-2578.000000,0.000000,-196.000000
-100.000000,-100.000000,0.000000,0.000000,-2535.000000,0.000000,0.000000
0.000000,-200.000000,0.000000,0.000000,-2517.000000,0.000000,0.000000
0.000000,-100.000000,0.000000,0.000000,-2553.000000,0.000000,196.000000
-100.000000,-100.000000,0.000000,0.000000,-2569.000000,0.000000,0.000000
-100.000000,0.000000,0.000000,0.000000,-2562.000000,0.000000,0.000000
0.000000,-200.000000,0.000000,0.000000,-2540.000000,0.000000,0.000000
100.000000,-100.000000,0.000000,0.000000,-2558.000000,0.000000,0.000000
-300.000000,-100.000000,0.000000,0.000000,-2563.000000,0.000000,0.000000
100.000000,-100.000000,0.000000,0.000000,-2574.000000,0.000000,0.000000
-100.000000,0.000000,0.000000,0.000000,-2611.000000,0.000000,0.000000
0.000000,200.000000,0.000000,0.000000,-2594.000000,0.000000,0.000000
0.000000,-100.000000,0.000000,0.000000,-2607.000000,0.000000,196.000000
100.000000,-200.000000,0.000000,0.000000,-2607.000000,0.000000,0.000000
200.000000,0.000000,156.000000,156.000000,-2596.000000,196.000000,0.000000
-200.000000,300.000000,0.000000,0.000000,-2597.000000,196.000000,0.000000
-100.000000,0.000000,0.000000,0.000000,-2602.000000,0.000000,0.000000
-100.000000,0.000000,0.000000,0.000000,-2617.000000,0.000000,0.000000
-200.000000,0.000000,0.000000,0.000000,-2639.000000,0.000000,0.000000
-600.000000,0.000000,0.000000,0.000000,-2654.000000,0.000000,0.000000
0.000000,0.000000,0.000000,0.000000,-2622.000000,0.000000,0.000000
-100.000000,-100.000000,0.000000,0.000000,-2625.000000,0.000000,0.000000
200.000000,0.000000,0.000000,0.000000,-2627.000000,0.000000,0.000000
200.000000,-100.000000,156.000000,156.000000,-2644.000000,0.000000,0.000000
0.000000,0.000000,0.000000,0.000000,-2613.000000,0.000000,0.000000
-100.000000,-200.000000,0.000000,0.000000,-2607.000000,0.000000,0.000000
-100.000000,100.000000,0.000000,0.000000,-2587.000000,0.000000,0.000000
0.000000,0.000000,0.000000,0.000000,-2599.000000,0.000000,0.000000
0.000000,0.000000,0.000000,0.000000,-2600.000000,-196.000000,0.000000
-300.000000,0.000000,78.000000,78.000000,-2591.000000,0.000000,0.000000
-100.000000,0.000000,0.000000,0.000000,-2598.000000,-196.000000,0.000000
100.000000,200.000000,0.000000,0.000000,-2613.000000,0.000000,0.000000
-200.000000,0.000000,0.000000,0.000000,-2623.000000,0.000000,-196.000000
-100.000000,0.000000,0.000000,0.000000,-2616.000000,0.000000,0.000000
200.000000,-100.000000,0.000000,0.000000,-2593.000000,0.000000,0.000000
0.000000,0.000000,0.000000,0.000000,-2584.000000,0.000000,0.000000
-100.000000,0.000000,0.000000,0.000000,-2571.000000,-196.000000,0.000000
-200.000000,0.000000,0.000000,0.000000,-2588.000000,0.000000,-196.000000
200.000000,0.000000,0.000000,0.000000,-2587.000000,-392.000000,0.000000
0.000000,0.000000,0.000000,0.000000,-2582.000000,-196.000000,0.000000
-300.000000,100.000000,0.000000,0.000000,-2582.000000,-392.000000,-196.000000
100.000000,100.000000,0.000000,0.000000,-2579.000000,-196.000000,-392.000000
-200.000000,-100.000000,0.000000,0.000000,-2570.000000,-392.000000,-196.000000
-200.000000,0.000000,0.000000,0.000000,-2561.000000,0.000000,-196.000000
0.000000,-200.000000,0.000000,0.000000,-2572.000000,-196.000000,-196.000000
100.000000,0.000000,0.000000,0.000000,-2561.000000,0.000000,-196.000000
-200.000000,0.000000,0.000000,0.000000,-2551.000000,-196.000000,-196.000000
100.000000,-100.000000,0.000000,0.000000,-2559.000000,0.000000,-196.000000
100.000000,200.000000,0.000000,0.000000,-2568.000000,-196.000000,-196.000000
0.000000,100.000000,0.000000,0.000000,-2581.000000,-196.000000,0.000000
-200.000000,0.000000,0.000000,0.000000,-2592.000000,-196.000000,-196.000000
200.000000,100.000000,0.000000,0.000000,-2541.000000,0.000000,0.000000
0.000000,200.000000,0.000000,0.000000,-2552.000000,-196.000000,0.000000
-200.000000,0.000000,0.000000,0.000000,-2533.000000,-196.000000,-196.000000
300.000000,100.000000,0.000000,0.000000,-2512.000000,0.000000,0.000000
0.000000,0.000000,0.000000,0.000000,-2525.000000,-196.000000,-196.000000
0.000000,100.000000,0.000000,0.000000,-2525.000000,0.000000,0.000000
-200.000000,-200.000000,0.000000,0.000000,-2555.000000,0.000000,0.000000
-100.000000,100.000000,0.000000,0.000000,-2563.000000,-196.000000,0.000000
-100.000000,0.000000,0.000000,0.000000,-2579.000000,0.000000,0.000000
-200.000000,-500.000000,0.000000,0.000000,-2593.000000,0.000000,0.000000
0.000000,0.000000,0.000000,0.000000,-2577.000000,0.000000,0.000000
-100.000000,0.000000,0.000000,0.000000,-2588.000000,0.000000,0.000000
-200.000000,0.000000,0.000000,0.000000,-2601.000000,0.000000,0.000000
200.000000,-200.000000,0.000000,0.000000,-2611.000000,0.000000,0.000000
-200.000000,-500.000000,0.000000,0.000000,-2586.000000,0.000000,0.000000
0.000000,200.000000,0.000000,0.000000,-2571.000000,0.000000,0.000000
-300.000000,0.000000,0.000000,0.000000,-2577.000000,0.000000,0.000000
0.000000,-200.000000,0.000000,0.000000,-2552.000000,0.000000,0.000000
0.000000,0.000000,0.000000,0.000000,-2549.000000,0.000000,0.000000
-200.000000,-100.000000,0.000000,0.000000,-2552.000000,0.000000,0.000000
-200.000000,0.000000,0.000000,0.000000,-2528.000000,0.000000,0.000000
-200.000000,-200.000000,0.000000,0.000000,-2553.000000,0.000000,0.000000
0.000000,0.000000,0.000000,0.000000,-2545.000000,0.000000,0.000000
-100.000000,0.000000,0.000000,0.000000,-2545.000000,0.000000,0.000000
-200.000000,-300.000000,78.000000,78.000000,-2555.000000,0.000000,196.000000
0.000000,0.000000,0.000000,0.000000,-2569.000000,0.000000,0.000000
0.000000,-300.000000,0.000000,0.000000,-2569.000000,0.000000,0.000000
-100.000000,0.000000,0.000000,0.000000,-2536.000000,0.000000,0.000000
100.000000,-300.000000,0.000000,0.000000,-2568.000000,0.000000,0.000000
-200.000000,-100.000000,0.000000,0.000000,-2572.000000,0.000000,0.000000
-100.000000,-200.000000,0.000000,0.000000,-2571.000000,0.000000,0.000000
-200.000000,0.000000,78.000000,78.000000,-2577.000000,0.000000,0.000000
200.000000,0.000000,0.000000,0.000000,-2593.000000,0.000000,0.000000
0.000000,-100.000000,0.000000,0.000000,-2610.000000,0.000000,0.000000
-200.000000,-100.000000,0.000000,0.000000,-2615.000000,0.000000,0.000000
-200.000000,-100.000000,0.000000,0.000000,-2632.000000,0.000000,0.000000
0.000000,-100.000000,0.000000,0.000000,-2615.000000,0.000000,0.000000
-200.000000,0.000000,0.000000,0.000000,-2639.000000,0.000000,0.000000
-300.000000,200.000000,0.000000,0.000000,-2611.000000,0.000000,-196.000000
-200.000000,200.000000,0.000000,0.000000,-2623.000000,0.000000,0.000000
-200.000000,0.000000,0.000000,0.000000,-2636.000000,0.000000,0.000000
-100.000000,0.000000,0.000000,0.000000,-2608.000000,0.000000,0.000000
