Channel 1,Channel 2,Channel 3,Channel 4,Channel 5,Channel 6,Channel 7
-200.000000,100.000000,0.000000,0.000000,-3245.000000,0.000000,0.000000
-100.000000,-100.000000,0.000000,0.000000,-3233.000000,0.000000,0.000000
-200.000000,-300.000000,0.000000,0.000000,-3239.000000,0.000000,0.000000
-100.000000,-100.000000,156.000000,156.000000,-3240.000000,-196.000000,0.000000
100.000000,200.000000,0.000000,0.000000,-3238.000000,0.000000,0.000000
-100.000000,0.000000,0.000000,0.000000,-3215.000000,0.000000,0.000000
0.000000,0.000000,0.000000,0.000000,-3191.000000,0.000000,0.000000
-300.000000,0.000000,156.000000,156.000000,-3170.000000,0.000000,0.000000
100.000000,0.000000,0.000000,0.000000,-3178.000000,0.000000,0.000000
0.000000,0.000000,0.000000,0.000000,-3179.000000,0.000000,0.000000
-100.000000,100.000000,0.000000,0.000000,-3170.000000,0.000000,0.000000
0.000000,-200.000000,0.000000,0.000000,-3179.000000,0.000000,0.000000
0.000000,0.000000,78.000000,78.000000,-3172.000000,0.000000,0.000000
200.000000,400.000000,0.000000,0.000000,-3190.000000,0.000000,0.000000
-200.000000,0.000000,0.000000,0.000000,-3200.000000,0.000000,0.000000
0.000000,-300.000000,0.000000,0.000000,-3217.000000,0.000000,0.000000
0.000000,-200.000000,0.000000,0.000000,-3240.000000,0.000000,0.000000
-100.000000,-300.000000,0.000000,0.000000,-3246.000000,0.000000,0.000000
0.000000,-100.000000,156.000000,156.000000,-3255.000000,0.000000,0.000000
0.000000,200.000000,153.000000,156.000000,-3265.000000,0.000000,0.000000
100.000000,0.000000,0.000000,0.000000,-3267.000000,0.000000,0.000000
-100.000000,-200.000000,0.000000,0.000000,-3264.000000,0.000000,0.000000
-100.000000,-100.000000,0.000000,0.000000,-3249.000000,0.000000,0.000000
-100.000000,0.000000,0.000000,0.000000,-3246.000000,0.000000,0.000000
-100.000000,0.000000,0.000000,0.000000,-3232.000000,196.000000,0.000000
0.000000,0.000000,0.000000,0.000000,-3229.000000,0.000000,0.000000
-100.000000,0.000000,0.000000,0.000000,-3222.000000,0.000000,0.000000
-200.000000,-400.000000,0.000000,0.000000,-3219.000000,0.000000,0.000000
-100.000000,0.000000,0.000000,0.000000,-3225.000000,0.000000,0.000000
0.000000,-200.000000,0.000000,0.000000,-3220.000000,0.000000,0.000000
-100.000000,0.000000,0.000000,0.000000,-3206.000000,0.000000,0.000000
-200.000000,-100.000000,0.000000,0.000000,-3213.000000,0.000000,0.000000
-100.000000,-200.000000,0.000000,0.000000,-3208.000000,0.000000,0.000000
100.000000,-200.000000,0.000000,0.000000,-3203.000000,0.000000,0.000000
-200.000000,0.000000,0.000000,0.000000,-3199.000000,0.000000,0.000000
-200.000000,0.000000,0.000000,0.000000,-3193.000000,0.000000,0.000000
-500.000000,-100.000000,0.000000,0.000000,-3189.000000,0.000000,0.000000
-200.000000,-200.000000,0.000000,0.000000,-3198.000000,0.000000,0.000000
0.000000,0.000000,0.000000,0.000000,-3197.000000,0.000000,0.000000
100.000000,-200.000000,0.000000,0.000000,-3188.000000,0.000000,0.000000
-100.000000,0.000000,0.000000,0.000000,-3191.000000,0.000000,0.000000
100.000000,0.000000,0.000000,0.000000,-3173.000000,0.000000,0.000000
-200.000000,-200.000000,0.000000,0.000000,-3180.000000,0.000000,0.000000
-200.000000,0.000000,0.000000,0.000000,-3185.000000,0.000000,0.000000
-100.000000,-300.000000,0.000000,0.000000,-3173.000000,0.000000,0.000000
-100.000000,0.000000,0.000000,0.000000,-3178.000000,0.000000,0.000000
-100.000000,100.000000,0.000000,0.000000,-3186.000000,0.000000,0.000000
-300.000000,-100.000000,0.000000,0.000000,-3171.000000,0.000000,0.000000
-100.000000,0.000000,0.000000,0.000000,-3180.000000,0.000000,0.000000
0.000000,0.000000,156.000000,156.000000,-3165.000000,-196.000000,0.000000
0.000000,0.000000,0.000000,0.000000,-3153.000000,0.000000,0.000000
0.000000,-100.000000,0.000000,0.000000,-3140.000000,0.000000,0.000000
-100.000000,100.000000,0.000000,0.000000,-3133.000000,0.000000,0.000000
0.000000,0.000000,0.000000,0.000000,-3131.000000,-196.000000,0.000000
0.000000,0.000000,0.000000,0.000000,-3119.000000,0.000000,0.000000
-200.000000,0.000000,0.000000,0.000000,-3114.000000,0.000000,0.000000
-300.000000,0.000000,0.000000,0.000000,-3102.000000,0.000000,-196.000000
-200.000000,-100.000000,0.000000,0.000000,-3089.000000,0.000000,0.000000
-100.000000,-200.000000,0.000000,0.000000,-3087.000000,0.000000,0.000000
0.000000,0.000000,0.000000,0.000000,-3096.000000,0.000000,0.000000
0.000000,0.000000,0.000000,0.000000,-3124.000000,0.000000,0.000000
-100.000000,0.000000,0.000000,0.000000,-3162.000000,0.000000,0.000000
-100.000000,0.000000,0.000000,0.000000,-3172.000000,0.000000,0.000000
0.000000,0.000000,156.000000,156.000000,-3176.000000,0.000000,0.000000
0.000000,200.000000,0.000000,0.000000,-3174.000000,0.000000,0.000000
0.000000,-100.000000,0.000000,0.000000,-3166.000000,0.000000,0.000000
-100.000000,0.000000,0.000000,0.000000,-3172.000000,0.000000,0.000000
0.000000,0.000000,0.000000,0.000000,-3183.000000,0.000000,0.000000
-100.000000,100.000000,0.000000,0.000000,-3183.000000,0.000000,0.000000
-200.000000,-100.000000,0.000000,0.000000,-3192.000000,0.000000,0.000000
100.000000,0.000000,0.000000,0.000000,-3166.000000,0.000000,0.000000
-100.000000,100.000000,78.000000,78.000000,-3136.000000,0.000000,0.000000
-400.000000,-100.000000,0.000000,0.000000,-3118.000000,0.000000,0.000000
0.000000,0.000000,0.000000,0.000000,-3115.000000,0.000000,0.000000
-200.000000,0.000000,0.000000,0.000000,-3119.000000,0.000000,0.000000
200.000000,-200.000000,0.000000,0.000000,-3133.000000,0.000000,0.000000
100.000000,100.000000,0.000000,0.000000,-3127.000000,0.000000,0.000000
0.000000,100.000000,0.000000,0.000000,-3125.000000,0.000000,0.000000
-200.000000,-100.000000,0.000000,0.000000,-3140.000000,0.000000,0.000000
0.000000,-100.000000,0.000000,0.000000,-3137.000000,0.000000,0.000000
0.000000,0.000000,0.000000,0.000000,-3144.000000,0.000000,0.000000
0.000000,100.000000,0.000000,0.000000,-3145.000000,0.000000,0.000000
-100.000000,-100.000000,0.000000,0.000000,-3153.000000,0.000000,0.000000
-100.000000,-100.000000,0.000000,0.000000,-3129.000000,0.000000,0.000000
100.000000,-400.000000,0.000000,0.000000,-3115.000000,0.000000,0.000000
-200.000000,100.000000,0.000000,0.000000,-3134.000000,0.000000,0.000000
0.000000,0.000000,0.000000,0.000000,-3145.000000,0.000000,0.000000
200.000000,100.000000,0.000000,0.000000,-3137.000000,0.000000,0.000000
-100.000000,-200.000000,0.000000,0.000000,-3138.000000,0.000000,0.000000
0.000000,0.000000,0.000000,0.000000,-3126.000000,0.000000,0.000000
0.000000,0.000000,0.000000,0.000000,-3111.000000,0.000000,0.000000
0.000000,-100.000000,0.000000,0.000000,-3110.000000,0.000000,0.000000
0.000000,100.000000,0.000000,0.000000,-3109.000000,0.000000,0.000000
100.000000,-300.000000,0.000000,0.000000,-3092.000000,0.000000,0.000000
0.000000,200.000000,0.000000,0.000000,-3064.000000,0.000000,0.000000
0.000000,-200.000000,0.000000,0.000000,-3052.000000,0.000000,0.000000
0.000000,0.000000,0.000000,0.000000,-3057.000000,0.000000,0.000000
0.000000,-100.000000,0.000000,0.000000,-3062.000000,0.000000,0.000000
-200.000000,-100.000000,0.000000,0.000000,-3056.000000,0.000000,0.000000
0.000000,0.000000,0.000000,0.000000,-3060.000000,0.000000,0.000000
-200.000000,-300.000000,0.000000,0.000000,-3065.000000,0.000000,0.000000
-100.000000,100.000000,0.000000,0.000000,-3064.000000,0.000000,0.000000
-200.000000,-100.000000,0.000000,0.000000,-3051.000000,0.000000,0.000000
0.000000,-100.000000,0.000000,0.000000,-3043.000000,0.000000,0.000000
-200.000000,-300.000000,0.000000,0.000000,-3060.000000,0.000000,0.000000
-100.000000,-200.000000,0.000000,0.000000,-3086.000000,0.000000,0.000000
0.000000,-100.000000,0.000000,0.000000,-3113.000000,0.000000,0.000000
0.000000,-100.000000,0.000000,0.000000,-3117.000000,0.000000,0.000000
-100.000000,-300.000000,0.000000,0.000000,-3119.000000,0.000000,0.000000
13800.000000,-200.000000,15000.000000,15000.000000,-3095.000000,589.000000,785.000000
14100.000000,12800.000000,15000.000000,15000.000000,-2989.000000,3141.000000,2748.000000
16900.000000,13000.000000,15000.000000,15000.000000,-3092.000000,3534.000000,2748.000000
16400.000000,14400.000000,15000.000000,15000.000000,-3155.000000,1178.000000,785.000000
14400.000000,15800.000000,15000.000000,15000.000000,-3221.000000,-589.000000,-196.000000
15300.000000,14500.000000,15000.000000,15000.000000,-3382.000000,-392.000000,392.000000
13500.000000,13300.000000,15000.000000,15000.000000,-3228.000000,1767.000000,1374.000000
13100.000000,13800.000000,15000.000000,15000.000000,-2846.000000,3141.000000,2159.000000
13500.000000,15400.000000,15000.000000,15000.000000,-3031.000000,3534.000000,2748.000000
13800.000000,17100.000000,15000.000000,15000.000000,-3373.000000,2552.000000,2552.000000
13900.000000,14000.000000,15000.000000,15000.000000,-3371.000000,1374.000000,1767.000000
12700.000000,15600.000000,15000.000000,15000.000000,-3226.000000,1374.000000,1570.000000
12700.000000,13800.000000,15000.000000,15000.000000,-3113.000000,2945.000000,2356.000000
15600.000000,15100.000000,15000.000000,15000.000000,-3158.000000,4516.000000,3337.000000
15400.000000,14200.000000,15000.000000,15000.000000,-3292.000000,4319.000000,3926.000000
13800.000000,13900.000000,15000.000000,15000.000000,-3274.000000,3534.000000,3534.000000
14400.000000,13900.000000,15000.000000,15000.000000,-3119.000000,2748.000000,3141.000000
15000.000000,15000.000000,15000.000000,15000.000000,-3061.000000,3141.000000,3141.000000
12700.000000,13300.000000,15000.000000,15000.000000,-3061.000000,3926.000000,3534.000000
13300.000000,13800.000000,15000.000000,15000.000000,-2992.000000,4319.000000,4123.000000
13300.000000,13700.000000,15000.000000,15000.000000,-2893.000000,4319.000000,4123.000000
13400.000000,14000.000000,15000.000000,15000.000000,-3027.000000,3534.000000,3926.000000
13200.000000,13500.000000,15000.000000,15000.000000,-3006.000000,3337.000000,3337.000000
16900.000000,14400.000000,15000.000000,15000.000000,-2912.000000,3730.000000,2945.000000
12900.000000,16100.000000,15000.000000,15000.000000,-2839.000000,4319.000000,3141.000000
13200.000000,14100.000000,15000.000000,15000.000000,-2853.000000,4516.000000,4123.000000
13500.000000,13600.000000,15000.000000,15000.000000,-2879.000000,4123.000000,4123.000000
13200.000000,14200.000000,15000.000000,15000.000000,-2860.000000,3534.000000,3730.000000
13600.000000,13900.000000,15000.000000,15000.000000,-2770.000000,3141.000000,3534.000000
16800.000000,15600.000000,15000.000000,15000.000000,-2765.000000,3534.000000,3534.000000
13500.000000,16200.000000,15000.000000,15000.000000,-2786.000000,4123.000000,3337.000000
13700.000000,16900.000000,15000.000000,15000.000000,-2740.000000,4123.000000,3141.000000
16800.000000,16600.000000,15000.000000,15000.000000,-2730.000000,3730.000000,3337.000000
13100.000000,16800.000000,15000.000000,15000.000000,-2749.000000,3534.000000,3141.000000
17300.000000,13600.000000,15000.000000,15000.000000,-2699.000000,3337.000000,2748.000000
-100.000000,14000.000000,0.000000,0.000000,-2649.000000,3141.000000,2356.000000
300.000000,-200.000000,0.000000,0.000000,-2666.000000,981.000000,0.000000
300.000000,0.000000,0.000000,0.000000,-2718.000000,589.000000,0.000000
-100.000000,-100.000000,0.000000,0.000000,-2617.000000,196.000000,196.000000
0.000000,-100.000000,0.000000,0.000000,-2642.000000,0.000000,1374.000000
100.000000,-300.000000,0.000000,0.000000,-2558.000000,392.000000,1963.000000
-100.000000,-200.000000,0.000000,0.000000,-2545.000000,1178.000000,1178.000000
0.000000,200.000000,0.000000,0.000000,-2452.000000,2356.000000,1963.000000
100.000000,-100.000000,0.000000,0.000000,-2278.000000,2159.000000,785.000000
-100.000000,0.000000,0.000000,0.000000,-2208.000000,1963.000000,-392.000000
300.000000,300.000000,0.000000,0.000000,-2219.000000,1963.000000,-981.000000
0.000000,0.000000,0.000000,0.000000,-2384.000000,1570.000000,-981.000000
100.000000,0.000000,0.000000,0.000000,-2437.000000,785.000000,-1374.000000
300.000000,200.000000,0.000000,0.000000,-2059.000000,-589.000000,-785.000000
200.000000,0.000000,0.000000,0.000000,-2047.000000,-1374.000000,-785.000000
200.000000,0.000000,0.000000,0.000000,-2321.000000,-1178.000000,-981.000000
0.000000,-100.000000,0.000000,0.000000,-2278.000000,-981.000000,-785.000000
0.000000,100.000000,0.000000,0.000000,-2124.000000,-981.000000,-1374.000000
100.000000,0.000000,0.000000,0.000000,-2224.000000,-785.000000,-1570.000000
-100.000000,100.000000,0.000000,0.000000,-2388.000000,-785.000000,-1570.000000
300.000000,100.000000,0.000000,0.000000,-2461.000000,-392.000000,-1570.000000
0.000000,100.000000,0.000000,0.000000,-2470.000000,-196.000000,-1178.000000
0.000000,0.000000,0.000000,0.000000,-2426.000000,-196.000000,-1178.000000
-100.000000,0.000000,0.000000,0.000000,-2396.000000,-196.000000,-981.000000
0.000000,-200.000000,0.000000,0.000000,-2559.000000,0.000000,-981.000000
-100.000000,0.000000,0.000000,0.000000,-2713.000000,0.000000,-589.000000
0.000000,-100.000000,0.000000,0.000000,-2607.000000,392.000000,-785.000000
100.000000,-100.000000,0.000000,0.000000,-2501.000000,0.000000,-196.000000
0.000000,0.000000,0.000000,0.000000,-2754.000000,0.000000,-196.000000
100.000000,0.000000,0.000000,0.000000,-2932.000000,0.000000,0.000000
0.000000,0.000000,0.000000,0.000000,-2849.000000,0.000000,0.000000
-200.000000,-100.000000,0.000000,0.000000,-2833.000000,392.000000,392.000000
0.000000,0.000000,0.000000,0.000000,-2911.000000,1570.000000,785.000000
0.000000,-200.000000,0.000000,0.000000,-3057.000000,2945.000000,1178.000000
100.000000,0.000000,0.000000,0.000000,-3059.000000,3534.000000,1963.000000
0.000000,-100.000000,0.000000,0.000000,-3136.000000,3534.000000,2356.000000
400.000000,0.000000,0.000000,0.000000,-3216.000000,3337.000000,2159.000000
200.000000,-100.000000,0.000000,0.000000,-3310.000000,3337.000000,2356.000000
0.000000,0.000000,0.000000,0.000000,-3416.000000,3141.000000,2748.000000
0.000000,-100.000000,0.000000,0.000000,-3344.000000,3141.000000,2945.000000
0.000000,0.000000,0.000000,0.000000,-3452.000000,3730.000000,3337.000000
-100.000000,0.000000,0.000000,0.000000,-3522.000000,4712.000000,3730.000000
100.000000,0.000000,0.000000,0.000000,-3608.000000,5497.000000,4123.000000
0.000000,-100.000000,0.000000,0.000000,-3533.000000,5497.000000,4319.000000
-200.000000,0.000000,0.000000,0.000000,-3558.000000,5301.000000,4319.000000
-100.000000,-100.000000,0.000000,0.000000,-3605.000000,5301.000000,4712.000000
0.000000,0.000000,0.000000,0.000000,-3608.000000,5301.000000,4712.000000
-200.000000,200.000000,0.000000,0.000000,-3469.000000,5301.000000,5105.000000
100.000000,-100.000000,0.000000,0.000000,-3436.000000,6086.000000,5497.000000
0.000000,100.000000,0.000000,0.000000,-3494.000000,6479.000000,5301.000000
-100.000000,100.000000,0.000000,0.000000,-3466.000000,6479.000000,4712.000000
100.000000,0.000000,0.000000,0.000000,-3388.000000,6479.000000,4712.000000
0.000000,200.000000,0.000000,0.000000,-3454.000000,6283.000000,4908.000000
-200.000000,-100.000000,0.000000,0.000000,-3463.000000,6479.000000,5301.000000
-300.000000,0.000000,0.000000,0.000000,-3413.000000,6283.000000,5497.000000
0.000000,200.000000,0.000000,0.000000,-3365.000000,6283.000000,5497.000000
0.000000,-600.000000,0.000000,0.000000,-3388.000000,6675.000000,5890.000000
100.000000,0.000000,0.000000,0.000000,-3413.000000,6479.000000,5890.000000
0.000000,0.000000,0.000000,0.000000,-3375.000000,6283.000000,5890.000000
-100.000000,0.000000,0.000000,0.000000,-3340.000000,6283.000000,5694.000000
-200.000000,0.000000,0.000000,0.000000,-3288.000000,6086.000000,5301.000000
-100.000000,0.000000,0.000000,0.000000,-3278.000000,6086.000000,5105.000000
-100.000000,0.000000,0.000000,0.000000,-3223.000000,5890.000000,4908.000000
0.000000,0.000000,0.000000,0.000000,-3230.000000,5694.000000,4712.000000
0.000000,-200.000000,0.000000,0.000000,-3198.000000,5497.000000,4319.000000
0.000000,100.000000,0.000000,0.000000,-3173.000000,5301.000000,4319.000000
0.000000,0.000000,0.000000,0.000000,-3162.000000,5105.000000,4123.000000
100.000000,0.000000,0.000000,0.000000,-3141.000000,4908.000000,3730.000000
0.000000,0.000000,0.000000,0.000000,-3077.000000,4712.000000,3730.000000
100.000000,0.000000,0.000000,0.000000,-3056.000000,4516.000000,3534.000000
0.000000,0.000000,0.000000,0.000000,-3060.000000,4516.000000,3141.000000
-100.000000,0.000000,0.000000,0.000000,-3027.000000,4123.000000,2945.000000
-100.000000,0.000000,0.000000,0.000000,-3026.000000,3730.000000,2552.000000
-200.000000,0.000000,0.000000,0.000000,-2999.000000,3730.000000,2159.000000
0.000000,100.000000,0.000000,0.000000,-2982.000000,3534.000000,1767.000000
-200.000000,300.000000,0.000000,0.000000,-2918.000000,3337.000000,1767.000000
-100.000000,100.000000,0.000000,0.000000,-2878.000000,2356.000000,1374.000000
-100.000000,-200.000000,0.000000,0.000000,-2810.000000,1570.000000,1178.000000
200.000000,200.000000,0.000000,0.000000,-2743.000000,981.000000,785.000000
0.000000,200.000000,0.000000,0.000000,-2782.000000,589.000000,196.000000
-100.000000,200.000000,0.000000,0.000000,-2704.000000,589.000000,0.000000
0.000000,100.000000,0.000000,0.000000,-2676.000000,196.000000,-392.000000
200.000000,0.000000,0.000000,0.000000,-2672.000000,-196.000000,-196.000000
0.000000,-100.000000,0.000000,0.000000,-2755.000000,0.000000,0.000000
200.000000,0.000000,0.000000,0.000000,-2743.000000,196.000000,-196.000000
100.000000,-300.000000,0.000000,0.000000,-2691.000000,0.000000,-589.000000
200.000000,-300.000000,0.000000,0.000000,-2685.000000,0.000000,-589.000000
200.000000,200.000000,0.000000,0.000000,-2750.000000,-196.000000,-981.000000
400.000000,-200.000000,0.000000,0.000000,-2772.000000,0.000000,-785.000000
100.000000,0.000000,0.000000,0.000000,-2750.000000,0.000000,-981.000000
0.000000,100.000000,0.000000,0.000000,-2761.000000,196.000000,-785.000000
200.000000,0.000000,0.000000,0.000000,-2795.000000,0.000000,-785.000000
200.000000,-200.000000,0.000000,0.000000,-2863.000000,0.000000,-981.000000
300.000000,100.000000,0.000000,0.000000,-2902.000000,0.000000,-785.000000
300.000000,-200.000000,0.000000,0.000000,-2861.000000,0.000000,-981.000000
300.000000,200.000000,0.000000,0.000000,-2886.000000,0.000000,-1178.000000
0.000000,-100.000000,0.000000,0.000000,-2883.000000,0.000000,-785.000000
200.000000,-200.000000,0.000000,0.000000,-2885.000000,0.000000,-785.000000
100.000000,100.000000,0.000000,0.000000,-2909.000000,0.000000,-589.000000
100.000000,0.000000,0.000000,0.000000,-2923.000000,0.000000,-392.000000
-300.000000,0.000000,0.000000,0.000000,-2902.000000,0.000000,-196.000000
200.000000,100.000000,0.000000,0.000000,-2920.000000,196.000000,0.000000
-100.000000,0.000000,0.000000,0.000000,-2964.000000,196.000000,196.000000
-100.000000,0.000000,0.000000,0.000000,-3065.000000,981.000000,0.000000
-200.000000,-300.000000,0.000000,0.000000,-3064.000000,2356.000000,196.000000
100.000000,0.000000,0.000000,0.000000,-3108.000000,3337.000000,196.000000
-200.000000,200.000000,0.000000,0.000000,-3194.000000,3337.000000,392.000000
100.000000,0.000000,0.000000,0.000000,-3166.000000,3141.000000,1374.000000
-200.000000,0.000000,0.000000,0.000000,-3220.000000,3141.000000,2356.000000
100.000000,-100.000000,0.000000,0.000000,-3341.000000,2945.000000,2159.000000
-100.000000,200.000000,0.000000,0.000000,-3355.000000,2945.000000,2159.000000
-100.000000,0.000000,0.000000,0.000000,-3364.000000,2748.000000,2159.000000
0.000000,-200.000000,0.000000,0.000000,-3370.000000,2945.000000,1767.000000
-200.000000,0.000000,0.000000,0.000000,-3519.000000,3926.000000,2159.000000
100.000000,0.000000,0.000000,0.000000,-3545.000000,4712.000000,2356.000000
200.000000,-200.000000,0.000000,0.000000,-3485.000000,5301.000000,3337.000000
-200.000000,0.000000,0.000000,0.000000,-3541.000000,4908.000000,3926.000000
0.000000,-100.000000,0.000000,0.000000,-3578.000000,5105.000000,3926.000000
0.000000,-100.000000,0.000000,0.000000,-3591.000000,4712.000000,3926.000000
-100.000000,0.000000,0.000000,0.000000,-3565.000000,4712.000000,3926.000000
0.000000,-200.000000,0.000000,0.000000,-3511.000000,4516.000000,3926.000000
0.000000,100.000000,0.000000,0.000000,-3498.000000,4908.000000,4123.000000
0.000000,0.000000,0.000000,0.000000,-3529.000000,5301.000000,4319.000000
-200.000000,0.000000,0.000000,0.000000,-3474.000000,5890.000000,4516.000000
0.000000,0.000000,0.000000,0.000000,-3445.000000,6086.000000,4516.000000
-200.000000,100.000000,0.000000,0.000000,-3464.000000,5890.000000,4319.000000
0.000000,100.000000,0.000000,0.000000,-3477.000000,5890.000000,4123.000000
0.000000,0.000000,0.000000,0.000000,-3399.000000,5694.000000,3926.000000
0.000000,200.000000,0.000000,0.000000,-3386.000000,5497.000000,3730.000000
-100.000000,0.000000,0.000000,0.000000,-3383.000000,4908.000000,4516.000000
0.000000,-100.000000,0.000000,0.000000,-3335.000000,5497.000000,4908.000000
-200.000000,0.000000,0.000000,0.000000,-3284.000000,4908.000000,4516.000000
-100.000000,0.000000,0.000000,0.000000,-3294.000000,4908.000000,4123.000000
-100.000000,-300.000000,0.000000,0.000000,-3278.000000,4516.000000,3926.000000
-100.000000,0.000000,0.000000,0.000000,-3239.000000,4516.000000,3926.000000
0.000000,0.000000,0.000000,0.000000,-3238.000000,4319.000000,3730.000000
-200.000000,-100.000000,0.000000,0.000000,-3202.000000,4319.000000,3534.000000
-100.000000,0.000000,0.000000,0.000000,-3174.000000,3926.000000,3337.000000
0.000000,-100.000000,0.000000,0.000000,-3125.000000,3926.000000,3141.000000
-100.000000,0.000000,0.000000,0.000000,-3062.000000,3730.000000,2945.000000
0.000000,0.000000,0.000000,0.000000,-3016.000000,3534.000000,2552.000000
0.000000,-100.000000,0.000000,0.000000,-2935.000000,3337.000000,2552.000000
-100.000000,-100.000000,0.000000,0.000000,-2892.000000,3141.000000,2356.000000
-100.000000,0.000000,0.000000,0.000000,-2880.000000,3141.000000,2356.000000
0.000000,100.000000,0.000000,0.000000,-2847.000000,2748.000000,1963.000000
-100.000000,0.000000,0.000000,0.000000,-2816.000000,2748.000000,1570.000000
200.000000,200.000000,0.000000,0.000000,-2753.000000,2552.000000,1570.000000
100.000000,-100.000000,0.000000,0.000000,-2676.000000,2159.000000,1178.000000
100.000000,-100.000000,0.000000,0.000000,-2636.000000,1963.000000,1178.000000
-100.000000,0.000000,0.000000,0.000000,-2648.000000,1963.000000,785.000000
-100.000000,200.000000,0.000000,0.000000,-2597.000000,1570.000000,589.000000
-200.000000,300.000000,0.000000,0.000000,-2620.000000,1374.000000,392.000000
-200.000000,0.000000,0.000000,0.000000,-2654.000000,589.000000,0.000000
0.000000,-100.000000,0.000000,0.000000,-2599.000000,0.000000,-196.000000
0.000000,200.000000,0.000000,0.000000,-2609.000000,-392.000000,0.000000
-100.000000,0.000000,0.000000,0.000000,-2612.000000,-196.000000,-196.000000
100.000000,-100.000000,0.000000,0.000000,-2567.000000,0.000000,-196.000000
-100.000000,0.000000,0.000000,0.000000,-2598.000000,-196.000000,-392.000000
100.000000,0.000000,0.000000,0.000000,-2661.000000,0.000000,-785.000000
-100.000000,0.000000,0.000000,0.000000,-2689.000000,0.000000,-785.000000
100.000000,-200.000000,0.000000,0.000000,-2664.000000,-196.000000,-785.000000
0.000000,300.000000,0.000000,0.000000,-2656.000000,-196.000000,-589.000000
-100.000000,200.000000,0.000000,0.000000,-2651.000000,-589.000000,-589.000000
0.000000,100.000000,0.000000,0.000000,-2703.000000,-589.000000,-392.000000
100.000000,200.000000,0.000000,0.000000,-2711.000000,-589.000000,-392.000000
100.000000,100.000000,0.000000,0.000000,-2721.000000,-196.000000,-392.000000
0.000000,-300.000000,0.000000,0.000000,-2732.000000,-392.000000,-196.000000
0.000000,100.000000,0.000000,0.000000,-2795.000000,0.000000,0.000000
0.000000,-200.000000,0.000000,0.000000,-2828.000000,196.000000,0.000000
100.000000,-100.000000,0.000000,0.000000,-2874.000000,196.000000,0.000000
0.000000,100.000000,0.000000,0.000000,-2826.000000,196.000000,0.000000
-100.000000,0.000000,0.000000,0.000000,-2838.000000,0.000000,392.000000
200.000000,100.000000,0.000000,0.000000,-2886.000000,0.000000,0.000000
0.000000,-100.000000,0.000000,0.000000,-2877.000000,0.000000,0.000000
-200.000000,100.000000,0.000000,0.000000,-2853.000000,0.000000,196.000000
0.000000,0.000000,0.000000,0.000000,-2852.000000,0.000000,392.000000
0.000000,-100.000000,0.000000,0.000000,-2922.000000,0.000000,1178.000000
-100.000000,-100.000000,0.000000,0.000000,-2939.000000,196.000000,1963.000000
200.000000,-100.000000,0.000000,0.000000,-2984.000000,589.000000,2356.000000
100.000000,100.000000,0.000000,0.000000,-2992.000000,2159.000000,2356.000000
0.000000,200.000000,0.000000,0.000000,-2984.000000,3534.000000,2159.000000
0.000000,0.000000,0.000000,0.000000,-2917.000000,3534.000000,1963.000000
0.000000,0.000000,0.000000,0.000000,-2870.000000,3337.000000,1963.000000
0.000000,0.000000,0.000000,0.000000,-2954.000000,3337.000000,1963.000000
0.000000,300.000000,0.000000,0.000000,-2910.000000,3141.000000,2552.000000
0.000000,0.000000,0.000000,0.000000,-2856.000000,3141.000000,3141.000000
0.000000,100.000000,0.000000,0.000000,-2795.000000,2748.000000,3337.000000
-100.000000,0.000000,0.000000,0.000000,-2867.000000,2748.000000,3337.000000
0.000000,100.000000,0.000000,0.000000,-2954.000000,2552.000000,3337.000000
-100.000000,0.000000,0.000000,0.000000,-2856.000000,2945.000000,2748.000000
100.000000,-100.000000,0.000000,0.000000,-2825.000000,3534.000000,2552.000000
0.000000,-100.000000,0.000000,0.000000,-2868.000000,4712.000000,2945.000000
-100.000000,0.000000,0.000000,0.000000,-2862.000000,4712.000000,3730.000000
0.000000,-100.000000,0.000000,0.000000,-2846.000000,4712.000000,3926.000000
-200.000000,300.000000,0.000000,0.000000,-2859.000000,4319.000000,3926.000000
-100.000000,-100.000000,0.000000,0.000000,-2956.000000,4123.000000,3926.000000
-100.000000,100.000000,0.000000,0.000000,-3015.000000,4123.000000,3730.000000
-100.000000,-200.000000,0.000000,0.000000,-2905.000000,4123.000000,3534.000000
0.000000,0.000000,0.000000,0.000000,-2914.000000,3926.000000,3337.000000
100.000000,0.000000,0.000000,0.000000,-2962.000000,3730.000000,3534.000000
100.000000,0.000000,0.000000,0.000000,-2955.000000,3926.000000,3534.000000
0.000000,200.000000,0.000000,0.000000,-2930.000000,3730.000000,3730.000000
0.000000,0.000000,0.000000,0.000000,-2973.000000,4123.000000,3926.000000
0.000000,-200.000000,0.000000,0.000000,-3019.000000,4319.000000,3337.000000
100.000000,100.000000,0.000000,0.000000,-2932.000000,4123.000000,3141.000000
0.000000,0.000000,0.000000,0.000000,-2855.000000,4123.000000,2748.000000
-200.000000,200.000000,0.000000,0.000000,-2854.000000,3926.000000,3141.000000
0.000000,0.000000,0.000000,0.000000,-2860.000000,3730.000000,3141.000000
100.000000,0.000000,0.000000,0.000000,-2836.000000,3730.000000,2748.000000
0.000000,-100.000000,0.000000,0.000000,-2831.000000,3337.000000,2748.000000
0.000000,0.000000,0.000000,0.000000,-2853.000000,3337.000000,2552.000000
0.000000,-100.000000,0.000000,0.000000,-2865.000000,3141.000000,2356.000000
100.000000,-100.000000,0.000000,0.000000,-2854.000000,2945.000000,2159.000000
0.000000,0.000000,0.000000,0.000000,-2868.000000,2748.000000,1963.000000
0.000000,0.000000,0.000000,0.000000,-2837.000000,2748.000000,1767.000000
0.000000,-100.000000,0.000000,0.000000,-2818.000000,2356.000000,1570.000000
0.000000,-200.000000,0.000000,0.000000,-2778.000000,2356.000000,1374.000000
0.000000,-100.000000,0.000000,0.000000,-2778.000000,2159.000000,1178.000000
-200.000000,-200.000000,0.000000,0.000000,-2726.000000,1963.000000,981.000000
0.000000,-200.000000,0.000000,0.000000,-2699.000000,1767.000000,981.000000
-100.000000,0.000000,0.000000,0.000000,-2723.000000,1767.000000,589.000000
0.000000,200.000000,0.000000,0.000000,-2739.000000,1374.000000,589.000000
100.000000,0.000000,0.000000,0.000000,-2714.000000,1178.000000,392.000000
-100.000000,-100.000000,0.000000,0.000000,-2701.000000,981.000000,392.000000
-100.000000,-100.000000,0.000000,0.000000,-2705.000000,981.000000,0.000000
-400.000000,100.000000,0.000000,0.000000,-2718.000000,785.000000,0.000000
100.000000,-200.000000,0.000000,0.000000,-2711.000000,589.000000,-196.000000
-400.000000,0.000000,0.000000,0.000000,-2708.000000,392.000000,0.000000
0.000000,0.000000,0.000000,0.000000,-2694.000000,392.000000,-196.000000
-200.000000,0.000000,0.000000,0.000000,-2739.000000,0.000000,0.000000
0.000000,0.000000,0.000000,0.000000,-2730.000000,0.000000,0.000000
-200.000000,0.000000,0.000000,0.000000,-2733.000000,-196.000000,-196.000000
100.000000,100.000000,0.000000,0.000000,-2759.000000,0.000000,-392.000000
500.000000,100.000000,0.000000,0.000000,-2798.000000,0.000000,-785.000000
100.000000,0.000000,0.000000,0.000000,-2856.000000,0.000000,-981.000000
0.000000,0.000000,0.000000,0.000000,-2873.000000,0.000000,-981.000000
400.000000,-100.000000,0.000000,0.000000,-2881.000000,0.000000,-981.000000
-100.000000,0.000000,0.000000,0.000000,-2939.000000,0.000000,-785.000000
0.000000,-200.000000,0.000000,0.000000,-2970.000000,0.000000,-589.000000
200.000000,200.000000,0.000000,0.000000,-2992.000000,0.000000,-392.000000
200.000000,100.000000,0.000000,0.000000,-3012.000000,0.000000,-196.000000
100.000000,0.000000,0.000000,0.000000,-3007.000000,0.000000,-196.000000
0.000000,200.000000,0.000000,0.000000,-2988.000000,196.000000,-196.000000
-200.000000,200.000000,0.000000,0.000000,-2978.000000,196.000000,0.000000
-100.000000,0.000000,0.000000,0.000000,-2997.000000,0.000000,196.000000
100.000000,100.000000,0.000000,0.000000,-2998.000000,0.000000,196.000000
-200.000000,0.000000,0.000000,0.000000,-2945.000000,0.000000,0.000000
0.000000,-100.000000,0.000000,0.000000,-2965.000000,0.000000,0.000000
-200.000000,-200.000000,0.000000,0.000000,-2972.000000,0.000000,0.000000
-200.000000,0.000000,0.000000,0.000000,-3002.000000,0.000000,0.000000
-100.000000,-200.000000,0.000000,0.000000,-2999.000000,196.000000,0.000000
0.000000,0.000000,0.000000,0.000000,-3072.000000,981.000000,785.000000
0.000000,0.000000,0.000000,0.000000,-3145.000000,2356.000000,1374.000000
0.000000,0.000000,0.000000,0.000000,-3110.000000,2945.000000,1767.000000
100.000000,0.000000,0.000000,0.000000,-3179.000000,2748.000000,1767.000000
0.000000,0.000000,0.000000,0.000000,-3248.000000,2748.000000,1767.000000
-200.000000,100.000000,0.000000,0.000000,-3273.000000,2552.000000,1570.000000
0.000000,0.000000,0.000000,0.000000,-3267.000000,2552.000000,1570.000000
0.000000,0.000000,0.000000,0.000000,-3229.000000,2356.000000,1374.000000
0.000000,0.000000,0.000000,0.000000,-3250.000000,2159.000000,1374.000000
100.000000,0.000000,0.000000,0.000000,-3298.000000,2159.000000,1963.000000
-100.000000,100.000000,0.000000,0.000000,-3287.000000,2159.000000,2356.000000
200.000000,100.000000,0.000000,0.000000,-3323.000000,2748.000000,2552.000000
-200.000000,100.000000,0.000000,0.000000,-3351.000000,3141.000000,2356.000000
-200.000000,100.000000,0.000000,0.000000,-3362.000000,3730.000000,2159.000000
-100.000000,200.000000,0.000000,0.000000,-3329.000000,3534.000000,2159.000000
-100.000000,0.000000,0.000000,0.000000,-3314.000000,3534.000000,2159.000000
0.000000,0.000000,0.000000,0.000000,-3352.000000,3337.000000,2159.000000
200.000000,0.000000,0.000000,0.000000,-3328.000000,3337.000000,2356.000000
-100.000000,0.000000,0.000000,0.000000,-3243.000000,3141.000000,2356.000000
0.000000,0.000000,0.000000,0.000000,-3229.000000,2945.000000,2552.000000
-100.000000,0.000000,0.000000,0.000000,-3223.000000,3141.000000,2552.000000
-100.000000,-500.000000,0.000000,0.000000,-3227.000000,2945.000000,2356.000000
0.000000,-100.000000,0.000000,0.000000,-3203.000000,3141.000000,2356.000000
-200.000000,-200.000000,0.000000,0.000000,-3214.000000,3337.000000,2159.000000
-200.000000,-100.000000,0.000000,0.000000,-3229.000000,3337.000000,1963.000000
-300.000000,0.000000,0.000000,0.000000,-3199.000000,3337.000000,1767.000000
-100.000000,100.000000,0.000000,0.000000,-3136.000000,3141.000000,1767.000000
-100.000000,-100.000000,0.000000,0.000000,-3134.000000,2945.000000,1767.000000
-300.000000,0.000000,0.000000,0.000000,-3136.000000,2945.000000,1767.000000
0.000000,0.000000,0.000000,0.000000,-3102.000000,2748.000000,1767.000000
-100.000000,-200.000000,0.000000,0.000000,-3086.000000,2552.000000,1767.000000
0.000000,100.000000,0.000000,0.000000,-3136.000000,2552.000000,1570.000000
0.000000,100.000000,0.000000,0.000000,-3106.000000,2356.000000,1570.000000
0.000000,0.000000,0.000000,0.000000,-3060.000000,2159.000000,1374.000000
200.000000,200.000000,0.000000,0.000000,-3046.000000,1963.000000,1178.000000
0.000000,-100.000000,0.000000,0.000000,-3030.000000,1963.000000,1178.000000
0.000000,200.000000,0.000000,0.000000,-2993.000000,1767.000000,981.000000
0.000000,200.000000,0.000000,0.000000,-2962.000000,1570.000000,785.000000
100.000000,-100.000000,0.000000,0.000000,-2989.000000,1570.000000,785.000000
0.000000,0.000000,0.000000,0.000000,-2996.000000,1374.000000,589.000000
0.000000,0.000000,0.000000,0.000000,-2958.000000,1178.000000,392.000000
-200.000000,100.000000,0.000000,0.000000,-2958.000000,981.000000,196.000000
100.000000,-100.000000,0.000000,0.000000,-2956.000000,981.000000,196.000000
-100.000000,0.000000,0.000000,0.000000,-2977.000000,785.000000,196.000000
300.000000,0.000000,0.000000,0.000000,-2929.000000,589.000000,0.000000
-100.000000,-100.000000,0.000000,0.000000,-2914.000000,589.000000,0.000000
0.000000,0.000000,0.000000,0.000000,-2926.000000,589.000000,196.000000
-100.000000,100.000000,0.000000,0.000000,-2933.000000,392.000000,0.000000
100.000000,100.000000,0.000000,0.000000,-2948.000000,196.000000,0.000000
-100.000000,0.000000,0.000000,0.000000,-2937.000000,0.000000,196.000000
0.000000,100.000000,0.000000,0.000000,-2931.000000,196.000000,0.000000
0.000000,100.000000,156.000000,156.000000,-2951.000000,0.000000,196.000000
-100.000000,0.000000,0.000000,0.000000,-2922.000000,392.000000,0.000000
-100.000000,-100.000000,0.000000,0.000000,-2944.000000,392.000000,-196.000000
-100.000000,-100.000000,0.000000,0.000000,-2963.000000,589.000000,196.000000
0.000000,200.000000,0.000000,0.000000,-2970.000000,392.000000,0.000000
0.000000,300.000000,0.000000,0.000000,-2946.000000,392.000000,0.000000
-100.000000,0.000000,0.000000,0.000000,-2957.000000,589.000000,0.000000
0.000000,0.000000,0.000000,0.000000,-2968.000000,589.000000,-196.000000
0.000000,-100.000000,0.000000,0.000000,-3001.000000,589.000000,-392.000000
-300.000000,-200.000000,0.000000,0.000000,-3007.000000,589.000000,-589.000000
100.000000,0.000000,0.000000,0.000000,-2997.000000,785.000000,-589.000000
-100.000000,0.000000,0.000000,0.000000,-3043.000000,981.000000,-392.000000
0.000000,0.000000,0.000000,0.000000,-3025.000000,981.000000,-392.000000
-100.000000,-100.000000,0.000000,0.000000,-3007.000000,1178.000000,0.000000
0.000000,-100.000000,0.000000,0.000000,-3031.000000,1178.000000,0.000000
-200.000000,100.000000,0.000000,0.000000,-3069.000000,1178.000000,392.000000
0.000000,-200.000000,0.000000,0.000000,-3024.000000,1374.000000,0.000000
-200.000000,200.000000,0.000000,0.000000,-3029.000000,1374.000000,0.000000
-100.000000,0.000000,0.000000,0.000000,-3087.000000,1374.000000,0.000000
0.000000,-100.000000,0.000000,0.000000,-3120.000000,1570.000000,0.000000
-300.000000,200.000000,0.000000,0.000000,-3087.000000,1767.000000,0.000000
0.000000,-100.000000,0.000000,0.000000,-3083.000000,1767.000000,0.000000
0.000000,-100.000000,0.000000,0.000000,-3086.000000,1963.000000,196.000000
100.000000,0.000000,0.000000,0.000000,-3093.000000,1963.000000,392.000000
0.000000,0.000000,0.000000,0.000000,-3093.000000,2159.000000,1178.000000
0.000000,0.000000,0.000000,0.000000,-3088.000000,2159.000000,1963.000000
0.000000,100.000000,0.000000,0.000000,-3086.000000,2159.000000,1767.000000
100.000000,-300.000000,0.000000,0.000000,-3111.000000,2159.000000,1767.000000
-100.000000,200.000000,0.000000,0.000000,-3089.000000,2356.000000,1374.000000
-300.000000,0.000000,0.000000,0.000000,-3060.000000,2356.000000,1374.000000
0.000000,0.000000,0.000000,0.000000,-3117.000000,2552.000000,1374.000000
0.000000,100.000000,0.000000,0.000000,-3102.000000,2748.000000,1178.000000
0.000000,0.000000,0.000000,0.000000,-3095.000000,2552.000000,1374.000000
0.000000,200.000000,0.000000,0.000000,-3041.000000,2748.000000,1374.000000
-100.000000,0.000000,0.000000,0.000000,-3044.000000,2552.000000,1767.000000
0.000000,-200.000000,0.000000,0.000000,-3047.000000,2748.000000,2159.000000
-100.000000,0.000000,0.000000,0.000000,-3005.000000,2552.000000,2159.000000
0.000000,-100.000000,0.000000,0.000000,-3008.000000,2552.000000,2159.000000
-200.000000,100.000000,0.000000,0.000000,-3022.000000,2356.000000,1963.000000
0.000000,100.000000,0.000000,0.000000,-3050.000000,2552.000000,1963.000000
100.000000,200.000000,0.000000,0.000000,-3004.000000,2356.000000,1767.000000
-100.000000,0.000000,0.000000,0.000000,-3001.000000,2159.000000,1570.000000
0.000000,-100.000000,0.000000,0.000000,-2977.000000,2356.000000,1767.000000
-100.000000,-100.000000,0.000000,0.000000,-3000.000000,2159.000000,1767.000000
0.000000,0.000000,0.000000,0.000000,-2972.000000,2159.000000,1963.000000
0.000000,-200.000000,0.000000,0.000000,-2959.000000,2159.000000,1767.000000
-100.000000,-300.000000,0.000000,0.000000,-2959.000000,2159.000000,1767.000000
-100.000000,-200.000000,0.000000,0.000000,-2932.000000,1963.000000,1767.000000
0.000000,100.000000,0.000000,0.000000,-2927.000000,1767.000000,1570.000000
-200.000000,0.000000,0.000000,0.000000,-2903.000000,1767.000000,1374.000000
0.000000,0.000000,156.000000,156.000000,-2887.000000,1767.000000,1374.000000
-200.000000,0.000000,0.000000,0.000000,-2862.000000,1570.000000,1178.000000
0.000000,-100.000000,0.000000,0.000000,-2869.000000,1374.000000,1178.000000
-300.000000,-100.000000,0.000000,0.000000,-2883.000000,1374.000000,981.000000
-300.000000,0.000000,0.000000,0.000000,-2843.000000,1178.000000,785.000000
-100.000000,0.000000,0.000000,0.000000,-2820.000000,1178.000000,785.000000
-200.000000,-100.000000,0.000000,0.000000,-2802.000000,785.000000,589.000000
-100.000000,-100.000000,0.000000,0.000000,-2813.000000,785.000000,589.000000
-300.000000,0.000000,0.000000,0.000000,-2808.000000,785.000000,392.000000
-400.000000,-100.000000,0.000000,0.000000,-2812.000000,392.000000,392.000000
-100.000000,0.000000,0.000000,0.000000,-2797.000000,392.000000,392.000000
-400.000000,0.000000,0.000000,0.000000,-2779.000000,196.000000,392.000000
-200.000000,100.000000,0.000000,0.000000,-2782.000000,196.000000,0.000000
-100.000000,-100.000000,0.000000,0.000000,-2784.000000,0.000000,0.000000
0.000000,200.000000,0.000000,0.000000,-2794.000000,0.000000,0.000000
0.000000,0.000000,0.000000,0.000000,-2787.000000,-196.000000,0.000000
-200.000000,0.000000,0.000000,0.000000,-2797.000000,0.000000,0.000000
-200.000000,-100.000000,0.000000,0.000000,-2775.000000,0.000000,0.000000
0.000000,100.000000,0.000000,0.000000,-2765.000000,0.000000,0.000000
-300.000000,-100.000000,0.000000,0.000000,-2784.000000,0.000000,0.000000
-200.000000,100.000000,0.000000,0.000000,-2773.000000,0.000000,0.000000
-400.000000,0.000000,0.000000,0.000000,-2781.000000,0.000000,0.000000
-200.000000,0.000000,0.000000,0.000000,-2780.000000,0.000000,0.000000
0.000000,-100.000000,0.000000,0.000000,-2792.000000,0.000000,0.000000
-100.000000,-100.000000,0.000000,0.000000,-2784.000000,0.000000,0.000000
-100.000000,0.000000,0.000000,0.000000,-2800.000000,0.000000,-196.000000
-100.000000,0.000000,0.000000,0.000000,-2827.000000,0.000000,0.000000
0.000000,0.000000,0.000000,0.000000,-2844.000000,0.000000,0.000000
0.000000,100.000000,0.000000,0.000000,-2882.000000,0.000000,0.000000
0.000000,0.000000,0.000000,0.000000,-2881.000000,0.000000,-196.000000
-100.000000,-200.000000,0.000000,0.000000,-2896.000000,196.000000,-196.000000
100.000000,0.000000,0.000000,0.000000,-2923.000000,0.000000,-392.000000
200.000000,0.000000,156.000000,156.000000,-2939.000000,0.000000,-392.000000
300.000000,-300.000000,0.000000,0.000000,-2960.000000,0.000000,-392.000000
0.000000,0.000000,0.000000,0.000000,-2979.000000,196.000000,-196.000000
400.000000,0.000000,0.000000,0.000000,-3009.000000,392.000000,-196.000000
100.000000,300.000000,0.000000,0.000000,-3006.000000,981.000000,0.000000
-100.000000,-200.000000,0.000000,0.000000,-2986.000000,981.000000,-196.000000
0.000000,-500.000000,0.000000,0.000000,-3002.000000,981.000000,0.000000
0.000000,-300.000000,0.000000,0.000000,-3024.000000,981.000000,0.000000
0.000000,0.000000,0.000000,0.000000,-3068.000000,785.000000,196.000000
0.000000,100.000000,0.000000,0.000000,-3056.000000,785.000000,0.000000
0.000000,-100.000000,156.000000,156.000000,-3052.000000,981.000000,0.000000
0.000000,100.000000,0.000000,0.000000,-3084.000000,981.000000,196.000000
-200.000000,-100.000000,0.000000,0.000000,-3096.000000,1374.000000,-196.000000
200.000000,0.000000,0.000000,0.000000,-3069.000000,1570.000000,0.000000
0.000000,-100.000000,0.000000,0.000000,-3040.000000,1570.000000,196.000000
0.000000,0.000000,0.000000,0.000000,-3045.000000,1570.000000,0.000000
0.000000,0.000000,0.000000,0.000000,-3089.000000,1374.000000,0.000000
-200.000000,-100.000000,0.000000,0.000000,-3090.000000,1570.000000,392.000000
0.000000,-100.000000,0.000000,0.000000,-3112.000000,1570.000000,981.000000
-100.000000,0.000000,0.000000,0.000000,-3113.000000,1570.000000,1570.000000
0.000000,300.000000,0.000000,0.000000,-3149.000000,1767.000000,1374.000000
0.000000,0.000000,0.000000,0.000000,-3162.000000,1767.000000,1374.000000
-100.000000,0.000000,156.000000,156.000000,-3128.000000,1767.000000,1178.000000
100.000000,200.000000,0.000000,0.000000,-3125.000000,1963.000000,1178.000000
100.000000,0.000000,0.000000,0.000000,-3152.000000,1767.000000,981.000000
-100.000000,100.000000,0.000000,0.000000,-3132.000000,1570.000000,981.000000
-100.000000,-100.000000,0.000000,0.000000,-3112.000000,1767.000000,785.000000
0.000000,0.000000,0.000000,0.000000,-3075.000000,1570.000000,785.000000
100.000000,0.000000,0.000000,0.000000,-3080.000000,1570.000000,981.000000
0.000000,-100.000000,0.000000,0.000000,-3078.000000,1570.000000,981.000000
0.000000,0.000000,0.000000,0.000000,-3046.000000,1570.000000,1374.000000
-200.000000,-100.000000,0.000000,0.000000,-3023.000000,1570.000000,1178.000000
-200.000000,0.000000,0.000000,0.000000,-3042.000000,1374.000000,1374.000000
0.000000,0.000000,0.000000,0.000000,-3043.000000,1570.000000,1178.000000
0.000000,200.000000,0.000000,0.000000,-3007.000000,1570.000000,981.000000
0.000000,0.000000,0.000000,0.000000,-2957.000000,1374.000000,981.000000
-200.000000,0.000000,0.000000,0.000000,-2956.000000,1374.000000,981.000000
-100.000000,-100.000000,0.000000,0.000000,-2922.000000,1178.000000,589.000000
-200.000000,-100.000000,0.000000,0.000000,-2886.000000,1374.000000,785.000000
100.000000,100.000000,0.000000,0.000000,-2911.000000,1178.000000,392.000000
-100.000000,0.000000,0.000000,0.000000,-2895.000000,981.000000,589.000000
0.000000,200.000000,0.000000,0.000000,-2884.000000,1178.000000,589.000000
0.000000,0.000000,0.000000,0.000000,-2828.000000,785.000000,392.000000
-200.000000,-100.000000,0.000000,0.000000,-2838.000000,981.000000,392.000000
0.000000,100.000000,0.000000,0.000000,-2845.000000,785.000000,589.000000
0.000000,100.000000,0.000000,0.000000,-2794.000000,589.000000,392.000000
-100.000000,0.000000,0.000000,0.000000,-2795.000000,785.000000,589.000000
-100.000000,0.000000,0.000000,0.000000,-2793.000000,392.000000,196.000000
0.000000,0.000000,0.000000,0.000000,-2759.000000,589.000000,196.000000
0.000000,0.000000,0.000000,0.000000,-2734.000000,392.000000,196.000000
-100.000000,0.000000,0.000000,0.000000,-2735.000000,392.000000,196.000000
-200.000000,-100.000000,0.000000,0.000000,-2733.000000,196.000000,0.000000
0.000000,0.000000,0.000000,0.000000,-2750.000000,392.000000,0.000000
100.000000,-100.000000,0.000000,0.000000,-2748.000000,196.000000,0.000000
-100.000000,0.000000,0.000000,0.000000,-2720.000000,196.000000,0.000000
100.000000,200.000000,0.000000,0.000000,-2722.000000,0.000000,196.000000
-200.000000,0.000000,0.000000,0.000000,-2729.000000,196.000000,0.000000
-100.000000,-200.000000,0.000000,0.000000,-2721.000000,0.000000,0.000000
-300.000000,0.000000,0.000000,0.000000,-2725.000000,196.000000,0.000000
-100.000000,-100.000000,0.000000,0.000000,-2742.000000,196.000000,0.000000
-100.000000,-100.000000,0.000000,0.000000,-2728.000000,196.000000,0.000000
-200.000000,100.000000,0.000000,0.000000,-2699.000000,392.000000,0.000000
-100.000000,0.000000,0.000000,0.000000,-2700.000000,392.000000,0.000000
-100.000000,0.000000,0.000000,0.000000,-2705.000000,196.000000,0.000000
-200.000000,0.000000,0.000000,0.000000,-2718.000000,196.000000,0.000000
0.000000,0.000000,0.000000,0.000000,-2722.000000,196.000000,0.000000
0.000000,-100.000000,0.000000,0.000000,-2734.000000,196.000000,0.000000
0.000000,0.000000,0.000000,0.000000,-2733.000000,196.000000,0.000000
0.000000,100.000000,0.000000,0.000000,-2743.000000,589.000000,-196.000000
-100.000000,100.000000,0.000000,0.000000,-2733.000000,589.000000,0.000000
0.000000,0.000000,0.000000,0.000000,-2737.000000,589.000000,0.000000
500.000000,0.000000,0.000000,0.000000,-2762.000000,785.000000,196.000000
0.000000,-100.000000,0.000000,0.000000,-2739.000000,589.000000,0.000000
100.000000,0.000000,0.000000,0.000000,-2743.000000,785.000000,0.000000
0.000000,100.000000,0.000000,0.000000,-2762.000000,589.000000,0.000000
-400.000000,0.000000,0.000000,0.000000,-2776.000000,785.000000,0.000000
-100.000000,0.000000,0.000000,0.000000,-2783.000000,981.000000,0.000000
0.000000,-100.000000,0.000000,0.000000,-2782.000000,981.000000,0.000000
-100.000000,0.000000,0.000000,0.000000,-2791.000000,1178.000000,0.000000
0.000000,0.000000,0.000000,0.000000,-2782.000000,1178.000000,196.000000
0.000000,0.000000,0.000000,0.000000,-2779.000000,1178.000000,196.000000
0.000000,0.000000,0.000000,0.000000,-2818.000000,1178.000000,0.000000
200.000000,-100.000000,0.000000,0.000000,-2802.000000,1178.000000,0.000000
300.000000,400.000000,0.000000,0.000000,-2803.000000,1374.000000,0.000000
-200.000000,0.000000,0.000000,0.000000,-2823.000000,1374.000000,0.000000
0.000000,0.000000,0.000000,0.000000,-2837.000000,1570.000000,0.000000
-200.000000,0.000000,0.000000,0.000000,-2839.000000,1374.000000,0.000000
-300.000000,0.000000,0.000000,0.000000,-2836.000000,1570.000000,0.000000
0.000000,300.000000,0.000000,0.000000,-2821.000000,1767.000000,392.000000
-200.000000,0.000000,0.000000,0.000000,-2795.000000,1570.000000,589.000000
200.000000,0.000000,0.000000,0.000000,-2778.000000,1570.000000,981.000000
0.000000,300.000000,0.000000,0.000000,-2753.000000,1767.000000,1178.000000
-100.000000,0.000000,0.000000,0.000000,-2782.000000,1570.000000,981.000000
-100.000000,0.000000,0.000000,0.000000,-2788.000000,1767.000000,981.000000
0.000000,100.000000,0.000000,0.000000,-2789.000000,1570.000000,785.000000
-100.000000,0.000000,0.000000,0.000000,-2768.000000,1767.000000,785.000000
-100.000000,0.000000,0.000000,0.000000,-2743.000000,1570.000000,589.000000
0.000000,0.000000,0.000000,0.000000,-2742.000000,1570.000000,589.000000
0.000000,0.000000,0.000000,0.000000,-2745.000000,1570.000000,589.000000
-100.000000,0.000000,0.000000,0.000000,-2749.000000,1570.000000,589.000000
0.000000,-200.000000,0.000000,0.000000,-2753.000000,1374.000000,589.000000
-100.000000,0.000000,0.000000,0.000000,-2750.000000,1570.000000,589.000000
0.000000,0.000000,0.000000,0.000000,-2729.000000,1374.000000,785.000000
0.000000,200.000000,0.000000,0.000000,-2711.000000,1374.000000,785.000000
0.000000,200.000000,0.000000,0.000000,-2747.000000,1374.000000,589.000000
0.000000,0.000000,0.000000,0.000000,-2760.000000,1374.000000,589.000000
-100.000000,0.000000,0.000000,0.000000,-2742.000000,1178.000000,589.000000
0.000000,200.000000,0.000000,0.000000,-2747.000000,1178.000000,392.000000
-200.000000,300.000000,0.000000,0.000000,-2756.000000,1178.000000,392.000000
0.000000,0.000000,0.000000,0.000000,-2734.000000,1178.000000,392.000000
100.000000,-300.000000,0.000000,0.000000,-2716.000000,981.000000,392.000000
-100.000000,0.000000,0.000000,0.000000,-2715.000000,981.000000,196.000000
100.000000,0.000000,0.000000,0.000000,-2708.000000,981.000000,0.000000
0.000000,-100.000000,0.000000,0.000000,-2691.000000,785.000000,196.000000
0.000000,200.000000,0.000000,0.000000,-2669.000000,785.000000,0.000000
-200.000000,-100.000000,0.000000,0.000000,-2654.000000,785.000000,196.000000
0.000000,0.000000,0.000000,0.000000,-2628.000000,785.000000,0.000000
0.000000,-600.000000,0.000000,0.000000,-2647.000000,785.000000,196.000000
0.000000,300.000000,0.000000,0.000000,-2647.000000,589.000000,196.000000
200.000000,0.000000,0.000000,0.000000,-2640.000000,589.000000,196.000000
-400.000000,0.000000,0.000000,0.000000,-2624.000000,589.000000,0.000000
0.000000,200.000000,0.000000,0.000000,-2633.000000,392.000000,196.000000
0.000000,100.000000,0.000000,0.000000,-2608.000000,589.000000,0.000000
0.000000,-100.000000,0.000000,0.000000,-2608.000000,392.000000,0.000000
-100.000000,-200.000000,0.000000,0.000000,-2624.000000,196.000000,0.000000
0.000000,200.000000,0.000000,0.000000,-2615.000000,392.000000,0.000000
100.000000,-200.000000,0.000000,0.000000,-2597.000000,392.000000,0.000000
0.000000,0.000000,0.000000,0.000000,-2635.000000,392.000000,0.000000
100.000000,-100.000000,0.000000,0.000000,-2623.000000,392.000000,0.000000
-200.000000,0.000000,0.000000,0.000000,-2634.000000,196.000000,0.000000
200.000000,0.000000,0.000000,0.000000,-2651.000000,196.000000,0.000000
200.000000,0.000000,0.000000,0.000000,-2679.000000,392.000000,0.000000
100.000000,0.000000,0.000000,0.000000,-2691.000000,392.000000,0.000000
100.000000,0.000000,0.000000,0.000000,-2697.000000,392.000000,0.000000
0.000000,100.000000,0.000000,0.000000,-2703.000000,392.000000,0.000000
0.000000,100.000000,0.000000,0.000000,-2702.000000,392.000000,0.000000
-100.000000,100.000000,0.000000,0.000000,-2675.000000,392.000000,0.000000
0.000000,100.000000,0.000000,0.000000,-2667.000000,392.000000,0.000000
200.000000,0.000000,0.000000,0.000000,-2676.000000,589.000000,0.000000
-100.000000,-100.000000,0.000000,0.000000,-2652.000000,589.000000,0.000000
100.000000,200.000000,0.000000,0.000000,-2661.000000,392.000000,0.000000
0.000000,-100.000000,0.000000,0.000000,-2646.000000,589.000000,0.000000
0.000000,0.000000,0.000000,0.000000,-2657.000000,589.000000,0.000000
-100.000000,100.000000,0.000000,0.000000,-2652.000000,785.000000,0.000000
-200.000000,200.000000,78.000000,78.000000,-2672.000000,589.000000,0.000000
-300.000000,0.000000,0.000000,0.000000,-2663.000000,785.000000,0.000000
-300.000000,-100.000000,0.000000,0.000000,-2661.000000,785.000000,0.000000
0.000000,100.000000,0.000000,0.000000,-2686.000000,785.000000,0.000000
100.000000,-100.000000,0.000000,0.000000,-2699.000000,785.000000,0.000000
-300.000000,0.000000,0.000000,0.000000,-2683.000000,785.000000,196.000000
0.000000,-200.000000,0.000000,0.000000,-2687.000000,785.000000,589.000000
0.000000,0.000000,0.000000,0.000000,-2669.000000,981.000000,785.000000
-200.000000,-200.000000,0.000000,0.000000,-2680.000000,785.000000,589.000000
-100.000000,-200.000000,0.000000,0.000000,-2668.000000,981.000000,785.000000
100.000000,-100.000000,0.000000,0.000000,-2660.000000,785.000000,589.000000
0.000000,0.000000,0.000000,0.000000,-2688.000000,981.000000,589.000000
-100.000000,0.000000,0.000000,0.000000,-2681.000000,981.000000,392.000000
0.000000,0.000000,78.000000,78.000000,-2676.000000,981.000000,392.000000
100.000000,200.000000,0.000000,0.000000,-2683.000000,981.000000,589.000000
100.000000,-100.000000,0.000000,0.000000,-2674.000000,981.000000,392.000000
0.000000,-200.000000,0.000000,0.000000,-2664.000000,981.000000,785.000000
0.000000,300.000000,0.000000,0.000000,-2650.000000,981.000000,785.000000
0.000000,0.000000,0.000000,0.000000,-2635.000000,981.000000,785.000000
0.000000,200.000000,0.000000,0.000000,-2642.000000,785.000000,589.000000
-200.000000,0.000000,0.000000,0.000000,-2642.000000,981.000000,785.000000
-100.000000,200.000000,0.000000,0.000000,-2634.000000,981.000000,589.000000
-100.000000,0.000000,0.000000,0.000000,-2622.000000,981.000000,392.000000
0.000000,0.000000,0.000000,0.000000,-2630.000000,785.000000,589.000000
0.000000,-100.000000,0.000000,0.000000,-2627.000000,785.000000,589.000000
0.000000,100.000000,0.000000,0.000000,-2634.000000,785.000000,392.000000
0.000000,-200.000000,0.000000,0.000000,-2626.000000,785.000000,589.000000
100.000000,100.000000,0.000000,0.000000,-2646.000000,785.000000,589.000000
0.000000,100.000000,0.000000,0.000000,-2666.000000,785.000000,589.000000
-200.000000,-100.000000,0.000000,0.000000,-2642.000000,589.000000,589.000000
-100.000000,-100.000000,0.000000,0.000000,-2638.000000,589.000000,392.000000
0.000000,0.000000,156.000000,156.000000,-2642.000000,589.000000,392.000000
0.000000,100.000000,0.000000,0.000000,-2641.000000,589.000000,392.000000
0.000000,200.000000,0.000000,0.000000,-2644.000000,392.000000,392.000000
0.000000,0.000000,0.000000,0.000000,-2646.000000,392.000000,392.000000
0.000000,0.000000,0.000000,0.000000,-2616.000000,392.000000,196.000000
-300.000000,0.000000,0.000000,0.000000,-2621.000000,196.000000,196.000000
0.000000,100.000000,0.000000,0.000000,-2601.000000,392.000000,196.000000
-200.000000,0.000000,0.000000,0.000000,-2613.000000,0.000000,196.000000
0.000000,0.000000,0.000000,0.000000,-2628.000000,196.000000,196.000000
0.000000,0.000000,0.000000,0.000000,-2598.000000,0.000000,196.000000
-300.000000,200.000000,0.000000,0.000000,-2602.000000,0.000000,196.000000
0.000000,0.000000,0.000000,0.000000,-2613.000000,196.000000,0.000000
-200.000000,100.000000,0.000000,0.000000,-2620.000000,0.000000,196.000000
100.000000,100.000000,0.000000,0.000000,-2623.000000,0.000000,0.000000
-100.000000,200.000000,0.000000,0.000000,-2612.000000,0.000000,0.000000
0.000000,100.000000,0.000000,0.000000,-2644.000000,0.000000,0.000000
0.000000,0.000000,0.000000,0.000000,-2626.000000,0.000000,0.000000
0.000000,0.000000,0.000000,0.000000,-2604.000000,0.000000,0.000000
100.000000,0.000000,0.000000,0.000000,-2618.000000,0.000000,0.000000
-200.000000,0.000000,0.000000,0.000000,-2597.000000,0.000000,0.000000
0.000000,100.000000,0.000000,0.000000,-2587.000000,0.000000,0.000000
0.000000,0.000000,0.000000,0.000000,-2543.000000,0.000000,0.000000
0.000000,0.000000,0.000000,0.000000,-2558.000000,0.000000,0.000000
-200.000000,-100.000000,0.000000,0.000000,-2540.000000,0.000000,0.000000
0.000000,100.000000,0.000000,0.000000,-2531.000000,0.000000,0.000000
0.000000,-300.000000,0.000000,0.000000,-2553.000000,0.000000,0.000000
-400.000000,-100.000000,0.000000,0.000000,-2584.000000,-196.000000,0.000000
0.000000,0.000000,0.000000,0.000000,-2577.000000,0.000000,0.000000
0.000000,100.000000,0.000000,0.000000,-2599.000000,-196.000000,0.000000
-100.000000,200.000000,0.000000,0.000000,-2588.000000,0.000000,0.000000
0.000000,100.000000,0.000000,0.000000,-2612.000000,0.000000,0.000000
0.000000,100.000000,0.000000,0.000000,-2594.000000,0.000000,-196.000000
100.000000,0.000000,0.000000,0.000000,-2591.000000,0.000000,0.000000
0.000000,0.000000,0.000000,0.000000,-2585.000000,0.000000,0.000000
-200.000000,-100.000000,0.000000,0.000000,-2602.000000,0.000000,0.000000
0.000000,-200.000000,0.000000,0.000000,-2628.000000,0.000000,0.000000
-100.000000,0.000000,0.000000,0.000000,-2632.000000,0.000000,0.000000
-200.000000,100.000000,0.000000,0.000000,-2604.000000,0.000000,0.000000
-100.000000,200.000000,0.000000,0.000000,-2592.000000,0.000000,0.000000
0.000000,0.000000,0.000000,0.000000,-2588.000000,0.000000,0.000000
0.000000,-100.000000,0.000000,0.000000,-2567.000000,0.000000,0.000000
0.000000,100.000000,0.000000,0.000000,-2560.000000,0.000000,0.000000
-200.000000,200.000000,0.000000,0.000000,-2541.000000,196.000000,0.000000
-100.000000,0.000000,0.000000,0.000000,-2527.000000,196.000000,0.000000
-200.000000,200.000000,0.000000,0.000000,-2550.000000,0.000000,0.000000
0.000000,-200.000000,0.000000,0.000000,-2542.000000,0.000000,0.000000
100.000000,-200.000000,0.000000,0.000000,-2543.000000,0.000000,0.000000
100.000000,0.000000,156.000000,156.000000,-2549.000000,0.000000,0.000000
100.000000,200.000000,0.000000,0.000000,-2569.000000,0.000000,0.000000
-200.000000,0.000000,0.000000,0.000000,-2579.000000,0.000000,0.000000
-100.000000,200.000000,0.000000,0.000000,-2591.000000,0.000000,0.000000
0.000000,100.000000,0.000000,0.000000,-2595.000000,0.000000,0.000000
-100.000000,0.000000,0.000000,0.000000,-2611.000000,0.000000,0.000000
-200.000000,200.000000,0.000000,0.000000,-2614.000000,0.000000,0.000000
0.000000,0.000000,0.000000,0.000000,-2629.000000,0.000000,0.000000
-200.000000,-100.000000,0.000000,0.000000,-2621.000000,196.000000,196.000000
0.000000,0.000000,0.000000,0.000000,-2637.000000,392.000000,0.000000
-200.000000,-100.000000,0.000000,0.000000,-2613.000000,392.000000,0.000000
-400.000000,-200.000000,0.000000,0.000000,-2634.000000,196.000000,0.000000
-300.000000,200.000000,0.000000,0.000000,-2637.000000,196.000000,0.000000
0.000000,200.000000,0.000000,0.000000,-2643.000000,0.000000,0.000000
-200.000000,200.000000,0.000000,0.000000,-2642.000000,0.000000,0.000000
-100.000000,0.000000,0.000000,0.000000,-2636.000000,0.000000,0.000000
0.000000,0.000000,0.000000,0.000000,-2626.000000,0.000000,0.000000
-100.000000,0.000000,0.000000,0.000000,-2628.000000,0.000000,0.000000
-100.000000,-100.000000,0.000000,0.000000,-2628.000000,0.000000,0.000000
0.000000,100.000000,0.000000,0.000000,-2627.000000,0.000000,0.000000
0.000000,0.000000,0.000000,0.000000,-2640.000000,0.000000,0.000000
0.000000,-100.000000,0.000000,0.000000,-2658.000000,0.000000,0.000000
-100.000000,100.000000,0.000000,0.000000,-2648.000000,0.000000,0.000000
-200.000000,-100.000000,0.000000,0.000000,-2626.000000,0.000000,0.000000
0.000000,0.000000,0.000000,0.000000,-2635.000000,0.000000,0.000000
-200.000000,-100.000000,0.000000,0.000000,-2630.000000,0.000000,0.000000
0.000000,-200.000000,0.000000,0.000000,-2632.000000,0.000000,0.000000
0.000000,300.000000,0.000000,0.000000,-2613.000000,0.000000,0.000000
-100.000000,-200.000000,0.000000,0.000000,-2583.000000,0.000000,0.000000
0.000000,0.000000,0.000000,0.000000,-2599.000000,0.000000,0.000000
-200.000000,100.000000,0.000000,0.000000,-2621.000000,0.000000,0.000000
100.000000,100.000000,0.000000,0.000000,-2637.000000,0.000000,0.000000
0.000000,100.000000,0.000000,0.000000,-2619.000000,-196.000000,0.000000
0.000000,-300.000000,0.000000,0.000000,-2601.000000,0.000000,0.000000
0.000000,100.000000,0.000000,0.000000,-2576.000000,-196.000000,0.000000
100.000000,200.000000,0.000000,0.000000,-2568.000000,0.000000,0.000000
0.000000,0.000000,0.000000,0.000000,-2559.000000,0.000000,0.000000
-100.000000,0.000000,0.000000,0.000000,-2579.000000,0.000000,0.000000
