Channel 1,Channel 2,Channel 3,Channel 4,Channel 5,Channel 6,Channel 7
-100.000000,0.000000,0.000000,0.000000,-2770.000000,0.000000,0.000000
0.000000,-100.000000,0.000000,0.000000,-2740.000000,0.000000,0.000000
-100.000000,0.000000,0.000000,0.000000,-2739.000000,0.000000,0.000000
0.000000,-300.000000,0.000000,0.000000,-2754.000000,0.000000,0.000000
0.000000,-400.000000,0.000000,0.000000,-2741.000000,0.000000,0.000000
-100.000000,-100.000000,0.000000,0.000000,-2731.000000,0.000000,0.000000
0.000000,0.000000,0.000000,0.000000,-2748.000000,0.000000,0.000000
-100.000000,-100.000000,0.000000,0.000000,-2727.000000,0.000000,0.000000
0.000000,-100.000000,0.000000,0.000000,-2712.000000,0.000000,0.000000
0.000000,0.000000,0.000000,0.000000,-2707.000000,0.000000,0.000000
-100.000000,-100.000000,0.000000,0.000000,-2716.000000,0.000000,0.000000
200.000000,-200.000000,0.000000,0.000000,-2688.000000,0.000000,0.000000
0.000000,0.000000,0.000000,0.000000,-2666.000000,0.000000,0.000000
100.000000,0.000000,0.000000,0.000000,-2671.000000,0.000000,0.000000
-300.000000,-100.000000,0.000000,0.000000,-2641.000000,0.000000,0.000000
0.000000,0.000000,0.000000,0.000000,-2649.000000,0.000000,0.000000
0.000000,-300.000000,0.000000,0.000000,-2658.000000,0.000000,0.000000
100.000000,-200.000000,0.000000,0.000000,-2640.000000,0.000000,0.000000
-200.000000,100.000000,0.000000,0.000000,-2666.000000,0.000000,0.000000
0.000000,0.000000,0.000000,0.000000,-2651.000000,0.000000,0.000000
-200.000000,-300.000000,0.000000,0.000000,-2672.000000,0.000000,0.000000
0.000000,0.000000,0.000000,0.000000,-2664.000000,0.000000,0.000000
-100.000000,0.000000,0.000000,0.000000,-2695.000000,0.000000,0.000000
100.000000,-100.000000,0.000000,0.000000,-2669.000000,0.000000,0.000000
100.000000,0.000000,0.000000,0.000000,-2667.000000,0.000000,0.000000
-100.000000,-400.000000,0.000000,0.000000,-2647.000000,0.000000,0.000000
100.000000,0.000000,0.000000,0.000000,-2658.000000,0.000000,0.000000
0.000000,0.000000,0.000000,0.000000,-2628.000000,0.000000,0.000000
-300.000000,-100.000000,0.000000,0.000000,-2643.000000,0.000000,0.000000
100.000000,0.000000,0.000000,0.000000,-2646.000000,0.000000,0.000000
-100.000000,-200.000000,0.000000,0.000000,-2673.000000,0.000000,0.000000
100.000000,-200.000000,0.000000,0.000000,-2652.000000,0.000000,0.000000
-100.000000,0.000000,0.000000,0.000000,-2676.000000,0.000000,0.000000
0.000000,0.000000,0.000000,0.000000,-2697.000000,0.000000,0.000000
-100.000000,100.000000,0.000000,0.000000,-2729.000000,0.000000,0.000000
0.000000,100.000000,0.000000,0.000000,-2729.000000,0.000000,0.000000
0.000000,-200.000000,0.000000,0.000000,-2723.000000,0.000000,0.000000
-100.000000,-200.000000,0.000000,0.000000,-2746.000000,0.000000,0.000000
100.000000,200.000000,0.000000,0.000000,-2735.000000,0.000000,0.000000
-200.000000,0.000000,0.000000,0.000000,-2747.000000,0.000000,0.000000
-100.000000,-100.000000,0.000000,0.000000,-2746.000000,0.000000,0.000000
0.000000,-200.000000,0.000000,0.000000,-2745.000000,0.000000,0.000000
300.000000,0.000000,0.000000,0.000000,-2762.000000,0.000000,0.000000
0.000000,-100.000000,0.000000,0.000000,-2801.000000,0.000000,0.000000
0.000000,-100.000000,0.000000,0.000000,-2822.000000,0.000000,0.000000
0.000000,0.000000,0.000000,0.000000,-2830.000000,0.000000,0.000000
-200.000000,0.000000,0.000000,0.000000,-2838.000000,0.000000,0.000000
100.000000,-200.000000,0.000000,0.000000,-2850.000000,0.000000,0.000000
-200.000000,-200.000000,0.000000,0.000000,-2874.000000,0.000000,0.000000
-100.000000,100.000000,156.000000,156.000000,-2889.000000,0.000000,0.000000
-100.000000,0.000000,0.000000,0.000000,-2901.000000,0.000000,0.000000
-100.000000,-100.000000,0.000000,0.000000,-2908.000000,0.000000,0.000000
-100.000000,-100.000000,0.000000,0.000000,-2889.000000,0.000000,0.000000
-200.000000,100.000000,0.000000,0.000000,-2878.000000,0.000000,0.000000
0.000000,0.000000,156.000000,156.000000,-2856.000000,0.000000,0.000000
0.000000,0.000000,0.000000,0.000000,-2861.000000,0.000000,0.000000
-200.000000,-100.000000,0.000000,0.000000,-2866.000000,0.000000,0.000000
-300.000000,0.000000,0.000000,0.000000,-2831.000000,0.000000,0.000000
0.000000,0.000000,0.000000,0.000000,-2801.000000,0.000000,0.000000
0.000000,-100.000000,0.000000,0.000000,-2783.000000,0.000000,0.000000
-100.000000,0.000000,0.000000,0.000000,-2762.000000,0.000000,0.000000
-200.000000,0.000000,0.000000,0.000000,-2762.000000,0.000000,0.000000
-600.000000,0.000000,0.000000,0.000000,-2787.000000,0.000000,0.000000
0.000000,0.000000,0.000000,0.000000,-2786.000000,0.000000,0.000000
0.000000,0.000000,0.000000,0.000000,-2824.000000,0.000000,0.000000
0.000000,-100.000000,0.000000,0.000000,-2823.000000,0.000000,0.000000
0.000000,200.000000,0.000000,0.000000,-2855.000000,0.000000,0.000000
-200.000000,0.000000,0.000000,0.000000,-2893.000000,0.000000,0.000000
-100.000000,0.000000,0.000000,0.000000,-2911.000000,0.000000,0.000000
-100.000000,-200.000000,0.000000,0.000000,-2886.000000,0.000000,0.000000
-100.000000,0.000000,0.000000,0.000000,-2864.000000,0.000000,0.000000
-100.000000,0.000000,0.000000,0.000000,-2888.000000,0.000000,0.000000
-200.000000,0.000000,0.000000,0.000000,-2865.000000,0.000000,0.000000
-100.000000,0.000000,0.000000,0.000000,-2817.000000,0.000000,0.000000
-100.000000,-100.000000,0.000000,0.000000,-2810.000000,0.000000,0.000000
-100.000000,-200.000000,0.000000,0.000000,-2806.000000,0.000000,0.000000
-100.000000,0.000000,0.000000,0.000000,-2796.000000,0.000000,0.000000
-100.000000,-100.000000,0.000000,0.000000,-2803.000000,0.000000,0.000000
-200.000000,0.000000,0.000000,0.000000,-2819.000000,0.000000,0.000000
-200.000000,300.000000,0.000000,0.000000,-2804.000000,0.000000,0.000000
0.000000,0.000000,0.000000,0.000000,-2826.000000,0.000000,0.000000
-100.000000,0.000000,0.000000,0.000000,-2813.000000,0.000000,0.000000
-200.000000,0.000000,0.000000,0.000000,-2836.000000,0.000000,0.000000
-100.000000,-200.000000,0.000000,0.000000,-2844.000000,0.000000,0.000000
-100.000000,-100.000000,0.000000,0.000000,-2840.000000,0.000000,0.000000
-100.000000,0.000000,0.000000,0.000000,-2811.000000,0.000000,0.000000
-100.000000,-200.000000,0.000000,0.000000,-2806.000000,0.000000,0.000000
-400.000000,0.000000,0.000000,0.000000,-2802.000000,0.000000,0.000000
100.000000,-200.000000,0.000000,0.000000,-2765.000000,0.000000,0.000000
0.000000,0.000000,0.000000,0.000000,-2754.000000,0.000000,0.000000
-100.000000,0.000000,0.000000,0.000000,-2740.000000,0.000000,0.000000
-100.000000,-100.000000,0.000000,0.000000,-2765.000000,0.000000,0.000000
-200.000000,300.000000,156.000000,156.000000,-2741.000000,0.000000,0.000000
100.000000,0.000000,0.000000,0.000000,-2730.000000,0.000000,0.000000
0.000000,0.000000,0.000000,0.000000,-2748.000000,0.000000,0.000000
-100.000000,0.000000,0.000000,0.000000,-2767.000000,0.000000,0.000000
-100.000000,-300.000000,0.000000,0.000000,-2779.000000,0.000000,0.000000
0.000000,0.000000,0.000000,0.000000,-2775.000000,0.000000,0.000000
100.000000,-100.000000,0.000000,0.000000,-2757.000000,0.000000,0.000000
0.000000,-100.000000,0.000000,0.000000,-2746.000000,0.000000,0.000000
-200.000000,100.000000,0.000000,0.000000,-2754.000000,0.000000,0.000000
-100.000000,-200.000000,0.000000,0.000000,-2742.000000,0.000000,0.000000
100.000000,-200.000000,0.000000,0.000000,-2718.000000,0.000000,0.000000
100.000000,0.000000,0.000000,0.000000,-2722.000000,0.000000,0.000000
-200.000000,-100.000000,0.000000,0.000000,-2724.000000,0.000000,0.000000
300.000000,0.000000,0.000000,0.000000,-2748.000000,0.000000,0.000000
-200.000000,0.000000,0.000000,0.000000,-2777.000000,0.000000,0.000000
200.000000,-100.000000,0.000000,0.000000,-2787.000000,0.000000,0.000000
0.000000,0.000000,0.000000,0.000000,-2817.000000,0.000000,0.000000
0.000000,-300.000000,0.000000,0.000000,-2839.000000,0.000000,0.000000
-100.000000,-300.000000,0.000000,0.000000,-2831.000000,0.000000,0.000000
0.000000,-100.000000,0.000000,0.000000,-2821.000000,0.000000,0.000000
0.000000,0.000000,156.000000,156.000000,-2815.000000,0.000000,0.000000
-300.000000,-300.000000,0.000000,0.000000,-2778.000000,0.000000,0.000000
-100.000000,-100.000000,0.000000,0.000000,-2758.000000,0.000000,0.000000
0.000000,-100.000000,0.000000,0.000000,-2746.000000,0.000000,0.000000
0.000000,-200.000000,0.000000,0.000000,-2747.000000,0.000000,0.000000
0.000000,0.000000,0.000000,0.000000,-2728.000000,0.000000,0.000000
-300.000000,0.000000,0.000000,0.000000,-2696.000000,-196.000000,-196.000000
-100.000000,0.000000,0.000000,0.000000,-2693.000000,0.000000,0.000000
-100.000000,-100.000000,0.000000,0.000000,-2684.000000,0.000000,0.000000
-200.000000,0.000000,0.000000,0.000000,-2685.000000,0.000000,0.000000
-200.000000,-200.000000,0.000000,0.000000,-2680.000000,0.000000,0.000000
0.000000,0.000000,0.000000,0.000000,-2722.000000,0.000000,0.000000
-100.000000,-100.000000,0.000000,0.000000,-2723.000000,0.000000,0.000000
0.000000,-100.000000,0.000000,0.000000,-2711.000000,0.000000,0.000000
0.000000,0.000000,0.000000,0.000000,-2696.000000,0.000000,0.000000
0.000000,-100.000000,0.000000,0.000000,-2727.000000,0.000000,0.000000
-100.000000,100.000000,0.000000,0.000000,-2737.000000,0.000000,0.000000
0.000000,0.000000,0.000000,0.000000,-2766.000000,0.000000,0.000000
100.000000,0.000000,0.000000,0.000000,-2767.000000,0.000000,0.000000
0.000000,-200.000000,0.000000,0.000000,-2739.000000,0.000000,0.000000
100.000000,-100.000000,0.000000,0.000000,-2709.000000,0.000000,0.000000
100.000000,100.000000,0.000000,0.000000,-2728.000000,0.000000,0.000000
-100.000000,0.000000,0.000000,0.000000,-2691.000000,0.000000,0.000000
0.000000,-100.000000,0.000000,0.000000,-2703.000000,0.000000,0.000000
0.000000,0.000000,0.000000,0.000000,-2706.000000,0.000000,0.000000
100.000000,0.000000,0.000000,0.000000,-2718.000000,0.000000,0.000000
-300.000000,-300.000000,0.000000,0.000000,-2723.000000,0.000000,0.000000
0.000000,100.000000,0.000000,0.000000,-2736.000000,0.000000,0.000000
-100.000000,0.000000,0.000000,0.000000,-2734.000000,0.000000,0.000000
-200.000000,100.000000,0.000000,0.000000,-2722.000000,0.000000,196.000000
-200.000000,100.000000,0.000000,0.000000,-2705.000000,0.000000,0.000000
100.000000,0.000000,0.000000,0.000000,-2699.000000,0.000000,0.000000
-200.000000,-100.000000,0.000000,0.000000,-2720.000000,0.000000,0.000000
-400.000000,100.000000,0.000000,0.000000,-2729.000000,0.000000,0.000000
0.000000,0.000000,0.000000,0.000000,-2743.000000,0.000000,0.000000
300.000000,-200.000000,0.000000,0.000000,-2738.000000,0.000000,0.000000
100.000000,0.000000,0.000000,0.000000,-2713.000000,0.000000,0.000000
0.000000,0.000000,0.000000,0.000000,-2723.000000,196.000000,0.000000
-300.000000,-200.000000,0.000000,0.000000,-2754.000000,0.000000,0.000000
100.000000,100.000000,0.000000,0.000000,-2733.000000,0.000000,0.000000
0.000000,-500.000000,0.000000,0.000000,-2733.000000,0.000000,0.000000
0.000000,0.000000,0.000000,0.000000,-2748.000000,0.000000,0.000000
-300.000000,0.000000,0.000000,0.000000,-2775.000000,0.000000,0.000000
100.000000,-100.000000,0.000000,0.000000,-2765.000000,0.000000,0.000000
0.000000,-100.000000,0.000000,0.000000,-2760.000000,0.000000,0.000000
0.000000,0.000000,0.000000,0.000000,-2780.000000,0.000000,0.000000
-400.000000,0.000000,0.000000,0.000000,-2770.000000,0.000000,0.000000
0.000000,-100.000000,0.000000,0.000000,-2765.000000,0.000000,0.000000
-100.000000,-100.000000,0.000000,0.000000,-2789.000000,0.000000,0.000000
0.000000,-100.000000,0.000000,0.000000,-2809.000000,0.000000,0.000000
7500.000000,-100.000000,16000.000000,16000.000000,-2831.000000,0.000000,0.000000
12800.000000,16100.000000,16000.000000,16000.000000,-2791.000000,3141.000000,3337.000000
17400.000000,14000.000000,16000.000000,16000.000000,-2600.000000,5497.000000,5105.000000
16000.000000,15700.000000,16000.000000,16000.000000,-2156.000000,3337.000000,3141.000000
12600.000000,18800.000000,16000.000000,16000.000000,-2265.000000,-196.000000,0.000000
14500.000000,17300.000000,16000.000000,16000.000000,-2620.000000,-981.000000,-981.000000
17000.000000,15800.000000,16000.000000,16000.000000,-2472.000000,196.000000,392.000000
16900.000000,13700.000000,16000.000000,16000.000000,-1809.000000,2748.000000,2552.000000
16800.000000,16200.000000,16000.000000,16000.000000,-1626.000000,4516.000000,3926.000000
18300.000000,15500.000000,16000.000000,16000.000000,-1840.000000,4516.000000,3926.000000
15500.000000,15800.000000,16000.000000,16000.000000,-2105.000000,2159.000000,2356.000000
15100.000000,15600.000000,16000.000000,16000.000000,-2011.000000,785.000000,785.000000
15100.000000,15000.000000,16000.000000,16000.000000,-1777.000000,1963.000000,1374.000000
14400.000000,14700.000000,16000.000000,16000.000000,-1681.000000,4123.000000,3337.000000
15900.000000,16100.000000,16000.000000,16000.000000,-1885.000000,5497.000000,4908.000000
15000.000000,16700.000000,16000.000000,16000.000000,-2181.000000,4712.000000,4712.000000
15000.000000,18000.000000,16000.000000,16000.000000,-2192.000000,3141.000000,3141.000000
14400.000000,15000.000000,16000.000000,16000.000000,-1985.000000,2552.000000,2552.000000
15000.000000,15700.000000,16000.000000,16000.000000,-2130.000000,3926.000000,3534.000000
14400.000000,15800.000000,16000.000000,16000.000000,-2147.000000,4908.000000,4319.000000
14900.000000,14900.000000,16000.000000,16000.000000,-2054.000000,5105.000000,4712.000000
18100.000000,18000.000000,16000.000000,16000.000000,-2007.000000,4123.000000,4319.000000
17800.000000,16800.000000,16000.000000,16000.000000,-2217.000000,3141.000000,3534.000000
14000.000000,14500.000000,16000.000000,16000.000000,-2147.000000,3141.000000,3141.000000
14800.000000,16900.000000,16000.000000,16000.000000,-2030.000000,4123.000000,3730.000000
14300.000000,15800.000000,16000.000000,16000.000000,-2071.000000,5105.000000,4516.000000
17800.000000,15300.000000,16000.000000,16000.000000,-2106.000000,5105.000000,4908.000000
15700.000000,15500.000000,16000.000000,16000.000000,-2189.000000,4319.000000,3926.000000
18000.000000,16400.000000,16000.000000,16000.000000,-1980.000000,3141.000000,2945.000000
13600.000000,15100.000000,16000.000000,16000.000000,-1990.000000,3141.000000,2748.000000
17800.000000,14900.000000,16000.000000,16000.000000,-2030.000000,3926.000000,3337.000000
18100.000000,14800.000000,16000.000000,16000.000000,-2046.000000,4123.000000,3730.000000
18100.000000,14700.000000,16000.000000,16000.000000,-2068.000000,3926.000000,3730.000000
18300.000000,14900.000000,0.000000,0.000000,-2188.000000,3141.000000,3141.000000
-200.000000,-100.000000,0.000000,0.000000,-2309.000000,392.000000,392.000000
100.000000,0.000000,0.000000,0.000000,-2195.000000,-196.000000,-196.000000
0.000000,0.000000,0.000000,0.000000,-2146.000000,-196.000000,-196.000000
200.000000,100.000000,0.000000,0.000000,-2267.000000,-196.000000,392.000000
0.000000,0.000000,0.000000,0.000000,-2289.000000,196.000000,1570.000000
0.000000,-100.000000,0.000000,0.000000,-2488.000000,981.000000,2356.000000
0.000000,0.000000,0.000000,0.000000,-2562.000000,1178.000000,2356.000000
-200.000000,0.000000,0.000000,0.000000,-2567.000000,1570.000000,2552.000000
-100.000000,0.000000,0.000000,0.000000,-2548.000000,981.000000,1767.000000
-300.000000,0.000000,0.000000,0.000000,-2581.000000,1374.000000,981.000000
-300.000000,0.000000,0.000000,0.000000,-2820.000000,981.000000,-785.000000
100.000000,-100.000000,0.000000,0.000000,-2840.000000,392.000000,-1963.000000
-100.000000,0.000000,0.000000,0.000000,-2768.000000,392.000000,-1963.000000
0.000000,0.000000,0.000000,0.000000,-2987.000000,-392.000000,-1767.000000
100.000000,0.000000,0.000000,0.000000,-3090.000000,-1570.000000,-1963.000000
0.000000,0.000000,0.000000,0.000000,-3067.000000,-2748.000000,-1374.000000
100.000000,0.000000,0.000000,0.000000,-3044.000000,-2748.000000,-1374.000000
200.000000,200.000000,0.000000,0.000000,-3023.000000,-2356.000000,-1178.000000
-200.000000,0.000000,0.000000,0.000000,-3034.000000,-2552.000000,-981.000000
100.000000,100.000000,0.000000,0.000000,-3134.000000,-2552.000000,-785.000000
100.000000,100.000000,0.000000,0.000000,-3119.000000,-1963.000000,-589.000000
0.000000,0.000000,0.000000,0.000000,-3048.000000,-1570.000000,-981.000000
0.000000,100.000000,0.000000,0.000000,-3088.000000,-1767.000000,-1374.000000
-100.000000,0.000000,0.000000,0.000000,-3218.000000,-1374.000000,-1767.000000
0.000000,0.000000,0.000000,0.000000,-3291.000000,-1178.000000,-1570.000000
-100.000000,300.000000,0.000000,0.000000,-3210.000000,-1178.000000,-1374.000000
-100.000000,-100.000000,0.000000,0.000000,-3204.000000,-785.000000,-1374.000000
-100.000000,0.000000,0.000000,0.000000,-3193.000000,-785.000000,-981.000000
-100.000000,0.000000,0.000000,0.000000,-3073.000000,-392.000000,-589.000000
0.000000,-200.000000,0.000000,0.000000,-3063.000000,-392.000000,-589.000000
-200.000000,0.000000,0.000000,0.000000,-3129.000000,0.000000,0.000000
0.000000,0.000000,0.000000,0.000000,-3102.000000,0.000000,392.000000
-300.000000,200.000000,0.000000,0.000000,-3041.000000,196.000000,981.000000
0.000000,0.000000,0.000000,0.000000,-3120.000000,589.000000,1374.000000
-200.000000,100.000000,0.000000,0.000000,-3305.000000,1374.000000,1570.000000
0.000000,-100.000000,0.000000,0.000000,-3316.000000,2552.000000,1767.000000
-300.000000,-500.000000,0.000000,0.000000,-3218.000000,2748.000000,1767.000000
-100.000000,-100.000000,0.000000,0.000000,-3215.000000,2945.000000,1963.000000
-100.000000,-100.000000,0.000000,0.000000,-3260.000000,2945.000000,2552.000000
200.000000,-100.000000,0.000000,0.000000,-3204.000000,2748.000000,3141.000000
-300.000000,-100.000000,0.000000,0.000000,-3170.000000,3141.000000,3534.000000
0.000000,0.000000,0.000000,0.000000,-3209.000000,3730.000000,3730.000000
0.000000,0.000000,0.000000,0.000000,-3244.000000,4712.000000,3730.000000
-100.000000,0.000000,0.000000,0.000000,-3179.000000,5105.000000,3926.000000
-300.000000,0.000000,0.000000,0.000000,-3145.000000,5105.000000,3926.000000
-200.000000,0.000000,0.000000,0.000000,-3194.000000,5105.000000,4319.000000
-200.000000,0.000000,0.000000,0.000000,-3187.000000,4908.000000,4319.000000
-100.000000,0.000000,0.000000,0.000000,-3194.000000,4908.000000,4319.000000
-200.000000,-200.000000,0.000000,0.000000,-3121.000000,4908.000000,4516.000000
-200.000000,100.000000,0.000000,0.000000,-3154.000000,5890.000000,5105.000000
0.000000,100.000000,0.000000,0.000000,-3181.000000,6479.000000,5301.000000
0.000000,0.000000,0.000000,0.000000,-3089.000000,6675.000000,5301.000000
-300.000000,300.000000,0.000000,0.000000,-3043.000000,6479.000000,5105.000000
-100.000000,100.000000,0.000000,0.000000,-2996.000000,6283.000000,5105.000000
-200.000000,-100.000000,0.000000,0.000000,-2996.000000,6086.000000,5105.000000
0.000000,0.000000,0.000000,0.000000,-2956.000000,6086.000000,5301.000000
-200.000000,-200.000000,0.000000,0.000000,-2931.000000,5694.000000,4712.000000
-100.000000,200.000000,0.000000,0.000000,-2863.000000,5497.000000,4516.000000
0.000000,0.000000,0.000000,0.000000,-2896.000000,5497.000000,4123.000000
-100.000000,300.000000,0.000000,0.000000,-2853.000000,5301.000000,4712.000000
100.000000,0.000000,0.000000,0.000000,-2769.000000,5497.000000,4908.000000
0.000000,-300.000000,0.000000,0.000000,-2769.000000,5497.000000,4516.000000
-100.000000,200.000000,0.000000,0.000000,-2776.000000,5497.000000,4319.000000
-100.000000,0.000000,0.000000,0.000000,-2750.000000,5301.000000,4123.000000
0.000000,0.000000,0.000000,0.000000,-2725.000000,5301.000000,3926.000000
-100.000000,0.000000,0.000000,0.000000,-2769.000000,5105.000000,3730.000000
-100.000000,0.000000,0.000000,0.000000,-2732.000000,4712.000000,3337.000000
-200.000000,0.000000,0.000000,0.000000,-2690.000000,4712.000000,3337.000000
0.000000,0.000000,0.000000,0.000000,-2672.000000,4123.000000,2748.000000
-100.000000,0.000000,0.000000,0.000000,-2673.000000,4123.000000,2748.000000
0.000000,0.000000,0.000000,0.000000,-2629.000000,3926.000000,2356.000000
0.000000,-100.000000,0.000000,0.000000,-2653.000000,2945.000000,2159.000000
-100.000000,0.000000,0.000000,0.000000,-2554.000000,1767.000000,1767.000000
-200.000000,-100.000000,0.000000,0.000000,-2534.000000,981.000000,1178.000000
-200.000000,200.000000,0.000000,0.000000,-2549.000000,1178.000000,785.000000
100.000000,0.000000,0.000000,0.000000,-2415.000000,392.000000,196.000000
100.000000,100.000000,0.000000,0.000000,-2376.000000,589.000000,-196.000000
0.000000,0.000000,0.000000,0.000000,-2436.000000,0.000000,-196.000000
0.000000,0.000000,0.000000,0.000000,-2420.000000,0.000000,-196.000000
100.000000,100.000000,0.000000,0.000000,-2371.000000,196.000000,-589.000000
200.000000,-100.000000,0.000000,0.000000,-2403.000000,-196.000000,-1178.000000
-100.000000,0.000000,0.000000,0.000000,-2361.000000,-196.000000,-1570.000000
-100.000000,100.000000,0.000000,0.000000,-2273.000000,0.000000,-1767.000000
0.000000,0.000000,0.000000,0.000000,-2302.000000,0.000000,-1963.000000
0.000000,0.000000,0.000000,0.000000,-2314.000000,-196.000000,-1963.000000
0.000000,100.000000,0.000000,0.000000,-2263.000000,-785.000000,-2159.000000
-400.000000,-300.000000,0.000000,0.000000,-2212.000000,-1178.000000,-1963.000000
0.000000,-100.000000,0.000000,0.000000,-2299.000000,-1767.000000,-2356.000000
-100.000000,-200.000000,0.000000,0.000000,-2364.000000,-1767.000000,-2356.000000
0.000000,0.000000,0.000000,0.000000,-2258.000000,-1570.000000,-2748.000000
0.000000,100.000000,0.000000,0.000000,-2214.000000,-1570.000000,-2748.000000
-100.000000,0.000000,0.000000,0.000000,-2303.000000,-1374.000000,-2552.000000
100.000000,0.000000,0.000000,0.000000,-2361.000000,-1178.000000,-2552.000000
300.000000,0.000000,0.000000,0.000000,-2317.000000,-1178.000000,-2356.000000
100.000000,-100.000000,0.000000,0.000000,-2297.000000,-981.000000,-2552.000000
0.000000,100.000000,0.000000,0.000000,-2451.000000,-785.000000,-2552.000000
0.000000,0.000000,0.000000,0.000000,-2512.000000,-785.000000,-2356.000000
200.000000,100.000000,0.000000,0.000000,-2490.000000,-785.000000,-2552.000000
0.000000,0.000000,0.000000,0.000000,-2487.000000,-589.000000,-1963.000000
0.000000,0.000000,0.000000,0.000000,-2590.000000,-785.000000,-1963.000000
200.000000,100.000000,0.000000,0.000000,-2624.000000,-392.000000,-1570.000000
0.000000,300.000000,0.000000,0.000000,-2648.000000,-392.000000,-1374.000000
200.000000,200.000000,0.000000,0.000000,-2686.000000,-196.000000,-1178.000000
-300.000000,100.000000,0.000000,0.000000,-2771.000000,196.000000,-785.000000
0.000000,100.000000,0.000000,0.000000,-2730.000000,0.000000,-589.000000
100.000000,0.000000,0.000000,0.000000,-2737.000000,0.000000,-392.000000
100.000000,0.000000,0.000000,0.000000,-2810.000000,0.000000,-392.000000
-200.000000,0.000000,0.000000,0.000000,-2884.000000,196.000000,-196.000000
0.000000,-100.000000,0.000000,0.000000,-2935.000000,589.000000,0.000000
-100.000000,-100.000000,0.000000,0.000000,-2956.000000,1963.000000,196.000000
0.000000,-300.000000,0.000000,0.000000,-2957.000000,3141.000000,196.000000
-200.000000,-200.000000,0.000000,0.000000,-2889.000000,3534.000000,392.000000
-200.000000,-100.000000,0.000000,0.000000,-2808.000000,3337.000000,785.000000
0.000000,-100.000000,0.000000,0.000000,-2889.000000,3337.000000,1178.000000
0.000000,100.000000,0.000000,0.000000,-2951.000000,3141.000000,1374.000000
-400.000000,0.000000,0.000000,0.000000,-2979.000000,2945.000000,1767.000000
0.000000,100.000000,0.000000,0.000000,-2986.000000,2748.000000,1963.000000
0.000000,0.000000,0.000000,0.000000,-3060.000000,2552.000000,1767.000000
0.000000,-100.000000,0.000000,0.000000,-3093.000000,2945.000000,1963.000000
0.000000,0.000000,0.000000,0.000000,-3082.000000,3926.000000,1963.000000
-100.000000,100.000000,0.000000,0.000000,-3045.000000,4712.000000,2356.000000
0.000000,200.000000,0.000000,0.000000,-3000.000000,5105.000000,2748.000000
-100.000000,0.000000,0.000000,0.000000,-3037.000000,5105.000000,2945.000000
-200.000000,100.000000,0.000000,0.000000,-3061.000000,4712.000000,2748.000000
-100.000000,200.000000,0.000000,0.000000,-3052.000000,4516.000000,2945.000000
100.000000,0.000000,0.000000,0.000000,-3051.000000,4712.000000,2748.000000
0.000000,0.000000,0.000000,0.000000,-3001.000000,4123.000000,2552.000000
-300.000000,0.000000,0.000000,0.000000,-2971.000000,4123.000000,2552.000000
-200.000000,100.000000,0.000000,0.000000,-3002.000000,3926.000000,2356.000000
-200.000000,-100.000000,0.000000,0.000000,-3007.000000,3730.000000,2552.000000
0.000000,0.000000,0.000000,0.000000,-2979.000000,3534.000000,2552.000000
100.000000,200.000000,0.000000,0.000000,-2982.000000,3337.000000,2748.000000
-200.000000,100.000000,0.000000,0.000000,-2977.000000,3337.000000,2552.000000
0.000000,0.000000,0.000000,0.000000,-2937.000000,3337.000000,2356.000000
-200.000000,100.000000,0.000000,0.000000,-2830.000000,3337.000000,2159.000000
0.000000,0.000000,0.000000,0.000000,-2783.000000,3730.000000,2159.000000
100.000000,0.000000,0.000000,0.000000,-2702.000000,3730.000000,1963.000000
-200.000000,0.000000,0.000000,0.000000,-2698.000000,3337.000000,1767.000000
-200.000000,200.000000,0.000000,0.000000,-2685.000000,3337.000000,1570.000000
-200.000000,-400.000000,0.000000,0.000000,-2648.000000,3141.000000,1374.000000
-100.000000,100.000000,0.000000,0.000000,-2605.000000,2748.000000,1178.000000
-300.000000,-100.000000,0.000000,0.000000,-2535.000000,2552.000000,981.000000
-200.000000,0.000000,0.000000,0.000000,-2530.000000,2356.000000,589.000000
-100.000000,-100.000000,0.000000,0.000000,-2491.000000,1767.000000,589.000000
-100.000000,-100.000000,0.000000,0.000000,-2419.000000,1178.000000,392.000000
-400.000000,100.000000,0.000000,0.000000,-2389.000000,589.000000,196.000000
0.000000,-300.000000,0.000000,0.000000,-2369.000000,589.000000,0.000000
0.000000,-100.000000,0.000000,0.000000,-2350.000000,196.000000,-392.000000
0.000000,0.000000,0.000000,0.000000,-2354.000000,0.000000,-981.000000
0.000000,100.000000,0.000000,0.000000,-2366.000000,0.000000,-1374.000000
100.000000,100.000000,0.000000,0.000000,-2364.000000,0.000000,-1570.000000
200.000000,0.000000,0.000000,0.000000,-2336.000000,196.000000,-1767.000000
0.000000,-100.000000,0.000000,0.000000,-2331.000000,0.000000,-1570.000000
0.000000,-100.000000,0.000000,0.000000,-2316.000000,-196.000000,-1767.000000
100.000000,-200.000000,0.000000,0.000000,-2316.000000,-196.000000,-1767.000000
-200.000000,100.000000,0.000000,0.000000,-2305.000000,-196.000000,-2356.000000
100.000000,0.000000,0.000000,0.000000,-2273.000000,-392.000000,-2552.000000
0.000000,100.000000,0.000000,0.000000,-2219.000000,-981.000000,-2552.000000
0.000000,0.000000,0.000000,0.000000,-2280.000000,-1178.000000,-2552.000000
-100.000000,-100.000000,0.000000,0.000000,-2350.000000,-1374.000000,-2552.000000
-100.000000,300.000000,0.000000,0.000000,-2306.000000,-981.000000,-2356.000000
100.000000,0.000000,0.000000,0.000000,-2273.000000,-1178.000000,-2159.000000
0.000000,0.000000,0.000000,0.000000,-2316.000000,-981.000000,-2159.000000
-200.000000,100.000000,0.000000,0.000000,-2359.000000,-785.000000,-2552.000000
200.000000,200.000000,0.000000,0.000000,-2338.000000,-785.000000,-2748.000000
100.000000,300.000000,0.000000,0.000000,-2301.000000,-785.000000,-2552.000000
200.000000,0.000000,0.000000,0.000000,-2326.000000,-589.000000,-2552.000000
100.000000,100.000000,0.000000,0.000000,-2323.000000,-785.000000,-2356.000000
200.000000,100.000000,0.000000,0.000000,-2366.000000,-785.000000,-2159.000000
100.000000,-100.000000,0.000000,0.000000,-2356.000000,-589.000000,-2356.000000
100.000000,300.000000,0.000000,0.000000,-2411.000000,-392.000000,-1963.000000
0.000000,-100.000000,0.000000,0.000000,-2452.000000,-392.000000,-1963.000000
0.000000,-100.000000,0.000000,0.000000,-2517.000000,-196.000000,-1963.000000
100.000000,200.000000,0.000000,0.000000,-2566.000000,196.000000,-1570.000000
0.000000,0.000000,0.000000,0.000000,-2644.000000,196.000000,-1570.000000
-200.000000,-100.000000,0.000000,0.000000,-2644.000000,196.000000,-1374.000000
200.000000,0.000000,0.000000,0.000000,-2649.000000,196.000000,-1178.000000
500.000000,0.000000,0.000000,0.000000,-2702.000000,0.000000,-785.000000
100.000000,0.000000,0.000000,0.000000,-2746.000000,0.000000,-589.000000
-300.000000,0.000000,0.000000,0.000000,-2803.000000,392.000000,-392.000000
-100.000000,0.000000,0.000000,0.000000,-2789.000000,1374.000000,-392.000000
200.000000,0.000000,0.000000,0.000000,-2834.000000,1963.000000,-196.000000
100.000000,100.000000,0.000000,0.000000,-2799.000000,2159.000000,0.000000
-100.000000,100.000000,0.000000,0.000000,-2794.000000,1963.000000,0.000000
-300.000000,0.000000,0.000000,0.000000,-2842.000000,1963.000000,0.000000
-100.000000,100.000000,0.000000,0.000000,-2889.000000,1963.000000,196.000000
-300.000000,100.000000,0.000000,0.000000,-2868.000000,1570.000000,0.000000
-100.000000,100.000000,0.000000,0.000000,-2855.000000,1767.000000,392.000000
0.000000,0.000000,0.000000,0.000000,-2860.000000,1767.000000,589.000000
-300.000000,0.000000,0.000000,0.000000,-2938.000000,2159.000000,1374.000000
-200.000000,-100.000000,0.000000,0.000000,-2947.000000,2748.000000,1374.000000
-200.000000,-100.000000,0.000000,0.000000,-2975.000000,2945.000000,1570.000000
300.000000,0.000000,0.000000,0.000000,-2983.000000,2945.000000,1374.000000
-200.000000,-100.000000,0.000000,0.000000,-3005.000000,2748.000000,1178.000000
-200.000000,-200.000000,0.000000,0.000000,-2990.000000,2748.000000,1178.000000
-100.000000,0.000000,0.000000,0.000000,-2966.000000,2552.000000,981.000000
-200.000000,300.000000,0.000000,0.000000,-2980.000000,2552.000000,981.000000
0.000000,100.000000,0.000000,0.000000,-2997.000000,2356.000000,981.000000
-100.000000,100.000000,0.000000,0.000000,-2992.000000,2356.000000,1178.000000
0.000000,100.000000,0.000000,0.000000,-3017.000000,2552.000000,1570.000000
0.000000,100.000000,0.000000,0.000000,-2989.000000,2552.000000,1374.000000
-200.000000,0.000000,0.000000,0.000000,-2946.000000,2552.000000,1374.000000
-100.000000,0.000000,0.000000,0.000000,-2985.000000,2748.000000,1374.000000
-400.000000,0.000000,0.000000,0.000000,-2971.000000,2356.000000,981.000000
-200.000000,-100.000000,0.000000,0.000000,-2945.000000,2356.000000,1178.000000
0.000000,200.000000,0.000000,0.000000,-2906.000000,2159.000000,785.000000
0.000000,-100.000000,0.000000,0.000000,-2902.000000,1963.000000,589.000000
-200.000000,0.000000,0.000000,0.000000,-2830.000000,1963.000000,589.000000
-200.000000,-100.000000,0.000000,0.000000,-2815.000000,1767.000000,392.000000
-100.000000,100.000000,0.000000,0.000000,-2768.000000,1570.000000,196.000000
-400.000000,0.000000,0.000000,0.000000,-2734.000000,1570.000000,196.000000
0.000000,0.000000,0.000000,0.000000,-2734.000000,1178.000000,0.000000
-100.000000,0.000000,0.000000,0.000000,-2767.000000,1178.000000,-196.000000
-100.000000,0.000000,0.000000,0.000000,-2748.000000,785.000000,-196.000000
-200.000000,-200.000000,0.000000,0.000000,-2709.000000,589.000000,0.000000
-100.000000,-100.000000,0.000000,0.000000,-2716.000000,785.000000,0.000000
-100.000000,0.000000,0.000000,0.000000,-2720.000000,196.000000,-392.000000
0.000000,200.000000,0.000000,0.000000,-2732.000000,196.000000,-981.000000
200.000000,100.000000,0.000000,0.000000,-2728.000000,0.000000,-1570.000000
-100.000000,0.000000,0.000000,0.000000,-2713.000000,-196.000000,-1767.000000
100.000000,100.000000,0.000000,0.000000,-2672.000000,-196.000000,-1570.000000
200.000000,0.000000,0.000000,0.000000,-2649.000000,-392.000000,-1767.000000
0.000000,100.000000,0.000000,0.000000,-2594.000000,-589.000000,-1374.000000
100.000000,100.000000,0.000000,0.000000,-2560.000000,-785.000000,-1374.000000
200.000000,0.000000,0.000000,0.000000,-2566.000000,-981.000000,-1570.000000
100.000000,-200.000000,0.000000,0.000000,-2617.000000,-1178.000000,-1767.000000
0.000000,-100.000000,0.000000,0.000000,-2611.000000,-981.000000,-2159.000000
200.000000,0.000000,0.000000,0.000000,-2613.000000,-1178.000000,-2356.000000
100.000000,-300.000000,0.000000,0.000000,-2686.000000,-1178.000000,-1963.000000
-100.000000,100.000000,0.000000,0.000000,-2685.000000,-1178.000000,-1963.000000
100.000000,100.000000,0.000000,0.000000,-2645.000000,-1374.000000,-1767.000000
0.000000,100.000000,0.000000,0.000000,-2650.000000,-1374.000000,-1570.000000
-100.000000,0.000000,0.000000,0.000000,-2675.000000,-1374.000000,-1767.000000
100.000000,-100.000000,0.000000,0.000000,-2681.000000,-1374.000000,-1963.000000
-100.000000,-100.000000,0.000000,0.000000,-2673.000000,-1374.000000,-1963.000000
200.000000,-200.000000,0.000000,0.000000,-2635.000000,-1374.000000,-1963.000000
-300.000000,0.000000,0.000000,0.000000,-2678.000000,-1374.000000,-1963.000000
0.000000,-200.000000,0.000000,0.000000,-2691.000000,-1374.000000,-1767.000000
-200.000000,300.000000,0.000000,0.000000,-2631.000000,-1374.000000,-1767.000000
-100.000000,100.000000,0.000000,0.000000,-2657.000000,-1178.000000,-1963.000000
100.000000,-100.000000,0.000000,0.000000,-2665.000000,-1178.000000,-1767.000000
-100.000000,0.000000,0.000000,0.000000,-2649.000000,-981.000000,-1767.000000
-100.000000,200.000000,0.000000,0.000000,-2690.000000,-981.000000,-1767.000000
0.000000,0.000000,0.000000,0.000000,-2734.000000,-785.000000,-1570.000000
-100.000000,300.000000,0.000000,0.000000,-2756.000000,-785.000000,-1374.000000
-300.000000,-100.000000,0.000000,0.000000,-2800.000000,-589.000000,-1178.000000
200.000000,100.000000,0.000000,0.000000,-2838.000000,-589.000000,-1178.000000
100.000000,400.000000,0.000000,0.000000,-2816.000000,-589.000000,-981.000000
100.000000,0.000000,0.000000,0.000000,-2827.000000,-392.000000,-785.000000
200.000000,100.000000,0.000000,0.000000,-2830.000000,-392.000000,-785.000000
100.000000,100.000000,0.000000,0.000000,-2829.000000,-196.000000,-785.000000
0.000000,0.000000,0.000000,0.000000,-2887.000000,0.000000,-589.000000
100.000000,0.000000,0.000000,0.000000,-2908.000000,0.000000,-392.000000
100.000000,-100.000000,0.000000,0.000000,-2922.000000,196.000000,-392.000000
0.000000,-100.000000,0.000000,0.000000,-2905.000000,196.000000,-196.000000
100.000000,0.000000,0.000000,0.000000,-2899.000000,0.000000,-196.000000
0.000000,-300.000000,0.000000,0.000000,-2908.000000,0.000000,0.000000
-200.000000,-400.000000,0.000000,0.000000,-2928.000000,0.000000,-196.000000
-100.000000,-200.000000,0.000000,0.000000,-2931.000000,0.000000,0.000000
0.000000,0.000000,0.000000,0.000000,-2918.000000,196.000000,196.000000
-400.000000,0.000000,0.000000,0.000000,-2934.000000,589.000000,0.000000
-100.000000,-100.000000,0.000000,0.000000,-2914.000000,981.000000,196.000000
-100.000000,0.000000,0.000000,0.000000,-2916.000000,981.000000,0.000000
-200.000000,0.000000,0.000000,0.000000,-2917.000000,981.000000,0.000000
0.000000,200.000000,0.000000,0.000000,-2916.000000,785.000000,0.000000
-100.000000,300.000000,0.000000,0.000000,-2916.000000,785.000000,0.000000
-100.000000,-100.000000,0.000000,0.000000,-2908.000000,785.000000,0.000000
0.000000,200.000000,0.000000,0.000000,-2936.000000,589.000000,0.000000
0.000000,0.000000,0.000000,0.000000,-2935.000000,392.000000,0.000000
-400.000000,200.000000,0.000000,0.000000,-2951.000000,589.000000,0.000000
0.000000,-100.000000,0.000000,0.000000,-2937.000000,392.000000,196.000000
0.000000,200.000000,0.000000,0.000000,-2954.000000,589.000000,0.000000
100.000000,100.000000,0.000000,0.000000,-2922.000000,589.000000,0.000000
200.000000,-100.000000,0.000000,0.000000,-2940.000000,589.000000,-196.000000
0.000000,0.000000,0.000000,0.000000,-2951.000000,589.000000,0.000000
0.000000,-200.000000,0.000000,0.000000,-2949.000000,392.000000,0.000000
0.000000,0.000000,0.000000,0.000000,-2925.000000,392.000000,-196.000000
-200.000000,0.000000,0.000000,0.000000,-2889.000000,0.000000,0.000000
0.000000,0.000000,0.000000,0.000000,-2873.000000,196.000000,-196.000000
0.000000,0.000000,0.000000,0.000000,-2884.000000,0.000000,-392.000000
0.000000,-200.000000,0.000000,0.000000,-2877.000000,0.000000,-785.000000
0.000000,0.000000,0.000000,0.000000,-2879.000000,0.000000,-981.000000
-100.000000,0.000000,0.000000,0.000000,-2882.000000,0.000000,-1374.000000
100.000000,300.000000,0.000000,0.000000,-2903.000000,-196.000000,-1374.000000
0.000000,0.000000,0.000000,0.000000,-2930.000000,-196.000000,-1178.000000
0.000000,0.000000,0.000000,0.000000,-2910.000000,0.000000,-1178.000000
-100.000000,0.000000,0.000000,0.000000,-2893.000000,-196.000000,-1178.000000
0.000000,100.000000,0.000000,0.000000,-2905.000000,-589.000000,-1178.000000
100.000000,200.000000,0.000000,0.000000,-2905.000000,-785.000000,-1570.000000
400.000000,-100.000000,0.000000,0.000000,-2876.000000,-981.000000,-1570.000000
-100.000000,100.000000,0.000000,0.000000,-2899.000000,-981.000000,-1767.000000
100.000000,0.000000,0.000000,0.000000,-2885.000000,-981.000000,-1767.000000
-200.000000,0.000000,0.000000,0.000000,-2893.000000,-785.000000,-1767.000000
100.000000,100.000000,0.000000,0.000000,-2912.000000,-981.000000,-1767.000000
200.000000,200.000000,0.000000,0.000000,-2950.000000,-785.000000,-1963.000000
200.000000,0.000000,0.000000,0.000000,-2950.000000,-981.000000,-1767.000000
100.000000,-100.000000,0.000000,0.000000,-2950.000000,-1178.000000,-1767.000000
0.000000,0.000000,0.000000,0.000000,-2952.000000,-1178.000000,-1767.000000
0.000000,100.000000,0.000000,0.000000,-2970.000000,-1178.000000,-1767.000000
0.000000,400.000000,0.000000,0.000000,-2972.000000,-1178.000000,-1767.000000
0.000000,200.000000,0.000000,0.000000,-2950.000000,-1178.000000,-1570.000000
0.000000,-100.000000,0.000000,0.000000,-2984.000000,-1178.000000,-1767.000000
200.000000,0.000000,0.000000,0.000000,-2970.000000,-981.000000,-1570.000000
-200.000000,0.000000,0.000000,0.000000,-2963.000000,-1178.000000,-1374.000000
100.000000,0.000000,0.000000,0.000000,-2980.000000,-1178.000000,-1178.000000
200.000000,0.000000,0.000000,0.000000,-2981.000000,-1178.000000,-1178.000000
100.000000,-100.000000,0.000000,0.000000,-2991.000000,-1178.000000,-1178.000000
0.000000,-200.000000,0.000000,0.000000,-2998.000000,-1178.000000,-1178.000000
300.000000,200.000000,0.000000,0.000000,-2973.000000,-981.000000,-1178.000000
-200.000000,0.000000,0.000000,0.000000,-3009.000000,-981.000000,-981.000000
-100.000000,-100.000000,0.000000,0.000000,-3044.000000,-785.000000,-981.000000
0.000000,-300.000000,0.000000,0.000000,-3011.000000,-981.000000,-785.000000
-200.000000,0.000000,0.000000,0.000000,-3041.000000,-981.000000,-981.000000
100.000000,300.000000,0.000000,0.000000,-3026.000000,-785.000000,-785.000000
200.000000,0.000000,0.000000,0.000000,-3036.000000,-785.000000,-589.000000
100.000000,-100.000000,0.000000,0.000000,-3013.000000,-785.000000,-589.000000
200.000000,-100.000000,0.000000,0.000000,-3007.000000,-785.000000,-589.000000
100.000000,-100.000000,0.000000,0.000000,-3012.000000,-589.000000,-392.000000
100.000000,0.000000,0.000000,0.000000,-3015.000000,-392.000000,-392.000000
100.000000,0.000000,0.000000,0.000000,-3026.000000,-589.000000,-392.000000
100.000000,0.000000,0.000000,0.000000,-2982.000000,-392.000000,0.000000
100.000000,0.000000,0.000000,0.000000,-2988.000000,-196.000000,-196.000000
100.000000,100.000000,0.000000,0.000000,-2981.000000,-196.000000,0.000000
100.000000,100.000000,0.000000,0.000000,-3001.000000,-196.000000,0.000000
-100.000000,300.000000,0.000000,0.000000,-3019.000000,-196.000000,0.000000
-200.000000,0.000000,0.000000,0.000000,-2996.000000,-196.000000,0.000000
0.000000,-100.000000,0.000000,0.000000,-3017.000000,-196.000000,0.000000
0.000000,0.000000,0.000000,0.000000,-3003.000000,-196.000000,196.000000
-200.000000,-100.000000,0.000000,0.000000,-2975.000000,0.000000,0.000000
-200.000000,0.000000,0.000000,0.000000,-2969.000000,196.000000,0.000000
-100.000000,0.000000,0.000000,0.000000,-2979.000000,0.000000,0.000000
0.000000,-400.000000,0.000000,0.000000,-2982.000000,0.000000,0.000000
-200.000000,100.000000,0.000000,0.000000,-2964.000000,196.000000,196.000000
-100.000000,-200.000000,0.000000,0.000000,-2977.000000,0.000000,0.000000
-100.000000,0.000000,0.000000,0.000000,-2971.000000,0.000000,196.000000
-200.000000,-100.000000,0.000000,0.000000,-2955.000000,0.000000,392.000000
0.000000,0.000000,0.000000,0.000000,-2943.000000,0.000000,392.000000
0.000000,-200.000000,0.000000,0.000000,-2944.000000,0.000000,392.000000
-300.000000,-100.000000,0.000000,0.000000,-2939.000000,0.000000,589.000000
-100.000000,-100.000000,0.000000,0.000000,-2943.000000,0.000000,392.000000
0.000000,0.000000,0.000000,0.000000,-2948.000000,0.000000,392.000000
0.000000,-100.000000,0.000000,0.000000,-2937.000000,0.000000,196.000000
-100.000000,0.000000,0.000000,0.000000,-2917.000000,0.000000,392.000000
0.000000,0.000000,0.000000,0.000000,-2919.000000,0.000000,0.000000
0.000000,0.000000,0.000000,0.000000,-2957.000000,0.000000,196.000000
-200.000000,100.000000,0.000000,0.000000,-2932.000000,0.000000,196.000000
-200.000000,-300.000000,0.000000,0.000000,-2891.000000,0.000000,0.000000
0.000000,0.000000,0.000000,0.000000,-2885.000000,0.000000,0.000000
-100.000000,0.000000,0.000000,0.000000,-2830.000000,0.000000,0.000000
-200.000000,-200.000000,0.000000,0.000000,-2853.000000,0.000000,0.000000
-100.000000,0.000000,0.000000,0.000000,-2875.000000,-196.000000,0.000000
0.000000,-100.000000,0.000000,0.000000,-2906.000000,-196.000000,0.000000
-300.000000,200.000000,0.000000,0.000000,-2917.000000,0.000000,0.000000
100.000000,0.000000,0.000000,0.000000,-2901.000000,0.000000,0.000000
-300.000000,0.000000,0.000000,0.000000,-2951.000000,-196.000000,-196.000000
300.000000,100.000000,0.000000,0.000000,-2977.000000,-392.000000,0.000000
100.000000,-100.000000,0.000000,0.000000,-2983.000000,-589.000000,0.000000
0.000000,0.000000,0.000000,0.000000,-2993.000000,-589.000000,-196.000000
-100.000000,100.000000,0.000000,0.000000,-2977.000000,-589.000000,-392.000000
0.000000,100.000000,0.000000,0.000000,-2982.000000,-392.000000,-589.000000
-200.000000,-100.000000,0.000000,0.000000,-2983.000000,-392.000000,-981.000000
100.000000,0.000000,0.000000,0.000000,-3014.000000,-196.000000,-785.000000
-100.000000,0.000000,0.000000,0.000000,-3007.000000,-392.000000,-785.000000
-100.000000,0.000000,0.000000,0.000000,-2951.000000,-392.000000,-785.000000
0.000000,-200.000000,0.000000,0.000000,-2934.000000,-589.000000,-589.000000
0.000000,0.000000,0.000000,0.000000,-2965.000000,-392.000000,-392.000000
0.000000,0.000000,0.000000,0.000000,-2935.000000,-589.000000,-392.000000
100.000000,100.000000,0.000000,0.000000,-2946.000000,-392.000000,-392.000000
0.000000,700.000000,0.000000,0.000000,-2965.000000,-392.000000,-589.000000
-200.000000,0.000000,0.000000,0.000000,-3005.000000,-196.000000,-589.000000
100.000000,0.000000,0.000000,0.000000,-2971.000000,-392.000000,-785.000000
-200.000000,-200.000000,0.000000,0.000000,-2953.000000,-196.000000,-981.000000
0.000000,0.000000,0.000000,0.000000,-2983.000000,-392.000000,-589.000000
300.000000,200.000000,0.000000,0.000000,-3007.000000,-589.000000,-785.000000
0.000000,300.000000,0.000000,0.000000,-3013.000000,-392.000000,-589.000000
0.000000,-100.000000,0.000000,0.000000,-3020.000000,-196.000000,-392.000000
300.000000,0.000000,0.000000,0.000000,-3034.000000,-196.000000,-392.000000
200.000000,0.000000,0.000000,0.000000,-3019.000000,0.000000,-392.000000
0.000000,0.000000,0.000000,0.000000,-3015.000000,-196.000000,-392.000000
0.000000,100.000000,0.000000,0.000000,-2999.000000,-196.000000,-392.000000
0.000000,-200.000000,0.000000,0.000000,-2986.000000,-196.000000,-196.000000
-200.000000,0.000000,0.000000,0.000000,-2968.000000,-196.000000,-392.000000
0.000000,100.000000,0.000000,0.000000,-2998.000000,-196.000000,-196.000000
0.000000,0.000000,0.000000,0.000000,-3027.000000,-196.000000,-196.000000
0.000000,200.000000,0.000000,0.000000,-3032.000000,0.000000,-392.000000
0.000000,0.000000,0.000000,0.000000,-3017.000000,196.000000,-196.000000
200.000000,0.000000,0.000000,0.000000,-3021.000000,0.000000,0.000000
0.000000,-200.000000,0.000000,0.000000,-3059.000000,0.000000,0.000000
0.000000,-100.000000,0.000000,0.000000,-3066.000000,0.000000,0.000000
0.000000,0.000000,0.000000,0.000000,-3066.000000,0.000000,0.000000
100.000000,0.000000,0.000000,0.000000,-3087.000000,0.000000,0.000000
-200.000000,-100.000000,0.000000,0.000000,-3063.000000,196.000000,0.000000
