Channel 1,Channel 2,Channel 3,Channel 4,Channel 5,Channel 6,Channel 7
0.000000,0.000000,0.000000,0.000000,-2741.000000,0.000000,0.000000
-100.000000,0.000000,0.000000,0.000000,-2721.000000,0.000000,0.000000
-200.000000,0.000000,0.000000,0.000000,-2736.000000,0.000000,0.000000
0.000000,200.000000,0.000000,0.000000,-2754.000000,0.000000,0.000000
0.000000,0.000000,0.000000,0.000000,-2787.000000,0.000000,0.000000
0.000000,0.000000,0.000000,0.000000,-2792.000000,0.000000,0.000000
-100.000000,100.000000,0.000000,0.000000,-2810.000000,0.000000,0.000000
0.000000,-100.000000,0.000000,0.000000,-2820.000000,0.000000,0.000000
0.000000,0.000000,0.000000,0.000000,-2829.000000,0.000000,0.000000
-100.000000,-100.000000,0.000000,0.000000,-2827.000000,0.000000,0.000000
-100.000000,-100.000000,0.000000,0.000000,-2846.000000,0.000000,0.000000
200.000000,100.000000,156.000000,156.000000,-2843.000000,0.000000,0.000000
200.000000,-200.000000,0.000000,0.000000,-2837.000000,0.000000,0.000000
100.000000,0.000000,0.000000,0.000000,-2826.000000,0.000000,0.000000
0.000000,0.000000,0.000000,0.000000,-2806.000000,0.000000,0.000000
200.000000,-100.000000,0.000000,0.000000,-2817.000000,0.000000,0.000000
0.000000,0.000000,0.000000,0.000000,-2801.000000,0.000000,0.000000
0.000000,-200.000000,0.000000,0.000000,-2788.000000,0.000000,0.000000
-100.000000,-100.000000,0.000000,0.000000,-2771.000000,0.000000,0.000000
200.000000,-200.000000,0.000000,0.000000,-2756.000000,196.000000,0.000000
0.000000,-300.000000,0.000000,0.000000,-2737.000000,0.000000,0.000000
0.000000,-100.000000,0.000000,0.000000,-2715.000000,196.000000,0.000000
-100.000000,0.000000,0.000000,0.000000,-2727.000000,0.000000,0.000000
0.000000,-200.000000,0.000000,0.000000,-2756.000000,0.000000,196.000000
200.000000,0.000000,0.000000,0.000000,-2784.000000,0.000000,0.000000
0.000000,0.000000,0.000000,0.000000,-2805.000000,0.000000,0.000000
-100.000000,0.000000,0.000000,0.000000,-2804.000000,0.000000,0.000000
0.000000,0.000000,0.000000,0.000000,-2808.000000,0.000000,0.000000
-200.000000,100.000000,0.000000,0.000000,-2825.000000,0.000000,0.000000
0.000000,100.000000,0.000000,0.000000,-2833.000000,0.000000,0.000000
-200.000000,0.000000,0.000000,0.000000,-2846.000000,0.000000,0.000000
-100.000000,0.000000,0.000000,0.000000,-2831.000000,0.000000,0.000000
0.000000,0.000000,0.000000,0.000000,-2829.000000,0.000000,0.000000
0.000000,-100.000000,0.000000,0.000000,-2842.000000,0.000000,0.000000
0.000000,200.000000,0.000000,0.000000,-2854.000000,0.000000,0.000000
-100.000000,-100.000000,0.000000,0.000000,-2850.000000,0.000000,0.000000
-100.000000,-100.000000,0.000000,0.000000,-2853.000000,0.000000,0.000000
-100.000000,0.000000,0.000000,0.000000,-2867.000000,0.000000,0.000000
0.000000,0.000000,0.000000,0.000000,-2844.000000,0.000000,0.000000
0.000000,0.000000,0.000000,0.000000,-2835.000000,0.000000,0.000000
0.000000,0.000000,0.000000,0.000000,-2865.000000,0.000000,0.000000
-100.000000,100.000000,0.000000,0.000000,-2886.000000,0.000000,0.000000
-100.000000,-200.000000,0.000000,0.000000,-2866.000000,0.000000,0.000000
-200.000000,0.000000,0.000000,0.000000,-2865.000000,0.000000,0.000000
-100.000000,0.000000,0.000000,0.000000,-2860.000000,0.000000,0.000000
-100.000000,-100.000000,0.000000,0.000000,-2875.000000,0.000000,0.000000
-200.000000,-100.000000,0.000000,0.000000,-2864.000000,0.000000,0.000000
0.000000,-200.000000,156.000000,156.000000,-2859.000000,0.000000,0.000000
100.000000,100.000000,0.000000,0.000000,-2864.000000,0.000000,0.000000
0.000000,-100.000000,0.000000,0.000000,-2874.000000,0.000000,0.000000
-100.000000,100.000000,0.000000,0.000000,-2882.000000,0.000000,0.000000
-100.000000,100.000000,0.000000,0.000000,-2888.000000,0.000000,0.000000
-100.000000,-200.000000,0.000000,0.000000,-2902.000000,0.000000,0.000000
0.000000,0.000000,0.000000,0.000000,-2912.000000,0.000000,0.000000
0.000000,0.000000,0.000000,0.000000,-2895.000000,-196.000000,0.000000
-100.000000,0.000000,0.000000,0.000000,-2874.000000,0.000000,-196.000000
0.000000,100.000000,0.000000,0.000000,-2892.000000,0.000000,0.000000
-200.000000,0.000000,0.000000,0.000000,-2901.000000,-196.000000,0.000000
0.000000,-100.000000,0.000000,0.000000,-2921.000000,0.000000,0.000000
0.000000,0.000000,0.000000,0.000000,-2929.000000,0.000000,0.000000
0.000000,-200.000000,0.000000,0.000000,-2920.000000,0.000000,0.000000
0.000000,0.000000,78.000000,78.000000,-2923.000000,0.000000,0.000000
300.000000,100.000000,0.000000,0.000000,-2930.000000,0.000000,0.000000
0.000000,100.000000,0.000000,0.000000,-2916.000000,0.000000,0.000000
-100.000000,0.000000,0.000000,0.000000,-2908.000000,0.000000,0.000000
-100.000000,0.000000,0.000000,0.000000,-2926.000000,0.000000,0.000000
-200.000000,-100.000000,78.000000,78.000000,-2926.000000,0.000000,0.000000
-100.000000,-100.000000,0.000000,0.000000,-2923.000000,0.000000,0.000000
-200.000000,-300.000000,0.000000,0.000000,-2942.000000,0.000000,0.000000
-400.000000,0.000000,0.000000,0.000000,-2972.000000,0.000000,0.000000
-100.000000,-200.000000,0.000000,0.000000,-2945.000000,196.000000,0.000000
0.000000,0.000000,0.000000,0.000000,-2908.000000,0.000000,0.000000
-100.000000,-100.000000,0.000000,0.000000,-2911.000000,0.000000,0.000000
0.000000,-100.000000,0.000000,0.000000,-2921.000000,0.000000,0.000000
-100.000000,0.000000,0.000000,0.000000,-2893.000000,0.000000,196.000000
-100.000000,-100.000000,0.000000,0.000000,-2897.000000,196.000000,0.000000
0.000000,0.000000,0.000000,0.000000,-2872.000000,0.000000,0.000000
-100.000000,0.000000,0.000000,0.000000,-2864.000000,0.000000,0.000000
0.000000,100.000000,0.000000,0.000000,-2840.000000,0.000000,0.000000
0.000000,100.000000,0.000000,0.000000,-2807.000000,0.000000,0.000000
-100.000000,0.000000,0.000000,0.000000,-2833.000000,0.000000,0.000000
0.000000,-200.000000,0.000000,0.000000,-2812.000000,0.000000,0.000000
-300.000000,-100.000000,0.000000,0.000000,-2795.000000,0.000000,0.000000
-300.000000,100.000000,0.000000,0.000000,-2796.000000,0.000000,0.000000
-200.000000,-100.000000,0.000000,0.000000,-2791.000000,0.000000,0.000000
-100.000000,-100.000000,0.000000,0.000000,-2802.000000,0.000000,0.000000
-200.000000,-100.000000,0.000000,0.000000,-2827.000000,0.000000,0.000000
0.000000,-100.000000,78.000000,78.000000,-2842.000000,0.000000,0.000000
100.000000,0.000000,0.000000,0.000000,-2843.000000,0.000000,0.000000
0.000000,0.000000,0.000000,0.000000,-2850.000000,0.000000,0.000000
0.000000,200.000000,0.000000,0.000000,-2879.000000,0.000000,0.000000
-100.000000,-100.000000,0.000000,0.000000,-2853.000000,0.000000,0.000000
-100.000000,-600.000000,0.000000,0.000000,-2846.000000,0.000000,0.000000
-100.000000,-200.000000,0.000000,0.000000,-2860.000000,0.000000,0.000000
0.000000,0.000000,0.000000,0.000000,-2860.000000,0.000000,0.000000
-200.000000,-100.000000,0.000000,0.000000,-2842.000000,0.000000,0.000000
0.000000,-300.000000,0.000000,0.000000,-2855.000000,0.000000,0.000000
0.000000,-100.000000,0.000000,0.000000,-2850.000000,0.000000,0.000000
-100.000000,0.000000,0.000000,0.000000,-2847.000000,0.000000,0.000000
-300.000000,0.000000,0.000000,0.000000,-2873.000000,0.000000,0.000000
-100.000000,-100.000000,0.000000,0.000000,-2884.000000,0.000000,0.000000
0.000000,0.000000,0.000000,0.000000,-2878.000000,0.000000,0.000000
0.000000,0.000000,0.000000,0.000000,-2848.000000,0.000000,0.000000
-200.000000,0.000000,0.000000,0.000000,-2833.000000,0.000000,0.000000
0.000000,-100.000000,0.000000,0.000000,-2850.000000,0.000000,0.000000
0.000000,0.000000,0.000000,0.000000,-2863.000000,0.000000,0.000000
-200.000000,0.000000,0.000000,0.000000,-2845.000000,0.000000,0.000000
100.000000,0.000000,0.000000,0.000000,-2847.000000,0.000000,0.000000
-400.000000,-100.000000,0.000000,0.000000,-2806.000000,-196.000000,0.000000
0.000000,-100.000000,156.000000,156.000000,-2766.000000,0.000000,-196.000000
0.000000,0.000000,0.000000,0.000000,-2775.000000,0.000000,0.000000
0.000000,0.000000,0.000000,0.000000,-2747.000000,-196.000000,0.000000
-200.000000,0.000000,0.000000,0.000000,-2732.000000,0.000000,0.000000
100.000000,-100.000000,0.000000,0.000000,-2725.000000,0.000000,0.000000
0.000000,-100.000000,0.000000,0.000000,-2714.000000,0.000000,0.000000
0.000000,-200.000000,0.000000,0.000000,-2771.000000,0.000000,0.000000
-300.000000,-100.000000,0.000000,0.000000,-2822.000000,0.000000,0.000000
-100.000000,100.000000,0.000000,0.000000,-2864.000000,0.000000,0.000000
0.000000,-100.000000,0.000000,0.000000,-2858.000000,0.000000,0.000000
0.000000,0.000000,0.000000,0.000000,-2863.000000,0.000000,0.000000
0.000000,0.000000,0.000000,0.000000,-2849.000000,0.000000,0.000000
200.000000,100.000000,0.000000,0.000000,-2828.000000,0.000000,0.000000
0.000000,-100.000000,0.000000,0.000000,-2827.000000,0.000000,-196.000000
100.000000,100.000000,0.000000,0.000000,-2836.000000,0.000000,0.000000
0.000000,-100.000000,0.000000,0.000000,-2816.000000,0.000000,-196.000000
200.000000,-300.000000,0.000000,0.000000,-2797.000000,0.000000,-196.000000
100.000000,0.000000,0.000000,0.000000,-2786.000000,0.000000,0.000000
0.000000,0.000000,0.000000,0.000000,-2740.000000,0.000000,-196.000000
-200.000000,-200.000000,0.000000,0.000000,-2721.000000,0.000000,196.000000
-100.000000,300.000000,0.000000,0.000000,-2754.000000,0.000000,0.000000
0.000000,-200.000000,0.000000,0.000000,-2736.000000,0.000000,0.000000
0.000000,-100.000000,0.000000,0.000000,-2775.000000,0.000000,0.000000
100.000000,-100.000000,0.000000,0.000000,-2807.000000,0.000000,0.000000
0.000000,-100.000000,0.000000,0.000000,-2830.000000,0.000000,0.000000
-200.000000,0.000000,0.000000,0.000000,-2835.000000,0.000000,0.000000
200.000000,-200.000000,0.000000,0.000000,-2879.000000,0.000000,0.000000
0.000000,0.000000,0.000000,0.000000,-2891.000000,0.000000,0.000000
0.000000,-100.000000,0.000000,0.000000,-2894.000000,0.000000,0.000000
100.000000,100.000000,0.000000,0.000000,-2898.000000,0.000000,0.000000
0.000000,100.000000,0.000000,0.000000,-2888.000000,0.000000,0.000000
0.000000,0.000000,0.000000,0.000000,-2867.000000,0.000000,0.000000
0.000000,0.000000,0.000000,0.000000,-2872.000000,0.000000,0.000000
0.000000,100.000000,0.000000,0.000000,-2867.000000,0.000000,0.000000
-100.000000,0.000000,0.000000,0.000000,-2875.000000,0.000000,0.000000
100.000000,0.000000,0.000000,0.000000,-2843.000000,0.000000,0.000000
300.000000,-400.000000,0.000000,0.000000,-2835.000000,196.000000,196.000000
0.000000,-100.000000,0.000000,0.000000,-2799.000000,196.000000,0.000000
-200.000000,0.000000,0.000000,0.000000,-2801.000000,0.000000,0.000000
-200.000000,0.000000,0.000000,0.000000,-2824.000000,0.000000,0.000000
0.000000,-200.000000,0.000000,0.000000,-2823.000000,0.000000,0.000000
-400.000000,0.000000,0.000000,0.000000,-2812.000000,0.000000,0.000000
0.000000,0.000000,78.000000,78.000000,-2819.000000,0.000000,0.000000
0.000000,400.000000,0.000000,0.000000,-2827.000000,0.000000,0.000000
-200.000000,100.000000,0.000000,0.000000,-2835.000000,0.000000,0.000000
0.000000,-200.000000,0.000000,0.000000,-2806.000000,0.000000,0.000000
-300.000000,0.000000,0.000000,0.000000,-2818.000000,0.000000,0.000000
0.000000,0.000000,0.000000,0.000000,-2804.000000,0.000000,0.000000
0.000000,-100.000000,0.000000,0.000000,-2778.000000,0.000000,0.000000
0.000000,0.000000,0.000000,0.000000,-2774.000000,0.000000,0.000000
-300.000000,-100.000000,0.000000,0.000000,-2772.000000,0.000000,0.000000
-100.000000,0.000000,0.000000,0.000000,-2798.000000,0.000000,0.000000
0.000000,0.000000,156.000000,156.000000,-2785.000000,0.000000,0.000000
-200.000000,0.000000,0.000000,0.000000,-2761.000000,0.000000,0.000000
0.000000,-100.000000,0.000000,0.000000,-2739.000000,0.000000,0.000000
-100.000000,-100.000000,0.000000,0.000000,-2726.000000,0.000000,0.000000
-100.000000,0.000000,0.000000,0.000000,-2716.000000,0.000000,0.000000
-200.000000,-100.000000,0.000000,0.000000,-2696.000000,0.000000,0.000000
-100.000000,-100.000000,0.000000,0.000000,-2702.000000,0.000000,0.000000
0.000000,-100.000000,0.000000,0.000000,-2697.000000,0.000000,0.000000
0.000000,100.000000,0.000000,0.000000,-2689.000000,0.000000,0.000000
0.000000,-100.000000,5000.000000,5000.000000,-2713.000000,0.000000,0.000000
4700.000000,4200.000000,5000.000000,5000.000000,-2734.000000,0.000000,392.000000
4700.000000,4600.000000,5000.000000,5000.000000,-2746.000000,1374.000000,1374.000000
4600.000000,3700.000000,5000.000000,5000.000000,-2712.000000,1963.000000,1963.000000
5300.000000,4600.000000,5000.000000,5000.000000,-2800.000000,1374.000000,1374.000000
4900.000000,5900.000000,5000.000000,5000.000000,-2890.000000,-196.000000,-196.000000
5900.000000,5200.000000,5000.000000,5000.000000,-2976.000000,-589.000000,-785.000000
4300.000000,4900.000000,5000.000000,5000.000000,-3016.000000,-392.000000,-392.000000
4700.000000,4900.000000,5000.000000,5000.000000,-2858.000000,392.000000,392.000000
4400.000000,4500.000000,5000.000000,5000.000000,-2756.000000,981.000000,1178.000000
4100.000000,4200.000000,5000.000000,5000.000000,-2834.000000,1570.000000,1374.000000
5700.000000,6300.000000,5000.000000,5000.000000,-3036.000000,1178.000000,981.000000
5000.000000,5400.000000,5000.000000,5000.000000,-3008.000000,392.000000,196.000000
4200.000000,4400.000000,5000.000000,5000.000000,-2925.000000,196.000000,0.000000
4700.000000,4300.000000,5000.000000,5000.000000,-2847.000000,589.000000,589.000000
4500.000000,4000.000000,5000.000000,5000.000000,-2918.000000,1374.000000,1178.000000
4600.000000,5800.000000,5000.000000,5000.000000,-2886.000000,1570.000000,1570.000000
4400.000000,4800.000000,5000.000000,5000.000000,-2813.000000,1374.000000,1570.000000
5400.000000,4500.000000,5000.000000,5000.000000,-2874.000000,981.000000,981.000000
5000.000000,5200.000000,5000.000000,5000.000000,-2909.000000,785.000000,589.000000
4900.000000,4500.000000,5000.000000,5000.000000,-2941.000000,981.000000,589.000000
4800.000000,4400.000000,5000.000000,5000.000000,-2858.000000,981.000000,981.000000
4600.000000,4000.000000,5000.000000,5000.000000,-2815.000000,1570.000000,1374.000000
4700.000000,5600.000000,5000.000000,5000.000000,-2840.000000,1570.000000,1570.000000
4600.000000,5100.000000,5000.000000,5000.000000,-2908.000000,1178.000000,1178.000000
4900.000000,4700.000000,5000.000000,5000.000000,-2893.000000,981.000000,981.000000
4400.000000,5200.000000,5000.000000,5000.000000,-2846.000000,785.000000,785.000000
4300.000000,4400.000000,5000.000000,5000.000000,-2860.000000,1178.000000,981.000000
4700.000000,5700.000000,5000.000000,5000.000000,-2869.000000,1374.000000,1178.000000
4900.000000,4900.000000,5000.000000,5000.000000,-2833.000000,1374.000000,1178.000000
5000.000000,4300.000000,5000.000000,5000.000000,-2793.000000,1178.000000,1374.000000
5100.000000,4500.000000,5000.000000,5000.000000,-2844.000000,785.000000,981.000000
4900.000000,4200.000000,5000.000000,5000.000000,-2866.000000,981.000000,785.000000
5400.000000,5100.000000,5000.000000,5000.000000,-2802.000000,981.000000,785.000000
4700.000000,5100.000000,5000.000000,5000.000000,-2780.000000,1178.000000,785.000000
5700.000000,4800.000000,5000.000000,5000.000000,-2790.000000,981.000000,981.000000
4600.000000,4300.000000,5000.000000,5000.000000,-2799.000000,1178.000000,981.000000
5400.000000,5100.000000,5000.000000,5000.000000,-2808.000000,785.000000,785.000000
4800.000000,4500.000000,5000.000000,5000.000000,-2802.000000,785.000000,589.000000
5100.000000,5000.000000,5000.000000,5000.000000,-2799.000000,785.000000,392.000000
5100.000000,5600.000000,5000.000000,5000.000000,-2739.000000,981.000000,589.000000
5000.000000,4900.000000,5000.000000,5000.000000,-2723.000000,981.000000,785.000000
4600.000000,5000.000000,5000.000000,5000.000000,-2716.000000,785.000000,589.000000
4800.000000,4600.000000,5000.000000,5000.000000,-2734.000000,785.000000,589.000000
5000.000000,5100.000000,5000.000000,5000.000000,-2752.000000,785.000000,392.000000
5000.000000,5600.000000,5000.000000,5000.000000,-2736.000000,589.000000,392.000000
4800.000000,4600.000000,5000.000000,5000.000000,-2724.000000,785.000000,196.000000
5200.000000,4700.000000,5000.000000,5000.000000,-2727.000000,785.000000,589.000000
4800.000000,4600.000000,5000.000000,5000.000000,-2722.000000,981.000000,392.000000
4800.000000,4900.000000,5000.000000,5000.000000,-2691.000000,589.000000,196.000000
4500.000000,5400.000000,5000.000000,5000.000000,-2714.000000,785.000000,0.000000
5000.000000,4500.000000,5000.000000,5000.000000,-2749.000000,785.000000,196.000000
4800.000000,4800.000000,5000.000000,5000.000000,-2702.000000,589.000000,392.000000
5500.000000,5500.000000,5000.000000,5000.000000,-2705.000000,981.000000,392.000000
0.000000,0.000000,0.000000,0.000000,-2726.000000,392.000000,0.000000
0.000000,0.000000,0.000000,0.000000,-2739.000000,0.000000,-785.000000
0.000000,0.000000,0.000000,0.000000,-2736.000000,-196.000000,-981.000000
100.000000,200.000000,0.000000,0.000000,-2666.000000,196.000000,-589.000000
-100.000000,0.000000,0.000000,0.000000,-2691.000000,-196.000000,-785.000000
0.000000,-100.000000,0.000000,0.000000,-2715.000000,0.000000,-392.000000
0.000000,200.000000,0.000000,0.000000,-2750.000000,392.000000,-196.000000
200.000000,100.000000,0.000000,0.000000,-2697.000000,0.000000,0.000000
100.000000,-100.000000,0.000000,0.000000,-2677.000000,0.000000,0.000000
0.000000,-100.000000,0.000000,0.000000,-2677.000000,0.000000,0.000000
0.000000,100.000000,0.000000,0.000000,-2714.000000,0.000000,-196.000000
0.000000,100.000000,0.000000,0.000000,-2753.000000,0.000000,0.000000
0.000000,0.000000,0.000000,0.000000,-2752.000000,0.000000,0.000000
0.000000,0.000000,0.000000,0.000000,-2717.000000,0.000000,0.000000
0.000000,-200.000000,0.000000,0.000000,-2747.000000,0.000000,0.000000
0.000000,0.000000,0.000000,0.000000,-2825.000000,0.000000,-392.000000
200.000000,100.000000,0.000000,0.000000,-2796.000000,0.000000,-589.000000
0.000000,-100.000000,0.000000,0.000000,-2734.000000,0.000000,-589.000000
200.000000,0.000000,0.000000,0.000000,-2717.000000,0.000000,-392.000000
100.000000,0.000000,0.000000,0.000000,-2783.000000,0.000000,-196.000000
300.000000,0.000000,0.000000,0.000000,-2760.000000,0.000000,-392.000000
100.000000,0.000000,0.000000,0.000000,-2760.000000,0.000000,0.000000
200.000000,100.000000,0.000000,0.000000,-2761.000000,0.000000,0.000000
0.000000,0.000000,0.000000,0.000000,-2792.000000,0.000000,0.000000
0.000000,0.000000,0.000000,0.000000,-2835.000000,392.000000,0.000000
-100.000000,100.000000,0.000000,0.000000,-2801.000000,392.000000,0.000000
200.000000,0.000000,0.000000,0.000000,-2831.000000,785.000000,196.000000
-200.000000,0.000000,0.000000,0.000000,-2851.000000,589.000000,0.000000
-200.000000,0.000000,0.000000,0.000000,-2834.000000,785.000000,0.000000
-100.000000,100.000000,0.000000,0.000000,-2830.000000,785.000000,0.000000
0.000000,0.000000,0.000000,0.000000,-2856.000000,589.000000,0.000000
100.000000,0.000000,0.000000,0.000000,-2862.000000,785.000000,0.000000
-300.000000,-200.000000,0.000000,0.000000,-2864.000000,589.000000,0.000000
0.000000,0.000000,0.000000,0.000000,-2867.000000,589.000000,0.000000
-200.000000,100.000000,0.000000,0.000000,-2879.000000,785.000000,196.000000
0.000000,0.000000,0.000000,0.000000,-2862.000000,981.000000,196.000000
-200.000000,-100.000000,0.000000,0.000000,-2850.000000,981.000000,196.000000
0.000000,0.000000,0.000000,0.000000,-2865.000000,981.000000,589.000000
100.000000,0.000000,0.000000,0.000000,-2848.000000,981.000000,1178.000000
-200.000000,0.000000,0.000000,0.000000,-2855.000000,981.000000,1178.000000
0.000000,0.000000,0.000000,0.000000,-2877.000000,981.000000,1178.000000
-100.000000,100.000000,0.000000,0.000000,-2884.000000,981.000000,1178.000000
-100.000000,0.000000,0.000000,0.000000,-2862.000000,785.000000,981.000000
100.000000,0.000000,0.000000,0.000000,-2846.000000,785.000000,981.000000
100.000000,0.000000,0.000000,0.000000,-2855.000000,981.000000,785.000000
-200.000000,200.000000,0.000000,0.000000,-2845.000000,1178.000000,589.000000
0.000000,0.000000,0.000000,0.000000,-2847.000000,981.000000,785.000000
-200.000000,-100.000000,0.000000,0.000000,-2836.000000,981.000000,589.000000
-100.000000,100.000000,0.000000,0.000000,-2846.000000,981.000000,785.000000
0.000000,-100.000000,0.000000,0.000000,-2828.000000,981.000000,981.000000
-100.000000,-200.000000,0.000000,0.000000,-2826.000000,981.000000,1178.000000
-100.000000,200.000000,0.000000,0.000000,-2853.000000,785.000000,981.000000
-100.000000,0.000000,0.000000,0.000000,-2855.000000,785.000000,981.000000
-200.000000,-100.000000,0.000000,0.000000,-2810.000000,785.000000,981.000000
0.000000,-100.000000,0.000000,0.000000,-2825.000000,785.000000,785.000000
0.000000,0.000000,0.000000,0.000000,-2839.000000,589.000000,589.000000
0.000000,-100.000000,0.000000,0.000000,-2853.000000,589.000000,589.000000
-100.000000,-300.000000,0.000000,0.000000,-2841.000000,589.000000,589.000000
-100.000000,-200.000000,0.000000,0.000000,-2836.000000,589.000000,392.000000
0.000000,-100.000000,0.000000,0.000000,-2829.000000,392.000000,392.000000
0.000000,-200.000000,0.000000,0.000000,-2828.000000,392.000000,392.000000
-300.000000,-100.000000,0.000000,0.000000,-2832.000000,392.000000,196.000000
0.000000,0.000000,0.000000,0.000000,-2829.000000,196.000000,392.000000
-100.000000,0.000000,0.000000,0.000000,-2838.000000,196.000000,392.000000
100.000000,0.000000,0.000000,0.000000,-2818.000000,196.000000,196.000000
-200.000000,100.000000,0.000000,0.000000,-2809.000000,196.000000,196.000000
0.000000,100.000000,0.000000,0.000000,-2831.000000,0.000000,0.000000
0.000000,0.000000,0.000000,0.000000,-2796.000000,0.000000,0.000000
100.000000,200.000000,0.000000,0.000000,-2791.000000,0.000000,0.000000
-100.000000,0.000000,0.000000,0.000000,-2813.000000,0.000000,0.000000
-100.000000,-200.000000,0.000000,0.000000,-2817.000000,0.000000,0.000000
-100.000000,0.000000,0.000000,0.000000,-2841.000000,0.000000,0.000000
-100.000000,-100.000000,0.000000,0.000000,-2837.000000,0.000000,0.000000
0.000000,0.000000,0.000000,0.000000,-2840.000000,0.000000,0.000000
0.000000,0.000000,0.000000,0.000000,-2847.000000,0.000000,0.000000
0.000000,0.000000,0.000000,0.000000,-2852.000000,0.000000,0.000000
200.000000,100.000000,0.000000,0.000000,-2864.000000,0.000000,0.000000
0.000000,-100.000000,0.000000,0.000000,-2851.000000,0.000000,0.000000
0.000000,-200.000000,0.000000,0.000000,-2835.000000,0.000000,-196.000000
0.000000,100.000000,0.000000,0.000000,-2818.000000,0.000000,-196.000000
-100.000000,0.000000,0.000000,0.000000,-2796.000000,0.000000,0.000000
100.000000,-100.000000,0.000000,0.000000,-2791.000000,0.000000,0.000000
100.000000,0.000000,0.000000,0.000000,-2786.000000,-196.000000,-196.000000
0.000000,100.000000,0.000000,0.000000,-2778.000000,0.000000,-392.000000
0.000000,-100.000000,0.000000,0.000000,-2783.000000,-196.000000,-785.000000
-100.000000,-100.000000,0.000000,0.000000,-2831.000000,0.000000,-589.000000
0.000000,0.000000,0.000000,0.000000,-2842.000000,0.000000,-785.000000
200.000000,100.000000,0.000000,0.000000,-2840.000000,-196.000000,-589.000000
100.000000,0.000000,0.000000,0.000000,-2812.000000,-589.000000,-392.000000
100.000000,0.000000,0.000000,0.000000,-2832.000000,-589.000000,-392.000000
-100.000000,100.000000,0.000000,0.000000,-2830.000000,-589.000000,-196.000000
0.000000,-100.000000,0.000000,0.000000,-2777.000000,-589.000000,-196.000000
0.000000,300.000000,0.000000,0.000000,-2755.000000,-392.000000,-196.000000
0.000000,100.000000,0.000000,0.000000,-2779.000000,-392.000000,-196.000000
0.000000,-300.000000,0.000000,0.000000,-2786.000000,-196.000000,-196.000000
0.000000,-100.000000,0.000000,0.000000,-2790.000000,-196.000000,-196.000000
100.000000,0.000000,0.000000,0.000000,-2744.000000,0.000000,-196.000000
100.000000,0.000000,0.000000,0.000000,-2713.000000,0.000000,-196.000000
100.000000,-200.000000,0.000000,0.000000,-2741.000000,0.000000,-196.000000
200.000000,0.000000,0.000000,0.000000,-2749.000000,0.000000,-392.000000
0.000000,-200.000000,0.000000,0.000000,-2763.000000,0.000000,0.000000
-100.000000,0.000000,0.000000,0.000000,-2738.000000,0.000000,-196.000000
-200.000000,0.000000,0.000000,0.000000,-2746.000000,0.000000,196.000000
0.000000,0.000000,0.000000,0.000000,-2760.000000,0.000000,0.000000
0.000000,0.000000,0.000000,0.000000,-2762.000000,0.000000,0.000000
-200.000000,100.000000,0.000000,0.000000,-2749.000000,0.000000,0.000000
0.000000,-100.000000,0.000000,0.000000,-2740.000000,0.000000,0.000000
-200.000000,100.000000,0.000000,0.000000,-2746.000000,0.000000,0.000000
0.000000,0.000000,0.000000,0.000000,-2727.000000,0.000000,0.000000
0.000000,-100.000000,0.000000,0.000000,-2714.000000,0.000000,0.000000
-100.000000,100.000000,0.000000,0.000000,-2696.000000,0.000000,0.000000
0.000000,100.000000,0.000000,0.000000,-2708.000000,0.000000,0.000000
-200.000000,100.000000,0.000000,0.000000,-2693.000000,0.000000,0.000000
-200.000000,0.000000,0.000000,0.000000,-2682.000000,0.000000,0.000000
-100.000000,-300.000000,0.000000,0.000000,-2671.000000,196.000000,196.000000
0.000000,100.000000,0.000000,0.000000,-2699.000000,0.000000,0.000000
0.000000,0.000000,0.000000,0.000000,-2683.000000,196.000000,0.000000
0.000000,0.000000,0.000000,0.000000,-2659.000000,0.000000,0.000000
0.000000,100.000000,0.000000,0.000000,-2631.000000,0.000000,0.000000
0.000000,0.000000,0.000000,0.000000,-2650.000000,0.000000,0.000000
0.000000,-100.000000,0.000000,0.000000,-2667.000000,0.000000,0.000000
-100.000000,0.000000,0.000000,0.000000,-2686.000000,0.000000,0.000000
-100.000000,100.000000,0.000000,0.000000,-2716.000000,-196.000000,0.000000
100.000000,100.000000,0.000000,0.000000,-2702.000000,0.000000,0.000000
0.000000,-100.000000,0.000000,0.000000,-2691.000000,-196.000000,0.000000
-100.000000,-100.000000,0.000000,0.000000,-2712.000000,0.000000,-196.000000
0.000000,0.000000,0.000000,0.000000,-2722.000000,0.000000,0.000000
-100.000000,-200.000000,0.000000,0.000000,-2751.000000,0.000000,0.000000
-200.000000,0.000000,0.000000,0.000000,-2778.000000,0.000000,0.000000
-200.000000,100.000000,0.000000,0.000000,-2765.000000,0.000000,0.000000
-100.000000,100.000000,0.000000,0.000000,-2792.000000,0.000000,0.000000
0.000000,200.000000,0.000000,0.000000,-2806.000000,0.000000,0.000000
100.000000,0.000000,0.000000,0.000000,-2798.000000,-196.000000,0.000000
-100.000000,100.000000,0.000000,0.000000,-2779.000000,-196.000000,-196.000000
100.000000,0.000000,0.000000,0.000000,-2805.000000,-392.000000,0.000000
0.000000,0.000000,0.000000,0.000000,-2835.000000,-589.000000,-392.000000
0.000000,0.000000,0.000000,0.000000,-2861.000000,-589.000000,-392.000000
0.000000,-100.000000,0.000000,0.000000,-2848.000000,-589.000000,-392.000000
0.000000,100.000000,0.000000,0.000000,-2860.000000,-392.000000,-392.000000
100.000000,0.000000,0.000000,0.000000,-2852.000000,-392.000000,-392.000000
100.000000,300.000000,0.000000,0.000000,-2834.000000,-196.000000,-196.000000
-100.000000,0.000000,0.000000,0.000000,-2850.000000,-196.000000,-196.000000
0.000000,0.000000,0.000000,0.000000,-2876.000000,-392.000000,-196.000000
0.000000,100.000000,0.000000,0.000000,-2880.000000,-196.000000,0.000000
200.000000,100.000000,0.000000,0.000000,-2874.000000,-392.000000,-196.000000
400.000000,0.000000,0.000000,0.000000,-2885.000000,-392.000000,-392.000000
-100.000000,100.000000,0.000000,0.000000,-2898.000000,-392.000000,-589.000000
0.000000,0.000000,0.000000,0.000000,-2872.000000,-392.000000,-392.000000
100.000000,-100.000000,0.000000,0.000000,-2837.000000,-392.000000,-392.000000
100.000000,0.000000,0.000000,0.000000,-2842.000000,-392.000000,-196.000000
0.000000,-100.000000,0.000000,0.000000,-2813.000000,-196.000000,-196.000000
0.000000,100.000000,0.000000,0.000000,-2832.000000,-196.000000,0.000000
-100.000000,0.000000,0.000000,0.000000,-2846.000000,0.000000,-196.000000
-300.000000,-200.000000,0.000000,0.000000,-2857.000000,-196.000000,-196.000000
-100.000000,-100.000000,0.000000,0.000000,-2848.000000,-392.000000,-196.000000
200.000000,100.000000,0.000000,0.000000,-2840.000000,-392.000000,-392.000000
0.000000,-100.000000,0.000000,0.000000,-2840.000000,-196.000000,-196.000000
200.000000,100.000000,0.000000,0.000000,-2812.000000,-196.000000,-196.000000
0.000000,0.000000,0.000000,0.000000,-2831.000000,-196.000000,0.000000
100.000000,0.000000,0.000000,0.000000,-2831.000000,0.000000,0.000000
-200.000000,0.000000,0.000000,0.000000,-2831.000000,0.000000,0.000000
0.000000,0.000000,0.000000,0.000000,-2812.000000,-196.000000,0.000000
0.000000,0.000000,0.000000,0.000000,-2798.000000,0.000000,0.000000
0.000000,0.000000,0.000000,0.000000,-2844.000000,-196.000000,-196.000000
-100.000000,0.000000,0.000000,0.000000,-2860.000000,0.000000,0.000000
0.000000,400.000000,0.000000,0.000000,-2867.000000,-196.000000,-196.000000
100.000000,100.000000,0.000000,0.000000,-2856.000000,-196.000000,0.000000
-200.000000,0.000000,0.000000,0.000000,-2829.000000,0.000000,0.000000
0.000000,0.000000,0.000000,0.000000,-2801.000000,0.000000,0.000000
-200.000000,0.000000,0.000000,0.000000,-2823.000000,0.000000,0.000000
0.000000,0.000000,0.000000,0.000000,-2826.000000,0.000000,0.000000
0.000000,200.000000,0.000000,0.000000,-2819.000000,0.000000,0.000000
0.000000,0.000000,0.000000,0.000000,-2826.000000,0.000000,0.000000
0.000000,0.000000,0.000000,0.000000,-2788.000000,0.000000,0.000000
-200.000000,0.000000,0.000000,0.000000,-2766.000000,0.000000,0.000000
0.000000,0.000000,0.000000,0.000000,-2754.000000,0.000000,0.000000
-100.000000,-200.000000,0.000000,0.000000,-2734.000000,0.000000,0.000000
0.000000,200.000000,0.000000,0.000000,-2752.000000,0.000000,0.000000
0.000000,-100.000000,0.000000,0.000000,-2776.000000,0.000000,0.000000
200.000000,-200.000000,0.000000,0.000000,-2760.000000,0.000000,0.000000
0.000000,100.000000,0.000000,0.000000,-2734.000000,-196.000000,0.000000
-100.000000,0.000000,0.000000,0.000000,-2763.000000,0.000000,0.000000
100.000000,0.000000,0.000000,0.000000,-2743.000000,0.000000,0.000000
-100.000000,0.000000,0.000000,0.000000,-2787.000000,0.000000,0.000000
-100.000000,100.000000,0.000000,0.000000,-2800.000000,-196.000000,0.000000
100.000000,100.000000,0.000000,0.000000,-2782.000000,0.000000,0.000000
-300.000000,-100.000000,0.000000,0.000000,-2753.000000,-196.000000,0.000000
-100.000000,0.000000,0.000000,0.000000,-2750.000000,0.000000,0.000000
-100.000000,0.000000,0.000000,0.000000,-2753.000000,0.000000,-196.000000
100.000000,400.000000,0.000000,0.000000,-2737.000000,0.000000,0.000000
0.000000,-100.000000,0.000000,0.000000,-2729.000000,0.000000,-196.000000
0.000000,100.000000,0.000000,0.000000,-2715.000000,0.000000,0.000000
0.000000,0.000000,0.000000,0.000000,-2702.000000,-196.000000,-196.000000
0.000000,0.000000,0.000000,0.000000,-2695.000000,0.000000,-196.000000
-100.000000,100.000000,0.000000,0.000000,-2693.000000,0.000000,0.000000
0.000000,0.000000,0.000000,0.000000,-2671.000000,-196.000000,-196.000000
0.000000,100.000000,0.000000,0.000000,-2635.000000,-196.000000,0.000000
-100.000000,-100.000000,0.000000,0.000000,-2642.000000,0.000000,0.000000
0.000000,0.000000,0.000000,0.000000,-2666.000000,0.000000,0.000000
100.000000,200.000000,0.000000,0.000000,-2657.000000,0.000000,0.000000
100.000000,0.000000,0.000000,0.000000,-2657.000000,0.000000,-196.000000
-100.000000,100.000000,0.000000,0.000000,-2672.000000,-196.000000,-392.000000
100.000000,-100.000000,0.000000,0.000000,-2684.000000,0.000000,-196.000000
0.000000,200.000000,0.000000,0.000000,-2709.000000,-196.000000,0.000000
0.000000,-100.000000,0.000000,0.000000,-2721.000000,-196.000000,0.000000
200.000000,0.000000,0.000000,0.000000,-2735.000000,0.000000,-196.000000
100.000000,100.000000,0.000000,0.000000,-2747.000000,-196.000000,-196.000000
0.000000,0.000000,0.000000,0.000000,-2751.000000,0.000000,-196.000000
0.000000,0.000000,0.000000,0.000000,-2751.000000,0.000000,-392.000000
0.000000,0.000000,0.000000,0.000000,-2775.000000,-196.000000,-196.000000
0.000000,0.000000,0.000000,0.000000,-2779.000000,0.000000,-196.000000
100.000000,-100.000000,0.000000,0.000000,-2785.000000,-196.000000,-196.000000
-100.000000,0.000000,0.000000,0.000000,-2770.000000,-196.000000,0.000000
0.000000,0.000000,0.000000,0.000000,-2772.000000,-196.000000,-196.000000
-100.000000,200.000000,0.000000,0.000000,-2766.000000,0.000000,0.000000
200.000000,0.000000,0.000000,0.000000,-2767.000000,-196.000000,-196.000000
0.000000,0.000000,0.000000,0.000000,-2799.000000,0.000000,-392.000000
0.000000,200.000000,0.000000,0.000000,-2827.000000,-196.000000,-392.000000
-200.000000,-100.000000,0.000000,0.000000,-2805.000000,-196.000000,-392.000000
-200.000000,0.000000,0.000000,0.000000,-2810.000000,-196.000000,-196.000000
100.000000,0.000000,0.000000,0.000000,-2812.000000,-196.000000,-196.000000
0.000000,0.000000,0.000000,0.000000,-2828.000000,-392.000000,-196.000000
0.000000,0.000000,0.000000,0.000000,-2853.000000,-196.000000,196.000000
-100.000000,100.000000,0.000000,0.000000,-2877.000000,-196.000000,0.000000
100.000000,200.000000,0.000000,0.000000,-2836.000000,-392.000000,-196.000000
0.000000,-100.000000,0.000000,0.000000,-2846.000000,0.000000,-196.000000
100.000000,0.000000,0.000000,0.000000,-2873.000000,-196.000000,-392.000000
100.000000,100.000000,0.000000,0.000000,-2897.000000,-196.000000,-392.000000
-100.000000,0.000000,0.000000,0.000000,-2888.000000,-196.000000,-392.000000
0.000000,100.000000,0.000000,0.000000,-2906.000000,-196.000000,-196.000000
0.000000,0.000000,0.000000,0.000000,-2886.000000,-196.000000,0.000000
0.000000,0.000000,0.000000,0.000000,-2915.000000,-196.000000,0.000000
-100.000000,0.000000,0.000000,0.000000,-2882.000000,-392.000000,0.000000
0.000000,200.000000,0.000000,0.000000,-2838.000000,-196.000000,0.000000
-100.000000,0.000000,0.000000,0.000000,-2833.000000,-196.000000,0.000000
0.000000,-200.000000,0.000000,0.000000,-2810.000000,0.000000,-196.000000
-300.000000,-200.000000,0.000000,0.000000,-2811.000000,-196.000000,0.000000
-200.000000,-100.000000,0.000000,0.000000,-2824.000000,0.000000,-196.000000
200.000000,0.000000,0.000000,0.000000,-2794.000000,0.000000,0.000000
100.000000,-100.000000,0.000000,0.000000,-2754.000000,0.000000,-196.000000
-200.000000,100.000000,78.000000,78.000000,-2731.000000,-196.000000,0.000000
0.000000,0.000000,0.000000,0.000000,-2698.000000,0.000000,-196.000000
0.000000,0.000000,0.000000,0.000000,-2711.000000,0.000000,0.000000
-100.000000,0.000000,0.000000,0.000000,-2724.000000,0.000000,0.000000
-100.000000,-100.000000,0.000000,0.000000,-2748.000000,0.000000,0.000000
-100.000000,-100.000000,0.000000,0.000000,-2755.000000,0.000000,0.000000
200.000000,-100.000000,0.000000,0.000000,-2760.000000,0.000000,0.000000
100.000000,-100.000000,0.000000,0.000000,-2763.000000,0.000000,0.000000
0.000000,200.000000,0.000000,0.000000,-2747.000000,0.000000,0.000000
-100.000000,-500.000000,0.000000,0.000000,-2725.000000,196.000000,0.000000
0.000000,100.000000,0.000000,0.000000,-2718.000000,0.000000,0.000000
-200.000000,-300.000000,78.000000,78.000000,-2748.000000,0.000000,0.000000
0.000000,-200.000000,77.000000,78.000000,-2760.000000,0.000000,0.000000
100.000000,-100.000000,0.000000,0.000000,-2760.000000,0.000000,0.000000
-100.000000,100.000000,0.000000,0.000000,-2756.000000,0.000000,0.000000
0.000000,0.000000,0.000000,0.000000,-2743.000000,0.000000,0.000000
-100.000000,0.000000,0.000000,0.000000,-2727.000000,0.000000,0.000000
0.000000,0.000000,0.000000,0.000000,-2723.000000,0.000000,0.000000
0.000000,0.000000,78.000000,78.000000,-2700.000000,0.000000,0.000000
0.000000,0.000000,0.000000,0.000000,-2686.000000,0.000000,0.000000
-300.000000,-400.000000,0.000000,0.000000,-2682.000000,0.000000,0.000000
-200.000000,100.000000,0.000000,0.000000,-2671.000000,0.000000,0.000000
-200.000000,100.000000,0.000000,0.000000,-2700.000000,0.000000,0.000000
200.000000,-100.000000,0.000000,0.000000,-2731.000000,0.000000,0.000000
-100.000000,100.000000,0.000000,0.000000,-2736.000000,0.000000,0.000000
-100.000000,0.000000,0.000000,0.000000,-2734.000000,0.000000,0.000000
-100.000000,100.000000,0.000000,0.000000,-2755.000000,0.000000,0.000000
0.000000,-200.000000,0.000000,0.000000,-2717.000000,0.000000,-196.000000
100.000000,-200.000000,0.000000,0.000000,-2699.000000,0.000000,0.000000
0.000000,-100.000000,0.000000,0.000000,-2725.000000,-196.000000,-196.000000
0.000000,100.000000,156.000000,156.000000,-2695.000000,0.000000,0.000000
200.000000,-100.000000,0.000000,0.000000,-2734.000000,0.000000,0.000000
-200.000000,0.000000,0.000000,0.000000,-2764.000000,0.000000,0.000000
-200.000000,0.000000,78.000000,78.000000,-2759.000000,0.000000,-196.000000
0.000000,0.000000,0.000000,0.000000,-2784.000000,0.000000,-196.000000
300.000000,0.000000,0.000000,0.000000,-2818.000000,-196.000000,-196.000000
-100.000000,0.000000,0.000000,0.000000,-2830.000000,0.000000,-196.000000
0.000000,-100.000000,0.000000,0.000000,-2829.000000,-196.000000,0.000000
200.000000,0.000000,0.000000,0.000000,-2850.000000,0.000000,-196.000000
500.000000,-200.000000,0.000000,0.000000,-2871.000000,-196.000000,-196.000000
300.000000,0.000000,0.000000,0.000000,-2850.000000,0.000000,0.000000
-100.000000,-100.000000,0.000000,0.000000,-2840.000000,-196.000000,-196.000000
0.000000,0.000000,0.000000,0.000000,-2837.000000,0.000000,-392.000000
0.000000,300.000000,0.000000,0.000000,-2819.000000,-196.000000,-196.000000
-100.000000,-200.000000,0.000000,0.000000,-2806.000000,0.000000,-196.000000
0.000000,0.000000,0.000000,0.000000,-2805.000000,-196.000000,0.000000
200.000000,-300.000000,0.000000,0.000000,-2792.000000,-196.000000,-196.000000
100.000000,0.000000,0.000000,0.000000,-2766.000000,0.000000,0.000000
300.000000,0.000000,0.000000,0.000000,-2755.000000,-196.000000,-196.000000
-200.000000,200.000000,0.000000,0.000000,-2763.000000,0.000000,-196.000000
300.000000,300.000000,0.000000,0.000000,-2781.000000,0.000000,-196.000000
100.000000,0.000000,0.000000,0.000000,-2763.000000,0.000000,-392.000000
-100.000000,0.000000,0.000000,0.000000,-2746.000000,-196.000000,-392.000000
0.000000,100.000000,0.000000,0.000000,-2774.000000,-196.000000,-196.000000
300.000000,0.000000,0.000000,0.000000,-2780.000000,-196.000000,-196.000000
300.000000,-100.000000,0.000000,0.000000,-2759.000000,0.000000,0.000000
0.000000,0.000000,0.000000,0.000000,-2741.000000,0.000000,0.000000
0.000000,-200.000000,0.000000,0.000000,-2737.000000,-196.000000,0.000000
200.000000,0.000000,0.000000,0.000000,-2743.000000,0.000000,-196.000000
400.000000,0.000000,0.000000,0.000000,-2755.000000,-196.000000,-196.000000
-200.000000,-100.000000,0.000000,0.000000,-2769.000000,-196.000000,-392.000000
-100.000000,0.000000,0.000000,0.000000,-2753.000000,-196.000000,-392.000000
100.000000,0.000000,0.000000,0.000000,-2744.000000,0.000000,-392.000000
200.000000,0.000000,0.000000,0.000000,-2745.000000,-196.000000,-392.000000
400.000000,0.000000,0.000000,0.000000,-2718.000000,-196.000000,-196.000000
-200.000000,0.000000,0.000000,0.000000,-2727.000000,0.000000,0.000000
-200.000000,-100.000000,0.000000,0.000000,-2725.000000,-196.000000,0.000000
100.000000,0.000000,0.000000,0.000000,-2743.000000,0.000000,0.000000
0.000000,0.000000,0.000000,0.000000,-2732.000000,0.000000,-196.000000
200.000000,100.000000,0.000000,0.000000,-2735.000000,-196.000000,-392.000000
100.000000,100.000000,0.000000,0.000000,-2764.000000,-196.000000,-392.000000
200.000000,0.000000,0.000000,0.000000,-2764.000000,-196.000000,-392.000000
-100.000000,200.000000,0.000000,0.000000,-2777.000000,-196.000000,-392.000000
300.000000,-100.000000,0.000000,0.000000,-2765.000000,0.000000,0.000000
-100.000000,-100.000000,0.000000,0.000000,-2808.000000,0.000000,-196.000000
0.000000,0.000000,0.000000,0.000000,-2845.000000,-196.000000,0.000000
-100.000000,200.000000,0.000000,0.000000,-2834.000000,-196.000000,-196.000000
100.000000,0.000000,78.000000,78.000000,-2818.000000,-196.000000,-392.000000
0.000000,0.000000,0.000000,0.000000,-2834.000000,-196.000000,-392.000000
-100.000000,-300.000000,0.000000,0.000000,-2821.000000,0.000000,-392.000000
100.000000,0.000000,0.000000,0.000000,-2789.000000,-196.000000,-196.000000
100.000000,100.000000,0.000000,0.000000,-2802.000000,-196.000000,-196.000000
200.000000,0.000000,0.000000,0.000000,-2818.000000,0.000000,-196.000000
0.000000,0.000000,0.000000,0.000000,-2803.000000,-196.000000,-196.000000
0.000000,100.000000,0.000000,0.000000,-2815.000000,0.000000,-196.000000
100.000000,0.000000,0.000000,0.000000,-2812.000000,-196.000000,-392.000000
0.000000,0.000000,0.000000,0.000000,-2805.000000,-196.000000,-392.000000
100.000000,0.000000,156.000000,156.000000,-2798.000000,-196.000000,-392.000000
0.000000,100.000000,0.000000,0.000000,-2772.000000,0.000000,-196.000000
0.000000,0.000000,0.000000,0.000000,-2764.000000,-196.000000,-196.000000
0.000000,0.000000,0.000000,0.000000,-2801.000000,-196.000000,-196.000000
100.000000,-200.000000,0.000000,0.000000,-2852.000000,-196.000000,-196.000000
0.000000,100.000000,0.000000,0.000000,-2832.000000,-196.000000,-196.000000
300.000000,0.000000,0.000000,0.000000,-2845.000000,-196.000000,-392.000000
200.000000,0.000000,0.000000,0.000000,-2857.000000,-196.000000,-392.000000
0.000000,200.000000,0.000000,0.000000,-2864.000000,-196.000000,-196.000000
100.000000,200.000000,0.000000,0.000000,-2876.000000,0.000000,-196.000000
0.000000,0.000000,0.000000,0.000000,-2874.000000,-196.000000,-196.000000
200.000000,0.000000,0.000000,0.000000,-2863.000000,0.000000,0.000000
0.000000,100.000000,156.000000,156.000000,-2853.000000,-196.000000,-392.000000
0.000000,0.000000,76.000000,78.000000,-2864.000000,-196.000000,-196.000000
200.000000,100.000000,0.000000,0.000000,-2850.000000,-196.000000,-392.000000
0.000000,-200.000000,0.000000,0.000000,-2850.000000,0.000000,-196.000000
0.000000,100.000000,0.000000,0.000000,-2818.000000,-392.000000,-392.000000
0.000000,0.000000,0.000000,0.000000,-2805.000000,-196.000000,0.000000
100.000000,0.000000,0.000000,0.000000,-2787.000000,-196.000000,-196.000000
-100.000000,100.000000,0.000000,0.000000,-2757.000000,-196.000000,-196.000000
0.000000,-100.000000,0.000000,0.000000,-2760.000000,-196.000000,-196.000000
0.000000,-100.000000,0.000000,0.000000,-2790.000000,-196.000000,-196.000000
0.000000,0.000000,0.000000,0.000000,-2823.000000,0.000000,-392.000000
0.000000,0.000000,0.000000,0.000000,-2812.000000,0.000000,-392.000000
0.000000,-100.000000,0.000000,0.000000,-2834.000000,-196.000000,-196.000000
-100.000000,0.000000,156.000000,156.000000,-2854.000000,-196.000000,0.000000
0.000000,100.000000,0.000000,0.000000,-2852.000000,-196.000000,0.000000
-100.000000,0.000000,0.000000,0.000000,-2832.000000,-196.000000,0.000000
300.000000,-100.000000,0.000000,0.000000,-2808.000000,-196.000000,-196.000000
200.000000,0.000000,0.000000,0.000000,-2834.000000,-196.000000,-196.000000
0.000000,0.000000,0.000000,0.000000,-2875.000000,-196.000000,-196.000000
0.000000,-100.000000,0.000000,0.000000,-2896.000000,-196.000000,-392.000000
100.000000,0.000000,0.000000,0.000000,-2907.000000,-196.000000,-196.000000
200.000000,0.000000,0.000000,0.000000,-2896.000000,0.000000,-392.000000
0.000000,0.000000,0.000000,0.000000,-2888.000000,-196.000000,-196.000000
300.000000,0.000000,0.000000,0.000000,-2904.000000,0.000000,-196.000000
-100.000000,0.000000,0.000000,0.000000,-2878.000000,0.000000,0.000000
0.000000,100.000000,0.000000,0.000000,-2884.000000,-196.000000,0.000000
-300.000000,0.000000,0.000000,0.000000,-2861.000000,-196.000000,0.000000
0.000000,-200.000000,0.000000,0.000000,-2866.000000,-196.000000,0.000000
200.000000,100.000000,0.000000,0.000000,-2839.000000,-196.000000,-196.000000
0.000000,-100.000000,0.000000,0.000000,-2818.000000,-196.000000,-196.000000
0.000000,-100.000000,0.000000,0.000000,-2843.000000,0.000000,-196.000000
0.000000,100.000000,0.000000,0.000000,-2815.000000,-196.000000,-196.000000
200.000000,0.000000,0.000000,0.000000,-2788.000000,-196.000000,-196.000000
-100.000000,-100.000000,0.000000,0.000000,-2802.000000,-196.000000,-392.000000
100.000000,-100.000000,0.000000,0.000000,-2793.000000,-196.000000,-196.000000
300.000000,0.000000,0.000000,0.000000,-2788.000000,-196.000000,0.000000
-100.000000,0.000000,0.000000,0.000000,-2772.000000,0.000000,0.000000
-400.000000,0.000000,0.000000,0.000000,-2810.000000,0.000000,0.000000
0.000000,-100.000000,0.000000,0.000000,-2794.000000,0.000000,-196.000000
100.000000,0.000000,0.000000,0.000000,-2810.000000,-196.000000,0.000000
300.000000,0.000000,0.000000,0.000000,-2824.000000,-196.000000,-196.000000
0.000000,0.000000,0.000000,0.000000,-2813.000000,-196.000000,-196.000000
200.000000,0.000000,0.000000,0.000000,-2795.000000,0.000000,-196.000000
100.000000,-100.000000,0.000000,0.000000,-2772.000000,0.000000,-196.000000
200.000000,0.000000,0.000000,0.000000,-2773.000000,0.000000,0.000000
100.000000,-100.000000,0.000000,0.000000,-2802.000000,-196.000000,-196.000000
100.000000,0.000000,0.000000,0.000000,-2787.000000,-196.000000,-196.000000
300.000000,-100.000000,0.000000,0.000000,-2771.000000,0.000000,-196.000000
200.000000,0.000000,0.000000,0.000000,-2755.000000,-196.000000,-196.000000
200.000000,-200.000000,0.000000,0.000000,-2777.000000,0.000000,-196.000000
