Channel 1,Channel 2,Channel 3,Channel 4,Channel 5,Channel 6,Channel 7
0.000000,-200.000000,0.000000,0.000000,-3000.000000,0.000000,0.000000
100.000000,-800.000000,0.000000,0.000000,-3019.000000,0.000000,0.000000
100.000000,-200.000000,0.000000,0.000000,-3029.000000,0.000000,-196.000000
-300.000000,0.000000,0.000000,0.000000,-3003.000000,0.000000,0.000000
0.000000,0.000000,0.000000,0.000000,-3024.000000,0.000000,0.000000
-100.000000,-200.000000,0.000000,0.000000,-2999.000000,0.000000,0.000000
-100.000000,-100.000000,0.000000,0.000000,-2996.000000,0.000000,0.000000
100.000000,-100.000000,0.000000,0.000000,-2995.000000,0.000000,0.000000
0.000000,-100.000000,0.000000,0.000000,-3002.000000,0.000000,0.000000
-300.000000,-100.000000,0.000000,0.000000,-2973.000000,0.000000,0.000000
0.000000,-400.000000,0.000000,0.000000,-2979.000000,0.000000,0.000000
-100.000000,0.000000,0.000000,0.000000,-2977.000000,0.000000,0.000000
-200.000000,200.000000,0.000000,0.000000,-2970.000000,0.000000,0.000000
-200.000000,0.000000,0.000000,0.000000,-2936.000000,0.000000,0.000000
100.000000,-200.000000,0.000000,0.000000,-2911.000000,0.000000,0.000000
200.000000,0.000000,0.000000,0.000000,-2898.000000,0.000000,0.000000
-100.000000,-200.000000,0.000000,0.000000,-2904.000000,0.000000,0.000000
0.000000,0.000000,0.000000,0.000000,-2868.000000,0.000000,0.000000
-100.000000,0.000000,0.000000,0.000000,-2865.000000,0.000000,0.000000
0.000000,0.000000,0.000000,0.000000,-2843.000000,0.000000,0.000000
0.000000,0.000000,0.000000,0.000000,-2832.000000,-196.000000,0.000000
0.000000,0.000000,0.000000,0.000000,-2842.000000,0.000000,0.000000
0.000000,100.000000,0.000000,0.000000,-2852.000000,0.000000,0.000000
0.000000,-300.000000,0.000000,0.000000,-2839.000000,0.000000,0.000000
-200.000000,0.000000,0.000000,0.000000,-2856.000000,0.000000,0.000000
0.000000,-200.000000,0.000000,0.000000,-2883.000000,0.000000,0.000000
-100.000000,0.000000,0.000000,0.000000,-2871.000000,0.000000,0.000000
-100.000000,0.000000,0.000000,0.000000,-2871.000000,0.000000,0.000000
0.000000,-200.000000,0.000000,0.000000,-2885.000000,0.000000,0.000000
0.000000,-100.000000,0.000000,0.000000,-2907.000000,0.000000,0.000000
0.000000,0.000000,0.000000,0.000000,-2918.000000,0.000000,0.000000
-100.000000,0.000000,0.000000,0.000000,-2914.000000,0.000000,0.000000
0.000000,-200.000000,0.000000,0.000000,-2897.000000,0.000000,0.000000
100.000000,0.000000,0.000000,0.000000,-2871.000000,0.000000,0.000000
100.000000,0.000000,0.000000,0.000000,-2868.000000,0.000000,0.000000
200.000000,-100.000000,0.000000,0.000000,-2862.000000,0.000000,0.000000
-100.000000,0.000000,0.000000,0.000000,-2869.000000,0.000000,0.000000
0.000000,0.000000,0.000000,0.000000,-2891.000000,0.000000,0.000000
-100.000000,0.000000,0.000000,0.000000,-2917.000000,0.000000,0.000000
0.000000,0.000000,0.000000,0.000000,-2914.000000,0.000000,0.000000
-200.000000,-100.000000,0.000000,0.000000,-2899.000000,0.000000,0.000000
-200.000000,0.000000,0.000000,0.000000,-2916.000000,0.000000,0.000000
-100.000000,-200.000000,0.000000,0.000000,-2910.000000,0.000000,0.000000
-400.000000,-200.000000,0.000000,0.000000,-2945.000000,0.000000,0.000000
-100.000000,0.000000,0.000000,0.000000,-2946.000000,0.000000,0.000000
-200.000000,300.000000,0.000000,0.000000,-2971.000000,0.000000,0.000000
0.000000,-100.000000,0.000000,0.000000,-2989.000000,196.000000,0.000000
0.000000,0.000000,0.000000,0.000000,-2989.000000,0.000000,0.000000
0.000000,-100.000000,0.000000,0.000000,-2977.000000,0.000000,0.000000
-100.000000,-200.000000,0.000000,0.000000,-2968.000000,0.000000,0.000000
0.000000,-100.000000,0.000000,0.000000,-2948.000000,0.000000,0.000000
0.000000,100.000000,0.000000,0.000000,-2915.000000,0.000000,0.000000
-100.000000,-100.000000,0.000000,0.000000,-2898.000000,0.000000,196.000000
0.000000,-100.000000,0.000000,0.000000,-2881.000000,0.000000,0.000000
0.000000,-300.000000,0.000000,0.000000,-2877.000000,0.000000,0.000000
-100.000000,100.000000,0.000000,0.000000,-2857.000000,0.000000,0.000000
0.000000,0.000000,0.000000,0.000000,-2835.000000,0.000000,0.000000
0.000000,-100.000000,0.000000,0.000000,-2817.000000,0.000000,0.000000
0.000000,0.000000,0.000000,0.000000,-2843.000000,0.000000,0.000000
-100.000000,0.000000,0.000000,0.000000,-2824.000000,0.000000,0.000000
-200.000000,200.000000,0.000000,0.000000,-2820.000000,0.000000,0.000000
0.000000,-100.000000,0.000000,0.000000,-2829.000000,0.000000,0.000000
0.000000,0.000000,0.000000,0.000000,-2838.000000,0.000000,0.000000
0.000000,0.000000,0.000000,0.000000,-2853.000000,0.000000,0.000000
-200.000000,0.000000,0.000000,0.000000,-2861.000000,0.000000,0.000000
-100.000000,-200.000000,0.000000,0.000000,-2846.000000,0.000000,0.000000
-100.000000,0.000000,0.000000,0.000000,-2868.000000,0.000000,0.000000
-100.000000,0.000000,0.000000,0.000000,-2858.000000,0.000000,0.000000
-100.000000,-100.000000,0.000000,0.000000,-2863.000000,0.000000,0.000000
0.000000,0.000000,0.000000,0.000000,-2876.000000,0.000000,0.000000
-100.000000,0.000000,0.000000,0.000000,-2869.000000,0.000000,0.000000
0.000000,-100.000000,0.000000,0.000000,-2839.000000,0.000000,0.000000
100.000000,-200.000000,0.000000,0.000000,-2849.000000,0.000000,0.000000
-200.000000,0.000000,0.000000,0.000000,-2824.000000,0.000000,0.000000
0.000000,0.000000,0.000000,0.000000,-2813.000000,0.000000,0.000000
-100.000000,100.000000,0.000000,0.000000,-2813.000000,0.000000,0.000000
-100.000000,0.000000,0.000000,0.000000,-2802.000000,0.000000,0.000000
-100.000000,0.000000,0.000000,0.000000,-2790.000000,0.000000,0.000000
0.000000,0.000000,0.000000,0.000000,-2803.000000,0.000000,0.000000
0.000000,-200.000000,0.000000,0.000000,-2824.000000,0.000000,0.000000
0.000000,-100.000000,0.000000,0.000000,-2850.000000,0.000000,0.000000
-100.000000,0.000000,0.000000,0.000000,-2836.000000,0.000000,0.000000
0.000000,-200.000000,0.000000,0.000000,-2859.000000,0.000000,0.000000
0.000000,100.000000,0.000000,0.000000,-2887.000000,0.000000,0.000000
0.000000,0.000000,0.000000,0.000000,-2893.000000,0.000000,0.000000
0.000000,200.000000,0.000000,0.000000,-2903.000000,0.000000,-196.000000
0.000000,-100.000000,0.000000,0.000000,-2940.000000,0.000000,0.000000
200.000000,-300.000000,0.000000,0.000000,-2928.000000,0.000000,0.000000
-200.000000,-100.000000,0.000000,0.000000,-2905.000000,0.000000,0.000000
0.000000,-200.000000,0.000000,0.000000,-2892.000000,0.000000,0.000000
0.000000,100.000000,0.000000,0.000000,-2875.000000,0.000000,0.000000
-100.000000,100.000000,0.000000,0.000000,-2873.000000,0.000000,0.000000
-100.000000,0.000000,0.000000,0.000000,-2898.000000,0.000000,0.000000
-100.000000,-200.000000,0.000000,0.000000,-2900.000000,-196.000000,0.000000
0.000000,0.000000,0.000000,0.000000,-2927.000000,0.000000,0.000000
-100.000000,-100.000000,0.000000,0.000000,-2917.000000,0.000000,0.000000
0.000000,-100.000000,0.000000,0.000000,-2947.000000,0.000000,0.000000
0.000000,100.000000,0.000000,0.000000,-2975.000000,0.000000,0.000000
-200.000000,-200.000000,0.000000,0.000000,-2962.000000,-196.000000,0.000000
0.000000,0.000000,0.000000,0.000000,-2968.000000,0.000000,0.000000
-100.000000,200.000000,0.000000,0.000000,-2966.000000,-196.000000,0.000000
-200.000000,100.000000,0.000000,0.000000,-2971.000000,-196.000000,0.000000
100.000000,200.000000,0.000000,0.000000,-2963.000000,0.000000,0.000000
100.000000,0.000000,0.000000,0.000000,-2955.000000,0.000000,0.000000
0.000000,0.000000,0.000000,0.000000,-2932.000000,-196.000000,0.000000
-300.000000,0.000000,0.000000,0.000000,-2928.000000,0.000000,0.000000
0.000000,-200.000000,0.000000,0.000000,-2909.000000,-392.000000,0.000000
-200.000000,100.000000,0.000000,0.000000,-2894.000000,-196.000000,0.000000
0.000000,100.000000,0.000000,0.000000,-2930.000000,0.000000,0.000000
0.000000,100.000000,0.000000,0.000000,-2900.000000,0.000000,0.000000
-100.000000,0.000000,0.000000,0.000000,-2938.000000,-196.000000,0.000000
0.000000,0.000000,0.000000,0.000000,-2959.000000,0.000000,0.000000
-200.000000,0.000000,0.000000,0.000000,-2963.000000,0.000000,0.000000
-100.000000,0.000000,0.000000,0.000000,-2978.000000,0.000000,0.000000
0.000000,100.000000,0.000000,0.000000,-2960.000000,0.000000,0.000000
0.000000,0.000000,0.000000,0.000000,-2943.000000,0.000000,0.000000
-200.000000,-100.000000,0.000000,0.000000,-2913.000000,0.000000,0.000000
0.000000,0.000000,0.000000,0.000000,-2876.000000,0.000000,0.000000
0.000000,-100.000000,0.000000,0.000000,-2843.000000,0.000000,0.000000
-100.000000,-100.000000,0.000000,0.000000,-2809.000000,0.000000,0.000000
0.000000,100.000000,0.000000,0.000000,-2795.000000,0.000000,0.000000
0.000000,100.000000,0.000000,0.000000,-2815.000000,0.000000,0.000000
0.000000,0.000000,0.000000,0.000000,-2795.000000,0.000000,0.000000
-100.000000,-200.000000,0.000000,0.000000,-2782.000000,0.000000,0.000000
-100.000000,-100.000000,0.000000,0.000000,-2821.000000,0.000000,0.000000
-100.000000,0.000000,0.000000,0.000000,-2849.000000,0.000000,0.000000
200.000000,0.000000,0.000000,0.000000,-2849.000000,0.000000,0.000000
-200.000000,-100.000000,0.000000,0.000000,-2873.000000,0.000000,0.000000
-200.000000,-100.000000,0.000000,0.000000,-2889.000000,0.000000,0.000000
-100.000000,0.000000,0.000000,0.000000,-2912.000000,0.000000,0.000000
-100.000000,0.000000,0.000000,0.000000,-2886.000000,0.000000,0.000000
100.000000,0.000000,0.000000,0.000000,-2860.000000,196.000000,0.000000
-200.000000,0.000000,0.000000,0.000000,-2834.000000,196.000000,0.000000
-100.000000,-200.000000,0.000000,0.000000,-2840.000000,0.000000,0.000000
-100.000000,-100.000000,0.000000,0.000000,-2859.000000,0.000000,0.000000
0.000000,0.000000,0.000000,0.000000,-2837.000000,0.000000,196.000000
0.000000,-200.000000,0.000000,0.000000,-2845.000000,0.000000,0.000000
-100.000000,-100.000000,0.000000,0.000000,-2841.000000,0.000000,0.000000
0.000000,100.000000,0.000000,0.000000,-2861.000000,0.000000,0.000000
-100.000000,0.000000,0.000000,0.000000,-2846.000000,0.000000,0.000000
-200.000000,0.000000,0.000000,0.000000,-2822.000000,0.000000,0.000000
-100.000000,0.000000,0.000000,0.000000,-2845.000000,0.000000,0.000000
-200.000000,0.000000,0.000000,0.000000,-2842.000000,0.000000,0.000000
-100.000000,100.000000,0.000000,0.000000,-2835.000000,0.000000,0.000000
-100.000000,-100.000000,0.000000,0.000000,-2833.000000,0.000000,0.000000
-300.000000,0.000000,0.000000,0.000000,-2853.000000,0.000000,0.000000
-200.000000,0.000000,0.000000,0.000000,-2848.000000,0.000000,0.000000
100.000000,0.000000,0.000000,0.000000,-2842.000000,0.000000,0.000000
100.000000,-100.000000,0.000000,0.000000,-2864.000000,0.000000,0.000000
-200.000000,0.000000,0.000000,0.000000,-2872.000000,0.000000,0.000000
-200.000000,0.000000,0.000000,0.000000,-2855.000000,0.000000,0.000000
-100.000000,-100.000000,0.000000,0.000000,-2840.000000,0.000000,0.000000
-200.000000,0.000000,0.000000,0.000000,-2838.000000,0.000000,0.000000
-100.000000,0.000000,0.000000,0.000000,-2832.000000,0.000000,0.000000
-100.000000,0.000000,0.000000,0.000000,-2852.000000,0.000000,0.000000
-100.000000,0.000000,0.000000,0.000000,-2846.000000,0.000000,0.000000
-200.000000,0.000000,0.000000,0.000000,-2840.000000,0.000000,0.000000
-100.000000,0.000000,0.000000,0.000000,-2847.000000,0.000000,0.000000
0.000000,-100.000000,0.000000,0.000000,-2872.000000,0.000000,0.000000
0.000000,-200.000000,0.000000,0.000000,-2850.000000,0.000000,0.000000
0.000000,-200.000000,0.000000,0.000000,-2872.000000,0.000000,0.000000
-100.000000,100.000000,0.000000,0.000000,-2898.000000,0.000000,0.000000
0.000000,-100.000000,0.000000,0.000000,-2888.000000,0.000000,-196.000000
-100.000000,0.000000,0.000000,0.000000,-2905.000000,0.000000,0.000000
-100.000000,100.000000,0.000000,0.000000,-2886.000000,0.000000,0.000000
-100.000000,-100.000000,0.000000,0.000000,-2911.000000,-196.000000,0.000000
-100.000000,0.000000,0.000000,0.000000,-2898.000000,-196.000000,0.000000
-100.000000,0.000000,0.000000,0.000000,-2914.000000,0.000000,0.000000
0.000000,-200.000000,0.000000,0.000000,-2904.000000,0.000000,0.000000
100.000000,0.000000,0.000000,0.000000,-2895.000000,0.000000,0.000000
-100.000000,-200.000000,0.000000,0.000000,-2908.000000,0.000000,-196.000000
0.000000,0.000000,0.000000,0.000000,-2888.000000,0.000000,0.000000
0.000000,-100.000000,0.000000,0.000000,-2862.000000,0.000000,-196.000000
-100.000000,0.000000,0.000000,0.000000,-2880.000000,0.000000,-392.000000
0.000000,0.000000,0.000000,0.000000,-2878.000000,-196.000000,0.000000
0.000000,100.000000,0.000000,0.000000,-2859.000000,0.000000,-196.000000
100.000000,100.000000,0.000000,0.000000,-2841.000000,-196.000000,0.000000
0.000000,0.000000,0.000000,0.000000,-2852.000000,-392.000000,0.000000
0.000000,0.000000,0.000000,0.000000,-2886.000000,-196.000000,0.000000
-100.000000,0.000000,0.000000,0.000000,-2863.000000,0.000000,-196.000000
100.000000,100.000000,0.000000,0.000000,-2881.000000,0.000000,0.000000
100.000000,300.000000,0.000000,0.000000,-2911.000000,0.000000,0.000000
0.000000,100.000000,0.000000,0.000000,-2930.000000,0.000000,0.000000
-100.000000,200.000000,0.000000,0.000000,-2895.000000,0.000000,0.000000
-100.000000,0.000000,0.000000,0.000000,-2886.000000,0.000000,0.000000
-400.000000,-100.000000,0.000000,0.000000,-2872.000000,0.000000,0.000000
200.000000,0.000000,0.000000,0.000000,-2897.000000,0.000000,0.000000
0.000000,0.000000,0.000000,0.000000,-2917.000000,0.000000,0.000000
0.000000,-200.000000,0.000000,0.000000,-2921.000000,0.000000,0.000000
-200.000000,100.000000,0.000000,0.000000,-2929.000000,0.000000,0.000000
100.000000,100.000000,0.000000,0.000000,-2923.000000,0.000000,0.000000
-200.000000,0.000000,0.000000,0.000000,-2933.000000,0.000000,0.000000
0.000000,0.000000,0.000000,0.000000,-2914.000000,0.000000,0.000000
0.000000,0.000000,0.000000,0.000000,-2888.000000,0.000000,0.000000
0.000000,0.000000,0.000000,0.000000,-2865.000000,0.000000,0.000000
200.000000,0.000000,0.000000,0.000000,-2848.000000,0.000000,196.000000
0.000000,0.000000,0.000000,0.000000,-2881.000000,0.000000,0.000000
0.000000,-100.000000,0.000000,0.000000,-2918.000000,0.000000,0.000000
-200.000000,-100.000000,0.000000,0.000000,-2935.000000,196.000000,0.000000
100.000000,0.000000,0.000000,0.000000,-2965.000000,0.000000,0.000000
0.000000,-200.000000,0.000000,0.000000,-2981.000000,196.000000,0.000000
0.000000,-200.000000,0.000000,0.000000,-2995.000000,0.000000,0.000000
-200.000000,0.000000,0.000000,0.000000,-2984.000000,0.000000,0.000000
-100.000000,0.000000,0.000000,0.000000,-2967.000000,0.000000,0.000000
-100.000000,0.000000,0.000000,0.000000,-2967.000000,0.000000,0.000000
0.000000,0.000000,0.000000,0.000000,-2968.000000,0.000000,0.000000
-100.000000,-100.000000,0.000000,0.000000,-2941.000000,0.000000,0.000000
0.000000,-200.000000,0.000000,0.000000,-2952.000000,0.000000,0.000000
-100.000000,0.000000,0.000000,0.000000,-2960.000000,0.000000,0.000000
-200.000000,-100.000000,0.000000,0.000000,-2950.000000,0.000000,0.000000
-100.000000,0.000000,0.000000,0.000000,-2942.000000,0.000000,0.000000
-100.000000,200.000000,0.000000,0.000000,-2910.000000,0.000000,0.000000
-200.000000,0.000000,0.000000,0.000000,-2888.000000,0.000000,0.000000
-100.000000,0.000000,0.000000,0.000000,-2879.000000,0.000000,0.000000
-100.000000,0.000000,0.000000,0.000000,-2895.000000,0.000000,0.000000
-200.000000,-100.000000,0.000000,0.000000,-2888.000000,0.000000,0.000000
-100.000000,0.000000,0.000000,0.000000,-2905.000000,0.000000,0.000000
0.000000,-100.000000,0.000000,0.000000,-2893.000000,0.000000,0.000000
100.000000,0.000000,0.000000,0.000000,-2910.000000,0.000000,0.000000
0.000000,0.000000,0.000000,0.000000,-2908.000000,0.000000,0.000000
0.000000,0.000000,0.000000,0.000000,-2898.000000,0.000000,0.000000
0.000000,0.000000,0.000000,0.000000,-2911.000000,-196.000000,0.000000
-100.000000,-200.000000,0.000000,0.000000,-2906.000000,0.000000,0.000000
100.000000,0.000000,0.000000,0.000000,-2915.000000,0.000000,0.000000
0.000000,0.000000,0.000000,0.000000,-2927.000000,-196.000000,0.000000
-300.000000,200.000000,0.000000,0.000000,-2936.000000,0.000000,-196.000000
0.000000,-100.000000,0.000000,0.000000,-2932.000000,0.000000,0.000000
0.000000,0.000000,0.000000,0.000000,-2919.000000,0.000000,0.000000
0.000000,-100.000000,0.000000,0.000000,-2931.000000,0.000000,0.000000
-200.000000,200.000000,0.000000,0.000000,-2950.000000,0.000000,0.000000
-200.000000,-100.000000,0.000000,0.000000,-2927.000000,0.000000,0.000000
0.000000,-100.000000,0.000000,0.000000,-2931.000000,0.000000,0.000000
0.000000,100.000000,0.000000,0.000000,-2949.000000,0.000000,0.000000
-100.000000,0.000000,0.000000,0.000000,-2934.000000,0.000000,0.000000
0.000000,100.000000,0.000000,0.000000,-2953.000000,0.000000,0.000000
200.000000,0.000000,0.000000,0.000000,-2934.000000,0.000000,0.000000
-200.000000,-300.000000,0.000000,0.000000,-2941.000000,0.000000,0.000000
0.000000,-100.000000,0.000000,0.000000,-2934.000000,0.000000,0.000000
100.000000,0.000000,0.000000,0.000000,-2918.000000,0.000000,0.000000
-100.000000,0.000000,0.000000,0.000000,-2935.000000,0.000000,0.000000
0.000000,0.000000,0.000000,0.000000,-2959.000000,0.000000,0.000000
0.000000,0.000000,0.000000,0.000000,-2950.000000,0.000000,0.000000
-300.000000,100.000000,0.000000,0.000000,-2962.000000,0.000000,0.000000
-100.000000,-100.000000,0.000000,0.000000,-2949.000000,0.000000,0.000000
200.000000,0.000000,0.000000,0.000000,-2938.000000,0.000000,0.000000
-200.000000,-100.000000,0.000000,0.000000,-2955.000000,0.000000,0.000000
0.000000,0.000000,0.000000,0.000000,-2925.000000,0.000000,0.000000
0.000000,0.000000,0.000000,0.000000,-2914.000000,0.000000,0.000000
-100.000000,-100.000000,0.000000,0.000000,-2908.000000,0.000000,196.000000
100.000000,0.000000,0.000000,0.000000,-2908.000000,0.000000,0.000000
100.000000,-300.000000,0.000000,0.000000,-2883.000000,196.000000,0.000000
0.000000,0.000000,0.000000,0.000000,-2892.000000,0.000000,0.000000
100.000000,200.000000,0.000000,0.000000,-2886.000000,0.000000,0.000000
-200.000000,0.000000,0.000000,0.000000,-2876.000000,0.000000,0.000000
-100.000000,0.000000,0.000000,0.000000,-2889.000000,0.000000,0.000000
0.000000,100.000000,0.000000,0.000000,-2889.000000,0.000000,0.000000
0.000000,-100.000000,0.000000,0.000000,-2912.000000,196.000000,0.000000
-200.000000,-100.000000,0.000000,0.000000,-2926.000000,0.000000,0.000000
0.000000,0.000000,0.000000,0.000000,-2902.000000,0.000000,0.000000
100.000000,200.000000,0.000000,0.000000,-2914.000000,0.000000,0.000000
0.000000,100.000000,0.000000,0.000000,-2894.000000,-196.000000,0.000000
0.000000,100.000000,0.000000,0.000000,-2897.000000,0.000000,0.000000
200.000000,0.000000,0.000000,0.000000,-2885.000000,0.000000,-196.000000
0.000000,0.000000,0.000000,0.000000,-2894.000000,0.000000,0.000000
-100.000000,0.000000,0.000000,0.000000,-2879.000000,0.000000,0.000000
-200.000000,0.000000,0.000000,0.000000,-2883.000000,-196.000000,0.000000
-100.000000,-100.000000,0.000000,0.000000,-2867.000000,0.000000,0.000000
-100.000000,100.000000,0.000000,0.000000,-2877.000000,0.000000,0.000000
0.000000,0.000000,0.000000,0.000000,-2849.000000,0.000000,0.000000
0.000000,0.000000,0.000000,0.000000,-2841.000000,0.000000,0.000000
0.000000,0.000000,0.000000,0.000000,-2823.000000,0.000000,0.000000
0.000000,0.000000,0.000000,0.000000,-2836.000000,0.000000,0.000000
100.000000,0.000000,0.000000,0.000000,-2850.000000,0.000000,0.000000
-200.000000,0.000000,0.000000,0.000000,-2872.000000,0.000000,0.000000
-200.000000,100.000000,0.000000,0.000000,-2885.000000,0.000000,0.000000
-200.000000,0.000000,0.000000,0.000000,-2893.000000,0.000000,-196.000000
200.000000,0.000000,0.000000,0.000000,-2892.000000,0.000000,0.000000
-100.000000,-200.000000,0.000000,0.000000,-2881.000000,0.000000,-196.000000
-100.000000,0.000000,0.000000,0.000000,-2885.000000,0.000000,0.000000
200.000000,0.000000,0.000000,0.000000,-2857.000000,0.000000,-196.000000
-200.000000,-100.000000,0.000000,0.000000,-2850.000000,0.000000,0.000000
100.000000,-100.000000,0.000000,0.000000,-2868.000000,-196.000000,-196.000000
300.000000,200.000000,0.000000,0.000000,-2847.000000,0.000000,0.000000
100.000000,0.000000,0.000000,0.000000,-2815.000000,-196.000000,0.000000
-100.000000,100.000000,0.000000,0.000000,-2819.000000,0.000000,0.000000
0.000000,0.000000,0.000000,0.000000,-2817.000000,-196.000000,0.000000
0.000000,-200.000000,0.000000,0.000000,-2799.000000,0.000000,0.000000
-200.000000,-300.000000,0.000000,0.000000,-2820.000000,0.000000,0.000000
-200.000000,-100.000000,0.000000,0.000000,-2841.000000,0.000000,0.000000
0.000000,0.000000,0.000000,0.000000,-2813.000000,196.000000,0.000000
300.000000,0.000000,0.000000,0.000000,-2824.000000,0.000000,0.000000
-100.000000,0.000000,0.000000,0.000000,-2838.000000,0.000000,0.000000
-100.000000,-100.000000,0.000000,0.000000,-2863.000000,0.000000,0.000000
0.000000,0.000000,0.000000,0.000000,-2856.000000,0.000000,0.000000
0.000000,0.000000,0.000000,0.000000,-2877.000000,0.000000,0.000000
0.000000,0.000000,0.000000,0.000000,-2867.000000,0.000000,0.000000
0.000000,-200.000000,0.000000,0.000000,-2860.000000,0.000000,0.000000
0.000000,-100.000000,0.000000,0.000000,-2885.000000,0.000000,0.000000
-100.000000,0.000000,0.000000,0.000000,-2891.000000,0.000000,0.000000
0.000000,-100.000000,0.000000,0.000000,-2915.000000,0.000000,0.000000
-200.000000,0.000000,0.000000,0.000000,-2926.000000,0.000000,0.000000
-200.000000,-200.000000,0.000000,0.000000,-2953.000000,0.000000,0.000000
-200.000000,-100.000000,0.000000,0.000000,-2916.000000,0.000000,0.000000
-100.000000,100.000000,0.000000,0.000000,-2932.000000,0.000000,0.000000
-100.000000,-200.000000,0.000000,0.000000,-2953.000000,0.000000,0.000000
-100.000000,0.000000,0.000000,0.000000,-2972.000000,0.000000,0.000000
0.000000,-100.000000,0.000000,0.000000,-2994.000000,0.000000,0.000000
0.000000,-100.000000,0.000000,0.000000,-3014.000000,0.000000,0.000000
-100.000000,-100.000000,0.000000,0.000000,-2998.000000,0.000000,0.000000
0.000000,-100.000000,0.000000,0.000000,-3005.000000,0.000000,0.000000
-100.000000,0.000000,0.000000,0.000000,-3015.000000,0.000000,0.000000
0.000000,-100.000000,0.000000,0.000000,-3033.000000,0.000000,0.000000
100.000000,-100.000000,0.000000,0.000000,-3015.000000,0.000000,0.000000
-200.000000,-600.000000,0.000000,0.000000,-3048.000000,0.000000,0.000000
0.000000,-100.000000,0.000000,0.000000,-3078.000000,0.000000,0.000000
-100.000000,0.000000,0.000000,0.000000,-3094.000000,0.000000,0.000000
0.000000,-200.000000,0.000000,0.000000,-3086.000000,0.000000,0.000000
0.000000,0.000000,0.000000,0.000000,-3062.000000,0.000000,0.000000
-100.000000,0.000000,0.000000,0.000000,-3046.000000,0.000000,0.000000
0.000000,-100.000000,0.000000,0.000000,-3033.000000,0.000000,0.000000
-100.000000,-100.000000,0.000000,0.000000,-3052.000000,0.000000,0.000000
0.000000,100.000000,0.000000,0.000000,-3072.000000,0.000000,0.000000
-100.000000,0.000000,0.000000,0.000000,-3075.000000,0.000000,0.000000
0.000000,-300.000000,0.000000,0.000000,-3080.000000,196.000000,0.000000
-100.000000,0.000000,0.000000,0.000000,-3056.000000,0.000000,0.000000
0.000000,-200.000000,0.000000,0.000000,-3036.000000,0.000000,0.000000
0.000000,-200.000000,0.000000,0.000000,-3022.000000,196.000000,0.000000
-100.000000,0.000000,0.000000,0.000000,-2981.000000,0.000000,0.000000
-100.000000,0.000000,0.000000,0.000000,-2969.000000,0.000000,0.000000
0.000000,100.000000,0.000000,0.000000,-2993.000000,0.000000,0.000000
0.000000,100.000000,0.000000,0.000000,-3004.000000,0.000000,0.000000
0.000000,0.000000,0.000000,0.000000,-3034.000000,0.000000,0.000000
-100.000000,-100.000000,0.000000,0.000000,-3015.000000,0.000000,0.000000
0.000000,0.000000,0.000000,0.000000,-3005.000000,0.000000,0.000000
0.000000,-100.000000,0.000000,0.000000,-2985.000000,0.000000,0.000000
100.000000,-100.000000,0.000000,0.000000,-3026.000000,0.000000,0.000000
-200.000000,-200.000000,0.000000,0.000000,-3043.000000,0.000000,0.000000
100.000000,-100.000000,0.000000,0.000000,-3059.000000,0.000000,0.000000
100.000000,-200.000000,0.000000,0.000000,-3090.000000,0.000000,196.000000
0.000000,200.000000,0.000000,0.000000,-3138.000000,0.000000,0.000000
-100.000000,-100.000000,0.000000,0.000000,-3161.000000,0.000000,0.000000
0.000000,0.000000,0.000000,0.000000,-3174.000000,0.000000,0.000000
200.000000,100.000000,0.000000,0.000000,-3156.000000,0.000000,0.000000
-100.000000,-200.000000,0.000000,0.000000,-3164.000000,0.000000,0.000000
0.000000,0.000000,0.000000,0.000000,-3126.000000,0.000000,0.000000
-100.000000,0.000000,0.000000,0.000000,-3098.000000,0.000000,0.000000
-100.000000,-100.000000,0.000000,0.000000,-3054.000000,0.000000,0.000000
-100.000000,-100.000000,0.000000,0.000000,-3006.000000,0.000000,0.000000
100.000000,-200.000000,0.000000,0.000000,-2979.000000,0.000000,0.000000
0.000000,-100.000000,0.000000,0.000000,-2970.000000,0.000000,0.000000
0.000000,200.000000,0.000000,0.000000,-2958.000000,0.000000,0.000000
-100.000000,-200.000000,0.000000,0.000000,-2961.000000,0.000000,0.000000
0.000000,200.000000,0.000000,0.000000,-2956.000000,0.000000,0.000000
0.000000,-200.000000,0.000000,0.000000,-2955.000000,0.000000,0.000000
-100.000000,-100.000000,0.000000,0.000000,-2956.000000,0.000000,0.000000
0.000000,0.000000,0.000000,0.000000,-2967.000000,0.000000,0.000000
0.000000,0.000000,0.000000,0.000000,-2986.000000,0.000000,0.000000
0.000000,0.000000,0.000000,0.000000,-3035.000000,0.000000,0.000000
-100.000000,-100.000000,0.000000,0.000000,-3040.000000,0.000000,0.000000
100.000000,0.000000,0.000000,0.000000,-3058.000000,0.000000,0.000000
0.000000,0.000000,0.000000,0.000000,-3077.000000,0.000000,0.000000
-100.000000,-300.000000,0.000000,0.000000,-3096.000000,0.000000,0.000000
100.000000,0.000000,0.000000,0.000000,-3079.000000,0.000000,0.000000
-100.000000,200.000000,0.000000,0.000000,-3044.000000,0.000000,0.000000
-100.000000,-300.000000,0.000000,0.000000,-3024.000000,0.000000,0.000000
100.000000,100.000000,0.000000,0.000000,-3004.000000,0.000000,0.000000
200.000000,-100.000000,0.000000,0.000000,-2990.000000,0.000000,0.000000
-100.000000,0.000000,0.000000,0.000000,-2969.000000,0.000000,0.000000
100.000000,-200.000000,0.000000,0.000000,-2965.000000,0.000000,0.000000
-100.000000,-200.000000,0.000000,0.000000,-2962.000000,0.000000,0.000000
0.000000,0.000000,0.000000,0.000000,-2959.000000,0.000000,0.000000
0.000000,0.000000,0.000000,0.000000,-2981.000000,0.000000,0.000000
0.000000,-100.000000,0.000000,0.000000,-2961.000000,0.000000,0.000000
100.000000,-200.000000,0.000000,0.000000,-2993.000000,0.000000,0.000000
-100.000000,-100.000000,0.000000,0.000000,-2991.000000,0.000000,0.000000
0.000000,0.000000,0.000000,0.000000,-3023.000000,0.000000,0.000000
-100.000000,100.000000,0.000000,0.000000,-3035.000000,0.000000,0.000000
-500.000000,-200.000000,0.000000,0.000000,-3056.000000,0.000000,0.000000
-100.000000,0.000000,0.000000,0.000000,-3045.000000,0.000000,0.000000
-200.000000,0.000000,0.000000,0.000000,-3048.000000,0.000000,-196.000000
0.000000,0.000000,0.000000,0.000000,-3070.000000,0.000000,0.000000
0.000000,0.000000,0.000000,0.000000,-3050.000000,-196.000000,0.000000
-100.000000,-100.000000,0.000000,0.000000,-3041.000000,0.000000,0.000000
0.000000,0.000000,0.000000,0.000000,-3036.000000,0.000000,0.000000
0.000000,0.000000,0.000000,0.000000,-3005.000000,-196.000000,0.000000
0.000000,-100.000000,0.000000,0.000000,-2974.000000,0.000000,0.000000
0.000000,0.000000,0.000000,0.000000,-2943.000000,0.000000,0.000000
0.000000,-200.000000,0.000000,0.000000,-2939.000000,0.000000,0.000000
0.000000,0.000000,0.000000,0.000000,-2886.000000,0.000000,0.000000
0.000000,0.000000,0.000000,0.000000,-2859.000000,0.000000,0.000000
0.000000,0.000000,0.000000,0.000000,-2843.000000,0.000000,0.000000
-100.000000,100.000000,0.000000,0.000000,-2872.000000,0.000000,0.000000
-100.000000,0.000000,0.000000,0.000000,-2871.000000,0.000000,0.000000
0.000000,0.000000,0.000000,0.000000,-2896.000000,0.000000,0.000000
0.000000,-100.000000,0.000000,0.000000,-2888.000000,0.000000,0.000000
200.000000,0.000000,0.000000,0.000000,-2878.000000,0.000000,0.000000
-100.000000,0.000000,0.000000,0.000000,-2889.000000,0.000000,0.000000
-100.000000,0.000000,0.000000,0.000000,-2903.000000,0.000000,0.000000
100.000000,-100.000000,0.000000,0.000000,-2931.000000,0.000000,0.000000
-100.000000,-600.000000,0.000000,0.000000,-2912.000000,0.000000,0.000000
-100.000000,-100.000000,0.000000,0.000000,-2914.000000,196.000000,0.000000
-100.000000,-100.000000,0.000000,0.000000,-2890.000000,0.000000,0.000000
0.000000,0.000000,0.000000,0.000000,-2903.000000,196.000000,0.000000
-100.000000,0.000000,0.000000,0.000000,-2877.000000,0.000000,196.000000
0.000000,-100.000000,0.000000,0.000000,-2838.000000,0.000000,0.000000
0.000000,-200.000000,0.000000,0.000000,-2808.000000,0.000000,0.000000
-100.000000,-100.000000,0.000000,0.000000,-2788.000000,0.000000,0.000000
-200.000000,-100.000000,0.000000,0.000000,-2788.000000,0.000000,0.000000
-200.000000,0.000000,0.000000,0.000000,-2792.000000,0.000000,0.000000
0.000000,-200.000000,0.000000,0.000000,-2763.000000,0.000000,0.000000
0.000000,100.000000,0.000000,0.000000,-2781.000000,0.000000,0.000000
0.000000,-300.000000,0.000000,0.000000,-2793.000000,0.000000,0.000000
0.000000,-100.000000,0.000000,0.000000,-2800.000000,0.000000,0.000000
0.000000,-200.000000,0.000000,0.000000,-2810.000000,0.000000,0.000000
200.000000,0.000000,0.000000,0.000000,-2803.000000,0.000000,0.000000
-200.000000,100.000000,0.000000,0.000000,-2820.000000,0.000000,0.000000
-200.000000,0.000000,0.000000,0.000000,-2839.000000,0.000000,0.000000
0.000000,0.000000,0.000000,0.000000,-2839.000000,0.000000,0.000000
-100.000000,0.000000,0.000000,0.000000,-2841.000000,0.000000,0.000000
-100.000000,-100.000000,0.000000,0.000000,-2847.000000,0.000000,0.000000
0.000000,200.000000,0.000000,0.000000,-2830.000000,0.000000,0.000000
0.000000,-100.000000,0.000000,0.000000,-2800.000000,0.000000,0.000000
-100.000000,0.000000,0.000000,0.000000,-2819.000000,0.000000,0.000000
0.000000,0.000000,0.000000,0.000000,-2799.000000,0.000000,0.000000
0.000000,0.000000,0.000000,0.000000,-2813.000000,0.000000,0.000000
0.000000,-100.000000,0.000000,0.000000,-2785.000000,0.000000,0.000000
200.000000,-100.000000,0.000000,0.000000,-2771.000000,0.000000,0.000000
0.000000,0.000000,0.000000,0.000000,-2749.000000,0.000000,0.000000
0.000000,-100.000000,0.000000,0.000000,-2765.000000,0.000000,0.000000
100.000000,-200.000000,0.000000,0.000000,-2792.000000,0.000000,0.000000
0.000000,-100.000000,0.000000,0.000000,-2785.000000,0.000000,0.000000
