Channel 1,Channel 2,Channel 3,Channel 4,Channel 5,Channel 6,Channel 7
0.000000,-100.000000,0.000000,0.000000,-2723.000000,0.000000,0.000000
0.000000,0.000000,0.000000,0.000000,-2698.000000,0.000000,0.000000
0.000000,-400.000000,0.000000,0.000000,-2702.000000,0.000000,0.000000
-100.000000,-700.000000,0.000000,0.000000,-2724.000000,0.000000,0.000000
300.000000,-200.000000,0.000000,0.000000,-2714.000000,0.000000,0.000000
100.000000,-300.000000,0.000000,0.000000,-2708.000000,0.000000,0.000000
-200.000000,-200.000000,0.000000,0.000000,-2684.000000,0.000000,0.000000
0.000000,-200.000000,0.000000,0.000000,-2697.000000,0.000000,0.000000
0.000000,0.000000,0.000000,0.000000,-2714.000000,0.000000,0.000000
200.000000,-200.000000,0.000000,0.000000,-2698.000000,0.000000,0.000000
300.000000,0.000000,0.000000,0.000000,-2692.000000,0.000000,0.000000
0.000000,-100.000000,0.000000,0.000000,-2677.000000,0.000000,0.000000
0.000000,0.000000,0.000000,0.000000,-2656.000000,0.000000,0.000000
-100.000000,100.000000,0.000000,0.000000,-2653.000000,0.000000,0.000000
-100.000000,-100.000000,0.000000,0.000000,-2673.000000,0.000000,0.000000
-100.000000,-300.000000,0.000000,0.000000,-2684.000000,0.000000,0.000000
0.000000,-200.000000,0.000000,0.000000,-2714.000000,0.000000,0.000000
0.000000,-200.000000,0.000000,0.000000,-2698.000000,0.000000,0.000000
200.000000,0.000000,0.000000,0.000000,-2723.000000,0.000000,0.000000
-200.000000,-300.000000,0.000000,0.000000,-2749.000000,0.000000,0.000000
-100.000000,-300.000000,0.000000,0.000000,-2728.000000,0.000000,0.000000
-100.000000,-200.000000,0.000000,0.000000,-2735.000000,0.000000,0.000000
-100.000000,-200.000000,0.000000,0.000000,-2727.000000,0.000000,0.000000
-200.000000,0.000000,0.000000,0.000000,-2727.000000,0.000000,0.000000
-100.000000,-200.000000,0.000000,0.000000,-2719.000000,0.000000,0.000000
-100.000000,-100.000000,0.000000,0.000000,-2725.000000,0.000000,0.000000
-100.000000,-200.000000,0.000000,0.000000,-2726.000000,0.000000,0.000000
-200.000000,-100.000000,0.000000,0.000000,-2736.000000,0.000000,0.000000
0.000000,-100.000000,0.000000,0.000000,-2731.000000,0.000000,0.000000
0.000000,-200.000000,0.000000,0.000000,-2761.000000,0.000000,0.000000
-100.000000,-100.000000,0.000000,0.000000,-2758.000000,0.000000,0.000000
-300.000000,-700.000000,0.000000,0.000000,-2752.000000,0.000000,0.000000
100.000000,-200.000000,0.000000,0.000000,-2738.000000,0.000000,0.000000
-200.000000,-100.000000,0.000000,0.000000,-2742.000000,0.000000,0.000000
100.000000,-100.000000,0.000000,0.000000,-2744.000000,0.000000,0.000000
0.000000,0.000000,0.000000,0.000000,-2742.000000,0.000000,0.000000
0.000000,-400.000000,0.000000,0.000000,-2748.000000,0.000000,0.000000
-100.000000,100.000000,0.000000,0.000000,-2748.000000,0.000000,0.000000
-100.000000,-200.000000,0.000000,0.000000,-2731.000000,0.000000,0.000000
-100.000000,-100.000000,0.000000,0.000000,-2758.000000,0.000000,0.000000
0.000000,-200.000000,0.000000,0.000000,-2759.000000,0.000000,0.000000
0.000000,-300.000000,0.000000,0.000000,-2774.000000,0.000000,0.000000
300.000000,-200.000000,0.000000,0.000000,-2758.000000,0.000000,0.000000
-100.000000,0.000000,0.000000,0.000000,-2768.000000,0.000000,0.000000
0.000000,-300.000000,0.000000,0.000000,-2772.000000,0.000000,0.000000
0.000000,-300.000000,0.000000,0.000000,-2767.000000,0.000000,0.000000
0.000000,-100.000000,0.000000,0.000000,-2770.000000,0.000000,0.000000
-300.000000,-200.000000,0.000000,0.000000,-2785.000000,0.000000,0.000000
-100.000000,-200.000000,0.000000,0.000000,-2784.000000,0.000000,0.000000
0.000000,-200.000000,0.000000,0.000000,-2765.000000,0.000000,0.000000
-200.000000,200.000000,0.000000,0.000000,-2738.000000,0.000000,0.000000
0.000000,-200.000000,0.000000,0.000000,-2741.000000,0.000000,0.000000
-200.000000,-200.000000,0.000000,0.000000,-2739.000000,0.000000,0.000000
-100.000000,-300.000000,0.000000,0.000000,-2755.000000,0.000000,0.000000
-300.000000,-100.000000,0.000000,0.000000,-2757.000000,0.000000,0.000000
0.000000,0.000000,0.000000,0.000000,-2761.000000,0.000000,0.000000
-100.000000,0.000000,0.000000,0.000000,-2759.000000,0.000000,0.000000
100.000000,0.000000,0.000000,0.000000,-2741.000000,0.000000,0.000000
0.000000,100.000000,0.000000,0.000000,-2751.000000,0.000000,0.000000
0.000000,-200.000000,0.000000,0.000000,-2765.000000,0.000000,0.000000
-100.000000,0.000000,0.000000,0.000000,-2794.000000,0.000000,0.000000
0.000000,-100.000000,0.000000,0.000000,-2779.000000,0.000000,0.000000
-100.000000,-500.000000,0.000000,0.000000,-2769.000000,0.000000,0.000000
-100.000000,0.000000,0.000000,0.000000,-2772.000000,0.000000,0.000000
-100.000000,0.000000,0.000000,0.000000,-2756.000000,0.000000,0.000000
-100.000000,-100.000000,0.000000,0.000000,-2748.000000,0.000000,0.000000
0.000000,-100.000000,0.000000,0.000000,-2719.000000,0.000000,0.000000
-100.000000,0.000000,0.000000,0.000000,-2717.000000,0.000000,0.000000
300.000000,0.000000,0.000000,0.000000,-2728.000000,0.000000,0.000000
-100.000000,-200.000000,0.000000,0.000000,-2757.000000,0.000000,0.000000
-100.000000,-300.000000,0.000000,0.000000,-2745.000000,0.000000,0.000000
-200.000000,-200.000000,0.000000,0.000000,-2730.000000,0.000000,0.000000
-200.000000,-400.000000,0.000000,0.000000,-2737.000000,0.000000,0.000000
-200.000000,100.000000,0.000000,0.000000,-2753.000000,0.000000,0.000000
100.000000,0.000000,0.000000,0.000000,-2777.000000,0.000000,0.000000
0.000000,0.000000,0.000000,0.000000,-2771.000000,0.000000,-196.000000
0.000000,-100.000000,0.000000,0.000000,-2796.000000,0.000000,0.000000
-100.000000,-200.000000,0.000000,0.000000,-2815.000000,0.000000,-196.000000
0.000000,-300.000000,0.000000,0.000000,-2841.000000,0.000000,0.000000
0.000000,-200.000000,0.000000,0.000000,-2843.000000,0.000000,0.000000
100.000000,-200.000000,0.000000,0.000000,-2859.000000,0.000000,-196.000000
0.000000,0.000000,0.000000,0.000000,-2841.000000,0.000000,-196.000000
0.000000,0.000000,0.000000,0.000000,-2847.000000,0.000000,0.000000
0.000000,-200.000000,0.000000,0.000000,-2810.000000,0.000000,-196.000000
0.000000,-400.000000,0.000000,0.000000,-2778.000000,-196.000000,-196.000000
100.000000,-400.000000,0.000000,0.000000,-2759.000000,0.000000,0.000000
-100.000000,0.000000,0.000000,0.000000,-2753.000000,0.000000,0.000000
100.000000,-200.000000,0.000000,0.000000,-2751.000000,0.000000,0.000000
-100.000000,-300.000000,0.000000,0.000000,-2728.000000,0.000000,0.000000
-100.000000,-200.000000,0.000000,0.000000,-2730.000000,0.000000,0.000000
0.000000,0.000000,0.000000,0.000000,-2715.000000,0.000000,-196.000000
0.000000,0.000000,0.000000,0.000000,-2731.000000,0.000000,0.000000
100.000000,0.000000,0.000000,0.000000,-2732.000000,0.000000,-196.000000
200.000000,-300.000000,0.000000,0.000000,-2753.000000,0.000000,0.000000
-100.000000,-100.000000,0.000000,0.000000,-2759.000000,0.000000,0.000000
100.000000,-100.000000,0.000000,0.000000,-2810.000000,0.000000,0.000000
0.000000,-200.000000,0.000000,0.000000,-2823.000000,0.000000,0.000000
-300.000000,-100.000000,0.000000,0.000000,-2846.000000,0.000000,0.000000
-100.000000,-200.000000,0.000000,0.000000,-2878.000000,0.000000,0.000000
0.000000,100.000000,0.000000,0.000000,-2857.000000,0.000000,0.000000
-200.000000,-100.000000,0.000000,0.000000,-2827.000000,0.000000,0.000000
-200.000000,-200.000000,0.000000,0.000000,-2800.000000,0.000000,0.000000
-100.000000,-300.000000,0.000000,0.000000,-2793.000000,0.000000,0.000000
0.000000,0.000000,0.000000,0.000000,-2769.000000,0.000000,0.000000
-100.000000,-300.000000,0.000000,0.000000,-2760.000000,0.000000,0.000000
200.000000,0.000000,0.000000,0.000000,-2732.000000,0.000000,0.000000
0.000000,-400.000000,0.000000,0.000000,-2718.000000,0.000000,0.000000
-100.000000,-200.000000,0.000000,0.000000,-2691.000000,0.000000,0.000000
-100.000000,-200.000000,0.000000,0.000000,-2674.000000,0.000000,0.000000
-100.000000,0.000000,0.000000,0.000000,-2648.000000,0.000000,0.000000
0.000000,0.000000,0.000000,0.000000,-2632.000000,0.000000,0.000000
-200.000000,-100.000000,0.000000,0.000000,-2639.000000,0.000000,0.000000
0.000000,-100.000000,0.000000,0.000000,-2641.000000,0.000000,0.000000
-100.000000,-200.000000,0.000000,0.000000,-2647.000000,0.000000,0.000000
-100.000000,-100.000000,0.000000,0.000000,-2661.000000,0.000000,0.000000
-200.000000,0.000000,0.000000,0.000000,-2694.000000,196.000000,0.000000
-200.000000,0.000000,0.000000,0.000000,-2703.000000,0.000000,0.000000
0.000000,-100.000000,0.000000,0.000000,-2714.000000,0.000000,196.000000
-100.000000,-200.000000,0.000000,0.000000,-2747.000000,0.000000,0.000000
0.000000,0.000000,0.000000,0.000000,-2775.000000,0.000000,0.000000
-200.000000,-200.000000,0.000000,0.000000,-2762.000000,0.000000,0.000000
0.000000,-500.000000,0.000000,0.000000,-2738.000000,0.000000,0.000000
0.000000,0.000000,0.000000,0.000000,-2721.000000,0.000000,0.000000
-100.000000,-100.000000,0.000000,0.000000,-2710.000000,0.000000,0.000000
100.000000,100.000000,0.000000,0.000000,-2723.000000,0.000000,0.000000
300.000000,-200.000000,0.000000,0.000000,-2702.000000,0.000000,0.000000
300.000000,-100.000000,0.000000,0.000000,-2697.000000,-196.000000,0.000000
-100.000000,-200.000000,0.000000,0.000000,-2690.000000,0.000000,0.000000
-100.000000,-200.000000,0.000000,0.000000,-2683.000000,0.000000,0.000000
-200.000000,0.000000,0.000000,0.000000,-2687.000000,0.000000,0.000000
0.000000,100.000000,0.000000,0.000000,-2670.000000,0.000000,0.000000
0.000000,-100.000000,0.000000,0.000000,-2663.000000,0.000000,0.000000
-200.000000,-300.000000,0.000000,0.000000,-2684.000000,0.000000,0.000000
-100.000000,0.000000,0.000000,0.000000,-2689.000000,0.000000,0.000000
0.000000,-300.000000,0.000000,0.000000,-2693.000000,0.000000,0.000000
0.000000,-100.000000,0.000000,0.000000,-2686.000000,0.000000,0.000000
-200.000000,0.000000,0.000000,0.000000,-2705.000000,0.000000,0.000000
-100.000000,-300.000000,0.000000,0.000000,-2686.000000,0.000000,0.000000
-100.000000,-200.000000,0.000000,0.000000,-2698.000000,0.000000,-196.000000
-100.000000,-300.000000,0.000000,0.000000,-2686.000000,0.000000,0.000000
-200.000000,0.000000,0.000000,0.000000,-2687.000000,0.000000,0.000000
0.000000,-100.000000,0.000000,0.000000,-2697.000000,0.000000,0.000000
-100.000000,-200.000000,0.000000,0.000000,-2665.000000,0.000000,0.000000
0.000000,-100.000000,0.000000,0.000000,-2634.000000,0.000000,0.000000
100.000000,200.000000,0.000000,0.000000,-2636.000000,0.000000,0.000000
0.000000,-100.000000,0.000000,0.000000,-2637.000000,0.000000,0.000000
0.000000,-100.000000,0.000000,0.000000,-2642.000000,0.000000,0.000000
-100.000000,-300.000000,0.000000,0.000000,-2622.000000,0.000000,0.000000
0.000000,-200.000000,0.000000,0.000000,-2607.000000,0.000000,0.000000
-100.000000,-200.000000,0.000000,0.000000,-2604.000000,0.000000,0.000000
0.000000,-500.000000,0.000000,0.000000,-2577.000000,0.000000,0.000000
0.000000,-400.000000,0.000000,0.000000,-2568.000000,0.000000,0.000000
0.000000,-100.000000,0.000000,0.000000,-2572.000000,0.000000,0.000000
-200.000000,-200.000000,0.000000,0.000000,-2579.000000,0.000000,0.000000
-100.000000,-200.000000,0.000000,0.000000,-2601.000000,0.000000,0.000000
100.000000,0.000000,0.000000,0.000000,-2598.000000,0.000000,0.000000
0.000000,-200.000000,0.000000,0.000000,-2619.000000,0.000000,0.000000
0.000000,-100.000000,0.000000,0.000000,-2630.000000,0.000000,0.000000
0.000000,-200.000000,0.000000,0.000000,-2636.000000,0.000000,0.000000
0.000000,-100.000000,0.000000,0.000000,-2616.000000,0.000000,0.000000
0.000000,-200.000000,0.000000,0.000000,-2602.000000,0.000000,0.000000
0.000000,0.000000,0.000000,0.000000,-2595.000000,0.000000,0.000000
0.000000,-200.000000,0.000000,0.000000,-2594.000000,0.000000,0.000000
0.000000,-100.000000,0.000000,0.000000,-2628.000000,0.000000,0.000000
-200.000000,-100.000000,0.000000,0.000000,-2648.000000,0.000000,0.000000
-100.000000,-300.000000,0.000000,0.000000,-2625.000000,0.000000,0.000000
0.000000,0.000000,0.000000,0.000000,-2637.000000,0.000000,0.000000
200.000000,0.000000,0.000000,0.000000,-2659.000000,0.000000,0.000000
0.000000,-100.000000,0.000000,0.000000,-2678.000000,0.000000,0.000000
100.000000,-300.000000,0.000000,0.000000,-2697.000000,0.000000,0.000000
-100.000000,-100.000000,0.000000,0.000000,-2703.000000,0.000000,0.000000
-200.000000,-200.000000,0.000000,0.000000,-2726.000000,0.000000,0.000000
-100.000000,0.000000,0.000000,0.000000,-2714.000000,0.000000,0.000000
0.000000,-200.000000,0.000000,0.000000,-2709.000000,0.000000,0.000000
-100.000000,-400.000000,0.000000,0.000000,-2728.000000,0.000000,0.000000
0.000000,0.000000,0.000000,0.000000,-2757.000000,0.000000,0.000000
-200.000000,-200.000000,0.000000,0.000000,-2760.000000,0.000000,0.000000
-100.000000,-100.000000,0.000000,0.000000,-2759.000000,0.000000,0.000000
0.000000,0.000000,0.000000,0.000000,-2779.000000,0.000000,0.000000
0.000000,-100.000000,0.000000,0.000000,-2763.000000,0.000000,0.000000
0.000000,-300.000000,0.000000,0.000000,-2789.000000,0.000000,0.000000
-100.000000,-100.000000,0.000000,0.000000,-2798.000000,0.000000,0.000000
-100.000000,-100.000000,0.000000,0.000000,-2776.000000,0.000000,0.000000
100.000000,-300.000000,0.000000,0.000000,-2769.000000,0.000000,0.000000
-200.000000,0.000000,0.000000,0.000000,-2757.000000,0.000000,0.000000
-200.000000,0.000000,0.000000,0.000000,-2765.000000,0.000000,0.000000
300.000000,-100.000000,0.000000,0.000000,-2752.000000,0.000000,0.000000
0.000000,-300.000000,0.000000,0.000000,-2769.000000,0.000000,0.000000
100.000000,-100.000000,0.000000,0.000000,-2756.000000,0.000000,0.000000
-200.000000,-100.000000,0.000000,0.000000,-2746.000000,0.000000,0.000000
-200.000000,-200.000000,0.000000,0.000000,-2761.000000,0.000000,0.000000
0.000000,-100.000000,0.000000,0.000000,-2747.000000,0.000000,0.000000
-100.000000,0.000000,0.000000,0.000000,-2754.000000,0.000000,0.000000
200.000000,-300.000000,0.000000,0.000000,-2782.000000,0.000000,0.000000
0.000000,-200.000000,0.000000,0.000000,-2805.000000,0.000000,0.000000
0.000000,0.000000,0.000000,0.000000,-2800.000000,0.000000,0.000000
-200.000000,-300.000000,0.000000,0.000000,-2815.000000,0.000000,0.000000
-100.000000,-300.000000,0.000000,0.000000,-2803.000000,0.000000,0.000000
-200.000000,-400.000000,0.000000,0.000000,-2832.000000,0.000000,0.000000
-100.000000,0.000000,0.000000,0.000000,-2817.000000,0.000000,0.000000
-100.000000,-200.000000,0.000000,0.000000,-2800.000000,0.000000,0.000000
-100.000000,-100.000000,0.000000,0.000000,-2812.000000,0.000000,0.000000
-100.000000,0.000000,0.000000,0.000000,-2819.000000,0.000000,0.000000
0.000000,-100.000000,0.000000,0.000000,-2795.000000,0.000000,0.000000
0.000000,0.000000,0.000000,0.000000,-2778.000000,0.000000,0.000000
0.000000,0.000000,0.000000,0.000000,-2757.000000,0.000000,0.000000
-200.000000,0.000000,0.000000,0.000000,-2743.000000,0.000000,0.000000
-100.000000,0.000000,0.000000,0.000000,-2744.000000,0.000000,0.000000
-100.000000,-200.000000,0.000000,0.000000,-2774.000000,0.000000,0.000000
0.000000,0.000000,0.000000,0.000000,-2764.000000,0.000000,0.000000
-200.000000,-100.000000,0.000000,0.000000,-2767.000000,0.000000,0.000000
-200.000000,0.000000,0.000000,0.000000,-2787.000000,0.000000,0.000000
-300.000000,-200.000000,0.000000,0.000000,-2786.000000,0.000000,0.000000
200.000000,0.000000,0.000000,0.000000,-2772.000000,0.000000,0.000000
0.000000,100.000000,0.000000,0.000000,-2765.000000,0.000000,0.000000
0.000000,-100.000000,0.000000,0.000000,-2748.000000,0.000000,0.000000
0.000000,-100.000000,0.000000,0.000000,-2761.000000,0.000000,0.000000
0.000000,0.000000,0.000000,0.000000,-2727.000000,0.000000,0.000000
-200.000000,-100.000000,0.000000,0.000000,-2721.000000,0.000000,0.000000
0.000000,-200.000000,0.000000,0.000000,-2743.000000,0.000000,0.000000
300.000000,-200.000000,0.000000,0.000000,-2752.000000,0.000000,0.000000
-100.000000,-300.000000,0.000000,0.000000,-2765.000000,0.000000,0.000000
0.000000,-100.000000,0.000000,0.000000,-2753.000000,0.000000,0.000000
300.000000,0.000000,0.000000,0.000000,-2743.000000,0.000000,0.000000
0.000000,-200.000000,0.000000,0.000000,-2748.000000,0.000000,0.000000
0.000000,-200.000000,0.000000,0.000000,-2771.000000,0.000000,0.000000
100.000000,-200.000000,0.000000,0.000000,-2781.000000,0.000000,0.000000
0.000000,0.000000,0.000000,0.000000,-2778.000000,0.000000,0.000000
-100.000000,0.000000,0.000000,0.000000,-2752.000000,0.000000,0.000000
100.000000,0.000000,0.000000,0.000000,-2729.000000,0.000000,0.000000
-200.000000,100.000000,0.000000,0.000000,-2757.000000,0.000000,0.000000
0.000000,100.000000,0.000000,0.000000,-2786.000000,0.000000,0.000000
0.000000,100.000000,0.000000,0.000000,-2827.000000,0.000000,0.000000
-100.000000,-200.000000,0.000000,0.000000,-2827.000000,0.000000,0.000000
-100.000000,-200.000000,0.000000,0.000000,-2838.000000,0.000000,0.000000
-300.000000,0.000000,0.000000,0.000000,-2856.000000,0.000000,0.000000
-100.000000,-200.000000,0.000000,0.000000,-2862.000000,0.000000,0.000000
-100.000000,-200.000000,0.000000,0.000000,-2838.000000,0.000000,0.000000
100.000000,0.000000,0.000000,0.000000,-2833.000000,0.000000,0.000000
-200.000000,-200.000000,0.000000,0.000000,-2805.000000,0.000000,0.000000
-100.000000,0.000000,0.000000,0.000000,-2778.000000,0.000000,0.000000
0.000000,-200.000000,0.000000,0.000000,-2765.000000,0.000000,0.000000
100.000000,-200.000000,0.000000,0.000000,-2766.000000,0.000000,0.000000
0.000000,0.000000,0.000000,0.000000,-2768.000000,0.000000,0.000000
100.000000,0.000000,0.000000,0.000000,-2772.000000,0.000000,0.000000
0.000000,-100.000000,0.000000,0.000000,-2776.000000,0.000000,0.000000
0.000000,-100.000000,0.000000,0.000000,-2784.000000,0.000000,0.000000
0.000000,-200.000000,0.000000,0.000000,-2777.000000,0.000000,0.000000
-100.000000,100.000000,0.000000,0.000000,-2805.000000,0.000000,0.000000
0.000000,-100.000000,0.000000,0.000000,-2791.000000,0.000000,0.000000
-100.000000,-100.000000,0.000000,0.000000,-2794.000000,0.000000,0.000000
-100.000000,0.000000,0.000000,0.000000,-2803.000000,0.000000,0.000000
100.000000,0.000000,0.000000,0.000000,-2811.000000,0.000000,0.000000
0.000000,-200.000000,0.000000,0.000000,-2792.000000,0.000000,0.000000
0.000000,0.000000,0.000000,0.000000,-2810.000000,0.000000,0.000000
0.000000,0.000000,0.000000,0.000000,-2823.000000,0.000000,0.000000
-200.000000,-400.000000,0.000000,0.000000,-2813.000000,0.000000,0.000000
0.000000,-200.000000,0.000000,0.000000,-2824.000000,0.000000,0.000000
0.000000,-100.000000,0.000000,0.000000,-2798.000000,0.000000,0.000000
-100.000000,0.000000,0.000000,0.000000,-2814.000000,0.000000,0.000000
0.000000,-200.000000,0.000000,0.000000,-2806.000000,196.000000,0.000000
-200.000000,-200.000000,0.000000,0.000000,-2786.000000,0.000000,196.000000
-100.000000,-100.000000,0.000000,0.000000,-2754.000000,0.000000,0.000000
0.000000,-200.000000,0.000000,0.000000,-2752.000000,0.000000,0.000000
0.000000,-200.000000,0.000000,0.000000,-2733.000000,196.000000,0.000000
0.000000,-300.000000,0.000000,0.000000,-2699.000000,0.000000,0.000000
-200.000000,0.000000,0.000000,0.000000,-2729.000000,0.000000,0.000000
-100.000000,-100.000000,0.000000,0.000000,-2767.000000,0.000000,0.000000
100.000000,-100.000000,0.000000,0.000000,-2772.000000,0.000000,0.000000
100.000000,-200.000000,0.000000,0.000000,-2760.000000,0.000000,0.000000
100.000000,-200.000000,0.000000,0.000000,-2736.000000,0.000000,0.000000
-100.000000,-200.000000,0.000000,0.000000,-2746.000000,-196.000000,0.000000
100.000000,-100.000000,0.000000,0.000000,-2751.000000,0.000000,0.000000
-100.000000,-200.000000,0.000000,0.000000,-2767.000000,0.000000,0.000000
-300.000000,-100.000000,0.000000,0.000000,-2780.000000,0.000000,0.000000
0.000000,-400.000000,0.000000,0.000000,-2795.000000,0.000000,0.000000
0.000000,-100.000000,0.000000,0.000000,-2795.000000,0.000000,0.000000
0.000000,-100.000000,0.000000,0.000000,-2783.000000,0.000000,0.000000
0.000000,-400.000000,0.000000,0.000000,-2788.000000,0.000000,0.000000
-100.000000,-300.000000,0.000000,0.000000,-2779.000000,0.000000,0.000000
-100.000000,-200.000000,0.000000,0.000000,-2784.000000,-196.000000,0.000000
0.000000,0.000000,0.000000,0.000000,-2778.000000,0.000000,0.000000
-100.000000,-500.000000,0.000000,0.000000,-2760.000000,0.000000,0.000000
0.000000,-300.000000,0.000000,0.000000,-2736.000000,0.000000,-196.000000
0.000000,-100.000000,0.000000,0.000000,-2709.000000,0.000000,0.000000
200.000000,-200.000000,0.000000,0.000000,-2741.000000,0.000000,0.000000
100.000000,-200.000000,0.000000,0.000000,-2722.000000,0.000000,0.000000
-100.000000,-400.000000,0.000000,0.000000,-2719.000000,0.000000,0.000000
-100.000000,100.000000,0.000000,0.000000,-2732.000000,0.000000,0.000000
-200.000000,0.000000,0.000000,0.000000,-2750.000000,0.000000,0.000000
-100.000000,-300.000000,0.000000,0.000000,-2789.000000,0.000000,0.000000
0.000000,-200.000000,0.000000,0.000000,-2815.000000,0.000000,0.000000
-200.000000,200.000000,0.000000,0.000000,-2827.000000,0.000000,0.000000
0.000000,-300.000000,0.000000,0.000000,-2862.000000,0.000000,0.000000
-100.000000,-200.000000,0.000000,0.000000,-2869.000000,0.000000,0.000000
0.000000,-100.000000,0.000000,0.000000,-2861.000000,0.000000,0.000000
200.000000,-400.000000,0.000000,0.000000,-2863.000000,0.000000,0.000000
-200.000000,-400.000000,0.000000,0.000000,-2839.000000,0.000000,0.000000
-100.000000,-400.000000,0.000000,0.000000,-2797.000000,0.000000,0.000000
-200.000000,-200.000000,0.000000,0.000000,-2804.000000,0.000000,0.000000
-100.000000,-300.000000,0.000000,0.000000,-2782.000000,0.000000,0.000000
0.000000,0.000000,0.000000,0.000000,5.000000,0.000000,0.000000
0.000000,-300.000000,0.000000,0.000000,4.000000,0.000000,0.000000
0.000000,0.000000,0.000000,0.000000,1.000000,0.000000,0.000000
-100.000000,0.000000,0.000000,0.000000,-4.000000,0.000000,0.000000
-100.000000,-300.000000,0.000000,0.000000,-10.000000,0.000000,0.000000
0.000000,-100.000000,0.000000,0.000000,-12.000000,0.000000,0.000000
0.000000,-100.000000,0.000000,0.000000,-19.000000,0.000000,196.000000
0.000000,-200.000000,0.000000,0.000000,-22.000000,0.000000,0.000000
200.000000,-200.000000,0.000000,0.000000,-25.000000,0.000000,0.000000
100.000000,-100.000000,0.000000,0.000000,-32.000000,0.000000,0.000000
-200.000000,-100.000000,0.000000,0.000000,-42.000000,0.000000,0.000000
100.000000,0.000000,0.000000,0.000000,-54.000000,196.000000,0.000000
0.000000,-300.000000,0.000000,0.000000,-60.000000,0.000000,0.000000
200.000000,0.000000,0.000000,0.000000,-70.000000,0.000000,0.000000
-200.000000,-100.000000,0.000000,0.000000,-91.000000,0.000000,0.000000
0.000000,-100.000000,0.000000,0.000000,-114.000000,0.000000,0.000000
-100.000000,-200.000000,0.000000,0.000000,-142.000000,-196.000000,0.000000
-200.000000,-100.000000,0.000000,0.000000,-166.000000,0.000000,0.000000
0.000000,-300.000000,0.000000,0.000000,-199.000000,0.000000,0.000000
-200.000000,-100.000000,0.000000,0.000000,-235.000000,0.000000,0.000000
-100.000000,0.000000,0.000000,0.000000,-262.000000,196.000000,0.000000
-100.000000,-400.000000,0.000000,0.000000,-292.000000,0.000000,0.000000
-100.000000,-200.000000,0.000000,0.000000,-322.000000,0.000000,0.000000
-200.000000,-300.000000,0.000000,0.000000,-358.000000,-196.000000,0.000000
-100.000000,-200.000000,0.000000,0.000000,-389.000000,0.000000,0.000000
-300.000000,-400.000000,0.000000,0.000000,-421.000000,0.000000,0.000000
-200.000000,-200.000000,0.000000,0.000000,-461.000000,0.000000,-196.000000
-200.000000,-200.000000,0.000000,0.000000,-482.000000,0.000000,0.000000
0.000000,100.000000,0.000000,0.000000,-511.000000,0.000000,0.000000
0.000000,-400.000000,0.000000,0.000000,-532.000000,0.000000,0.000000
-100.000000,-200.000000,0.000000,0.000000,-561.000000,0.000000,0.000000
200.000000,0.000000,0.000000,0.000000,-601.000000,0.000000,0.000000
-200.000000,-200.000000,0.000000,0.000000,-640.000000,0.000000,0.000000
-200.000000,0.000000,0.000000,0.000000,-686.000000,0.000000,0.000000
-100.000000,-100.000000,0.000000,0.000000,-723.000000,0.000000,0.000000
100.000000,0.000000,0.000000,0.000000,-750.000000,0.000000,0.000000
-200.000000,-300.000000,0.000000,0.000000,-793.000000,0.000000,0.000000
0.000000,0.000000,0.000000,0.000000,-830.000000,0.000000,0.000000
0.000000,-200.000000,0.000000,0.000000,-885.000000,0.000000,0.000000
0.000000,-200.000000,0.000000,0.000000,-941.000000,0.000000,0.000000
-100.000000,0.000000,0.000000,0.000000,-988.000000,0.000000,0.000000
0.000000,-300.000000,0.000000,0.000000,-1055.000000,0.000000,0.000000
0.000000,-100.000000,0.000000,0.000000,-1115.000000,0.000000,0.000000
0.000000,-200.000000,0.000000,0.000000,-1149.000000,0.000000,0.000000
-100.000000,-100.000000,0.000000,0.000000,-1195.000000,0.000000,0.000000
-100.000000,100.000000,0.000000,0.000000,-1219.000000,0.000000,0.000000
300.000000,100.000000,0.000000,0.000000,-1269.000000,0.000000,0.000000
-200.000000,-100.000000,0.000000,0.000000,-1303.000000,0.000000,0.000000
-200.000000,0.000000,0.000000,0.000000,-1338.000000,0.000000,0.000000
0.000000,-400.000000,31.000000,31.000000,-1360.000000,0.000000,0.000000
200.000000,-400.000000,0.000000,0.000000,-1386.000000,0.000000,0.000000
-100.000000,-100.000000,0.000000,0.000000,-1438.000000,0.000000,0.000000
-100.000000,4400.000000,8000.000000,8000.000000,-1455.000000,196.000000,392.000000
7400.000000,7400.000000,8000.000000,8000.000000,-1458.000000,1767.000000,1374.000000
8600.000000,8400.000000,8000.000000,8000.000000,-1497.000000,1963.000000,1570.000000
8200.000000,8400.000000,8000.000000,8000.000000,-1507.000000,589.000000,785.000000
8300.000000,7500.000000,8000.000000,8000.000000,-1610.000000,-196.000000,-392.000000
8000.000000,6300.000000,8000.000000,8000.000000,-1718.000000,196.000000,196.000000
8000.000000,7600.000000,8000.000000,8000.000000,-1713.000000,589.000000,785.000000
7800.000000,7000.000000,8000.000000,8000.000000,-1611.000000,1374.000000,1374.000000
7500.000000,9200.000000,8000.000000,8000.000000,-1728.000000,1570.000000,1374.000000
9300.000000,8000.000000,8000.000000,8000.000000,-1873.000000,1374.000000,1374.000000
7600.000000,7800.000000,8000.000000,8000.000000,-1928.000000,981.000000,981.000000
8200.000000,7600.000000,8000.000000,8000.000000,-1953.000000,981.000000,785.000000
7500.000000,7000.000000,8000.000000,8000.000000,-1937.000000,1374.000000,1178.000000
8200.000000,6700.000000,8000.000000,8000.000000,-1977.000000,1963.000000,1963.000000
8900.000000,7000.000000,8000.000000,8000.000000,-2041.000000,1963.000000,2159.000000
8900.000000,7500.000000,8000.000000,8000.000000,-2083.000000,1570.000000,1570.000000
10000.000000,9200.000000,8000.000000,8000.000000,-2047.000000,1570.000000,1570.000000
7400.000000,7500.000000,8000.000000,8000.000000,-2119.000000,1570.000000,1374.000000
7600.000000,7600.000000,8000.000000,8000.000000,-2189.000000,1963.000000,1963.000000
6900.000000,7400.000000,8000.000000,8000.000000,-2136.000000,2159.000000,1963.000000
6800.000000,7900.000000,8000.000000,8000.000000,-2124.000000,2159.000000,1767.000000
7200.000000,8300.000000,8000.000000,8000.000000,-2201.000000,1963.000000,1570.000000
7400.000000,8100.000000,8000.000000,8000.000000,-2251.000000,1963.000000,1374.000000
7300.000000,7600.000000,8000.000000,8000.000000,-2238.000000,1767.000000,1374.000000
9200.000000,7500.000000,8000.000000,8000.000000,-2257.000000,1963.000000,1570.000000
8900.000000,6900.000000,8000.000000,8000.000000,-2307.000000,1963.000000,1963.000000
8900.000000,7100.000000,8000.000000,8000.000000,-2355.000000,1963.000000,1963.000000
8700.000000,7500.000000,8000.000000,8000.000000,-2380.000000,1767.000000,1767.000000
7700.000000,7500.000000,8000.000000,8000.000000,-2380.000000,1767.000000,1570.000000
7900.000000,7100.000000,8000.000000,8000.000000,-2399.000000,1570.000000,1570.000000
7300.000000,7500.000000,8000.000000,8000.000000,-2441.000000,1767.000000,1767.000000
7300.000000,8600.000000,8000.000000,8000.000000,-2418.000000,1767.000000,1767.000000
8700.000000,8500.000000,8000.000000,8000.000000,-2440.000000,1767.000000,1570.000000
9500.000000,7600.000000,8000.000000,8000.000000,-2509.000000,1570.000000,1570.000000
7700.000000,7900.000000,8000.000000,8000.000000,-2532.000000,1374.000000,1570.000000
7500.000000,7400.000000,8000.000000,8000.000000,-2516.000000,1570.000000,1374.000000
8600.000000,9100.000000,8000.000000,8000.000000,-2513.000000,1570.000000,1374.000000
7500.000000,7500.000000,8000.000000,8000.000000,-2539.000000,1374.000000,1570.000000
7700.000000,7200.000000,8000.000000,8000.000000,-2526.000000,1374.000000,1374.000000
8100.000000,7500.000000,8000.000000,8000.000000,-2509.000000,1374.000000,1374.000000
7800.000000,8200.000000,8000.000000,8000.000000,-2538.000000,1374.000000,1178.000000
7200.000000,7500.000000,8000.000000,8000.000000,-2557.000000,1178.000000,981.000000
8400.000000,7900.000000,8000.000000,8000.000000,-2551.000000,1374.000000,1178.000000
7400.000000,7600.000000,8000.000000,8000.000000,-2549.000000,1178.000000,1178.000000
8500.000000,7200.000000,8000.000000,8000.000000,-2601.000000,981.000000,1178.000000
8100.000000,7800.000000,8000.000000,8000.000000,-2615.000000,981.000000,981.000000
8200.000000,7700.000000,8000.000000,8000.000000,-2649.000000,981.000000,981.000000
8100.000000,8500.000000,8000.000000,8000.000000,-2665.000000,981.000000,1178.000000
8200.000000,7400.000000,8000.000000,8000.000000,-2711.000000,981.000000,981.000000
7700.000000,7700.000000,8000.000000,8000.000000,-2730.000000,981.000000,981.000000
8100.000000,7500.000000,8000.000000,8000.000000,-2697.000000,785.000000,1178.000000
7700.000000,7700.000000,8000.000000,8000.000000,-2728.000000,981.000000,1178.000000
7100.000000,7400.000000,8000.000000,8000.000000,-2775.000000,981.000000,981.000000
7800.000000,7800.000000,8000.000000,8000.000000,-2783.000000,981.000000,1178.000000
7000.000000,7400.000000,8000.000000,8000.000000,-2771.000000,1178.000000,1178.000000
8700.000000,7500.000000,8000.000000,8000.000000,-2826.000000,981.000000,1178.000000
7900.000000,7600.000000,8000.000000,8000.000000,-2836.000000,981.000000,1374.000000
8000.000000,7600.000000,8000.000000,8000.000000,-2825.000000,1178.000000,1374.000000
7600.000000,8800.000000,8000.000000,8000.000000,-2877.000000,1178.000000,1178.000000
7400.000000,7600.000000,8000.000000,8000.000000,-2881.000000,1374.000000,1374.000000
7700.000000,8100.000000,8000.000000,8000.000000,-2851.000000,1178.000000,1570.000000
8900.000000,7700.000000,8000.000000,8000.000000,-2881.000000,1374.000000,1570.000000
7700.000000,7300.000000,8000.000000,8000.000000,-2908.000000,1570.000000,1767.000000
7300.000000,7300.000000,8000.000000,8000.000000,-2927.000000,1570.000000,1767.000000
7100.000000,8400.000000,8000.000000,8000.000000,-2912.000000,1570.000000,1767.000000
6600.000000,8200.000000,8000.000000,8000.000000,-2918.000000,1767.000000,1963.000000
6900.000000,7200.000000,8000.000000,8000.000000,-2916.000000,1767.000000,2159.000000
6800.000000,7200.000000,8000.000000,8000.000000,-2897.000000,1963.000000,2159.000000
7000.000000,7000.000000,8000.000000,8000.000000,-2925.000000,2159.000000,2159.000000
6900.000000,7000.000000,8000.000000,8000.000000,-2933.000000,2159.000000,2356.000000
7800.000000,7000.000000,8000.000000,8000.000000,-2947.000000,2356.000000,2356.000000
8600.000000,7200.000000,8000.000000,8000.000000,-2951.000000,2356.000000,2356.000000
8000.000000,8700.000000,8000.000000,8000.000000,-2932.000000,2356.000000,2748.000000
7100.000000,9000.000000,8000.000000,8000.000000,-2937.000000,2552.000000,2748.000000
8400.000000,7500.000000,8000.000000,8000.000000,-2927.000000,2552.000000,2748.000000
7600.000000,7600.000000,8000.000000,8000.000000,-2906.000000,2748.000000,2945.000000
7100.000000,9000.000000,8000.000000,8000.000000,-2937.000000,2748.000000,2945.000000
7700.000000,7700.000000,8000.000000,8000.000000,-2969.000000,2748.000000,3141.000000
7900.000000,7300.000000,8000.000000,8000.000000,-2982.000000,2945.000000,3337.000000
7000.000000,7900.000000,8000.000000,8000.000000,-3000.000000,3141.000000,3337.000000
7700.000000,7000.000000,8000.000000,8000.000000,-2980.000000,3141.000000,3337.000000
9200.000000,7600.000000,8000.000000,8000.000000,-2980.000000,3337.000000,3141.000000
7200.000000,8400.000000,8000.000000,8000.000000,-2950.000000,3534.000000,2945.000000
7500.000000,6900.000000,8000.000000,8000.000000,-2963.000000,3534.000000,3141.000000
9000.000000,7100.000000,8000.000000,8000.000000,-2928.000000,3730.000000,3534.000000
8100.000000,7700.000000,8000.000000,8000.000000,-2930.000000,3534.000000,3534.000000
7000.000000,9400.000000,8000.000000,8000.000000,-2917.000000,3337.000000,3730.000000
6700.000000,7200.000000,8000.000000,8000.000000,-2937.000000,3534.000000,3730.000000
7400.000000,7200.000000,8000.000000,8000.000000,-2914.000000,3534.000000,3730.000000
8200.000000,8200.000000,8000.000000,8000.000000,-2906.000000,3730.000000,3534.000000
9300.000000,8600.000000,8000.000000,8000.000000,-2891.000000,3926.000000,3730.000000
9100.000000,8900.000000,8000.000000,8000.000000,-2881.000000,3926.000000,3534.000000
7100.000000,8700.000000,8000.000000,8000.000000,-2920.000000,3926.000000,3141.000000
7300.000000,8300.000000,8000.000000,8000.000000,-2924.000000,3926.000000,2748.000000
8400.000000,8000.000000,8000.000000,8000.000000,-2882.000000,3730.000000,3534.000000
8400.000000,7100.000000,8000.000000,8000.000000,-2929.000000,3730.000000,3534.000000
6900.000000,7200.000000,8000.000000,8000.000000,-2985.000000,3534.000000,3730.000000
6600.000000,7600.000000,8000.000000,8000.000000,-2963.000000,3534.000000,3534.000000
7700.000000,8400.000000,8000.000000,8000.000000,-2947.000000,3730.000000,3730.000000
8700.000000,9300.000000,8000.000000,8000.000000,-2922.000000,3730.000000,3534.000000
9000.000000,7900.000000,8000.000000,8000.000000,-2942.000000,3730.000000,3730.000000
6900.000000,7500.000000,8000.000000,8000.000000,-2976.000000,3926.000000,3337.000000
7200.000000,6800.000000,8000.000000,8000.000000,-2967.000000,3534.000000,3337.000000
9500.000000,6900.000000,8000.000000,8000.000000,-2988.000000,3730.000000,3141.000000
6700.000000,7700.000000,8000.000000,8000.000000,-3014.000000,3534.000000,3337.000000
7800.000000,9100.000000,8000.000000,8000.000000,-2984.000000,3337.000000,3337.000000
9000.000000,7200.000000,8000.000000,8000.000000,-3004.000000,3141.000000,3730.000000
7000.000000,7400.000000,8000.000000,8000.000000,-3011.000000,3337.000000,3534.000000
7100.000000,9300.000000,8000.000000,8000.000000,-3055.000000,3141.000000,3337.000000
9300.000000,6800.000000,8000.000000,8000.000000,-3102.000000,3337.000000,3534.000000
7000.000000,7900.000000,8000.000000,8000.000000,-3140.000000,3337.000000,3534.000000
7700.000000,9200.000000,8000.000000,8000.000000,-3192.000000,3534.000000,3337.000000
9300.000000,7200.000000,8000.000000,8000.000000,-3215.000000,3337.000000,2945.000000
7200.000000,7000.000000,8000.000000,8000.000000,-3184.000000,3337.000000,2748.000000
8900.000000,9000.000000,8000.000000,8000.000000,-3201.000000,3141.000000,5890.000000
6900.000000,7100.000000,8000.000000,8000.000000,-3193.000000,2945.000000,2945.000000
8700.000000,8700.000000,8000.000000,8000.000000,-3195.000000,2945.000000,3141.000000
6600.000000,7200.000000,8000.000000,8000.000000,-3185.000000,3141.000000,3141.000000
8900.000000,8100.000000,8000.000000,8000.000000,-3185.000000,3141.000000,3337.000000
7100.000000,7500.000000,8000.000000,8000.000000,-3176.000000,3141.000000,3141.000000
7300.000000,7200.000000,8000.000000,8000.000000,-3186.000000,3141.000000,3337.000000
9300.000000,9000.000000,8000.000000,8000.000000,-3194.000000,3141.000000,3337.000000
7100.000000,7100.000000,8000.000000,8000.000000,-3198.000000,3141.000000,3141.000000
7400.000000,7900.000000,8000.000000,8000.000000,-3175.000000,3337.000000,3337.000000
9100.000000,8900.000000,8000.000000,8000.000000,-3172.000000,3337.000000,3141.000000
6600.000000,7000.000000,8000.000000,8000.000000,-3167.000000,3337.000000,3337.000000
7600.000000,7400.000000,8000.000000,8000.000000,-3160.000000,3141.000000,3141.000000
9200.000000,7900.000000,8000.000000,8000.000000,-3189.000000,3141.000000,3337.000000
9200.000000,6900.000000,8000.000000,8000.000000,-3175.000000,3141.000000,3141.000000
7900.000000,9100.000000,8000.000000,8000.000000,-3200.000000,3337.000000,3337.000000
7000.000000,7400.000000,8000.000000,8000.000000,-3220.000000,3534.000000,3337.000000
6900.000000,7000.000000,8000.000000,8000.000000,-3293.000000,3730.000000,3730.000000
7100.000000,6800.000000,8000.000000,8000.000000,-3345.000000,3730.000000,3926.000000
6800.000000,7500.000000,8000.000000,8000.000000,-3338.000000,3730.000000,4123.000000
7100.000000,8000.000000,8000.000000,8000.000000,-3393.000000,3730.000000,3926.000000
7000.000000,8500.000000,8000.000000,8000.000000,-3435.000000,3730.000000,3926.000000
6600.000000,9400.000000,8000.000000,8000.000000,-3398.000000,3730.000000,4123.000000
7100.000000,9000.000000,8000.000000,8000.000000,-3410.000000,3730.000000,4516.000000
9100.000000,8200.000000,8000.000000,8000.000000,-3407.000000,4123.000000,4516.000000
7600.000000,8300.000000,8000.000000,8000.000000,-3457.000000,4123.000000,4712.000000
7300.000000,8800.000000,8000.000000,8000.000000,-3421.000000,4319.000000,4319.000000
9200.000000,7900.000000,8000.000000,8000.000000,-3398.000000,4516.000000,4123.000000
8100.000000,6800.000000,8000.000000,8000.000000,-3424.000000,4516.000000,4516.000000
6900.000000,8300.000000,8000.000000,8000.000000,-3419.000000,4516.000000,4712.000000
8100.000000,8500.000000,8000.000000,8000.000000,-3393.000000,4319.000000,5105.000000
7300.000000,7300.000000,8000.000000,8000.000000,-3388.000000,4319.000000,5301.000000
8800.000000,6900.000000,8000.000000,8000.000000,-3414.000000,4712.000000,5694.000000
7700.000000,8600.000000,8000.000000,8000.000000,-3333.000000,4908.000000,5497.000000
7600.000000,6600.000000,8000.000000,8000.000000,-3321.000000,5105.000000,5301.000000
8000.000000,8100.000000,8000.000000,8000.000000,-3299.000000,5497.000000,4908.000000
7900.000000,8100.000000,8000.000000,8000.000000,-3322.000000,5497.000000,5105.000000
8000.000000,6900.000000,8000.000000,8000.000000,-3306.000000,5105.000000,5497.000000
6600.000000,8600.000000,8000.000000,8000.000000,-3322.000000,4908.000000,5694.000000
6800.000000,6900.000000,8000.000000,8000.000000,-3336.000000,4908.000000,5890.000000
7000.000000,8300.000000,8000.000000,8000.000000,-3274.000000,5497.000000,5694.000000
8200.000000,9100.000000,8000.000000,8000.000000,-3271.000000,5890.000000,5301.000000
7800.000000,8700.000000,8000.000000,8000.000000,-3269.000000,6086.000000,5105.000000
7400.000000,8800.000000,8000.000000,8000.000000,-3214.000000,5890.000000,5301.000000
8000.000000,8000.000000,8000.000000,8000.000000,-3219.000000,5497.000000,5890.000000
7400.000000,7500.000000,8000.000000,8000.000000,-3217.000000,5105.000000,6086.000000
7300.000000,8700.000000,8000.000000,8000.000000,-3191.000000,5497.000000,5497.000000
7500.000000,8300.000000,8000.000000,8000.000000,-3180.000000,6086.000000,4712.000000
9300.000000,8600.000000,8000.000000,8000.000000,-3167.000000,6675.000000,5105.000000
6900.000000,7800.000000,8000.000000,8000.000000,-3189.000000,6479.000000,5105.000000
8000.000000,7600.000000,8000.000000,8000.000000,-3143.000000,5890.000000,5694.000000
7700.000000,8300.000000,8000.000000,8000.000000,-3102.000000,5301.000000,6283.000000
6800.000000,8700.000000,8000.000000,8000.000000,-3069.000000,5497.000000,6283.000000
7100.000000,7400.000000,8000.000000,8000.000000,-3102.000000,6283.000000,5497.000000
8300.000000,8300.000000,8000.000000,8000.000000,-3040.000000,6872.000000,4516.000000
6700.000000,7500.000000,8000.000000,8000.000000,-3070.000000,6872.000000,4712.000000
8700.000000,8500.000000,8000.000000,8000.000000,-3071.000000,5890.000000,5497.000000
8500.000000,7000.000000,8000.000000,8000.000000,-3013.000000,5301.000000,6086.000000
8300.000000,7700.000000,8000.000000,8000.000000,-2881.000000,5497.000000,6283.000000
8200.000000,7900.000000,8000.000000,8000.000000,-2808.000000,6283.000000,5890.000000
7000.000000,6900.000000,8000.000000,8000.000000,-2731.000000,6872.000000,4712.000000
8200.000000,8300.000000,8000.000000,8000.000000,-2779.000000,6872.000000,4516.000000
8000.000000,8000.000000,8000.000000,8000.000000,-2752.000000,5890.000000,5105.000000
8000.000000,9200.000000,8000.000000,8000.000000,-2751.000000,5301.000000,5890.000000
8400.000000,6700.000000,8000.000000,8000.000000,-2646.000000,5301.000000,6479.000000
8700.000000,6700.000000,8000.000000,8000.000000,-2543.000000,6086.000000,5890.000000
9000.000000,8400.000000,8000.000000,8000.000000,-2558.000000,6872.000000,4516.000000
7300.000000,7900.000000,8000.000000,8000.000000,-2652.000000,6675.000000,8443.000000
8400.000000,7400.000000,8000.000000,8000.000000,-2682.000000,5694.000000,4516.000000
9200.000000,9200.000000,8000.000000,8000.000000,-2635.000000,5105.000000,5105.000000
6500.000000,-800.000000,0.000000,0.000000,-2583.000000,5105.000000,5694.000000
-200.000000,-100.000000,0.000000,0.000000,-2560.000000,4516.000000,4319.000000
-200.000000,-100.000000,0.000000,0.000000,-2514.000000,4712.000000,3337.000000
0.000000,0.000000,0.000000,0.000000,-2492.000000,4319.000000,3337.000000
-100.000000,-100.000000,0.000000,0.000000,-2442.000000,4319.000000,2945.000000
-100.000000,-200.000000,0.000000,0.000000,-2416.000000,4908.000000,2552.000000
0.000000,0.000000,0.000000,0.000000,-2423.000000,5497.000000,2945.000000
0.000000,-200.000000,0.000000,0.000000,-2546.000000,5694.000000,3337.000000
-200.000000,-100.000000,0.000000,0.000000,-2595.000000,5105.000000,4123.000000
-200.000000,0.000000,0.000000,0.000000,-2513.000000,5694.000000,4516.000000
0.000000,0.000000,0.000000,0.000000,-2582.000000,5105.000000,4712.000000
0.000000,-200.000000,0.000000,0.000000,-2730.000000,4712.000000,4516.000000
-200.000000,100.000000,0.000000,0.000000,-2621.000000,4712.000000,4123.000000
-200.000000,0.000000,0.000000,0.000000,-2580.000000,4516.000000,4123.000000
0.000000,0.000000,0.000000,0.000000,-2655.000000,4319.000000,3730.000000
-200.000000,0.000000,0.000000,0.000000,-2693.000000,4123.000000,3337.000000
-100.000000,-200.000000,0.000000,0.000000,-2619.000000,3730.000000,2945.000000
0.000000,100.000000,0.000000,0.000000,-2665.000000,3730.000000,2945.000000
-200.000000,200.000000,0.000000,0.000000,-2732.000000,3926.000000,2552.000000
-100.000000,-100.000000,0.000000,0.000000,-2641.000000,4319.000000,2159.000000
-200.000000,-100.000000,0.000000,0.000000,-2546.000000,4908.000000,2356.000000
-200.000000,-100.000000,0.000000,0.000000,-2543.000000,5105.000000,2552.000000
-400.000000,0.000000,0.000000,0.000000,-2539.000000,4908.000000,3141.000000
-300.000000,0.000000,0.000000,0.000000,-2405.000000,4712.000000,4123.000000
-100.000000,-100.000000,0.000000,0.000000,-2432.000000,4712.000000,4319.000000
-200.000000,100.000000,0.000000,0.000000,-2524.000000,4516.000000,4123.000000
-200.000000,0.000000,0.000000,0.000000,-2503.000000,4712.000000,3926.000000
-100.000000,0.000000,0.000000,0.000000,-2435.000000,4908.000000,3926.000000
-100.000000,-100.000000,0.000000,0.000000,-2448.000000,5301.000000,3730.000000
0.000000,0.000000,0.000000,0.000000,-2525.000000,5497.000000,3534.000000
-100.000000,0.000000,0.000000,0.000000,-2515.000000,5694.000000,3534.000000
-100.000000,100.000000,0.000000,0.000000,-2502.000000,5694.000000,3534.000000
-200.000000,-300.000000,0.000000,0.000000,-2543.000000,5497.000000,4516.000000
0.000000,100.000000,0.000000,0.000000,-2640.000000,5497.000000,4908.000000
0.000000,0.000000,0.000000,0.000000,-2594.000000,5497.000000,5301.000000
-100.000000,-100.000000,0.000000,0.000000,-2679.000000,5694.000000,5105.000000
-100.000000,100.000000,0.000000,0.000000,-2761.000000,6086.000000,4712.000000
0.000000,0.000000,0.000000,0.000000,-2779.000000,6675.000000,4712.000000
-100.000000,100.000000,0.000000,0.000000,-2747.000000,6675.000000,4516.000000
0.000000,300.000000,0.000000,0.000000,-2741.000000,6675.000000,4516.000000
-100.000000,100.000000,0.000000,0.000000,-2708.000000,6479.000000,4908.000000
-100.000000,0.000000,0.000000,0.000000,-2709.000000,6479.000000,5497.000000
-100.000000,-100.000000,0.000000,0.000000,-2687.000000,6283.000000,5497.000000
0.000000,-200.000000,0.000000,0.000000,-2796.000000,6675.000000,5497.000000
-300.000000,0.000000,0.000000,0.000000,-2741.000000,6872.000000,4908.000000
-100.000000,-100.000000,0.000000,0.000000,-2685.000000,7264.000000,4712.000000
-100.000000,0.000000,0.000000,0.000000,-2732.000000,7264.000000,4516.000000
-200.000000,-100.000000,0.000000,0.000000,-2632.000000,7068.000000,5105.000000
-300.000000,-200.000000,0.000000,0.000000,-2610.000000,7264.000000,5301.000000
-100.000000,0.000000,0.000000,0.000000,-2557.000000,7068.000000,5301.000000
0.000000,0.000000,0.000000,0.000000,-2562.000000,7264.000000,5301.000000
0.000000,-100.000000,0.000000,0.000000,-2492.000000,7068.000000,5694.000000
-200.000000,0.000000,0.000000,0.000000,-2431.000000,7264.000000,5497.000000
0.000000,0.000000,0.000000,0.000000,-2443.000000,7461.000000,5301.000000
-200.000000,-100.000000,0.000000,0.000000,-2325.000000,7264.000000,5301.000000
-600.000000,-200.000000,0.000000,0.000000,-2284.000000,7461.000000,5497.000000
-200.000000,-100.000000,0.000000,0.000000,-2324.000000,7068.000000,5105.000000
0.000000,-200.000000,0.000000,0.000000,-2238.000000,7264.000000,4908.000000
200.000000,-200.000000,0.000000,0.000000,-2240.000000,6872.000000,4908.000000
0.000000,-200.000000,0.000000,0.000000,-2202.000000,6872.000000,5105.000000
-100.000000,0.000000,0.000000,0.000000,-2175.000000,6872.000000,5105.000000
-200.000000,200.000000,0.000000,0.000000,-2198.000000,6675.000000,5105.000000
0.000000,-100.000000,0.000000,0.000000,-2130.000000,6872.000000,5301.000000
0.000000,0.000000,0.000000,0.000000,-2141.000000,6675.000000,5105.000000
0.000000,0.000000,0.000000,0.000000,-2162.000000,6479.000000,5105.000000
-100.000000,-300.000000,0.000000,0.000000,-2148.000000,6479.000000,4712.000000
-100.000000,-100.000000,0.000000,0.000000,-2137.000000,6283.000000,4516.000000
300.000000,0.000000,0.000000,0.000000,-2162.000000,6086.000000,7461.000000
-100.000000,200.000000,0.000000,0.000000,-2119.000000,5890.000000,4319.000000
0.000000,-100.000000,0.000000,0.000000,-2092.000000,5694.000000,3926.000000
0.000000,200.000000,0.000000,0.000000,-2083.000000,5694.000000,3926.000000
0.000000,0.000000,0.000000,0.000000,-2050.000000,5301.000000,3926.000000
0.000000,100.000000,0.000000,0.000000,-2041.000000,5301.000000,3730.000000
-200.000000,-100.000000,0.000000,0.000000,-2060.000000,5105.000000,3730.000000
-200.000000,-100.000000,0.000000,0.000000,-2080.000000,4908.000000,3730.000000
0.000000,0.000000,0.000000,0.000000,-2025.000000,4712.000000,3534.000000
-200.000000,0.000000,0.000000,0.000000,-2005.000000,4516.000000,3337.000000
-100.000000,-200.000000,0.000000,0.000000,-2039.000000,4319.000000,3141.000000
-100.000000,-100.000000,0.000000,0.000000,-2046.000000,4319.000000,2945.000000
0.000000,0.000000,0.000000,0.000000,-2076.000000,4123.000000,2552.000000
-100.000000,100.000000,0.000000,0.000000,-2041.000000,4123.000000,2552.000000
-100.000000,0.000000,0.000000,0.000000,-2046.000000,3926.000000,2552.000000
-100.000000,-100.000000,0.000000,0.000000,-2045.000000,4123.000000,2552.000000
0.000000,0.000000,0.000000,0.000000,-2058.000000,4319.000000,2552.000000
-200.000000,-100.000000,0.000000,0.000000,-2035.000000,4319.000000,2748.000000
0.000000,-100.000000,0.000000,0.000000,-2085.000000,4123.000000,2945.000000
100.000000,0.000000,0.000000,0.000000,-2124.000000,4123.000000,3141.000000
-200.000000,-100.000000,0.000000,0.000000,-2107.000000,3926.000000,2945.000000
-300.000000,0.000000,0.000000,0.000000,-2183.000000,3730.000000,2748.000000
0.000000,0.000000,0.000000,0.000000,-2178.000000,3730.000000,2748.000000
-100.000000,-100.000000,0.000000,0.000000,-2240.000000,3926.000000,2748.000000
-100.000000,100.000000,0.000000,0.000000,-2221.000000,3926.000000,2552.000000
0.000000,-100.000000,0.000000,0.000000,-2274.000000,4319.000000,2748.000000
0.000000,-100.000000,0.000000,0.000000,-2189.000000,4516.000000,2945.000000
-200.000000,100.000000,0.000000,0.000000,-2173.000000,4319.000000,2945.000000
0.000000,-200.000000,0.000000,0.000000,-2243.000000,4123.000000,3141.000000
-300.000000,0.000000,0.000000,0.000000,-2242.000000,4319.000000,3337.000000
0.000000,-100.000000,0.000000,0.000000,-2223.000000,4123.000000,2748.000000
-100.000000,0.000000,0.000000,0.000000,-2310.000000,4516.000000,2748.000000
-200.000000,-100.000000,0.000000,0.000000,-2332.000000,4908.000000,3141.000000
-200.000000,0.000000,0.000000,0.000000,-2370.000000,5105.000000,3337.000000
-100.000000,-100.000000,0.000000,0.000000,-2396.000000,4908.000000,3141.000000
-200.000000,-200.000000,0.000000,0.000000,-2401.000000,4908.000000,3534.000000
-400.000000,0.000000,0.000000,0.000000,-2398.000000,4908.000000,3730.000000
-300.000000,-100.000000,0.000000,0.000000,-2417.000000,4908.000000,4123.000000
0.000000,-200.000000,0.000000,0.000000,-2449.000000,5105.000000,3926.000000
-100.000000,-200.000000,0.000000,0.000000,-2442.000000,5694.000000,4123.000000
0.000000,100.000000,0.000000,0.000000,-2455.000000,5694.000000,4319.000000
0.000000,-100.000000,0.000000,0.000000,-2444.000000,5694.000000,4123.000000
-100.000000,-200.000000,0.000000,0.000000,-2494.000000,5694.000000,4123.000000
-400.000000,-100.000000,0.000000,0.000000,-2502.000000,5497.000000,4123.000000
-100.000000,-100.000000,0.000000,0.000000,-2462.000000,5497.000000,4123.000000
-200.000000,0.000000,0.000000,0.000000,-2432.000000,5694.000000,4516.000000
200.000000,0.000000,0.000000,0.000000,-2359.000000,6086.000000,4516.000000
-200.000000,-100.000000,0.000000,0.000000,-2405.000000,6283.000000,4516.000000
-200.000000,-100.000000,0.000000,0.000000,-2372.000000,5890.000000,4516.000000
-300.000000,-100.000000,0.000000,0.000000,-2349.000000,5890.000000,4516.000000
-200.000000,200.000000,0.000000,0.000000,-2329.000000,5890.000000,4516.000000
-200.000000,200.000000,0.000000,0.000000,-2360.000000,6086.000000,4516.000000
-200.000000,200.000000,0.000000,0.000000,-2354.000000,6283.000000,4319.000000
0.000000,-200.000000,0.000000,0.000000,-2314.000000,6086.000000,4516.000000
0.000000,-100.000000,0.000000,0.000000,-2321.000000,6283.000000,4516.000000
100.000000,0.000000,0.000000,0.000000,-2332.000000,6086.000000,4319.000000
-100.000000,-100.000000,0.000000,0.000000,-2320.000000,6086.000000,4319.000000
0.000000,0.000000,0.000000,0.000000,-2301.000000,6086.000000,3926.000000
-100.000000,0.000000,0.000000,0.000000,-2303.000000,6283.000000,4516.000000
100.000000,-100.000000,0.000000,0.000000,-2262.000000,6086.000000,4319.000000
-100.000000,0.000000,0.000000,0.000000,-2195.000000,6283.000000,4123.000000
-200.000000,-200.000000,0.000000,0.000000,-2192.000000,6086.000000,4123.000000
0.000000,-100.000000,0.000000,0.000000,-2216.000000,5890.000000,3730.000000
-200.000000,-100.000000,0.000000,0.000000,-2131.000000,5890.000000,3926.000000
-300.000000,-200.000000,0.000000,0.000000,-2109.000000,5890.000000,3730.000000
-100.000000,0.000000,0.000000,0.000000,-2092.000000,5694.000000,3926.000000
0.000000,0.000000,0.000000,0.000000,-2052.000000,5694.000000,3534.000000
-200.000000,-100.000000,0.000000,0.000000,-1982.000000,5497.000000,3926.000000
0.000000,0.000000,0.000000,0.000000,-1890.000000,5301.000000,3534.000000
-100.000000,0.000000,0.000000,0.000000,-1895.000000,5301.000000,3534.000000
-200.000000,200.000000,0.000000,0.000000,-1860.000000,5105.000000,3337.000000
-300.000000,-200.000000,0.000000,0.000000,-1795.000000,5105.000000,3141.000000
100.000000,-100.000000,0.000000,0.000000,-1777.000000,4908.000000,3141.000000
-200.000000,0.000000,0.000000,0.000000,-1790.000000,4908.000000,2748.000000
0.000000,0.000000,0.000000,0.000000,-1797.000000,4516.000000,2748.000000
-100.000000,-100.000000,0.000000,0.000000,-1772.000000,4516.000000,2552.000000
-100.000000,0.000000,0.000000,0.000000,-1773.000000,4319.000000,2552.000000
0.000000,0.000000,0.000000,0.000000,-1798.000000,4319.000000,2356.000000
100.000000,-100.000000,0.000000,0.000000,-1796.000000,4123.000000,2159.000000
-100.000000,-100.000000,0.000000,0.000000,-1837.000000,3926.000000,1767.000000
100.000000,100.000000,0.000000,0.000000,-1824.000000,3926.000000,1767.000000
0.000000,-100.000000,0.000000,0.000000,-1782.000000,3730.000000,1570.000000
0.000000,-100.000000,0.000000,0.000000,-1827.000000,3730.000000,1374.000000
-200.000000,0.000000,0.000000,0.000000,-1802.000000,3534.000000,1374.000000
-200.000000,-100.000000,0.000000,0.000000,-1776.000000,3337.000000,1374.000000
0.000000,0.000000,0.000000,0.000000,-1753.000000,3337.000000,1767.000000
-100.000000,-200.000000,0.000000,0.000000,-1748.000000,3337.000000,2159.000000
0.000000,100.000000,0.000000,0.000000,-1695.000000,3337.000000,1963.000000
100.000000,0.000000,0.000000,0.000000,-1680.000000,3337.000000,1963.000000
-200.000000,-100.000000,0.000000,0.000000,-1742.000000,3337.000000,1963.000000
-200.000000,300.000000,0.000000,0.000000,-1759.000000,3141.000000,1963.000000
-200.000000,0.000000,0.000000,0.000000,-1785.000000,3141.000000,1767.000000
0.000000,200.000000,0.000000,0.000000,-1817.000000,3141.000000,1570.000000
-100.000000,0.000000,0.000000,0.000000,-1816.000000,3337.000000,1570.000000
-100.000000,0.000000,0.000000,0.000000,-1819.000000,3337.000000,1374.000000
0.000000,0.000000,0.000000,0.000000,-1870.000000,3534.000000,1570.000000
200.000000,-100.000000,0.000000,0.000000,-1923.000000,3534.000000,1767.000000
-100.000000,0.000000,0.000000,0.000000,-1931.000000,3337.000000,1767.000000
-200.000000,-200.000000,0.000000,0.000000,-1950.000000,3337.000000,1963.000000
-100.000000,0.000000,0.000000,0.000000,-2011.000000,3141.000000,1963.000000
0.000000,0.000000,0.000000,0.000000,-2050.000000,3337.000000,1767.000000
-200.000000,0.000000,0.000000,0.000000,-2039.000000,3337.000000,1767.000000
-100.000000,0.000000,0.000000,0.000000,-2037.000000,3534.000000,1767.000000
100.000000,0.000000,0.000000,0.000000,-2087.000000,3926.000000,1767.000000
-100.000000,-100.000000,0.000000,0.000000,-2126.000000,4123.000000,1963.000000
-100.000000,-100.000000,0.000000,0.000000,-2117.000000,4123.000000,2159.000000
0.000000,300.000000,0.000000,0.000000,-2150.000000,4123.000000,2356.000000
0.000000,-200.000000,0.000000,0.000000,-2219.000000,3926.000000,2356.000000
300.000000,0.000000,0.000000,0.000000,-2203.000000,3926.000000,2552.000000
-100.000000,-200.000000,0.000000,0.000000,-2189.000000,3730.000000,2356.000000
-100.000000,-100.000000,0.000000,0.000000,-2247.000000,3926.000000,2552.000000
0.000000,-100.000000,0.000000,0.000000,-2245.000000,4123.000000,2748.000000
-200.000000,-200.000000,0.000000,0.000000,-2196.000000,4516.000000,2748.000000
0.000000,-200.000000,0.000000,0.000000,-2125.000000,4908.000000,2748.000000
0.000000,0.000000,0.000000,0.000000,-2153.000000,4908.000000,2748.000000
-100.000000,-200.000000,0.000000,0.000000,-2208.000000,4712.000000,2748.000000
0.000000,100.000000,0.000000,0.000000,-2187.000000,4712.000000,2552.000000
0.000000,0.000000,0.000000,0.000000,-2195.000000,4319.000000,2552.000000
0.000000,100.000000,0.000000,0.000000,-2222.000000,4319.000000,2552.000000
0.000000,-100.000000,0.000000,0.000000,-2243.000000,4319.000000,2552.000000
-200.000000,0.000000,0.000000,0.000000,-2240.000000,4712.000000,2552.000000
0.000000,-200.000000,0.000000,0.000000,-2201.000000,5105.000000,2945.000000
0.000000,-100.000000,0.000000,0.000000,-2201.000000,5301.000000,2748.000000
200.000000,-200.000000,0.000000,0.000000,-2251.000000,5105.000000,3141.000000
0.000000,-100.000000,0.000000,0.000000,-2286.000000,5105.000000,3337.000000
0.000000,-200.000000,0.000000,0.000000,-2320.000000,4908.000000,3141.000000
-200.000000,0.000000,0.000000,0.000000,-2347.000000,4712.000000,3141.000000
200.000000,-200.000000,0.000000,0.000000,-2298.000000,4712.000000,2945.000000
-200.000000,-200.000000,0.000000,0.000000,-2245.000000,4516.000000,2748.000000
0.000000,0.000000,0.000000,0.000000,-2296.000000,4516.000000,2945.000000
-100.000000,0.000000,0.000000,0.000000,-2272.000000,4516.000000,2945.000000
-300.000000,0.000000,0.000000,0.000000,-2280.000000,4712.000000,2945.000000
0.000000,-200.000000,0.000000,0.000000,-2220.000000,4712.000000,2945.000000
-100.000000,100.000000,0.000000,0.000000,-2221.000000,4712.000000,2945.000000
-100.000000,0.000000,0.000000,0.000000,-2221.000000,4516.000000,2945.000000
-200.000000,-200.000000,0.000000,0.000000,-2184.000000,4712.000000,2748.000000
0.000000,-200.000000,0.000000,0.000000,-2157.000000,4319.000000,2356.000000
-400.000000,0.000000,0.000000,0.000000,-2144.000000,4319.000000,2356.000000
-200.000000,-100.000000,0.000000,0.000000,-2099.000000,4319.000000,2552.000000
-100.000000,-600.000000,0.000000,0.000000,-2126.000000,3926.000000,2356.000000
0.000000,-100.000000,0.000000,0.000000,-2157.000000,4123.000000,2159.000000
0.000000,-200.000000,0.000000,0.000000,-2151.000000,3730.000000,2159.000000
0.000000,0.000000,0.000000,0.000000,-2107.000000,3730.000000,1963.000000
-100.000000,0.000000,0.000000,0.000000,-2081.000000,3730.000000,1963.000000
-200.000000,-100.000000,0.000000,0.000000,-2070.000000,3534.000000,1767.000000
200.000000,-100.000000,0.000000,0.000000,-2015.000000,3534.000000,1767.000000
-300.000000,0.000000,0.000000,0.000000,-2003.000000,3337.000000,1767.000000
0.000000,0.000000,0.000000,0.000000,-2019.000000,3337.000000,1570.000000
-100.000000,100.000000,0.000000,0.000000,-1972.000000,3141.000000,1374.000000
300.000000,0.000000,0.000000,0.000000,-1956.000000,3141.000000,1374.000000
0.000000,0.000000,0.000000,0.000000,-1956.000000,2945.000000,1178.000000
-200.000000,100.000000,0.000000,0.000000,-2004.000000,2748.000000,1178.000000
0.000000,0.000000,0.000000,0.000000,-2056.000000,2748.000000,981.000000
0.000000,-100.000000,0.000000,0.000000,-2020.000000,2552.000000,785.000000
-100.000000,-300.000000,0.000000,0.000000,-2039.000000,2356.000000,785.000000
-100.000000,-200.000000,0.000000,0.000000,-2065.000000,2356.000000,392.000000
-100.000000,0.000000,0.000000,0.000000,-2046.000000,2159.000000,589.000000
-100.000000,-200.000000,0.000000,0.000000,-2029.000000,2159.000000,196.000000
-100.000000,-100.000000,31.000000,31.000000,-2023.000000,2159.000000,196.000000
200.000000,0.000000,0.000000,0.000000,-1999.000000,1963.000000,0.000000
-100.000000,-100.000000,0.000000,0.000000,-2013.000000,2159.000000,196.000000
-100.000000,-200.000000,0.000000,0.000000,-2012.000000,2159.000000,0.000000
0.000000,-100.000000,0.000000,0.000000,-2070.000000,2159.000000,0.000000
0.000000,0.000000,0.000000,0.000000,-2059.000000,2356.000000,0.000000
100.000000,0.000000,0.000000,0.000000,-1984.000000,2159.000000,0.000000
0.000000,-400.000000,0.000000,0.000000,-1981.000000,1963.000000,0.000000
-100.000000,0.000000,0.000000,0.000000,-2015.000000,2159.000000,0.000000
-200.000000,0.000000,0.000000,0.000000,-2045.000000,1963.000000,0.000000
0.000000,-100.000000,0.000000,0.000000,-2046.000000,2159.000000,0.000000
-200.000000,-100.000000,0.000000,0.000000,-2024.000000,1963.000000,0.000000
-200.000000,-100.000000,0.000000,0.000000,-2031.000000,2159.000000,0.000000
-100.000000,-100.000000,0.000000,0.000000,-2051.000000,2356.000000,196.000000
-400.000000,-100.000000,0.000000,0.000000,-2087.000000,2356.000000,0.000000
0.000000,-100.000000,0.000000,0.000000,-2157.000000,2356.000000,196.000000
-100.000000,100.000000,0.000000,0.000000,-2188.000000,2356.000000,196.000000
0.000000,-200.000000,0.000000,0.000000,-2209.000000,2159.000000,196.000000
-200.000000,-100.000000,0.000000,0.000000,-2279.000000,2356.000000,392.000000
0.000000,200.000000,0.000000,0.000000,-2287.000000,2159.000000,392.000000
-200.000000,0.000000,0.000000,0.000000,-2282.000000,2159.000000,392.000000
100.000000,-100.000000,0.000000,0.000000,-2241.000000,2356.000000,589.000000
100.000000,-100.000000,0.000000,0.000000,-2226.000000,2552.000000,785.000000
200.000000,0.000000,0.000000,0.000000,-2264.000000,2552.000000,981.000000
0.000000,-100.000000,0.000000,0.000000,-2284.000000,2552.000000,785.000000
-100.000000,-100.000000,0.000000,0.000000,-2352.000000,2356.000000,981.000000
0.000000,0.000000,0.000000,0.000000,-2385.000000,2552.000000,785.000000
-200.000000,0.000000,0.000000,0.000000,-2424.000000,2356.000000,981.000000
-100.000000,-100.000000,0.000000,0.000000,-2495.000000,2356.000000,1178.000000
-200.000000,0.000000,0.000000,0.000000,-2548.000000,2159.000000,1178.000000
100.000000,-100.000000,0.000000,0.000000,-2572.000000,2159.000000,1178.000000
-100.000000,0.000000,0.000000,0.000000,-2597.000000,2159.000000,1178.000000
0.000000,0.000000,0.000000,0.000000,-2564.000000,2159.000000,1178.000000
0.000000,0.000000,0.000000,0.000000,-2536.000000,2159.000000,981.000000
-300.000000,100.000000,62.000000,62.000000,-2527.000000,2159.000000,1178.000000
-300.000000,100.000000,0.000000,0.000000,-2511.000000,2356.000000,1178.000000
100.000000,200.000000,0.000000,0.000000,-2498.000000,2356.000000,1178.000000
-100.000000,0.000000,0.000000,0.000000,-2502.000000,2356.000000,1178.000000
-300.000000,0.000000,0.000000,0.000000,-2514.000000,2356.000000,1374.000000
100.000000,-100.000000,0.000000,0.000000,-2517.000000,2552.000000,1570.000000
0.000000,0.000000,0.000000,0.000000,-2553.000000,2552.000000,1570.000000
-100.000000,100.000000,0.000000,0.000000,-2575.000000,2748.000000,1570.000000
-400.000000,-200.000000,0.000000,0.000000,-2615.000000,2552.000000,1570.000000
0.000000,-100.000000,0.000000,0.000000,-2652.000000,2748.000000,1570.000000
0.000000,0.000000,0.000000,0.000000,-2656.000000,2552.000000,1963.000000
100.000000,-100.000000,0.000000,0.000000,-2593.000000,2748.000000,1963.000000
0.000000,400.000000,0.000000,0.000000,-2539.000000,2552.000000,1963.000000
0.000000,100.000000,0.000000,0.000000,-2557.000000,2356.000000,1963.000000
-200.000000,0.000000,0.000000,0.000000,-2543.000000,2356.000000,1963.000000
-300.000000,0.000000,0.000000,0.000000,-2533.000000,2356.000000,2159.000000
0.000000,100.000000,0.000000,0.000000,-2523.000000,2159.000000,1963.000000
-100.000000,200.000000,0.000000,0.000000,-2525.000000,2159.000000,1963.000000
-100.000000,0.000000,0.000000,0.000000,-2533.000000,1963.000000,1963.000000
-100.000000,200.000000,0.000000,0.000000,-2524.000000,2159.000000,1963.000000
-200.000000,0.000000,0.000000,0.000000,-2520.000000,1963.000000,1963.000000
-100.000000,0.000000,0.000000,0.000000,-2473.000000,1963.000000,1963.000000
-200.000000,0.000000,0.000000,0.000000,-2399.000000,1963.000000,1963.000000
0.000000,100.000000,0.000000,0.000000,-2363.000000,1963.000000,1767.000000
-400.000000,0.000000,0.000000,0.000000,-2354.000000,1767.000000,1767.000000
-400.000000,0.000000,0.000000,0.000000,-2369.000000,1963.000000,1963.000000
-300.000000,-100.000000,0.000000,0.000000,-2374.000000,1570.000000,1570.000000
-400.000000,-100.000000,0.000000,0.000000,-2341.000000,1570.000000,1767.000000
-200.000000,-200.000000,0.000000,0.000000,-2397.000000,1374.000000,1570.000000
-100.000000,0.000000,0.000000,0.000000,-2397.000000,1178.000000,1374.000000
100.000000,0.000000,0.000000,0.000000,-2392.000000,1178.000000,1374.000000
0.000000,0.000000,0.000000,0.000000,-2367.000000,981.000000,1178.000000
-200.000000,-100.000000,0.000000,0.000000,-2371.000000,785.000000,981.000000
-400.000000,-200.000000,0.000000,0.000000,-2374.000000,589.000000,981.000000
-200.000000,0.000000,0.000000,0.000000,-2359.000000,589.000000,785.000000
100.000000,400.000000,0.000000,0.000000,-2365.000000,196.000000,589.000000
0.000000,-100.000000,0.000000,0.000000,-2330.000000,196.000000,589.000000
0.000000,-100.000000,0.000000,0.000000,-2326.000000,0.000000,392.000000
-100.000000,-100.000000,62.000000,62.000000,-2324.000000,-196.000000,196.000000
-200.000000,200.000000,0.000000,0.000000,-2288.000000,0.000000,196.000000
0.000000,300.000000,0.000000,0.000000,-2243.000000,-196.000000,0.000000
0.000000,0.000000,0.000000,0.000000,-2253.000000,-196.000000,0.000000
-200.000000,0.000000,0.000000,0.000000,-2249.000000,-392.000000,0.000000
0.000000,-100.000000,0.000000,0.000000,-2269.000000,-981.000000,0.000000
-200.000000,300.000000,0.000000,0.000000,-2309.000000,-1374.000000,-196.000000
200.000000,-100.000000,0.000000,0.000000,-2338.000000,-1570.000000,196.000000
200.000000,200.000000,0.000000,0.000000,-2306.000000,-1178.000000,0.000000
0.000000,0.000000,0.000000,0.000000,-2292.000000,-1374.000000,0.000000
100.000000,0.000000,0.000000,0.000000,-2341.000000,-981.000000,0.000000
0.000000,0.000000,0.000000,0.000000,-2370.000000,-981.000000,-196.000000
0.000000,200.000000,0.000000,0.000000,-2343.000000,-981.000000,-589.000000
-400.000000,0.000000,0.000000,0.000000,-2319.000000,-981.000000,-981.000000
200.000000,200.000000,0.000000,0.000000,-2305.000000,-1178.000000,-785.000000
100.000000,0.000000,0.000000,0.000000,-2317.000000,-1374.000000,-589.000000
200.000000,100.000000,0.000000,0.000000,-2327.000000,-1374.000000,-589.000000
100.000000,0.000000,0.000000,0.000000,-2311.000000,-1374.000000,-589.000000
400.000000,100.000000,0.000000,0.000000,-2282.000000,-1374.000000,-392.000000
0.000000,100.000000,0.000000,0.000000,-2278.000000,-1178.000000,0.000000
100.000000,0.000000,0.000000,0.000000,-2333.000000,-1178.000000,-392.000000
-200.000000,100.000000,0.000000,0.000000,-2349.000000,-981.000000,-392.000000
0.000000,100.000000,0.000000,0.000000,-2331.000000,-1178.000000,-392.000000
0.000000,-100.000000,0.000000,0.000000,-2344.000000,-981.000000,-589.000000
0.000000,0.000000,0.000000,0.000000,-2398.000000,-981.000000,-589.000000
0.000000,0.000000,0.000000,0.000000,-2417.000000,-1178.000000,-589.000000
0.000000,200.000000,0.000000,0.000000,-2412.000000,-1178.000000,-392.000000
0.000000,100.000000,62.000000,62.000000,-2377.000000,-1178.000000,-392.000000
0.000000,200.000000,0.000000,0.000000,-2353.000000,-1178.000000,-196.000000
200.000000,100.000000,0.000000,0.000000,-2347.000000,-981.000000,-392.000000
200.000000,300.000000,0.000000,0.000000,-2369.000000,-981.000000,-392.000000
0.000000,200.000000,0.000000,0.000000,-2363.000000,-981.000000,-392.000000
0.000000,200.000000,0.000000,0.000000,-2363.000000,-981.000000,-392.000000
200.000000,300.000000,62.000000,62.000000,-2385.000000,-981.000000,-392.000000
-100.000000,-300.000000,0.000000,0.000000,-2405.000000,-1178.000000,-392.000000
0.000000,300.000000,0.000000,0.000000,-2406.000000,-1178.000000,-392.000000
0.000000,300.000000,0.000000,0.000000,-2410.000000,-1178.000000,-196.000000
0.000000,300.000000,0.000000,0.000000,-2413.000000,-1178.000000,-196.000000
100.000000,0.000000,0.000000,0.000000,-2424.000000,-1178.000000,-392.000000
-200.000000,400.000000,0.000000,0.000000,-2442.000000,-1178.000000,-392.000000
100.000000,400.000000,0.000000,0.000000,-2437.000000,-1178.000000,-589.000000
200.000000,200.000000,0.000000,0.000000,-2424.000000,-1178.000000,-196.000000
0.000000,200.000000,0.000000,0.000000,-2432.000000,-1374.000000,-392.000000
0.000000,400.000000,0.000000,0.000000,-2442.000000,-1374.000000,-196.000000
100.000000,500.000000,0.000000,0.000000,-2432.000000,-1374.000000,-392.000000
0.000000,0.000000,0.000000,0.000000,-2420.000000,-1570.000000,-392.000000
0.000000,200.000000,0.000000,0.000000,-2401.000000,-1374.000000,-392.000000
300.000000,300.000000,0.000000,0.000000,-2391.000000,-1374.000000,-392.000000
300.000000,0.000000,0.000000,0.000000,-2330.000000,-1570.000000,-392.000000
0.000000,300.000000,0.000000,0.000000,-2295.000000,-1767.000000,-589.000000
-200.000000,400.000000,0.000000,0.000000,-2319.000000,-1570.000000,-392.000000
-100.000000,0.000000,0.000000,0.000000,-2318.000000,-1767.000000,-392.000000
-100.000000,200.000000,0.000000,0.000000,-2335.000000,-1570.000000,-392.000000
0.000000,500.000000,0.000000,0.000000,-2341.000000,-1570.000000,-589.000000
-400.000000,200.000000,0.000000,0.000000,-2284.000000,-1570.000000,-392.000000
200.000000,400.000000,0.000000,0.000000,-2259.000000,-1570.000000,-589.000000
-100.000000,100.000000,0.000000,0.000000,-2300.000000,-1570.000000,-589.000000
-100.000000,200.000000,31.000000,31.000000,-2310.000000,-1767.000000,-785.000000
0.000000,300.000000,0.000000,0.000000,-2353.000000,-1767.000000,-981.000000
400.000000,100.000000,0.000000,0.000000,-2387.000000,-1570.000000,-981.000000
100.000000,100.000000,0.000000,0.000000,-2462.000000,-1767.000000,-1178.000000
0.000000,200.000000,0.000000,0.000000,-2488.000000,-1767.000000,-981.000000
0.000000,100.000000,0.000000,0.000000,-2551.000000,-1570.000000,-1178.000000
-300.000000,200.000000,0.000000,0.000000,-2528.000000,-1767.000000,-1374.000000
0.000000,400.000000,0.000000,0.000000,-2519.000000,-1767.000000,-1374.000000
200.000000,300.000000,0.000000,0.000000,-2495.000000,-1963.000000,-1570.000000
-300.000000,400.000000,0.000000,0.000000,-2453.000000,-1963.000000,-1570.000000
-300.000000,300.000000,0.000000,0.000000,-2433.000000,-1963.000000,-1374.000000
-400.000000,500.000000,0.000000,0.000000,-2421.000000,-1963.000000,-1374.000000
200.000000,0.000000,0.000000,0.000000,-2433.000000,-1767.000000,-1374.000000
0.000000,500.000000,0.000000,0.000000,-2461.000000,-1963.000000,-1178.000000
0.000000,0.000000,0.000000,0.000000,-2467.000000,-1570.000000,-1178.000000
-200.000000,100.000000,0.000000,0.000000,-2442.000000,-1570.000000,-1178.000000
100.000000,300.000000,0.000000,0.000000,-2423.000000,-1374.000000,-1178.000000
200.000000,200.000000,0.000000,0.000000,-2434.000000,-1374.000000,-981.000000
-100.000000,500.000000,0.000000,0.000000,-2460.000000,-1374.000000,-981.000000
-400.000000,200.000000,0.000000,0.000000,-2470.000000,-1178.000000,-589.000000
100.000000,0.000000,0.000000,0.000000,-2487.000000,-1178.000000,-589.000000
-100.000000,200.000000,0.000000,0.000000,-2490.000000,-981.000000,-589.000000
-100.000000,100.000000,0.000000,0.000000,-2551.000000,-1178.000000,-392.000000
100.000000,200.000000,0.000000,0.000000,-2553.000000,-981.000000,-196.000000
100.000000,400.000000,0.000000,0.000000,-2537.000000,-981.000000,-196.000000
0.000000,200.000000,0.000000,0.000000,-2533.000000,-981.000000,-196.000000
-100.000000,-200.000000,62.000000,62.000000,-2480.000000,-981.000000,0.000000
0.000000,200.000000,0.000000,0.000000,-2470.000000,-981.000000,-196.000000
0.000000,100.000000,0.000000,0.000000,-2473.000000,-785.000000,-196.000000
-100.000000,100.000000,0.000000,0.000000,-2466.000000,-981.000000,0.000000
100.000000,-200.000000,0.000000,0.000000,-2441.000000,-785.000000,-196.000000
0.000000,-200.000000,0.000000,0.000000,-2444.000000,-785.000000,0.000000
-100.000000,100.000000,0.000000,0.000000,-2437.000000,-981.000000,0.000000
0.000000,-200.000000,0.000000,0.000000,-2403.000000,-981.000000,0.000000
-200.000000,-100.000000,0.000000,0.000000,-2361.000000,-785.000000,0.000000
0.000000,0.000000,0.000000,0.000000,-2355.000000,-981.000000,0.000000
-100.000000,-200.000000,0.000000,0.000000,-2371.000000,-981.000000,0.000000
0.000000,0.000000,0.000000,0.000000,-2408.000000,-981.000000,-196.000000
-100.000000,-300.000000,0.000000,0.000000,-2459.000000,-1178.000000,0.000000
-200.000000,0.000000,0.000000,0.000000,-2476.000000,-1178.000000,-196.000000
100.000000,0.000000,0.000000,0.000000,-2450.000000,-1178.000000,-196.000000
-200.000000,0.000000,0.000000,0.000000,-2433.000000,-1178.000000,-392.000000
0.000000,0.000000,0.000000,0.000000,-2430.000000,-1178.000000,-392.000000
300.000000,100.000000,0.000000,0.000000,-2407.000000,-1374.000000,-392.000000
-100.000000,100.000000,0.000000,0.000000,-2406.000000,-1374.000000,-589.000000
100.000000,0.000000,0.000000,0.000000,-2435.000000,-1570.000000,-981.000000
100.000000,0.000000,0.000000,0.000000,-2435.000000,-1374.000000,-981.000000
-200.000000,-200.000000,0.000000,0.000000,-2439.000000,-1570.000000,-1178.000000
-300.000000,0.000000,0.000000,0.000000,-2425.000000,-1570.000000,-1178.000000
-300.000000,-300.000000,0.000000,0.000000,-2412.000000,-1767.000000,-1374.000000
0.000000,-100.000000,0.000000,0.000000,-2444.000000,-1767.000000,-1570.000000
-100.000000,0.000000,0.000000,0.000000,-2475.000000,-1767.000000,-1570.000000
0.000000,200.000000,0.000000,0.000000,-2480.000000,-1767.000000,-1767.000000
0.000000,-200.000000,0.000000,0.000000,-2493.000000,-1570.000000,-1767.000000
100.000000,-100.000000,0.000000,0.000000,-2523.000000,-1767.000000,-1570.000000
200.000000,100.000000,0.000000,0.000000,-2567.000000,-1570.000000,-1374.000000
200.000000,-100.000000,0.000000,0.000000,-2591.000000,-1570.000000,-1374.000000
-100.000000,100.000000,0.000000,0.000000,-2630.000000,-1767.000000,-1570.000000
100.000000,0.000000,62.000000,62.000000,-2636.000000,-1767.000000,-1374.000000
0.000000,200.000000,0.000000,0.000000,-2626.000000,-1570.000000,-1570.000000
0.000000,200.000000,0.000000,0.000000,-2588.000000,-1767.000000,-1374.000000
0.000000,0.000000,0.000000,0.000000,-2613.000000,-1570.000000,-1374.000000
100.000000,-100.000000,0.000000,0.000000,-2636.000000,-1570.000000,-1374.000000
100.000000,0.000000,0.000000,0.000000,-2636.000000,-1767.000000,-1374.000000
0.000000,0.000000,0.000000,0.000000,-2649.000000,-1570.000000,-1374.000000
300.000000,0.000000,0.000000,0.000000,-2668.000000,-1767.000000,-1570.000000
200.000000,100.000000,0.000000,0.000000,-2721.000000,-1767.000000,-1767.000000
200.000000,100.000000,0.000000,0.000000,-2754.000000,-1570.000000,-1570.000000
100.000000,0.000000,31.000000,31.000000,-2785.000000,-1570.000000,-1374.000000
0.000000,100.000000,0.000000,0.000000,-2770.000000,-1570.000000,-1570.000000
-100.000000,0.000000,0.000000,0.000000,-2758.000000,-1374.000000,-1374.000000
200.000000,100.000000,0.000000,0.000000,-2754.000000,-1570.000000,-1178.000000
200.000000,0.000000,0.000000,0.000000,-2778.000000,-1570.000000,-1178.000000
200.000000,200.000000,0.000000,0.000000,-2799.000000,-1767.000000,-1178.000000
100.000000,-200.000000,0.000000,0.000000,-2814.000000,-1570.000000,-1178.000000
0.000000,200.000000,0.000000,0.000000,-2838.000000,-1570.000000,-1178.000000
200.000000,300.000000,0.000000,0.000000,-2836.000000,-1767.000000,-981.000000
-100.000000,0.000000,0.000000,0.000000,-2812.000000,-1570.000000,-981.000000
-200.000000,100.000000,0.000000,0.000000,-2768.000000,-1570.000000,-1178.000000
100.000000,0.000000,0.000000,0.000000,-2763.000000,-1570.000000,-981.000000
-300.000000,-100.000000,0.000000,0.000000,-2769.000000,-1767.000000,-1178.000000
100.000000,400.000000,0.000000,0.000000,-2743.000000,-1963.000000,-981.000000
100.000000,100.000000,0.000000,0.000000,-2762.000000,-1767.000000,-1178.000000
200.000000,0.000000,0.000000,0.000000,-2796.000000,-1963.000000,-981.000000
0.000000,-100.000000,0.000000,0.000000,-2803.000000,-1767.000000,-1178.000000
200.000000,0.000000,0.000000,0.000000,-2805.000000,-1963.000000,-1374.000000
300.000000,300.000000,0.000000,0.000000,-2820.000000,-1963.000000,-1374.000000
0.000000,100.000000,0.000000,0.000000,-2845.000000,-1963.000000,-1374.000000
200.000000,0.000000,0.000000,0.000000,-2845.000000,-2159.000000,-1374.000000
-300.000000,100.000000,0.000000,0.000000,-2880.000000,-1963.000000,-1374.000000
-300.000000,0.000000,0.000000,0.000000,-2893.000000,-1767.000000,-1374.000000
300.000000,300.000000,0.000000,0.000000,-2888.000000,-1963.000000,-1374.000000
200.000000,0.000000,0.000000,0.000000,-2881.000000,-1963.000000,-1570.000000
0.000000,-200.000000,0.000000,0.000000,-2903.000000,-1963.000000,-1767.000000
100.000000,0.000000,0.000000,0.000000,-2860.000000,-2159.000000,-1178.000000
100.000000,100.000000,0.000000,0.000000,-2838.000000,-2159.000000,-1374.000000
100.000000,200.000000,0.000000,0.000000,-2800.000000,-2159.000000,-981.000000
0.000000,0.000000,0.000000,0.000000,-2770.000000,-2159.000000,-1178.000000
0.000000,200.000000,0.000000,0.000000,-2728.000000,-2356.000000,-981.000000
-200.000000,100.000000,0.000000,0.000000,-2732.000000,-2159.000000,-981.000000
200.000000,0.000000,0.000000,0.000000,-2718.000000,-2552.000000,-981.000000
200.000000,0.000000,62.000000,62.000000,-2706.000000,-2552.000000,-1178.000000
-200.000000,-100.000000,0.000000,0.000000,-2680.000000,-2748.000000,-1178.000000
0.000000,100.000000,0.000000,0.000000,-2623.000000,-2945.000000,-1178.000000
-100.000000,-100.000000,0.000000,0.000000,-2624.000000,-2748.000000,-1178.000000
0.000000,100.000000,0.000000,0.000000,-2668.000000,-2748.000000,-1178.000000
0.000000,-100.000000,0.000000,0.000000,-2656.000000,-2552.000000,-1374.000000
100.000000,0.000000,0.000000,0.000000,-2687.000000,-2748.000000,-1374.000000
100.000000,100.000000,0.000000,0.000000,-2743.000000,-2748.000000,-1374.000000
0.000000,100.000000,0.000000,0.000000,-2747.000000,-2945.000000,-1374.000000
0.000000,0.000000,0.000000,0.000000,-2776.000000,-3141.000000,-1570.000000
-100.000000,100.000000,0.000000,0.000000,-2818.000000,-3141.000000,-1570.000000
100.000000,-200.000000,0.000000,0.000000,-2765.000000,-3337.000000,-1570.000000
200.000000,0.000000,0.000000,0.000000,-2762.000000,-3141.000000,-1570.000000
-100.000000,200.000000,0.000000,0.000000,-2729.000000,-3337.000000,-1767.000000
100.000000,0.000000,0.000000,0.000000,-2678.000000,-3534.000000,-1570.000000
100.000000,100.000000,0.000000,0.000000,-2653.000000,-3337.000000,-1767.000000
0.000000,100.000000,0.000000,0.000000,-2634.000000,-3534.000000,-1767.000000
200.000000,200.000000,0.000000,0.000000,-2630.000000,-3337.000000,-1963.000000
100.000000,0.000000,0.000000,0.000000,-2599.000000,-3534.000000,-2159.000000
0.000000,100.000000,0.000000,0.000000,-2572.000000,-3337.000000,-1767.000000
100.000000,0.000000,0.000000,0.000000,-2602.000000,-3534.000000,-1963.000000
200.000000,0.000000,0.000000,0.000000,-2598.000000,-3730.000000,-1767.000000
200.000000,0.000000,0.000000,0.000000,-2580.000000,-3730.000000,-1767.000000
100.000000,0.000000,0.000000,0.000000,-2611.000000,-3730.000000,-1570.000000
200.000000,0.000000,0.000000,0.000000,-2592.000000,-3730.000000,-1767.000000
-100.000000,0.000000,0.000000,0.000000,-2546.000000,-3730.000000,-1570.000000
0.000000,200.000000,0.000000,0.000000,-2541.000000,-3337.000000,-1570.000000
0.000000,100.000000,0.000000,0.000000,-2543.000000,-3534.000000,-1767.000000
400.000000,0.000000,0.000000,0.000000,-2547.000000,-3337.000000,-1570.000000
-200.000000,0.000000,0.000000,0.000000,-2500.000000,-3534.000000,-1570.000000
0.000000,0.000000,0.000000,0.000000,-2485.000000,-3534.000000,-1570.000000
0.000000,200.000000,0.000000,0.000000,-2498.000000,-3730.000000,-1374.000000
0.000000,0.000000,0.000000,0.000000,-2474.000000,-3534.000000,-1374.000000
0.000000,200.000000,0.000000,0.000000,-2443.000000,-3730.000000,-1374.000000
0.000000,0.000000,0.000000,0.000000,-2454.000000,-3534.000000,-1178.000000
0.000000,0.000000,0.000000,0.000000,-2429.000000,-3337.000000,-1374.000000
-300.000000,-100.000000,0.000000,0.000000,-2401.000000,-3337.000000,-1178.000000
200.000000,100.000000,0.000000,0.000000,-2397.000000,-3141.000000,-1178.000000
0.000000,-100.000000,0.000000,0.000000,-2376.000000,-2945.000000,-1178.000000
0.000000,100.000000,31.000000,31.000000,-2378.000000,-2945.000000,-1178.000000
-200.000000,100.000000,0.000000,0.000000,-2351.000000,-3141.000000,-1178.000000
0.000000,0.000000,0.000000,0.000000,-2341.000000,-3141.000000,-981.000000
0.000000,200.000000,0.000000,0.000000,-2313.000000,-3337.000000,-981.000000
-100.000000,200.000000,0.000000,0.000000,-2292.000000,-3337.000000,-981.000000
100.000000,-100.000000,0.000000,0.000000,-2284.000000,-3337.000000,-981.000000
300.000000,-100.000000,0.000000,0.000000,-2265.000000,-3337.000000,-785.000000
100.000000,0.000000,0.000000,0.000000,-2232.000000,-2945.000000,-981.000000
0.000000,0.000000,0.000000,0.000000,-2257.000000,-3141.000000,-785.000000
100.000000,0.000000,0.000000,0.000000,-2238.000000,-2748.000000,-785.000000
200.000000,0.000000,0.000000,0.000000,-2230.000000,-2945.000000,-981.000000
-300.000000,100.000000,0.000000,0.000000,-2193.000000,-2945.000000,-785.000000
0.000000,0.000000,0.000000,0.000000,-2182.000000,-3141.000000,-785.000000
0.000000,100.000000,0.000000,0.000000,-2149.000000,-3337.000000,-785.000000
0.000000,300.000000,0.000000,0.000000,-2139.000000,-3337.000000,-785.000000
0.000000,100.000000,0.000000,0.000000,-2133.000000,-3534.000000,-785.000000
-100.000000,0.000000,0.000000,0.000000,-2133.000000,-3534.000000,-785.000000
-100.000000,100.000000,0.000000,0.000000,-2127.000000,-3337.000000,-589.000000
0.000000,-100.000000,0.000000,0.000000,-2165.000000,-3141.000000,-981.000000
300.000000,0.000000,0.000000,0.000000,-2169.000000,-3141.000000,-785.000000
0.000000,0.000000,0.000000,0.000000,-2155.000000,-3337.000000,-785.000000
-200.000000,0.000000,0.000000,0.000000,-2093.000000,-3337.000000,-785.000000
0.000000,100.000000,0.000000,0.000000,-2073.000000,-3534.000000,-981.000000
-200.000000,100.000000,0.000000,0.000000,-2091.000000,-3534.000000,-785.000000
-200.000000,-100.000000,0.000000,0.000000,-2062.000000,-3730.000000,-981.000000
200.000000,0.000000,0.000000,0.000000,-2009.000000,-3534.000000,-981.000000
-100.000000,-200.000000,0.000000,0.000000,-1969.000000,-3730.000000,-981.000000
200.000000,100.000000,0.000000,0.000000,-1986.000000,-3730.000000,-981.000000
0.000000,100.000000,0.000000,0.000000,-1973.000000,-3730.000000,-981.000000
0.000000,0.000000,0.000000,0.000000,-1942.000000,-3730.000000,-1178.000000
100.000000,100.000000,0.000000,0.000000,-1953.000000,-3730.000000,-1178.000000
0.000000,0.000000,62.000000,62.000000,-1937.000000,-3730.000000,-1178.000000
0.000000,-100.000000,0.000000,0.000000,-1937.000000,-3730.000000,-1178.000000
0.000000,0.000000,0.000000,0.000000,-1931.000000,-3926.000000,-1374.000000
0.000000,100.000000,0.000000,0.000000,-1933.000000,-4123.000000,-1178.000000
100.000000,0.000000,0.000000,0.000000,-1956.000000,-4123.000000,-1374.000000
0.000000,100.000000,0.000000,0.000000,-1927.000000,-4123.000000,-1374.000000
200.000000,100.000000,0.000000,0.000000,-1940.000000,-3926.000000,-1374.000000
0.000000,0.000000,62.000000,62.000000,-1950.000000,-3926.000000,-1570.000000
0.000000,100.000000,0.000000,0.000000,-1965.000000,-3730.000000,-1374.000000
100.000000,0.000000,0.000000,0.000000,-1995.000000,-3534.000000,-1570.000000
200.000000,-100.000000,0.000000,0.000000,-2013.000000,-3926.000000,-1570.000000
200.000000,200.000000,0.000000,0.000000,-1993.000000,-3926.000000,-1570.000000
100.000000,0.000000,0.000000,0.000000,-2020.000000,-4123.000000,-1570.000000
0.000000,100.000000,0.000000,0.000000,-2042.000000,-4319.000000,-1570.000000
400.000000,300.000000,0.000000,0.000000,-2040.000000,-4123.000000,-1767.000000
200.000000,0.000000,0.000000,0.000000,-2037.000000,-4123.000000,-1570.000000
0.000000,100.000000,0.000000,0.000000,-2017.000000,-3926.000000,-1570.000000
0.000000,300.000000,0.000000,0.000000,-2056.000000,-3730.000000,-1570.000000
0.000000,100.000000,0.000000,0.000000,-2044.000000,-3730.000000,-1374.000000
100.000000,100.000000,0.000000,0.000000,-2032.000000,-3534.000000,-1178.000000
0.000000,0.000000,0.000000,0.000000,-2014.000000,-3730.000000,-1570.000000
100.000000,-100.000000,0.000000,0.000000,-2017.000000,-4123.000000,-1570.000000
0.000000,0.000000,0.000000,0.000000,-2015.000000,-4123.000000,-1767.000000
0.000000,0.000000,0.000000,0.000000,-1989.000000,-3926.000000,-1767.000000
200.000000,0.000000,0.000000,0.000000,-1983.000000,-3730.000000,-1767.000000
200.000000,0.000000,0.000000,0.000000,-1969.000000,-3730.000000,-1767.000000
100.000000,100.000000,0.000000,0.000000,-1989.000000,-3337.000000,-1963.000000
0.000000,0.000000,0.000000,0.000000,-2022.000000,-3337.000000,-1963.000000
0.000000,0.000000,0.000000,0.000000,-2016.000000,-3141.000000,-1963.000000
0.000000,-100.000000,0.000000,0.000000,-1998.000000,-2945.000000,-2159.000000
-200.000000,0.000000,0.000000,0.000000,-2061.000000,-2945.000000,-1963.000000
100.000000,0.000000,0.000000,0.000000,-2113.000000,-3141.000000,-2552.000000
100.000000,-100.000000,0.000000,0.000000,-2123.000000,-3337.000000,-2356.000000
0.000000,0.000000,0.000000,0.000000,-2118.000000,-3534.000000,-1963.000000
300.000000,0.000000,0.000000,0.000000,-2147.000000,-3141.000000,-1963.000000
100.000000,100.000000,0.000000,0.000000,-2140.000000,-3141.000000,-1963.000000
100.000000,100.000000,0.000000,0.000000,-2184.000000,-2945.000000,-1963.000000
100.000000,200.000000,0.000000,0.000000,-2243.000000,-2748.000000,-1963.000000
100.000000,0.000000,0.000000,0.000000,-2267.000000,-2748.000000,-2159.000000
100.000000,100.000000,0.000000,0.000000,-2244.000000,-2552.000000,-1963.000000
-100.000000,200.000000,0.000000,0.000000,-2270.000000,-2748.000000,-1963.000000
0.000000,0.000000,0.000000,0.000000,-2350.000000,-2945.000000,-1963.000000
100.000000,100.000000,0.000000,0.000000,-2396.000000,-2945.000000,-2159.000000
200.000000,100.000000,0.000000,0.000000,-2399.000000,-3337.000000,-1963.000000
-300.000000,100.000000,0.000000,0.000000,-2393.000000,-3141.000000,-2159.000000
200.000000,100.000000,0.000000,0.000000,-2406.000000,-2945.000000,-2356.000000
0.000000,-100.000000,0.000000,0.000000,-2430.000000,-2945.000000,-2159.000000
0.000000,-100.000000,0.000000,0.000000,-2462.000000,-2748.000000,-1767.000000
100.000000,200.000000,0.000000,0.000000,-2501.000000,-2552.000000,-1963.000000
200.000000,100.000000,0.000000,0.000000,-2467.000000,-2552.000000,-2159.000000
0.000000,100.000000,0.000000,0.000000,-2458.000000,-2552.000000,-2159.000000
0.000000,0.000000,0.000000,0.000000,-2493.000000,-2748.000000,-2356.000000
100.000000,0.000000,0.000000,0.000000,-2547.000000,-2945.000000,-2356.000000
300.000000,-200.000000,31.000000,31.000000,-2549.000000,-2945.000000,-2552.000000
100.000000,100.000000,0.000000,0.000000,-2545.000000,-3141.000000,-2552.000000
100.000000,0.000000,0.000000,0.000000,-2555.000000,-2945.000000,-2552.000000
100.000000,0.000000,0.000000,0.000000,-2633.000000,-2945.000000,-2552.000000
100.000000,-100.000000,0.000000,0.000000,-2628.000000,-2748.000000,-2945.000000
0.000000,0.000000,0.000000,0.000000,-2694.000000,-2748.000000,-2748.000000
0.000000,0.000000,0.000000,0.000000,-2732.000000,-2748.000000,-3141.000000
100.000000,-200.000000,0.000000,0.000000,-2779.000000,-2748.000000,-2945.000000
100.000000,200.000000,0.000000,0.000000,-2819.000000,-2945.000000,-3337.000000
100.000000,0.000000,0.000000,0.000000,-2843.000000,-2748.000000,-3141.000000
-100.000000,100.000000,0.000000,0.000000,-2846.000000,-2945.000000,-2945.000000
-100.000000,0.000000,0.000000,0.000000,-2890.000000,-2945.000000,-3141.000000
300.000000,0.000000,0.000000,0.000000,-2949.000000,-2748.000000,-3337.000000
0.000000,200.000000,0.000000,0.000000,-3031.000000,-2748.000000,-3337.000000
0.000000,200.000000,0.000000,0.000000,-3051.000000,-2945.000000,-3337.000000
0.000000,0.000000,0.000000,0.000000,-3080.000000,-2945.000000,-3337.000000
0.000000,100.000000,0.000000,0.000000,-3137.000000,-2945.000000,-3337.000000
100.000000,0.000000,0.000000,0.000000,-3179.000000,-2945.000000,-3337.000000
0.000000,100.000000,0.000000,0.000000,-3213.000000,-2945.000000,-3337.000000
100.000000,0.000000,0.000000,0.000000,-3256.000000,-2748.000000,-3337.000000
