Channel 1,Channel 2,Channel 3,Channel 4,Channel 5,Channel 6,Channel 7
-100.000000,-100.000000,0.000000,0.000000,-2980.000000,0.000000,0.000000
0.000000,0.000000,0.000000,0.000000,-2961.000000,0.000000,0.000000
0.000000,-100.000000,0.000000,0.000000,-2948.000000,0.000000,0.000000
0.000000,-100.000000,0.000000,0.000000,-2926.000000,0.000000,0.000000
-100.000000,0.000000,0.000000,0.000000,-2944.000000,0.000000,0.000000
100.000000,-200.000000,156.000000,156.000000,-2933.000000,0.000000,0.000000
0.000000,-200.000000,0.000000,0.000000,-2962.000000,0.000000,0.000000
200.000000,0.000000,0.000000,0.000000,-2968.000000,0.000000,0.000000
0.000000,0.000000,0.000000,0.000000,-2948.000000,0.000000,0.000000
0.000000,-400.000000,0.000000,0.000000,-2961.000000,0.000000,0.000000
0.000000,-300.000000,0.000000,0.000000,-2977.000000,0.000000,0.000000
100.000000,0.000000,0.000000,0.000000,-3008.000000,0.000000,0.000000
100.000000,0.000000,0.000000,0.000000,-3005.000000,0.000000,0.000000
100.000000,100.000000,0.000000,0.000000,-3019.000000,0.000000,0.000000
0.000000,-300.000000,0.000000,0.000000,-3000.000000,0.000000,0.000000
0.000000,0.000000,0.000000,0.000000,-2979.000000,0.000000,0.000000
-100.000000,0.000000,0.000000,0.000000,-2997.000000,0.000000,0.000000
0.000000,-100.000000,0.000000,0.000000,-3034.000000,0.000000,0.000000
-100.000000,-100.000000,0.000000,0.000000,-3021.000000,0.000000,0.000000
0.000000,0.000000,0.000000,0.000000,-3019.000000,0.000000,0.000000
0.000000,-100.000000,0.000000,0.000000,-2993.000000,0.000000,0.000000
0.000000,-300.000000,0.000000,0.000000,-3013.000000,0.000000,0.000000
0.000000,0.000000,0.000000,0.000000,-3039.000000,0.000000,0.000000
-200.000000,0.000000,0.000000,0.000000,-3036.000000,0.000000,0.000000
100.000000,-200.000000,0.000000,0.000000,-3025.000000,0.000000,0.000000
0.000000,200.000000,0.000000,0.000000,-3013.000000,196.000000,0.000000
0.000000,-200.000000,0.000000,0.000000,-3027.000000,0.000000,0.000000
300.000000,100.000000,0.000000,0.000000,-2998.000000,0.000000,0.000000
0.000000,-300.000000,0.000000,0.000000,-3004.000000,0.000000,0.000000
-100.000000,0.000000,0.000000,0.000000,-3003.000000,0.000000,0.000000
0.000000,100.000000,0.000000,0.000000,-3000.000000,0.000000,0.000000
0.000000,-100.000000,0.000000,0.000000,-3026.000000,-196.000000,0.000000
0.000000,0.000000,0.000000,0.000000,-3003.000000,0.000000,0.000000
0.000000,-100.000000,0.000000,0.000000,-3007.000000,0.000000,0.000000
200.000000,0.000000,0.000000,0.000000,-3002.000000,0.000000,0.000000
0.000000,0.000000,0.000000,0.000000,-3020.000000,0.000000,0.000000
-100.000000,-300.000000,0.000000,0.000000,-3036.000000,0.000000,0.000000
100.000000,0.000000,0.000000,0.000000,-3066.000000,0.000000,0.000000
0.000000,-100.000000,0.000000,0.000000,-3080.000000,0.000000,0.000000
100.000000,-100.000000,0.000000,0.000000,-3082.000000,-196.000000,0.000000
-100.000000,100.000000,0.000000,0.000000,-3057.000000,0.000000,0.000000
-100.000000,0.000000,0.000000,0.000000,-3053.000000,0.000000,0.000000
0.000000,-100.000000,0.000000,0.000000,-3035.000000,0.000000,0.000000
-100.000000,-100.000000,0.000000,0.000000,-3026.000000,0.000000,0.000000
0.000000,0.000000,0.000000,0.000000,-2979.000000,0.000000,0.000000
0.000000,0.000000,0.000000,0.000000,-3002.000000,0.000000,0.000000
-100.000000,-100.000000,0.000000,0.000000,-3012.000000,0.000000,0.000000
0.000000,-100.000000,0.000000,0.000000,-3022.000000,0.000000,0.000000
0.000000,0.000000,0.000000,0.000000,-3064.000000,0.000000,0.000000
0.000000,100.000000,0.000000,0.000000,-3078.000000,0.000000,0.000000
0.000000,-100.000000,0.000000,0.000000,-3060.000000,0.000000,0.000000
-100.000000,0.000000,0.000000,0.000000,-3073.000000,0.000000,-196.000000
100.000000,-300.000000,0.000000,0.000000,-3032.000000,0.000000,0.000000
0.000000,-400.000000,0.000000,0.000000,-3009.000000,0.000000,0.000000
0.000000,0.000000,0.000000,0.000000,-3022.000000,0.000000,0.000000
0.000000,-100.000000,0.000000,0.000000,-3010.000000,0.000000,0.000000
100.000000,-100.000000,0.000000,0.000000,-3032.000000,0.000000,0.000000
0.000000,100.000000,0.000000,0.000000,-3039.000000,0.000000,0.000000
0.000000,-200.000000,0.000000,0.000000,-3035.000000,0.000000,0.000000
0.000000,0.000000,0.000000,0.000000,-3040.000000,0.000000,0.000000
100.000000,-200.000000,0.000000,0.000000,-3055.000000,0.000000,0.000000
-100.000000,100.000000,156.000000,156.000000,-3056.000000,0.000000,0.000000
0.000000,-200.000000,0.000000,0.000000,-3070.000000,0.000000,0.000000
-100.000000,200.000000,78.000000,78.000000,-3052.000000,0.000000,0.000000
200.000000,-300.000000,0.000000,0.000000,-3073.000000,0.000000,196.000000
-100.000000,0.000000,0.000000,0.000000,-3044.000000,0.000000,0.000000
-100.000000,-100.000000,0.000000,0.000000,-3024.000000,0.000000,0.000000
0.000000,-300.000000,0.000000,0.000000,-3008.000000,0.000000,0.000000
-100.000000,-100.000000,0.000000,0.000000,-2994.000000,0.000000,0.000000
0.000000,0.000000,0.000000,0.000000,-2987.000000,0.000000,0.000000
-100.000000,-200.000000,0.000000,0.000000,-2991.000000,0.000000,0.000000
0.000000,0.000000,0.000000,0.000000,-3003.000000,0.000000,0.000000
0.000000,-200.000000,0.000000,0.000000,-2963.000000,0.000000,0.000000
-200.000000,-200.000000,0.000000,0.000000,-2966.000000,196.000000,0.000000
-100.000000,0.000000,0.000000,0.000000,-2996.000000,0.000000,0.000000
-100.000000,0.000000,0.000000,0.000000,-3018.000000,0.000000,0.000000
0.000000,-200.000000,0.000000,0.000000,-3020.000000,0.000000,0.000000
-100.000000,-200.000000,0.000000,0.000000,-2998.000000,0.000000,0.000000
-100.000000,0.000000,0.000000,0.000000,-3026.000000,196.000000,0.000000
0.000000,-200.000000,0.000000,0.000000,-3000.000000,0.000000,196.000000
-200.000000,200.000000,0.000000,0.000000,-2998.000000,0.000000,0.000000
-100.000000,0.000000,0.000000,0.000000,-3005.000000,0.000000,0.000000
-100.000000,-200.000000,0.000000,0.000000,-3017.000000,0.000000,196.000000
200.000000,-700.000000,0.000000,0.000000,-3011.000000,0.000000,196.000000
100.000000,-600.000000,0.000000,0.000000,-3007.000000,0.000000,196.000000
-500.000000,-400.000000,0.000000,0.000000,-3027.000000,196.000000,0.000000
0.000000,-300.000000,0.000000,0.000000,-3024.000000,0.000000,196.000000
-300.000000,-600.000000,0.000000,0.000000,-3063.000000,0.000000,0.000000
0.000000,0.000000,0.000000,0.000000,-3026.000000,0.000000,0.000000
0.000000,0.000000,0.000000,0.000000,-3061.000000,0.000000,0.000000
0.000000,-100.000000,0.000000,0.000000,-3049.000000,0.000000,0.000000
-300.000000,100.000000,0.000000,0.000000,-3005.000000,0.000000,0.000000
-100.000000,-600.000000,0.000000,0.000000,-2998.000000,0.000000,0.000000
100.000000,-200.000000,0.000000,0.000000,-2969.000000,0.000000,0.000000
0.000000,0.000000,0.000000,0.000000,-2993.000000,0.000000,0.000000
0.000000,0.000000,0.000000,0.000000,-3001.000000,0.000000,0.000000
0.000000,-200.000000,0.000000,0.000000,-3027.000000,0.000000,0.000000
200.000000,0.000000,0.000000,0.000000,-3021.000000,0.000000,-196.000000
0.000000,0.000000,0.000000,0.000000,-3014.000000,0.000000,0.000000
-100.000000,-100.000000,0.000000,0.000000,-3005.000000,-196.000000,0.000000
0.000000,100.000000,0.000000,0.000000,-2976.000000,0.000000,0.000000
0.000000,-200.000000,0.000000,0.000000,-2969.000000,0.000000,0.000000
0.000000,100.000000,0.000000,0.000000,-2987.000000,-196.000000,0.000000
0.000000,-100.000000,0.000000,0.000000,-3006.000000,0.000000,0.000000
-100.000000,200.000000,0.000000,0.000000,-3022.000000,0.000000,0.000000
0.000000,200.000000,156.000000,156.000000,-3016.000000,0.000000,0.000000
0.000000,500.000000,0.000000,0.000000,-3028.000000,0.000000,0.000000
-200.000000,0.000000,0.000000,0.000000,-2999.000000,0.000000,0.000000
-200.000000,-200.000000,0.000000,0.000000,-3028.000000,0.000000,0.000000
0.000000,100.000000,0.000000,0.000000,-3008.000000,0.000000,0.000000
-100.000000,0.000000,20000.000000,20000.000000,-2991.000000,0.000000,0.000000
19000.000000,9900.000000,20000.000000,20000.000000,-2902.000000,2552.000000,2945.000000
17800.000000,20200.000000,20000.000000,20000.000000,-2931.000000,3926.000000,4712.000000
21100.000000,20400.000000,20000.000000,20000.000000,-2826.000000,1767.000000,2356.000000
20400.000000,19300.000000,20000.000000,20000.000000,-3077.000000,-392.000000,-392.000000
19200.000000,19200.000000,20000.000000,20000.000000,-3259.000000,196.000000,-589.000000
20000.000000,22100.000000,20000.000000,20000.000000,-3093.000000,1963.000000,1767.000000
20100.000000,21000.000000,20000.000000,20000.000000,-2605.000000,3534.000000,3534.000000
21600.000000,17600.000000,20000.000000,20000.000000,-2468.000000,4123.000000,4123.000000
19200.000000,18700.000000,20000.000000,20000.000000,-2817.000000,3534.000000,3534.000000
22000.000000,18400.000000,20000.000000,20000.000000,-3156.000000,2748.000000,2356.000000
22000.000000,22500.000000,20000.000000,20000.000000,-3083.000000,2552.000000,2159.000000
20600.000000,18000.000000,20000.000000,20000.000000,-2509.000000,3730.000000,3730.000000
19200.000000,20400.000000,20000.000000,20000.000000,-2492.000000,5301.000000,5301.000000
21800.000000,18400.000000,20000.000000,20000.000000,-2849.000000,4908.000000,5694.000000
20400.000000,19300.000000,20000.000000,20000.000000,-2786.000000,4123.000000,4319.000000
18500.000000,18600.000000,20000.000000,20000.000000,-2663.000000,3926.000000,3141.000000
18200.000000,19000.000000,20000.000000,20000.000000,-2557.000000,4516.000000,3730.000000
17700.000000,18000.000000,20000.000000,20000.000000,-2685.000000,5497.000000,5105.000000
18600.000000,18700.000000,20000.000000,20000.000000,-2730.000000,5890.000000,5890.000000
18700.000000,19200.000000,20000.000000,20000.000000,-2695.000000,5497.000000,5694.000000
19800.000000,22500.000000,20000.000000,20000.000000,-2671.000000,4908.000000,5105.000000
18400.000000,18600.000000,20000.000000,20000.000000,-2754.000000,4516.000000,4319.000000
18800.000000,19000.000000,20000.000000,20000.000000,-2773.000000,4908.000000,4319.000000
21800.000000,18700.000000,20000.000000,20000.000000,-2540.000000,5497.000000,5105.000000
20900.000000,21100.000000,20000.000000,20000.000000,-2574.000000,6283.000000,6086.000000
22200.000000,19100.000000,20000.000000,20000.000000,-2705.000000,5890.000000,5497.000000
22400.000000,19200.000000,20000.000000,20000.000000,-2630.000000,4908.000000,4908.000000
18300.000000,18900.000000,20000.000000,20000.000000,-2551.000000,4319.000000,4908.000000
20700.000000,20100.000000,20000.000000,20000.000000,-2586.000000,4908.000000,4712.000000
18600.000000,18700.000000,20000.000000,20000.000000,-2524.000000,5301.000000,4908.000000
20200.000000,21300.000000,20000.000000,20000.000000,-2448.000000,5497.000000,5105.000000
18200.000000,20800.000000,20000.000000,20000.000000,-2530.000000,5301.000000,5105.000000
22000.000000,18500.000000,20000.000000,20000.000000,-2647.000000,4908.000000,5105.000000
18400.000000,22300.000000,20000.000000,20000.000000,-2529.000000,4319.000000,4908.000000
21000.000000,20600.000000,20000.000000,20000.000000,-2533.000000,4319.000000,4516.000000
22200.000000,18400.000000,20000.000000,20000.000000,-2613.000000,4319.000000,3926.000000
22400.000000,18500.000000,20000.000000,20000.000000,-2547.000000,4712.000000,3534.000000
19800.000000,21800.000000,20000.000000,20000.000000,-2546.000000,4516.000000,3926.000000
18600.000000,20000.000000,20000.000000,20000.000000,-2659.000000,4123.000000,4123.000000
18100.000000,19700.000000,20000.000000,20000.000000,-2713.000000,3926.000000,4319.000000
18000.000000,19800.000000,20000.000000,20000.000000,-2681.000000,3926.000000,4319.000000
17700.000000,20300.000000,20000.000000,20000.000000,-2733.000000,3730.000000,4319.000000
18100.000000,23100.000000,20000.000000,20000.000000,-2691.000000,3337.000000,3730.000000
17800.000000,18700.000000,20000.000000,20000.000000,-2676.000000,3534.000000,3534.000000
22300.000000,18300.000000,20000.000000,20000.000000,-2622.000000,3534.000000,3534.000000
19300.000000,18500.000000,20000.000000,20000.000000,-2567.000000,3534.000000,3337.000000
17500.000000,21400.000000,20000.000000,20000.000000,-2587.000000,3534.000000,3534.000000
22100.000000,20500.000000,20000.000000,20000.000000,-2555.000000,3337.000000,3337.000000
21700.000000,17800.000000,20000.000000,20000.000000,-2537.000000,3534.000000,3534.000000
18000.000000,18100.000000,20000.000000,20000.000000,-2519.000000,3730.000000,2748.000000
18200.000000,22300.000000,20000.000000,20000.000000,-2545.000000,3534.000000,3337.000000
22700.000000,21600.000000,20000.000000,20000.000000,-2572.000000,3337.000000,3534.000000
20600.000000,18100.000000,20000.000000,20000.000000,-2571.000000,3337.000000,3730.000000
17900.000000,18900.000000,20000.000000,20000.000000,-2618.000000,3337.000000,3534.000000
17700.000000,21500.000000,20000.000000,20000.000000,-2652.000000,3730.000000,3337.000000
22500.000000,19700.000000,20000.000000,20000.000000,-2731.000000,4123.000000,3534.000000
21200.000000,19800.000000,20000.000000,20000.000000,-2660.000000,4123.000000,3730.000000
21300.000000,21300.000000,20000.000000,20000.000000,-2705.000000,4123.000000,4123.000000
22400.000000,22200.000000,20000.000000,20000.000000,-2628.000000,4319.000000,4123.000000
20800.000000,21100.000000,20000.000000,20000.000000,-2683.000000,4516.000000,4319.000000
17900.000000,18500.000000,20000.000000,20000.000000,-2725.000000,4712.000000,4712.000000
19900.000000,18700.000000,20000.000000,20000.000000,-2769.000000,4712.000000,4712.000000
18500.000000,21300.000000,20000.000000,20000.000000,-2765.000000,4908.000000,5105.000000
20200.000000,18100.000000,20000.000000,20000.000000,-2741.000000,5497.000000,8443.000000
18200.000000,18600.000000,20000.000000,20000.000000,-2821.000000,5890.000000,5301.000000
20700.000000,18600.000000,20000.000000,20000.000000,-2768.000000,6479.000000,5497.000000
21400.000000,18400.000000,20000.000000,20000.000000,-2773.000000,6675.000000,6086.000000
18500.000000,22100.000000,20000.000000,20000.000000,-2738.000000,6479.000000,6675.000000
20600.000000,21300.000000,20000.000000,20000.000000,-2812.000000,6283.000000,6872.000000
18700.000000,18600.000000,20000.000000,20000.000000,-2927.000000,7068.000000,6872.000000
18200.000000,20700.000000,20000.000000,20000.000000,-2981.000000,8050.000000,6872.000000
18400.000000,20700.000000,20000.000000,20000.000000,-3021.000000,8835.000000,6479.000000
18800.000000,18400.000000,20000.000000,20000.000000,-3087.000000,8835.000000,8639.000000
19200.000000,20900.000000,20000.000000,20000.000000,-3164.000000,8246.000000,9424.000000
21300.000000,21600.000000,20000.000000,20000.000000,-3232.000000,8639.000000,8835.000000
18600.000000,18400.000000,20000.000000,20000.000000,-3208.000000,9621.000000,8443.000000
19200.000000,18600.000000,20000.000000,20000.000000,-2985.000000,10210.000000,9228.000000
18200.000000,18800.000000,20000.000000,20000.000000,-3127.000000,10406.000000,9621.000000
18200.000000,21300.000000,20000.000000,20000.000000,-3101.000000,10406.000000,9817.000000
20800.000000,18900.000000,20000.000000,20000.000000,-3009.000000,10799.000000,10406.000000
19000.000000,19400.000000,20000.000000,20000.000000,-2826.000000,10995.000000,10406.000000
18700.000000,18600.000000,20000.000000,20000.000000,-2815.000000,11388.000000,10210.000000
18000.000000,18600.000000,20000.000000,20000.000000,-2960.000000,11780.000000,9621.000000
19300.000000,19300.000000,20000.000000,20000.000000,-2681.000000,11780.000000,11388.000000
19400.000000,18400.000000,20000.000000,20000.000000,-2663.000000,12370.000000,11977.000000
18700.000000,18700.000000,20000.000000,20000.000000,-2740.000000,12370.000000,12173.000000
18500.000000,20900.000000,20000.000000,20000.000000,-2363.000000,12566.000000,11977.000000
18600.000000,18800.000000,20000.000000,20000.000000,-2557.000000,13155.000000,10602.000000
18400.000000,21200.000000,20000.000000,20000.000000,-2631.000000,13155.000000,12173.000000
18800.000000,18800.000000,20000.000000,20000.000000,-2247.000000,12959.000000,12566.000000
21000.000000,20600.000000,20000.000000,20000.000000,-2109.000000,13155.000000,12762.000000
17900.000000,20300.000000,20000.000000,20000.000000,-2283.000000,13548.000000,13155.000000
19700.000000,18100.000000,20000.000000,20000.000000,-2064.000000,13940.000000,12959.000000
18500.000000,18700.000000,20000.000000,20000.000000,-1813.000000,14137.000000,12566.000000
20500.000000,18800.000000,20000.000000,20000.000000,-1903.000000,13940.000000,12566.000000
18700.000000,18900.000000,20000.000000,20000.000000,-1797.000000,13940.000000,17671.000000
20900.000000,18700.000000,20000.000000,20000.000000,-1776.000000,13744.000000,12959.000000
18300.000000,19000.000000,20000.000000,20000.000000,-1537.000000,13940.000000,13155.000000
19600.000000,18800.000000,20000.000000,20000.000000,-1741.000000,14137.000000,12959.000000
18200.000000,18900.000000,20000.000000,20000.000000,-1848.000000,14137.000000,13155.000000
18200.000000,18400.000000,20000.000000,20000.000000,-2006.000000,14137.000000,12370.000000
21500.000000,19100.000000,20000.000000,20000.000000,-1984.000000,13744.000000,12370.000000
19100.000000,-100.000000,0.000000,0.000000,-1823.000000,11977.000000,10995.000000
200.000000,300.000000,0.000000,0.000000,-1884.000000,9424.000000,8246.000000
0.000000,-100.000000,0.000000,0.000000,-1752.000000,9032.000000,7853.000000
0.000000,-100.000000,0.000000,0.000000,-1561.000000,8639.000000,8246.000000
-100.000000,-100.000000,0.000000,0.000000,-1580.000000,8443.000000,9621.000000
0.000000,-100.000000,0.000000,0.000000,-1383.000000,8639.000000,11977.000000
0.000000,-100.000000,0.000000,0.000000,-1096.000000,10013.000000,11584.000000
200.000000,-100.000000,0.000000,0.000000,-1247.000000,11388.000000,11780.000000
100.000000,0.000000,0.000000,0.000000,-1356.000000,11388.000000,11191.000000
100.000000,-300.000000,0.000000,0.000000,-1192.000000,11584.000000,8835.000000
100.000000,300.000000,156.000000,156.000000,-1016.000000,10799.000000,6675.000000
800.000000,0.000000,0.000000,0.000000,-1378.000000,10995.000000,5301.000000
100.000000,0.000000,0.000000,0.000000,-1646.000000,10013.000000,4712.000000
0.000000,-200.000000,0.000000,0.000000,-1356.000000,7657.000000,5105.000000
100.000000,0.000000,0.000000,0.000000,-1212.000000,5694.000000,5497.000000
0.000000,100.000000,0.000000,0.000000,-1494.000000,5497.000000,6086.000000
0.000000,-300.000000,0.000000,0.000000,-1602.000000,5105.000000,6872.000000
-100.000000,-400.000000,0.000000,0.000000,-1225.000000,5105.000000,7068.000000
100.000000,0.000000,0.000000,0.000000,-970.000000,4712.000000,6872.000000
200.000000,100.000000,0.000000,0.000000,-1522.000000,4712.000000,6872.000000
100.000000,-200.000000,0.000000,0.000000,-1713.000000,5105.000000,6479.000000
0.000000,100.000000,0.000000,0.000000,-1281.000000,6479.000000,6086.000000
0.000000,-400.000000,0.000000,0.000000,-1546.000000,7853.000000,5890.000000
0.000000,0.000000,0.000000,0.000000,-1740.000000,7853.000000,5694.000000
-100.000000,-100.000000,0.000000,0.000000,-1569.000000,7657.000000,5497.000000
0.000000,-200.000000,0.000000,0.000000,-1878.000000,7657.000000,5105.000000
0.000000,0.000000,0.000000,0.000000,-1789.000000,7264.000000,5105.000000
0.000000,0.000000,0.000000,0.000000,-1468.000000,7068.000000,4908.000000
0.000000,0.000000,0.000000,0.000000,-1903.000000,7068.000000,4712.000000
0.000000,-400.000000,0.000000,0.000000,-2177.000000,6675.000000,5694.000000
100.000000,-100.000000,0.000000,0.000000,-1997.000000,6479.000000,6675.000000
0.000000,-200.000000,0.000000,0.000000,-1720.000000,6479.000000,8443.000000
0.000000,-100.000000,0.000000,0.000000,-1647.000000,6675.000000,8443.000000
0.000000,0.000000,0.000000,0.000000,-1910.000000,8050.000000,8639.000000
200.000000,-100.000000,0.000000,0.000000,-2218.000000,9817.000000,8050.000000
200.000000,100.000000,0.000000,0.000000,-1992.000000,10406.000000,7853.000000
0.000000,100.000000,0.000000,0.000000,-1711.000000,10013.000000,7461.000000
0.000000,200.000000,0.000000,0.000000,-1644.000000,10210.000000,7264.000000
200.000000,100.000000,0.000000,0.000000,-1884.000000,9817.000000,9424.000000
-100.000000,-100.000000,0.000000,0.000000,-2176.000000,10013.000000,11388.000000
200.000000,0.000000,0.000000,0.000000,-1862.000000,10406.000000,11388.000000
200.000000,0.000000,0.000000,0.000000,-1723.000000,11584.000000,10799.000000
200.000000,0.000000,0.000000,0.000000,-1962.000000,12762.000000,10210.000000
0.000000,-100.000000,0.000000,0.000000,-1745.000000,13155.000000,10602.000000
0.000000,-100.000000,0.000000,0.000000,-1699.000000,13351.000000,10799.000000
0.000000,-100.000000,0.000000,0.000000,-1785.000000,13155.000000,11584.000000
-100.000000,0.000000,0.000000,0.000000,-1854.000000,13155.000000,12959.000000
-100.000000,-100.000000,0.000000,0.000000,-1755.000000,13351.000000,12370.000000
0.000000,0.000000,0.000000,0.000000,-1533.000000,14529.000000,13155.000000
0.000000,0.000000,0.000000,0.000000,-1653.000000,15315.000000,13548.000000
200.000000,0.000000,0.000000,0.000000,-1786.000000,15904.000000,12173.000000
-100.000000,0.000000,0.000000,0.000000,-1742.000000,15904.000000,11584.000000
100.000000,0.000000,0.000000,0.000000,-1763.000000,15511.000000,12959.000000
-100.000000,200.000000,0.000000,0.000000,-1740.000000,15707.000000,13744.000000
200.000000,300.000000,0.000000,0.000000,-1926.000000,15315.000000,14726.000000
0.000000,100.000000,0.000000,0.000000,-1786.000000,15315.000000,14529.000000
0.000000,-200.000000,0.000000,0.000000,-1834.000000,15315.000000,14529.000000
100.000000,-100.000000,0.000000,0.000000,-1850.000000,16100.000000,14529.000000
0.000000,0.000000,0.000000,0.000000,-1631.000000,16493.000000,12959.000000
0.000000,0.000000,0.000000,0.000000,-1614.000000,16100.000000,13940.000000
0.000000,-100.000000,0.000000,0.000000,-1672.000000,16100.000000,13940.000000
0.000000,100.000000,0.000000,0.000000,-1600.000000,15511.000000,14529.000000
100.000000,0.000000,0.000000,0.000000,-1531.000000,15904.000000,13744.000000
100.000000,0.000000,0.000000,0.000000,-1682.000000,15118.000000,20027.000000
0.000000,0.000000,0.000000,0.000000,-1584.000000,15315.000000,13744.000000
0.000000,-200.000000,0.000000,0.000000,-1428.000000,14726.000000,11780.000000
0.000000,0.000000,0.000000,0.000000,-1335.000000,14529.000000,12762.000000
0.000000,-100.000000,0.000000,0.000000,-1337.000000,14333.000000,12762.000000
200.000000,0.000000,0.000000,0.000000,-1249.000000,14137.000000,12370.000000
0.000000,0.000000,0.000000,0.000000,-1162.000000,14333.000000,11780.000000
300.000000,0.000000,0.000000,0.000000,-1188.000000,13940.000000,10602.000000
-100.000000,0.000000,0.000000,0.000000,-1305.000000,13351.000000,11388.000000
0.000000,-200.000000,0.000000,0.000000,-1220.000000,13351.000000,11191.000000
0.000000,-100.000000,0.000000,0.000000,-995.000000,12762.000000,10995.000000
200.000000,0.000000,0.000000,0.000000,-1150.000000,11977.000000,9424.000000
200.000000,-100.000000,0.000000,0.000000,-1036.000000,11388.000000,9228.000000
100.000000,300.000000,0.000000,0.000000,-1142.000000,10995.000000,10013.000000
0.000000,200.000000,0.000000,0.000000,-973.000000,10602.000000,9621.000000
300.000000,0.000000,0.000000,0.000000,-843.000000,10602.000000,8835.000000
100.000000,0.000000,0.000000,0.000000,-762.000000,10013.000000,8835.000000
100.000000,300.000000,0.000000,0.000000,-703.000000,9621.000000,8443.000000
0.000000,0.000000,0.000000,0.000000,-662.000000,9621.000000,8050.000000
0.000000,100.000000,0.000000,0.000000,-611.000000,9228.000000,7657.000000
200.000000,-100.000000,0.000000,0.000000,-569.000000,8835.000000,7264.000000
-100.000000,-200.000000,0.000000,0.000000,-385.000000,8246.000000,6675.000000
100.000000,0.000000,0.000000,0.000000,-428.000000,7657.000000,6283.000000
-100.000000,-100.000000,0.000000,0.000000,-712.000000,7264.000000,6086.000000
0.000000,-100.000000,0.000000,0.000000,-356.000000,7068.000000,5301.000000
100.000000,200.000000,0.000000,0.000000,-188.000000,6675.000000,4319.000000
100.000000,-100.000000,0.000000,0.000000,-240.000000,6675.000000,4712.000000
100.000000,0.000000,0.000000,0.000000,-562.000000,6086.000000,4712.000000
-100.000000,0.000000,0.000000,0.000000,-579.000000,6086.000000,4319.000000
0.000000,0.000000,0.000000,0.000000,-376.000000,5890.000000,4123.000000
0.000000,0.000000,0.000000,0.000000,-517.000000,5694.000000,4123.000000
-300.000000,0.000000,0.000000,0.000000,-682.000000,5694.000000,4319.000000
300.000000,0.000000,0.000000,0.000000,-663.000000,5694.000000,4908.000000
100.000000,-100.000000,0.000000,0.000000,-743.000000,6086.000000,4908.000000
100.000000,0.000000,0.000000,0.000000,-601.000000,6479.000000,4516.000000
0.000000,-200.000000,0.000000,0.000000,-490.000000,6675.000000,4712.000000
0.000000,-100.000000,0.000000,0.000000,-544.000000,6675.000000,4319.000000
0.000000,0.000000,0.000000,0.000000,-476.000000,6479.000000,3730.000000
200.000000,0.000000,0.000000,0.000000,-689.000000,6479.000000,3730.000000
0.000000,0.000000,0.000000,0.000000,-622.000000,6479.000000,5301.000000
100.000000,0.000000,0.000000,0.000000,-488.000000,6872.000000,8246.000000
100.000000,-300.000000,0.000000,0.000000,-636.000000,7657.000000,5497.000000
0.000000,100.000000,0.000000,0.000000,-642.000000,7853.000000,5497.000000
0.000000,0.000000,0.000000,0.000000,-782.000000,7853.000000,5301.000000
-100.000000,0.000000,0.000000,0.000000,-720.000000,7853.000000,5497.000000
100.000000,100.000000,0.000000,0.000000,-682.000000,8246.000000,5301.000000
0.000000,100.000000,0.000000,0.000000,-811.000000,8639.000000,5301.000000
-100.000000,0.000000,0.000000,0.000000,-832.000000,9032.000000,6872.000000
0.000000,200.000000,0.000000,0.000000,-860.000000,9424.000000,7264.000000
0.000000,-100.000000,0.000000,0.000000,-956.000000,9621.000000,7068.000000
400.000000,0.000000,0.000000,0.000000,-1146.000000,10013.000000,7461.000000
0.000000,-100.000000,0.000000,0.000000,-1083.000000,9817.000000,7657.000000
500.000000,-200.000000,0.000000,0.000000,-988.000000,10210.000000,8443.000000
0.000000,-100.000000,0.000000,0.000000,-1175.000000,10602.000000,8050.000000
-1400.000000,-1000.000000,78.000000,78.000000,-1316.000000,10799.000000,7657.000000
0.000000,-300.000000,0.000000,0.000000,-1348.000000,10799.000000,8443.000000
0.000000,-200.000000,0.000000,0.000000,-1122.000000,11191.000000,8835.000000
0.000000,-200.000000,0.000000,0.000000,-891.000000,11388.000000,9032.000000
-100.000000,0.000000,0.000000,0.000000,-995.000000,11584.000000,9424.000000
0.000000,0.000000,0.000000,0.000000,-1275.000000,11584.000000,8443.000000
-200.000000,-300.000000,0.000000,0.000000,-1273.000000,11780.000000,8639.000000
-200.000000,200.000000,0.000000,0.000000,-1226.000000,11977.000000,9817.000000
0.000000,0.000000,0.000000,0.000000,-1414.000000,12370.000000,9817.000000
0.000000,-200.000000,0.000000,0.000000,-1427.000000,12762.000000,10210.000000
-100.000000,-400.000000,0.000000,0.000000,-1389.000000,12762.000000,10799.000000
-100.000000,-300.000000,0.000000,0.000000,-1503.000000,12959.000000,10799.000000
-100.000000,0.000000,0.000000,0.000000,-1502.000000,12959.000000,10799.000000
100.000000,-200.000000,0.000000,0.000000,-1422.000000,13155.000000,10995.000000
0.000000,0.000000,0.000000,0.000000,-1428.000000,13351.000000,10995.000000
0.000000,0.000000,0.000000,0.000000,-1379.000000,13351.000000,10799.000000
-100.000000,-100.000000,0.000000,0.000000,-1440.000000,13744.000000,9817.000000
-100.000000,-100.000000,0.000000,0.000000,-1289.000000,13548.000000,10799.000000
-200.000000,0.000000,0.000000,0.000000,-1199.000000,13351.000000,10799.000000
-100.000000,-200.000000,0.000000,0.000000,-1204.000000,13155.000000,10210.000000
-600.000000,-400.000000,156.000000,156.000000,-1242.000000,13155.000000,10210.000000
100.000000,100.000000,0.000000,0.000000,-1206.000000,12762.000000,9424.000000
300.000000,-200.000000,0.000000,0.000000,-1063.000000,12566.000000,15118.000000
200.000000,0.000000,0.000000,0.000000,-879.000000,12762.000000,9032.000000
-300.000000,800.000000,78.000000,78.000000,-873.000000,12173.000000,8639.000000
-100.000000,-100.000000,0.000000,0.000000,-875.000000,11780.000000,7657.000000
0.000000,-300.000000,0.000000,0.000000,-845.000000,11388.000000,6872.000000
-100.000000,-300.000000,0.000000,0.000000,-655.000000,11388.000000,7853.000000
0.000000,-200.000000,0.000000,0.000000,-655.000000,11388.000000,7853.000000
-200.000000,-300.000000,0.000000,0.000000,-662.000000,10799.000000,7264.000000
-200.000000,-200.000000,0.000000,0.000000,-619.000000,10210.000000,6872.000000
0.000000,100.000000,0.000000,0.000000,-632.000000,9032.000000,6872.000000
0.000000,0.000000,0.000000,0.000000,-535.000000,7853.000000,6479.000000
-200.000000,0.000000,0.000000,0.000000,-497.000000,7068.000000,5694.000000
0.000000,-100.000000,0.000000,0.000000,-401.000000,7264.000000,5105.000000
-100.000000,-100.000000,0.000000,0.000000,-216.000000,6283.000000,5497.000000
400.000000,-100.000000,156.000000,156.000000,-246.000000,6479.000000,5301.000000
0.000000,100.000000,0.000000,0.000000,-136.000000,6283.000000,4908.000000
0.000000,0.000000,0.000000,0.000000,-45.000000,5890.000000,4712.000000
-300.000000,100.000000,0.000000,0.000000,-100.000000,5694.000000,3926.000000
0.000000,0.000000,0.000000,0.000000,-98.000000,5301.000000,3730.000000
100.000000,0.000000,0.000000,0.000000,-38.000000,5301.000000,3337.000000
0.000000,-300.000000,0.000000,0.000000,72.000000,5105.000000,3141.000000
0.000000,0.000000,0.000000,0.000000,-124.000000,4908.000000,2945.000000
0.000000,-100.000000,0.000000,0.000000,-173.000000,4712.000000,2748.000000
0.000000,100.000000,0.000000,0.000000,-160.000000,4319.000000,2159.000000
100.000000,0.000000,0.000000,0.000000,-308.000000,4319.000000,2159.000000
0.000000,0.000000,0.000000,0.000000,-370.000000,4123.000000,1963.000000
0.000000,100.000000,0.000000,0.000000,-401.000000,4123.000000,2356.000000
100.000000,0.000000,0.000000,0.000000,-370.000000,3926.000000,2748.000000
0.000000,0.000000,0.000000,0.000000,-383.000000,4123.000000,2748.000000
0.000000,0.000000,0.000000,0.000000,-535.000000,4712.000000,3141.000000
0.000000,0.000000,0.000000,0.000000,-430.000000,5301.000000,2945.000000
0.000000,0.000000,0.000000,0.000000,-541.000000,5301.000000,2748.000000
200.000000,-100.000000,0.000000,0.000000,-588.000000,5301.000000,2552.000000
0.000000,-100.000000,0.000000,0.000000,-585.000000,5301.000000,2552.000000
-100.000000,0.000000,0.000000,0.000000,-572.000000,5105.000000,2356.000000
0.000000,0.000000,0.000000,0.000000,-533.000000,5105.000000,2552.000000
0.000000,0.000000,0.000000,0.000000,-568.000000,4712.000000,3141.000000
200.000000,200.000000,0.000000,0.000000,-703.000000,4908.000000,3534.000000
0.000000,0.000000,0.000000,0.000000,-789.000000,5105.000000,3534.000000
0.000000,100.000000,0.000000,0.000000,-864.000000,5497.000000,3534.000000
0.000000,0.000000,0.000000,0.000000,-958.000000,5890.000000,3141.000000
0.000000,200.000000,0.000000,0.000000,-1133.000000,6086.000000,3337.000000
0.000000,0.000000,0.000000,0.000000,-1208.000000,5890.000000,2945.000000
100.000000,0.000000,0.000000,0.000000,-1146.000000,5497.000000,2945.000000
0.000000,0.000000,0.000000,0.000000,-1278.000000,5694.000000,3337.000000
100.000000,-200.000000,0.000000,0.000000,-1363.000000,5301.000000,3926.000000
0.000000,0.000000,0.000000,0.000000,-1381.000000,5301.000000,3926.000000
0.000000,0.000000,0.000000,0.000000,-1528.000000,5105.000000,3926.000000
100.000000,100.000000,0.000000,0.000000,-1599.000000,4908.000000,3730.000000
200.000000,0.000000,0.000000,0.000000,-1561.000000,4908.000000,3730.000000
0.000000,0.000000,0.000000,0.000000,-1504.000000,4908.000000,3337.000000
0.000000,0.000000,0.000000,0.000000,-1586.000000,4908.000000,3141.000000
0.000000,0.000000,0.000000,0.000000,-1633.000000,5301.000000,2945.000000
0.000000,300.000000,0.000000,0.000000,-1614.000000,5301.000000,2945.000000
0.000000,-100.000000,0.000000,0.000000,-1630.000000,5105.000000,2748.000000
0.000000,0.000000,0.000000,0.000000,-1659.000000,4908.000000,2748.000000
0.000000,200.000000,156.000000,156.000000,-1668.000000,4908.000000,2748.000000
0.000000,100.000000,0.000000,0.000000,-1619.000000,4516.000000,2945.000000
0.000000,0.000000,0.000000,0.000000,-1665.000000,4516.000000,2748.000000
-200.000000,0.000000,0.000000,0.000000,-1695.000000,4123.000000,2159.000000
200.000000,0.000000,0.000000,0.000000,-1734.000000,4123.000000,2159.000000
0.000000,100.000000,0.000000,0.000000,-1728.000000,3926.000000,1963.000000
100.000000,200.000000,0.000000,0.000000,-1712.000000,3730.000000,1963.000000
0.000000,0.000000,0.000000,0.000000,-1722.000000,3534.000000,2159.000000
100.000000,0.000000,0.000000,0.000000,-1784.000000,3337.000000,1963.000000
100.000000,100.000000,78.000000,78.000000,-1787.000000,3141.000000,1570.000000
0.000000,-400.000000,0.000000,0.000000,-1781.000000,2945.000000,1570.000000
0.000000,0.000000,0.000000,0.000000,-1826.000000,2552.000000,1374.000000
0.000000,100.000000,0.000000,0.000000,-1862.000000,2356.000000,1178.000000
100.000000,-600.000000,0.000000,0.000000,-1875.000000,2356.000000,981.000000
-200.000000,0.000000,0.000000,0.000000,-1929.000000,2356.000000,981.000000
0.000000,-200.000000,0.000000,0.000000,-1999.000000,1963.000000,785.000000
0.000000,0.000000,0.000000,0.000000,-2002.000000,1767.000000,392.000000
200.000000,100.000000,0.000000,0.000000,-1952.000000,1570.000000,589.000000
0.000000,0.000000,0.000000,0.000000,-1960.000000,1374.000000,392.000000
100.000000,0.000000,0.000000,0.000000,-1970.000000,1374.000000,392.000000
0.000000,-100.000000,0.000000,0.000000,-1961.000000,981.000000,196.000000
-100.000000,0.000000,0.000000,0.000000,-1958.000000,785.000000,196.000000
0.000000,-100.000000,0.000000,0.000000,-2001.000000,785.000000,196.000000
-100.000000,0.000000,0.000000,0.000000,-2056.000000,589.000000,0.000000
0.000000,0.000000,0.000000,0.000000,-2054.000000,392.000000,196.000000
0.000000,-500.000000,0.000000,0.000000,-2026.000000,589.000000,0.000000
0.000000,0.000000,0.000000,0.000000,-2095.000000,196.000000,0.000000
-100.000000,0.000000,0.000000,0.000000,-2126.000000,0.000000,0.000000
0.000000,300.000000,0.000000,0.000000,-2116.000000,-196.000000,0.000000
0.000000,0.000000,0.000000,0.000000,-2141.000000,0.000000,0.000000
0.000000,0.000000,0.000000,0.000000,-2212.000000,0.000000,196.000000
0.000000,-200.000000,0.000000,0.000000,-2234.000000,0.000000,0.000000
-100.000000,-100.000000,0.000000,0.000000,-2257.000000,0.000000,0.000000
0.000000,200.000000,0.000000,0.000000,-2278.000000,0.000000,0.000000
-100.000000,-300.000000,0.000000,0.000000,-2328.000000,0.000000,0.000000
100.000000,-100.000000,0.000000,0.000000,-2332.000000,0.000000,0.000000
-100.000000,0.000000,0.000000,0.000000,-2336.000000,196.000000,0.000000
0.000000,-100.000000,0.000000,0.000000,-2392.000000,0.000000,0.000000
0.000000,-100.000000,0.000000,0.000000,-2428.000000,0.000000,196.000000
-100.000000,0.000000,0.000000,0.000000,-2392.000000,0.000000,0.000000
100.000000,0.000000,0.000000,0.000000,-2395.000000,-196.000000,196.000000
0.000000,-100.000000,0.000000,0.000000,-2387.000000,0.000000,196.000000
0.000000,0.000000,0.000000,0.000000,-2393.000000,0.000000,196.000000
100.000000,-100.000000,0.000000,0.000000,-2372.000000,0.000000,196.000000
0.000000,0.000000,0.000000,0.000000,-2345.000000,0.000000,0.000000
0.000000,100.000000,0.000000,0.000000,-2341.000000,0.000000,196.000000
0.000000,-100.000000,0.000000,0.000000,-2334.000000,0.000000,0.000000
0.000000,300.000000,0.000000,0.000000,-2324.000000,0.000000,196.000000
0.000000,-200.000000,0.000000,0.000000,-2325.000000,-196.000000,0.000000
0.000000,-200.000000,0.000000,0.000000,-2352.000000,0.000000,0.000000
0.000000,0.000000,0.000000,0.000000,-2418.000000,-196.000000,0.000000
-100.000000,0.000000,0.000000,0.000000,-2445.000000,-196.000000,0.000000
-100.000000,200.000000,0.000000,0.000000,-2491.000000,-392.000000,0.000000
0.000000,0.000000,0.000000,0.000000,-2429.000000,-1178.000000,0.000000
100.000000,-100.000000,0.000000,0.000000,-2420.000000,-1570.000000,0.000000
-200.000000,-100.000000,0.000000,0.000000,-2452.000000,-1570.000000,0.000000
0.000000,-200.000000,0.000000,0.000000,-2415.000000,-1374.000000,0.000000
0.000000,-100.000000,0.000000,0.000000,-2392.000000,-1374.000000,0.000000
0.000000,0.000000,0.000000,0.000000,-2434.000000,-1374.000000,0.000000
0.000000,100.000000,78.000000,78.000000,-2432.000000,-1178.000000,0.000000
0.000000,200.000000,0.000000,0.000000,-2406.000000,-981.000000,0.000000
-200.000000,200.000000,0.000000,0.000000,-2384.000000,-981.000000,-196.000000
-100.000000,200.000000,0.000000,0.000000,-2393.000000,-1374.000000,0.000000
-300.000000,0.000000,0.000000,0.000000,-2393.000000,-1767.000000,0.000000
0.000000,0.000000,0.000000,0.000000,-2424.000000,-1767.000000,-196.000000
100.000000,0.000000,0.000000,0.000000,-2467.000000,-1767.000000,-196.000000
100.000000,0.000000,0.000000,0.000000,-2469.000000,-1767.000000,-981.000000
100.000000,0.000000,0.000000,0.000000,-2464.000000,-1570.000000,-1374.000000
100.000000,0.000000,0.000000,0.000000,-2555.000000,-1570.000000,-1178.000000
100.000000,0.000000,0.000000,0.000000,-2631.000000,-1570.000000,-1374.000000
500.000000,-100.000000,0.000000,0.000000,-2623.000000,-1570.000000,-981.000000
400.000000,100.000000,0.000000,0.000000,-2598.000000,-1570.000000,-981.000000
200.000000,100.000000,0.000000,0.000000,-2663.000000,-1767.000000,-981.000000
200.000000,100.000000,0.000000,0.000000,-2695.000000,-1767.000000,-785.000000
100.000000,-100.000000,0.000000,0.000000,-2654.000000,-1767.000000,-589.000000
200.000000,200.000000,156.000000,156.000000,-2613.000000,-1570.000000,-589.000000
100.000000,0.000000,0.000000,0.000000,-2648.000000,-1570.000000,-981.000000
0.000000,200.000000,0.000000,0.000000,-2661.000000,-1570.000000,-981.000000
100.000000,100.000000,0.000000,0.000000,-2688.000000,-1570.000000,-1178.000000
100.000000,100.000000,0.000000,0.000000,-2652.000000,-1570.000000,-1178.000000
-100.000000,0.000000,78.000000,78.000000,-2622.000000,-1570.000000,-981.000000
0.000000,0.000000,0.000000,0.000000,-2607.000000,-1570.000000,-981.000000
0.000000,-100.000000,0.000000,0.000000,-2631.000000,-1767.000000,-785.000000
0.000000,200.000000,0.000000,0.000000,-2607.000000,-1767.000000,-785.000000
-400.000000,0.000000,0.000000,0.000000,-2549.000000,-1570.000000,-589.000000
0.000000,-200.000000,0.000000,0.000000,-2554.000000,-1767.000000,-785.000000
100.000000,0.000000,0.000000,0.000000,-2570.000000,-1767.000000,-785.000000
-100.000000,100.000000,0.000000,0.000000,-2544.000000,-1767.000000,-785.000000
200.000000,0.000000,0.000000,0.000000,-2529.000000,-1767.000000,-785.000000
0.000000,-300.000000,0.000000,0.000000,-2511.000000,-1767.000000,-785.000000
400.000000,-100.000000,0.000000,0.000000,-2445.000000,-1767.000000,-785.000000
0.000000,0.000000,0.000000,0.000000,-2455.000000,-1570.000000,-589.000000
0.000000,-200.000000,0.000000,0.000000,-2479.000000,-1767.000000,-589.000000
-100.000000,-200.000000,0.000000,0.000000,-2410.000000,-1570.000000,-589.000000
0.000000,0.000000,0.000000,0.000000,-2415.000000,-1570.000000,-392.000000
0.000000,0.000000,0.000000,0.000000,-2440.000000,-1570.000000,-589.000000
300.000000,0.000000,0.000000,0.000000,-2474.000000,-1570.000000,-589.000000
-100.000000,0.000000,0.000000,0.000000,-2457.000000,-1767.000000,-785.000000
100.000000,-100.000000,0.000000,0.000000,-2474.000000,-1767.000000,-785.000000
200.000000,-100.000000,0.000000,0.000000,-2459.000000,-1767.000000,-981.000000
100.000000,-200.000000,0.000000,0.000000,-2437.000000,-1963.000000,-981.000000
0.000000,0.000000,0.000000,0.000000,-2434.000000,-1767.000000,-981.000000
200.000000,100.000000,0.000000,0.000000,-2500.000000,-1963.000000,-981.000000
200.000000,-400.000000,0.000000,0.000000,-2497.000000,-1963.000000,-1178.000000
0.000000,0.000000,0.000000,0.000000,-2454.000000,-2159.000000,-1178.000000
0.000000,-100.000000,0.000000,0.000000,-2500.000000,-2356.000000,-1178.000000
-600.000000,-300.000000,0.000000,0.000000,-2566.000000,-2356.000000,-1570.000000
0.000000,0.000000,0.000000,0.000000,-2578.000000,-2552.000000,-1570.000000
0.000000,100.000000,0.000000,0.000000,-2612.000000,-2552.000000,-1570.000000
400.000000,0.000000,78.000000,78.000000,-2642.000000,-2552.000000,-1767.000000
100.000000,100.000000,0.000000,0.000000,-2627.000000,-2552.000000,-1570.000000
0.000000,0.000000,0.000000,0.000000,-2632.000000,-2748.000000,-1767.000000
0.000000,100.000000,0.000000,0.000000,-2655.000000,-2945.000000,-1963.000000
0.000000,0.000000,0.000000,0.000000,-2649.000000,-2945.000000,-1963.000000
300.000000,-100.000000,0.000000,0.000000,-2708.000000,-3141.000000,-2159.000000
100.000000,0.000000,0.000000,0.000000,-2725.000000,-3141.000000,-1963.000000
0.000000,100.000000,0.000000,0.000000,-2750.000000,-3141.000000,-1963.000000
0.000000,100.000000,0.000000,0.000000,-2780.000000,-3337.000000,-2159.000000
0.000000,0.000000,0.000000,0.000000,-2813.000000,-3337.000000,-2356.000000
200.000000,0.000000,0.000000,0.000000,-2800.000000,-3534.000000,-2356.000000
0.000000,0.000000,0.000000,0.000000,-2826.000000,-3730.000000,-2552.000000
0.000000,0.000000,0.000000,0.000000,-2849.000000,-3534.000000,-2356.000000
-100.000000,500.000000,0.000000,0.000000,-2837.000000,-3534.000000,-2356.000000
-200.000000,200.000000,0.000000,0.000000,-2801.000000,-3337.000000,-2159.000000
0.000000,-100.000000,0.000000,0.000000,-2803.000000,-3141.000000,-1963.000000
100.000000,0.000000,0.000000,0.000000,-2784.000000,-3141.000000,-1963.000000
-100.000000,0.000000,0.000000,0.000000,-2761.000000,-3337.000000,-1963.000000
0.000000,0.000000,0.000000,0.000000,-2727.000000,-3337.000000,-1767.000000
100.000000,0.000000,0.000000,0.000000,-2726.000000,-3534.000000,-1963.000000
200.000000,-400.000000,0.000000,0.000000,-2674.000000,-3534.000000,-1767.000000
300.000000,-300.000000,0.000000,0.000000,-2667.000000,-3534.000000,-1767.000000
-200.000000,-400.000000,0.000000,0.000000,-2677.000000,-3534.000000,-1767.000000
-100.000000,100.000000,0.000000,0.000000,-2635.000000,-3337.000000,-1570.000000
100.000000,100.000000,0.000000,0.000000,-2592.000000,-3141.000000,-1570.000000
200.000000,0.000000,0.000000,0.000000,-2545.000000,-3141.000000,-1570.000000
0.000000,100.000000,0.000000,0.000000,-2550.000000,-3141.000000,-1374.000000
200.000000,0.000000,0.000000,0.000000,-2535.000000,-3141.000000,-1374.000000
200.000000,-100.000000,0.000000,0.000000,-2504.000000,-3141.000000,-1374.000000
100.000000,-100.000000,0.000000,0.000000,-2507.000000,-3534.000000,-1178.000000
-100.000000,200.000000,0.000000,0.000000,-2499.000000,-3337.000000,-1178.000000
0.000000,-100.000000,0.000000,0.000000,-2432.000000,-3534.000000,-1178.000000
100.000000,200.000000,0.000000,0.000000,-2455.000000,-3534.000000,-981.000000
0.000000,0.000000,0.000000,0.000000,-2394.000000,-3337.000000,-981.000000
100.000000,-100.000000,0.000000,0.000000,-2317.000000,-3337.000000,-981.000000
100.000000,0.000000,0.000000,0.000000,-2294.000000,-3141.000000,-981.000000
0.000000,0.000000,0.000000,0.000000,-2252.000000,-3141.000000,-981.000000
0.000000,100.000000,0.000000,0.000000,-2181.000000,-3337.000000,-981.000000
0.000000,-100.000000,0.000000,0.000000,-2125.000000,-3337.000000,-981.000000
0.000000,100.000000,0.000000,0.000000,-2077.000000,-3534.000000,-1178.000000
0.000000,0.000000,0.000000,0.000000,-2056.000000,-3534.000000,-1374.000000
0.000000,0.000000,0.000000,0.000000,-1989.000000,-3730.000000,-1178.000000
0.000000,0.000000,0.000000,0.000000,-1973.000000,-3730.000000,-1374.000000
0.000000,300.000000,0.000000,0.000000,-1944.000000,-3730.000000,-1570.000000
0.000000,0.000000,0.000000,0.000000,-1936.000000,-3534.000000,-1570.000000
0.000000,0.000000,0.000000,0.000000,-1975.000000,-3730.000000,-1570.000000
100.000000,100.000000,0.000000,0.000000,-1970.000000,-3534.000000,-1767.000000
-100.000000,-100.000000,0.000000,0.000000,-2034.000000,-3730.000000,-1963.000000
0.000000,100.000000,0.000000,0.000000,-2049.000000,-4123.000000,-1767.000000
0.000000,100.000000,0.000000,0.000000,-2066.000000,-4319.000000,-1963.000000
-100.000000,-100.000000,0.000000,0.000000,-2085.000000,-4319.000000,-2159.000000
100.000000,100.000000,0.000000,0.000000,-2066.000000,-4516.000000,-2356.000000
0.000000,100.000000,0.000000,0.000000,-2014.000000,-4516.000000,-2356.000000
200.000000,-300.000000,0.000000,0.000000,-1984.000000,-4319.000000,-2552.000000
-200.000000,-100.000000,0.000000,0.000000,-2001.000000,-4516.000000,-2552.000000
200.000000,100.000000,0.000000,0.000000,-2021.000000,-4516.000000,-2552.000000
-100.000000,-100.000000,0.000000,0.000000,-1979.000000,-4712.000000,-2748.000000
0.000000,0.000000,0.000000,0.000000,-2025.000000,-4908.000000,-2748.000000
0.000000,0.000000,0.000000,0.000000,-1973.000000,-5301.000000,-2748.000000
0.000000,0.000000,0.000000,0.000000,-1928.000000,-5301.000000,-2945.000000
0.000000,-100.000000,0.000000,0.000000,-1920.000000,-5105.000000,-2945.000000
0.000000,0.000000,0.000000,0.000000,-1892.000000,-5105.000000,-3141.000000
200.000000,0.000000,0.000000,0.000000,-1894.000000,-5105.000000,-3141.000000
0.000000,-100.000000,0.000000,0.000000,-1897.000000,-5301.000000,-3141.000000
0.000000,100.000000,0.000000,0.000000,-1869.000000,-5694.000000,-3141.000000
0.000000,-300.000000,0.000000,0.000000,-1840.000000,-5890.000000,-3141.000000
0.000000,0.000000,0.000000,0.000000,-1869.000000,-5890.000000,-3337.000000
-100.000000,-200.000000,0.000000,0.000000,-1851.000000,-5890.000000,-3141.000000
0.000000,0.000000,0.000000,0.000000,-1769.000000,-5694.000000,-3337.000000
0.000000,-100.000000,0.000000,0.000000,-1793.000000,-5694.000000,-3141.000000
0.000000,-100.000000,0.000000,0.000000,-1839.000000,-5694.000000,-3337.000000
-100.000000,-100.000000,0.000000,0.000000,-1763.000000,-5694.000000,-3141.000000
0.000000,-200.000000,0.000000,0.000000,-1715.000000,-6086.000000,-3337.000000
-200.000000,-100.000000,0.000000,0.000000,-1690.000000,-6086.000000,-2748.000000
0.000000,200.000000,0.000000,0.000000,-1578.000000,-6086.000000,-2552.000000
0.000000,100.000000,0.000000,0.000000,-1500.000000,-5890.000000,-2945.000000
-100.000000,100.000000,0.000000,0.000000,-1495.000000,-5890.000000,-3337.000000
0.000000,100.000000,0.000000,0.000000,-1441.000000,-5890.000000,-3730.000000
400.000000,100.000000,0.000000,0.000000,-1433.000000,-6086.000000,-3534.000000
100.000000,0.000000,0.000000,0.000000,-1403.000000,-5890.000000,-3534.000000
100.000000,-100.000000,0.000000,0.000000,-1471.000000,-5694.000000,-3534.000000
0.000000,-200.000000,0.000000,0.000000,-1395.000000,-5694.000000,-3534.000000
0.000000,0.000000,0.000000,0.000000,-1415.000000,-5694.000000,-3730.000000
200.000000,-100.000000,0.000000,0.000000,-1406.000000,-5890.000000,-3730.000000
0.000000,100.000000,0.000000,0.000000,-1407.000000,-5694.000000,-3730.000000
0.000000,-100.000000,0.000000,0.000000,-1361.000000,-5694.000000,-4319.000000
100.000000,-200.000000,0.000000,0.000000,-1363.000000,-5694.000000,-5105.000000
100.000000,0.000000,0.000000,0.000000,-1398.000000,-5497.000000,-4319.000000
100.000000,0.000000,0.000000,0.000000,-1376.000000,-5301.000000,-4319.000000
100.000000,-100.000000,0.000000,0.000000,-1372.000000,-5497.000000,-3926.000000
200.000000,-200.000000,0.000000,0.000000,-1384.000000,-5497.000000,-3730.000000
300.000000,-200.000000,0.000000,0.000000,-1378.000000,-5497.000000,-3730.000000
300.000000,-100.000000,0.000000,0.000000,-1419.000000,-5497.000000,-3926.000000
100.000000,0.000000,0.000000,0.000000,-1422.000000,-5301.000000,-4123.000000
0.000000,-200.000000,0.000000,0.000000,-1405.000000,-5301.000000,-4516.000000
-200.000000,200.000000,0.000000,0.000000,-1521.000000,-5105.000000,-4319.000000
100.000000,0.000000,0.000000,0.000000,-1537.000000,-5301.000000,-4516.000000
100.000000,100.000000,0.000000,0.000000,-1559.000000,-5497.000000,-4123.000000
-300.000000,0.000000,0.000000,0.000000,-1570.000000,-5301.000000,-4123.000000
-100.000000,0.000000,0.000000,0.000000,-1570.000000,-5497.000000,-3730.000000
100.000000,-100.000000,0.000000,0.000000,-1602.000000,-5301.000000,-3730.000000
-100.000000,100.000000,0.000000,0.000000,-1690.000000,-5301.000000,-3730.000000
100.000000,100.000000,0.000000,0.000000,-1690.000000,-5694.000000,-3926.000000
0.000000,0.000000,0.000000,0.000000,-1711.000000,-5497.000000,-4516.000000
-200.000000,0.000000,0.000000,0.000000,-1766.000000,-5694.000000,-4516.000000
100.000000,-200.000000,0.000000,0.000000,-1745.000000,-5301.000000,-4712.000000
-100.000000,-300.000000,0.000000,0.000000,-1741.000000,-5497.000000,-4516.000000
0.000000,-100.000000,0.000000,0.000000,-1755.000000,-5301.000000,-4319.000000
100.000000,100.000000,0.000000,0.000000,-1787.000000,-5497.000000,-4123.000000
-100.000000,0.000000,0.000000,0.000000,-1829.000000,-5694.000000,-4123.000000
100.000000,-100.000000,0.000000,0.000000,-1840.000000,-5694.000000,-4123.000000
0.000000,0.000000,0.000000,0.000000,-1878.000000,-5694.000000,-4516.000000
100.000000,0.000000,0.000000,0.000000,-1852.000000,-5301.000000,-4908.000000
0.000000,100.000000,0.000000,0.000000,-1903.000000,-5497.000000,-4908.000000
200.000000,-100.000000,0.000000,0.000000,-1985.000000,-5497.000000,-4908.000000
100.000000,0.000000,0.000000,0.000000,-1930.000000,-5890.000000,-3730.000000
200.000000,0.000000,0.000000,0.000000,-1901.000000,-5890.000000,-3926.000000
0.000000,-200.000000,0.000000,0.000000,-1971.000000,-5890.000000,-4516.000000
-100.000000,0.000000,0.000000,0.000000,-1999.000000,-5694.000000,-4319.000000
-100.000000,-100.000000,0.000000,0.000000,-2003.000000,-5694.000000,-4712.000000
0.000000,100.000000,0.000000,0.000000,-2008.000000,-5694.000000,-5694.000000
0.000000,200.000000,0.000000,0.000000,-2087.000000,-5694.000000,-5301.000000
0.000000,300.000000,0.000000,0.000000,-2093.000000,-5890.000000,-4908.000000
100.000000,-100.000000,0.000000,0.000000,-2039.000000,-5890.000000,-4908.000000
0.000000,-100.000000,0.000000,0.000000,-2000.000000,-5890.000000,-4712.000000
0.000000,0.000000,0.000000,0.000000,-2071.000000,-5890.000000,-4516.000000
0.000000,0.000000,0.000000,0.000000,-2058.000000,-5890.000000,-4516.000000
0.000000,-100.000000,0.000000,0.000000,-2030.000000,-6283.000000,-4516.000000
0.000000,0.000000,0.000000,0.000000,-2019.000000,-6086.000000,-4712.000000
0.000000,0.000000,0.000000,0.000000,-1978.000000,-5890.000000,-4712.000000
-100.000000,0.000000,0.000000,0.000000,-1989.000000,-5890.000000,-4712.000000
-200.000000,-200.000000,0.000000,0.000000,-1940.000000,-5694.000000,-4516.000000
100.000000,0.000000,0.000000,0.000000,-2019.000000,-5890.000000,-4319.000000
0.000000,100.000000,0.000000,0.000000,-1936.000000,-5890.000000,-4516.000000
-100.000000,0.000000,0.000000,0.000000,-1957.000000,-5890.000000,-4712.000000
0.000000,0.000000,0.000000,0.000000,-2005.000000,-5694.000000,-4908.000000
200.000000,200.000000,0.000000,0.000000,-2003.000000,-5694.000000,-4712.000000
100.000000,0.000000,0.000000,0.000000,-1977.000000,-5694.000000,-4516.000000
0.000000,-100.000000,0.000000,0.000000,-1985.000000,-5497.000000,-4319.000000
0.000000,200.000000,0.000000,0.000000,-2024.000000,-5497.000000,-4908.000000
0.000000,0.000000,0.000000,0.000000,-1965.000000,-5694.000000,-4516.000000
100.000000,0.000000,0.000000,0.000000,-2001.000000,-5497.000000,-4319.000000
0.000000,-300.000000,0.000000,0.000000,-2083.000000,-5497.000000,-4516.000000
