Channel 1,Channel 2,Channel 3,Channel 4,Channel 5,Channel 6,Channel 7
0.000000,100.000000,0.000000,0.000000,-3269.000000,0.000000,0.000000
0.000000,0.000000,0.000000,0.000000,-3263.000000,0.000000,0.000000
0.000000,-100.000000,0.000000,0.000000,-3250.000000,0.000000,0.000000
-100.000000,0.000000,0.000000,0.000000,-3238.000000,0.000000,0.000000
-500.000000,-100.000000,0.000000,0.000000,-3244.000000,0.000000,0.000000
-200.000000,0.000000,0.000000,0.000000,-3241.000000,0.000000,0.000000
-100.000000,-200.000000,0.000000,0.000000,-3239.000000,0.000000,0.000000
0.000000,200.000000,0.000000,0.000000,-3243.000000,0.000000,0.000000
-200.000000,0.000000,0.000000,0.000000,-3257.000000,0.000000,0.000000
-300.000000,0.000000,0.000000,0.000000,-3264.000000,0.000000,0.000000
-200.000000,-200.000000,0.000000,0.000000,-3243.000000,0.000000,0.000000
-100.000000,200.000000,0.000000,0.000000,-3228.000000,0.000000,0.000000
-300.000000,100.000000,0.000000,0.000000,-3214.000000,0.000000,0.000000
0.000000,100.000000,0.000000,0.000000,-3223.000000,0.000000,0.000000
-300.000000,100.000000,0.000000,0.000000,-3193.000000,0.000000,0.000000
-100.000000,0.000000,0.000000,0.000000,-3219.000000,0.000000,0.000000
0.000000,0.000000,0.000000,0.000000,-3206.000000,0.000000,0.000000
0.000000,-100.000000,0.000000,0.000000,-3198.000000,0.000000,0.000000
-100.000000,0.000000,0.000000,0.000000,-3185.000000,0.000000,0.000000
0.000000,0.000000,0.000000,0.000000,-3192.000000,0.000000,0.000000
-300.000000,100.000000,0.000000,0.000000,-3177.000000,0.000000,0.000000
-200.000000,0.000000,0.000000,0.000000,-3183.000000,0.000000,0.000000
-200.000000,100.000000,0.000000,0.000000,-3170.000000,0.000000,0.000000
-200.000000,100.000000,0.000000,0.000000,-3184.000000,0.000000,0.000000
0.000000,100.000000,0.000000,0.000000,-3182.000000,0.000000,0.000000
-100.000000,0.000000,0.000000,0.000000,-3176.000000,0.000000,0.000000
-100.000000,0.000000,0.000000,0.000000,-3160.000000,0.000000,0.000000
-100.000000,100.000000,0.000000,0.000000,-3166.000000,0.000000,0.000000
100.000000,0.000000,0.000000,0.000000,-3189.000000,0.000000,0.000000
0.000000,0.000000,0.000000,0.000000,-3179.000000,0.000000,0.000000
-300.000000,200.000000,0.000000,0.000000,-3182.000000,0.000000,0.000000
200.000000,0.000000,0.000000,0.000000,-3170.000000,0.000000,0.000000
0.000000,-200.000000,0.000000,0.000000,-3165.000000,0.000000,0.000000
-400.000000,-100.000000,0.000000,0.000000,-3173.000000,0.000000,0.000000
-100.000000,0.000000,156.000000,156.000000,-3168.000000,0.000000,0.000000
0.000000,0.000000,0.000000,0.000000,-3174.000000,0.000000,0.000000
-100.000000,-100.000000,0.000000,0.000000,-3177.000000,0.000000,0.000000
-200.000000,-200.000000,0.000000,0.000000,-3196.000000,0.000000,0.000000
-100.000000,-200.000000,0.000000,0.000000,-3196.000000,0.000000,0.000000
-300.000000,-300.000000,0.000000,0.000000,-3182.000000,0.000000,0.000000
0.000000,-100.000000,0.000000,0.000000,-3200.000000,0.000000,0.000000
-200.000000,0.000000,0.000000,0.000000,-3211.000000,0.000000,0.000000
-100.000000,0.000000,0.000000,0.000000,-3195.000000,0.000000,0.000000
0.000000,200.000000,0.000000,0.000000,-3211.000000,0.000000,0.000000
-200.000000,-200.000000,0.000000,0.000000,-3208.000000,0.000000,0.000000
0.000000,-200.000000,0.000000,0.000000,-3201.000000,0.000000,0.000000
-100.000000,0.000000,0.000000,0.000000,-3203.000000,0.000000,0.000000
0.000000,0.000000,0.000000,0.000000,-3223.000000,0.000000,0.000000
0.000000,-100.000000,0.000000,0.000000,-3223.000000,0.000000,0.000000
-100.000000,-300.000000,0.000000,0.000000,-3196.000000,0.000000,0.000000
-100.000000,0.000000,0.000000,0.000000,-3187.000000,0.000000,0.000000
0.000000,0.000000,0.000000,0.000000,-3200.000000,0.000000,0.000000
-100.000000,0.000000,0.000000,0.000000,-3191.000000,0.000000,0.000000
-100.000000,-200.000000,0.000000,0.000000,-3191.000000,0.000000,0.000000
-100.000000,0.000000,0.000000,0.000000,-3182.000000,0.000000,0.000000
