Channel 1,Channel 2,Channel 3,Channel 4,Channel 5,Channel 6,Channel 7
0.000000,-100.000000,0.000000,0.000000,-3066.000000,0.000000,0.000000
-200.000000,0.000000,0.000000,0.000000,-3060.000000,0.000000,0.000000
-100.000000,0.000000,0.000000,0.000000,-3059.000000,0.000000,0.000000
-100.000000,-100.000000,0.000000,0.000000,-3064.000000,0.000000,0.000000
0.000000,0.000000,0.000000,0.000000,-3075.000000,0.000000,0.000000
100.000000,0.000000,0.000000,0.000000,-3054.000000,0.000000,0.000000
100.000000,0.000000,0.000000,0.000000,-3073.000000,0.000000,0.000000
0.000000,-100.000000,0.000000,0.000000,-3057.000000,0.000000,0.000000
-100.000000,-300.000000,0.000000,0.000000,-3056.000000,0.000000,0.000000
-100.000000,0.000000,0.000000,0.000000,-3062.000000,0.000000,0.000000
-100.000000,200.000000,0.000000,0.000000,-3051.000000,0.000000,0.000000
0.000000,100.000000,0.000000,0.000000,-3041.000000,0.000000,0.000000
-200.000000,-200.000000,0.000000,0.000000,-3040.000000,0.000000,0.000000
0.000000,0.000000,0.000000,0.000000,-3059.000000,0.000000,0.000000
-100.000000,-200.000000,0.000000,0.000000,-3079.000000,0.000000,0.000000
0.000000,-100.000000,0.000000,0.000000,-3072.000000,0.000000,0.000000
-100.000000,-100.000000,0.000000,0.000000,-3072.000000,0.000000,0.000000
-100.000000,0.000000,0.000000,0.000000,-3079.000000,0.000000,0.000000
0.000000,-200.000000,0.000000,0.000000,-3077.000000,0.000000,0.000000
-100.000000,0.000000,0.000000,0.000000,-3078.000000,0.000000,0.000000
-200.000000,100.000000,0.000000,0.000000,-3072.000000,0.000000,0.000000
-100.000000,-200.000000,0.000000,0.000000,-3057.000000,0.000000,0.000000
0.000000,-100.000000,0.000000,0.000000,-3056.000000,0.000000,0.000000
-100.000000,0.000000,0.000000,0.000000,-3070.000000,0.000000,0.000000
-100.000000,-200.000000,0.000000,0.000000,-3073.000000,0.000000,0.000000
-100.000000,-200.000000,0.000000,0.000000,-3040.000000,0.000000,0.000000
0.000000,-500.000000,0.000000,0.000000,-3027.000000,0.000000,0.000000
-100.000000,-300.000000,0.000000,0.000000,-2989.000000,0.000000,0.000000
0.000000,0.000000,0.000000,0.000000,-3013.000000,0.000000,0.000000
-200.000000,0.000000,0.000000,0.000000,-2773.000000,-196.000000,0.000000
-100.000000,-100.000000,0.000000,0.000000,-2776.000000,0.000000,0.000000
0.000000,-100.000000,0.000000,0.000000,-2783.000000,0.000000,0.000000
0.000000,-100.000000,0.000000,0.000000,-2802.000000,0.000000,0.000000
-200.000000,100.000000,0.000000,0.000000,-2790.000000,0.000000,0.000000
0.000000,0.000000,0.000000,0.000000,-2769.000000,-196.000000,0.000000
0.000000,0.000000,0.000000,0.000000,-2783.000000,0.000000,0.000000
-100.000000,0.000000,0.000000,0.000000,-2771.000000,0.000000,0.000000
0.000000,-100.000000,0.000000,0.000000,-2774.000000,0.000000,0.000000
-100.000000,100.000000,0.000000,0.000000,-2780.000000,0.000000,0.000000
-100.000000,0.000000,0.000000,0.000000,-2785.000000,0.000000,0.000000
200.000000,0.000000,0.000000,0.000000,-2770.000000,0.000000,0.000000
0.000000,-100.000000,0.000000,0.000000,-2760.000000,0.000000,0.000000
0.000000,-100.000000,0.000000,0.000000,-2759.000000,0.000000,0.000000
0.000000,-100.000000,0.000000,0.000000,-2759.000000,0.000000,0.000000
200.000000,0.000000,0.000000,0.000000,-2769.000000,0.000000,0.000000
-200.000000,-300.000000,0.000000,0.000000,-2771.000000,0.000000,0.000000
0.000000,-100.000000,0.000000,0.000000,-2778.000000,0.000000,0.000000
-100.000000,0.000000,0.000000,0.000000,-2782.000000,0.000000,0.000000
-100.000000,0.000000,0.000000,0.000000,-2767.000000,0.000000,0.000000
0.000000,0.000000,0.000000,0.000000,-2775.000000,0.000000,0.000000
0.000000,-100.000000,0.000000,0.000000,-2758.000000,0.000000,0.000000
0.000000,0.000000,0.000000,0.000000,-2746.000000,0.000000,0.000000
0.000000,100.000000,0.000000,0.000000,-2754.000000,0.000000,0.000000
-200.000000,-100.000000,0.000000,0.000000,-2754.000000,0.000000,0.000000
0.000000,-200.000000,0.000000,0.000000,-2757.000000,0.000000,0.000000
0.000000,-100.000000,0.000000,0.000000,-2747.000000,0.000000,0.000000
0.000000,0.000000,0.000000,0.000000,-2738.000000,0.000000,0.000000
-200.000000,0.000000,0.000000,0.000000,-2743.000000,0.000000,0.000000
-100.000000,-200.000000,0.000000,0.000000,-2731.000000,0.000000,196.000000
-200.000000,-100.000000,0.000000,0.000000,-2738.000000,0.000000,0.000000
0.000000,-100.000000,0.000000,0.000000,-2746.000000,0.000000,0.000000
-300.000000,-100.000000,0.000000,0.000000,-2745.000000,0.000000,0.000000
-200.000000,0.000000,0.000000,0.000000,-2767.000000,0.000000,0.000000
0.000000,0.000000,0.000000,0.000000,-2750.000000,0.000000,0.000000
0.000000,-100.000000,0.000000,0.000000,-2747.000000,0.000000,0.000000
-100.000000,0.000000,0.000000,0.000000,-2736.000000,0.000000,0.000000
0.000000,-100.000000,0.000000,0.000000,-2751.000000,0.000000,0.000000
0.000000,-200.000000,0.000000,0.000000,-2750.000000,0.000000,0.000000
0.000000,-100.000000,0.000000,0.000000,-2781.000000,0.000000,0.000000
0.000000,0.000000,0.000000,0.000000,-2789.000000,0.000000,0.000000
100.000000,300.000000,0.000000,0.000000,-2773.000000,0.000000,0.000000
-100.000000,100.000000,0.000000,0.000000,-2782.000000,0.000000,0.000000
0.000000,100.000000,0.000000,0.000000,-2769.000000,0.000000,0.000000
-100.000000,0.000000,0.000000,0.000000,-2774.000000,0.000000,0.000000
0.000000,-100.000000,0.000000,0.000000,-2779.000000,0.000000,0.000000
-100.000000,-100.000000,0.000000,0.000000,-2761.000000,0.000000,0.000000
0.000000,-200.000000,0.000000,0.000000,-2748.000000,0.000000,0.000000
0.000000,100.000000,0.000000,0.000000,-2782.000000,0.000000,0.000000
0.000000,-100.000000,0.000000,0.000000,-2847.000000,0.000000,0.000000
100.000000,0.000000,0.000000,0.000000,-2853.000000,0.000000,0.000000
-100.000000,-100.000000,0.000000,0.000000,-2852.000000,0.000000,0.000000
0.000000,-100.000000,0.000000,0.000000,-2863.000000,0.000000,0.000000
-100.000000,100.000000,0.000000,0.000000,-2872.000000,0.000000,0.000000
-200.000000,-100.000000,0.000000,0.000000,-2861.000000,0.000000,0.000000
-200.000000,-200.000000,0.000000,0.000000,-2879.000000,0.000000,0.000000
-100.000000,0.000000,0.000000,0.000000,-2891.000000,0.000000,0.000000
0.000000,-200.000000,0.000000,0.000000,-2888.000000,0.000000,0.000000
-100.000000,-100.000000,0.000000,0.000000,-2890.000000,0.000000,0.000000
0.000000,0.000000,0.000000,0.000000,-2881.000000,0.000000,0.000000
0.000000,-200.000000,0.000000,0.000000,-2869.000000,0.000000,0.000000
-100.000000,-200.000000,0.000000,0.000000,-2877.000000,0.000000,0.000000
0.000000,0.000000,0.000000,0.000000,-2862.000000,0.000000,0.000000
-200.000000,0.000000,0.000000,0.000000,-2886.000000,0.000000,0.000000
200.000000,-200.000000,0.000000,0.000000,-2865.000000,0.000000,0.000000
-300.000000,-200.000000,0.000000,0.000000,-2873.000000,0.000000,0.000000
0.000000,-300.000000,0.000000,0.000000,-2880.000000,0.000000,0.000000
0.000000,0.000000,0.000000,0.000000,-2893.000000,0.000000,0.000000
200.000000,-200.000000,0.000000,0.000000,-2892.000000,0.000000,0.000000
0.000000,-100.000000,0.000000,0.000000,-2884.000000,0.000000,0.000000
0.000000,0.000000,0.000000,0.000000,-2891.000000,0.000000,0.000000
-400.000000,100.000000,0.000000,0.000000,-2902.000000,0.000000,0.000000
-100.000000,-200.000000,0.000000,0.000000,-2912.000000,0.000000,0.000000
-200.000000,-100.000000,0.000000,0.000000,-2896.000000,0.000000,0.000000
-100.000000,0.000000,0.000000,0.000000,-2876.000000,0.000000,0.000000
0.000000,0.000000,0.000000,0.000000,-2868.000000,0.000000,0.000000
-100.000000,-100.000000,0.000000,0.000000,-2866.000000,0.000000,0.000000
0.000000,-300.000000,0.000000,0.000000,-2869.000000,0.000000,0.000000
-100.000000,0.000000,0.000000,0.000000,-2874.000000,0.000000,0.000000
-200.000000,0.000000,0.000000,0.000000,-2871.000000,0.000000,0.000000
-100.000000,0.000000,0.000000,0.000000,-2850.000000,0.000000,0.000000
0.000000,0.000000,0.000000,0.000000,-2845.000000,0.000000,0.000000
100.000000,0.000000,0.000000,0.000000,-2837.000000,0.000000,0.000000
0.000000,0.000000,0.000000,0.000000,-2832.000000,0.000000,0.000000
100.000000,0.000000,0.000000,0.000000,-2825.000000,0.000000,0.000000
0.000000,0.000000,0.000000,0.000000,-2829.000000,0.000000,0.000000
0.000000,-100.000000,0.000000,0.000000,-2829.000000,0.000000,0.000000
0.000000,-100.000000,0.000000,0.000000,-2820.000000,0.000000,0.000000
-100.000000,-100.000000,0.000000,0.000000,-2826.000000,0.000000,0.000000
-200.000000,-100.000000,0.000000,0.000000,-2825.000000,0.000000,0.000000
200.000000,-100.000000,0.000000,0.000000,-2820.000000,0.000000,0.000000
-100.000000,-200.000000,0.000000,0.000000,-2833.000000,0.000000,0.000000
-100.000000,-100.000000,0.000000,0.000000,-2844.000000,0.000000,0.000000
0.000000,0.000000,0.000000,0.000000,-2851.000000,0.000000,0.000000
0.000000,-100.000000,0.000000,0.000000,-2843.000000,0.000000,0.000000
0.000000,-100.000000,0.000000,0.000000,-2837.000000,0.000000,0.000000
0.000000,-100.000000,0.000000,0.000000,-2823.000000,0.000000,0.000000
-100.000000,-100.000000,0.000000,0.000000,-2824.000000,0.000000,0.000000
0.000000,0.000000,0.000000,0.000000,-2837.000000,0.000000,0.000000
0.000000,0.000000,0.000000,0.000000,-2827.000000,0.000000,0.000000
-100.000000,0.000000,0.000000,0.000000,-2830.000000,0.000000,0.000000
-100.000000,-100.000000,0.000000,0.000000,-2814.000000,0.000000,0.000000
-200.000000,-400.000000,0.000000,0.000000,-2827.000000,0.000000,0.000000
0.000000,0.000000,0.000000,0.000000,-2840.000000,0.000000,0.000000
300.000000,0.000000,0.000000,0.000000,-2846.000000,0.000000,0.000000
-200.000000,0.000000,0.000000,0.000000,-2845.000000,0.000000,0.000000
-100.000000,0.000000,0.000000,0.000000,-2837.000000,0.000000,0.000000
-100.000000,-100.000000,0.000000,0.000000,-2846.000000,0.000000,0.000000
-200.000000,0.000000,0.000000,0.000000,-2862.000000,0.000000,0.000000
0.000000,0.000000,0.000000,0.000000,-2873.000000,0.000000,0.000000
-200.000000,-100.000000,0.000000,0.000000,-2858.000000,0.000000,0.000000
0.000000,-200.000000,0.000000,0.000000,-2871.000000,0.000000,0.000000
300.000000,-100.000000,0.000000,0.000000,-2876.000000,0.000000,0.000000
0.000000,0.000000,0.000000,0.000000,-2857.000000,0.000000,0.000000
-200.000000,-200.000000,0.000000,0.000000,-2835.000000,0.000000,0.000000
-100.000000,-200.000000,0.000000,0.000000,-2844.000000,0.000000,0.000000
-300.000000,-200.000000,0.000000,0.000000,-2821.000000,0.000000,0.000000
100.000000,0.000000,0.000000,0.000000,-2820.000000,0.000000,0.000000
0.000000,-200.000000,0.000000,0.000000,-2796.000000,0.000000,0.000000
-100.000000,0.000000,0.000000,0.000000,-2793.000000,0.000000,0.000000
200.000000,-300.000000,0.000000,0.000000,-2788.000000,0.000000,0.000000
-100.000000,-100.000000,0.000000,0.000000,-2791.000000,0.000000,0.000000
-100.000000,-300.000000,0.000000,0.000000,-2806.000000,0.000000,0.000000
0.000000,0.000000,0.000000,0.000000,-2792.000000,0.000000,0.000000
-100.000000,-100.000000,0.000000,0.000000,-2798.000000,0.000000,0.000000
-100.000000,-100.000000,0.000000,0.000000,-2786.000000,0.000000,0.000000
100.000000,0.000000,0.000000,0.000000,-2764.000000,0.000000,0.000000
-200.000000,0.000000,0.000000,0.000000,-2767.000000,0.000000,0.000000
-100.000000,-100.000000,0.000000,0.000000,-2771.000000,0.000000,0.000000
0.000000,0.000000,0.000000,0.000000,-2779.000000,0.000000,0.000000
0.000000,100.000000,0.000000,0.000000,-2798.000000,0.000000,0.000000
200.000000,-100.000000,0.000000,0.000000,-2821.000000,0.000000,0.000000
-300.000000,0.000000,0.000000,0.000000,-2820.000000,0.000000,0.000000
-100.000000,0.000000,0.000000,0.000000,-2839.000000,0.000000,0.000000
-100.000000,0.000000,0.000000,0.000000,-2844.000000,0.000000,0.000000
0.000000,-100.000000,0.000000,0.000000,-2857.000000,0.000000,0.000000
100.000000,0.000000,0.000000,0.000000,-2837.000000,0.000000,0.000000
-100.000000,0.000000,0.000000,0.000000,-2855.000000,0.000000,0.000000
-200.000000,0.000000,0.000000,0.000000,-2842.000000,0.000000,0.000000
0.000000,-100.000000,0.000000,0.000000,-2839.000000,0.000000,0.000000
-100.000000,0.000000,0.000000,0.000000,-2848.000000,0.000000,0.000000
-100.000000,-100.000000,0.000000,0.000000,-2852.000000,0.000000,0.000000
100.000000,-200.000000,0.000000,0.000000,-2856.000000,0.000000,0.000000
0.000000,0.000000,0.000000,0.000000,-2867.000000,0.000000,0.000000
-300.000000,0.000000,0.000000,0.000000,-2850.000000,0.000000,0.000000
-100.000000,0.000000,0.000000,0.000000,-2828.000000,0.000000,0.000000
0.000000,-100.000000,0.000000,0.000000,-2803.000000,0.000000,0.000000
100.000000,-100.000000,0.000000,0.000000,-2824.000000,0.000000,0.000000
100.000000,0.000000,0.000000,0.000000,-2825.000000,0.000000,0.000000
0.000000,0.000000,0.000000,0.000000,-2822.000000,0.000000,0.000000
0.000000,-100.000000,0.000000,0.000000,-2804.000000,0.000000,0.000000
100.000000,0.000000,0.000000,0.000000,-2810.000000,0.000000,0.000000
-100.000000,-200.000000,0.000000,0.000000,-2819.000000,0.000000,0.000000
-100.000000,0.000000,0.000000,0.000000,-2801.000000,0.000000,0.000000
0.000000,-200.000000,0.000000,0.000000,-2818.000000,0.000000,0.000000
-100.000000,-200.000000,0.000000,0.000000,-2811.000000,0.000000,0.000000
-100.000000,0.000000,0.000000,0.000000,-2823.000000,0.000000,0.000000
-100.000000,-100.000000,0.000000,0.000000,-2814.000000,0.000000,0.000000
100.000000,0.000000,0.000000,0.000000,-2801.000000,0.000000,0.000000
-200.000000,0.000000,0.000000,0.000000,-2784.000000,0.000000,0.000000
-300.000000,0.000000,0.000000,0.000000,-2789.000000,0.000000,0.000000
200.000000,-300.000000,0.000000,0.000000,-2781.000000,0.000000,0.000000
200.000000,0.000000,0.000000,0.000000,-2782.000000,0.000000,0.000000
0.000000,-200.000000,0.000000,0.000000,-2771.000000,0.000000,0.000000
0.000000,-200.000000,0.000000,0.000000,-2777.000000,0.000000,0.000000
0.000000,0.000000,0.000000,0.000000,-2774.000000,0.000000,0.000000
-100.000000,-300.000000,0.000000,0.000000,-2774.000000,0.000000,0.000000
-100.000000,-100.000000,0.000000,0.000000,-2761.000000,0.000000,0.000000
0.000000,-100.000000,0.000000,0.000000,-2748.000000,0.000000,0.000000
-100.000000,-100.000000,0.000000,0.000000,-2751.000000,0.000000,0.000000
200.000000,0.000000,0.000000,0.000000,-2741.000000,0.000000,0.000000
-200.000000,0.000000,0.000000,0.000000,-2725.000000,0.000000,0.000000
-200.000000,0.000000,0.000000,0.000000,-2707.000000,0.000000,0.000000
0.000000,-200.000000,0.000000,0.000000,-2711.000000,0.000000,0.000000
0.000000,-100.000000,0.000000,0.000000,-2720.000000,0.000000,0.000000
-100.000000,-100.000000,0.000000,0.000000,-2735.000000,0.000000,0.000000
-300.000000,-300.000000,0.000000,0.000000,-2749.000000,0.000000,0.000000
0.000000,0.000000,0.000000,0.000000,-2767.000000,0.000000,0.000000
0.000000,0.000000,0.000000,0.000000,-2776.000000,0.000000,0.000000
-100.000000,0.000000,0.000000,0.000000,-2767.000000,0.000000,0.000000
200.000000,-100.000000,0.000000,0.000000,-2767.000000,0.000000,0.000000
-100.000000,0.000000,0.000000,0.000000,-2753.000000,0.000000,0.000000
-200.000000,0.000000,0.000000,0.000000,-2744.000000,0.000000,0.000000
-200.000000,-100.000000,0.000000,0.000000,-2759.000000,0.000000,0.000000
-100.000000,0.000000,0.000000,0.000000,-2749.000000,0.000000,0.000000
-100.000000,100.000000,0.000000,0.000000,-2758.000000,0.000000,0.000000
200.000000,0.000000,0.000000,0.000000,-2769.000000,0.000000,0.000000
-200.000000,-100.000000,0.000000,0.000000,-2783.000000,0.000000,0.000000
100.000000,-200.000000,0.000000,0.000000,-2770.000000,0.000000,0.000000
-200.000000,0.000000,0.000000,0.000000,-2762.000000,0.000000,0.000000
200.000000,0.000000,0.000000,0.000000,-2743.000000,0.000000,0.000000
0.000000,0.000000,0.000000,0.000000,-2744.000000,0.000000,0.000000
-100.000000,0.000000,0.000000,0.000000,-2733.000000,0.000000,0.000000
-100.000000,-100.000000,0.000000,0.000000,-2725.000000,0.000000,0.000000
-100.000000,-300.000000,0.000000,0.000000,-2731.000000,0.000000,0.000000
0.000000,-100.000000,0.000000,0.000000,-2728.000000,0.000000,0.000000
-200.000000,0.000000,0.000000,0.000000,-2729.000000,0.000000,0.000000
-100.000000,-100.000000,0.000000,0.000000,-2704.000000,0.000000,0.000000
-200.000000,0.000000,0.000000,0.000000,-2720.000000,0.000000,0.000000
-100.000000,0.000000,0.000000,0.000000,-2722.000000,0.000000,0.000000
-200.000000,0.000000,0.000000,0.000000,-2747.000000,0.000000,0.000000
-100.000000,-100.000000,0.000000,0.000000,-2725.000000,0.000000,0.000000
100.000000,0.000000,0.000000,0.000000,-2756.000000,0.000000,0.000000
0.000000,0.000000,0.000000,0.000000,-2753.000000,0.000000,0.000000
-200.000000,0.000000,0.000000,0.000000,-2775.000000,0.000000,0.000000
-100.000000,-100.000000,0.000000,0.000000,-2765.000000,0.000000,0.000000
-100.000000,-100.000000,0.000000,0.000000,-2777.000000,0.000000,0.000000
-100.000000,0.000000,0.000000,0.000000,-2784.000000,0.000000,0.000000
100.000000,-100.000000,0.000000,0.000000,-2780.000000,0.000000,0.000000
-100.000000,-100.000000,0.000000,0.000000,-2787.000000,0.000000,0.000000
-200.000000,-200.000000,0.000000,0.000000,-2787.000000,0.000000,0.000000
-100.000000,0.000000,0.000000,0.000000,-2787.000000,0.000000,0.000000
0.000000,-100.000000,0.000000,0.000000,-2789.000000,0.000000,0.000000
0.000000,-100.000000,0.000000,0.000000,-2785.000000,0.000000,0.000000
0.000000,-100.000000,0.000000,0.000000,-2773.000000,0.000000,0.000000
100.000000,0.000000,0.000000,0.000000,-2781.000000,0.000000,0.000000
100.000000,0.000000,0.000000,0.000000,-2795.000000,0.000000,0.000000
100.000000,-100.000000,0.000000,0.000000,-2781.000000,0.000000,0.000000
0.000000,0.000000,0.000000,0.000000,-2756.000000,0.000000,0.000000
0.000000,0.000000,0.000000,0.000000,-2761.000000,0.000000,0.000000
-100.000000,0.000000,0.000000,0.000000,-2764.000000,0.000000,0.000000
0.000000,100.000000,0.000000,0.000000,-2778.000000,0.000000,0.000000
-200.000000,-100.000000,0.000000,0.000000,-2792.000000,0.000000,0.000000
-100.000000,0.000000,0.000000,0.000000,-2786.000000,0.000000,0.000000
-200.000000,0.000000,0.000000,0.000000,-2809.000000,0.000000,0.000000
300.000000,-100.000000,0.000000,0.000000,-2831.000000,0.000000,0.000000
0.000000,0.000000,0.000000,0.000000,-2828.000000,0.000000,0.000000
-100.000000,0.000000,0.000000,0.000000,-2820.000000,0.000000,0.000000
-200.000000,0.000000,0.000000,0.000000,-2810.000000,0.000000,0.000000
-200.000000,-300.000000,0.000000,0.000000,-2795.000000,0.000000,0.000000
-300.000000,300.000000,0.000000,0.000000,-2796.000000,0.000000,0.000000
-100.000000,-100.000000,0.000000,0.000000,-2785.000000,0.000000,0.000000
-200.000000,0.000000,0.000000,0.000000,-2791.000000,0.000000,0.000000
0.000000,-200.000000,0.000000,0.000000,-2784.000000,0.000000,0.000000
200.000000,-100.000000,0.000000,0.000000,-2796.000000,0.000000,0.000000
-100.000000,-100.000000,0.000000,0.000000,-2805.000000,0.000000,0.000000
300.000000,0.000000,0.000000,0.000000,-2786.000000,0.000000,0.000000
-100.000000,0.000000,0.000000,0.000000,-2786.000000,0.000000,0.000000
0.000000,0.000000,0.000000,0.000000,-2777.000000,0.000000,0.000000
0.000000,0.000000,0.000000,0.000000,-2799.000000,0.000000,0.000000
0.000000,300.000000,0.000000,0.000000,-2776.000000,0.000000,0.000000
-100.000000,0.000000,0.000000,0.000000,-2762.000000,0.000000,0.000000
200.000000,0.000000,0.000000,0.000000,-2768.000000,0.000000,0.000000
0.000000,0.000000,0.000000,0.000000,-2783.000000,0.000000,0.000000
0.000000,0.000000,0.000000,0.000000,-2778.000000,0.000000,0.000000
-100.000000,0.000000,0.000000,0.000000,-2761.000000,0.000000,0.000000
100.000000,-200.000000,0.000000,0.000000,-2746.000000,0.000000,0.000000
0.000000,0.000000,0.000000,0.000000,-2742.000000,0.000000,0.000000
-100.000000,-200.000000,0.000000,0.000000,-2720.000000,0.000000,0.000000
0.000000,-100.000000,0.000000,0.000000,-2745.000000,0.000000,0.000000
0.000000,0.000000,0.000000,0.000000,-2775.000000,0.000000,0.000000
-100.000000,0.000000,0.000000,0.000000,-2768.000000,0.000000,0.000000
-100.000000,100.000000,0.000000,0.000000,-2800.000000,0.000000,0.000000
-100.000000,-200.000000,0.000000,0.000000,-2822.000000,0.000000,0.000000
100.000000,-100.000000,0.000000,0.000000,-2838.000000,0.000000,0.000000
0.000000,0.000000,0.000000,0.000000,-2849.000000,0.000000,0.000000
0.000000,-100.000000,0.000000,0.000000,-2850.000000,0.000000,0.000000
0.000000,-100.000000,0.000000,0.000000,-2818.000000,0.000000,0.000000
0.000000,0.000000,0.000000,0.000000,-2792.000000,0.000000,0.000000
-100.000000,-100.000000,0.000000,0.000000,-2769.000000,0.000000,0.000000
-200.000000,-100.000000,0.000000,0.000000,-2762.000000,0.000000,0.000000
0.000000,-100.000000,0.000000,0.000000,-2745.000000,0.000000,0.000000
-100.000000,-200.000000,0.000000,0.000000,-2735.000000,0.000000,0.000000
-300.000000,-100.000000,0.000000,0.000000,-2727.000000,0.000000,0.000000
-100.000000,-100.000000,0.000000,0.000000,-2726.000000,0.000000,0.000000
0.000000,0.000000,0.000000,0.000000,-2751.000000,0.000000,0.000000
-100.000000,0.000000,0.000000,0.000000,-2761.000000,0.000000,0.000000
-100.000000,-100.000000,0.000000,0.000000,-2759.000000,0.000000,0.000000
-100.000000,-200.000000,0.000000,0.000000,-2756.000000,0.000000,0.000000
-100.000000,0.000000,0.000000,0.000000,-2776.000000,0.000000,0.000000
