Channel 1,Channel 2,Channel 3,Channel 4,Channel 5,Channel 6,Channel 7
100.000000,0.000000,0.000000,0.000000,-2823.000000,0.000000,0.000000
0.000000,-300.000000,0.000000,0.000000,-2842.000000,0.000000,0.000000
0.000000,-300.000000,0.000000,0.000000,-2825.000000,0.000000,0.000000
-100.000000,-100.000000,0.000000,0.000000,-2834.000000,0.000000,0.000000
200.000000,-100.000000,0.000000,0.000000,-2840.000000,0.000000,0.000000
100.000000,0.000000,0.000000,0.000000,-2848.000000,0.000000,0.000000
200.000000,-200.000000,0.000000,0.000000,-2848.000000,0.000000,0.000000
200.000000,0.000000,0.000000,0.000000,-2847.000000,0.000000,0.000000
0.000000,0.000000,0.000000,0.000000,-2838.000000,0.000000,0.000000
100.000000,200.000000,78.000000,78.000000,-2844.000000,0.000000,0.000000
100.000000,-100.000000,0.000000,0.000000,-2854.000000,0.000000,0.000000
0.000000,0.000000,0.000000,0.000000,-2845.000000,0.000000,0.000000
0.000000,-100.000000,0.000000,0.000000,-2840.000000,0.000000,0.000000
0.000000,-100.000000,0.000000,0.000000,-2852.000000,0.000000,0.000000
-100.000000,0.000000,0.000000,0.000000,-2868.000000,0.000000,0.000000
0.000000,-100.000000,0.000000,0.000000,-2871.000000,0.000000,0.000000
-100.000000,-100.000000,0.000000,0.000000,-2858.000000,0.000000,0.000000
0.000000,0.000000,0.000000,0.000000,-2874.000000,0.000000,0.000000
100.000000,200.000000,0.000000,0.000000,-2862.000000,0.000000,0.000000
-200.000000,0.000000,78.000000,78.000000,-2882.000000,0.000000,0.000000
100.000000,200.000000,77.000000,78.000000,-2891.000000,0.000000,0.000000
100.000000,200.000000,0.000000,0.000000,-2888.000000,0.000000,0.000000
0.000000,-100.000000,0.000000,0.000000,-2892.000000,0.000000,0.000000
-100.000000,-100.000000,0.000000,0.000000,-2883.000000,0.000000,0.000000
-100.000000,-100.000000,0.000000,0.000000,-2871.000000,0.000000,0.000000
-100.000000,100.000000,0.000000,0.000000,-2872.000000,0.000000,0.000000
-300.000000,-100.000000,0.000000,0.000000,-2880.000000,0.000000,0.000000
100.000000,0.000000,0.000000,0.000000,-2873.000000,0.000000,0.000000
0.000000,100.000000,0.000000,0.000000,-2863.000000,0.000000,0.000000
0.000000,200.000000,0.000000,0.000000,-2870.000000,0.000000,0.000000
0.000000,-100.000000,0.000000,0.000000,-2863.000000,0.000000,0.000000
-100.000000,0.000000,0.000000,0.000000,-2840.000000,0.000000,0.000000
0.000000,100.000000,0.000000,0.000000,-2843.000000,0.000000,0.000000
0.000000,100.000000,0.000000,0.000000,-2857.000000,0.000000,0.000000
-100.000000,-200.000000,0.000000,0.000000,-2840.000000,0.000000,0.000000
-100.000000,100.000000,0.000000,0.000000,-2835.000000,0.000000,0.000000
-200.000000,-100.000000,0.000000,0.000000,-2831.000000,0.000000,0.000000
-100.000000,-300.000000,0.000000,0.000000,-2810.000000,0.000000,0.000000
-200.000000,-100.000000,0.000000,0.000000,-2817.000000,0.000000,0.000000
100.000000,0.000000,0.000000,0.000000,-2832.000000,0.000000,0.000000
-100.000000,0.000000,0.000000,0.000000,-2830.000000,0.000000,0.000000
-200.000000,-100.000000,0.000000,0.000000,-2805.000000,0.000000,0.000000
0.000000,0.000000,0.000000,0.000000,-2811.000000,0.000000,0.000000
-100.000000,-200.000000,0.000000,0.000000,-2803.000000,0.000000,0.000000
0.000000,200.000000,156.000000,156.000000,-2813.000000,0.000000,0.000000
0.000000,200.000000,0.000000,0.000000,-2812.000000,0.000000,0.000000
-300.000000,0.000000,0.000000,0.000000,-2815.000000,0.000000,0.000000
0.000000,0.000000,0.000000,0.000000,-2800.000000,0.000000,0.000000
-100.000000,300.000000,0.000000,0.000000,-2804.000000,0.000000,0.000000
-300.000000,0.000000,0.000000,0.000000,-2789.000000,0.000000,0.000000
-200.000000,0.000000,0.000000,0.000000,-2785.000000,0.000000,0.000000
0.000000,0.000000,0.000000,0.000000,-2773.000000,0.000000,0.000000
0.000000,-200.000000,0.000000,0.000000,-2756.000000,0.000000,0.000000
0.000000,-100.000000,0.000000,0.000000,-2749.000000,0.000000,0.000000
0.000000,-200.000000,0.000000,0.000000,-2729.000000,0.000000,0.000000
200.000000,-200.000000,0.000000,0.000000,-2745.000000,0.000000,0.000000
-100.000000,-200.000000,0.000000,0.000000,-2764.000000,0.000000,0.000000
0.000000,0.000000,0.000000,0.000000,-2786.000000,0.000000,0.000000
0.000000,0.000000,0.000000,0.000000,-2780.000000,0.000000,0.000000
-200.000000,-200.000000,156.000000,156.000000,-2786.000000,0.000000,0.000000
-100.000000,0.000000,0.000000,0.000000,-2794.000000,0.000000,0.000000
-100.000000,0.000000,0.000000,0.000000,-2795.000000,-196.000000,0.000000
0.000000,0.000000,0.000000,0.000000,-2805.000000,0.000000,-196.000000
300.000000,0.000000,0.000000,0.000000,-2803.000000,0.000000,0.000000
-100.000000,-300.000000,0.000000,0.000000,-2799.000000,0.000000,0.000000
100.000000,100.000000,0.000000,0.000000,-2797.000000,0.000000,0.000000
100.000000,0.000000,0.000000,0.000000,-2778.000000,0.000000,0.000000
-100.000000,-200.000000,0.000000,0.000000,-2790.000000,0.000000,0.000000
100.000000,0.000000,0.000000,0.000000,-2766.000000,0.000000,0.000000
0.000000,0.000000,0.000000,0.000000,-2746.000000,0.000000,0.000000
100.000000,0.000000,0.000000,0.000000,-2750.000000,0.000000,0.000000
-200.000000,0.000000,0.000000,0.000000,-2753.000000,0.000000,0.000000
0.000000,100.000000,0.000000,0.000000,-2762.000000,0.000000,0.000000
0.000000,0.000000,0.000000,0.000000,-2771.000000,0.000000,0.000000
0.000000,0.000000,0.000000,0.000000,-2759.000000,0.000000,0.000000
100.000000,-100.000000,0.000000,0.000000,-2774.000000,0.000000,-196.000000
-100.000000,200.000000,0.000000,0.000000,-2767.000000,0.000000,0.000000
-200.000000,-100.000000,0.000000,0.000000,-2756.000000,0.000000,0.000000
100.000000,0.000000,0.000000,0.000000,-2748.000000,0.000000,0.000000
100.000000,300.000000,0.000000,0.000000,-2753.000000,0.000000,0.000000
100.000000,-200.000000,0.000000,0.000000,-2795.000000,0.000000,0.000000
-200.000000,-100.000000,0.000000,0.000000,-2819.000000,0.000000,0.000000
0.000000,0.000000,156.000000,156.000000,-2834.000000,0.000000,0.000000
100.000000,100.000000,0.000000,0.000000,-2856.000000,196.000000,0.000000
-200.000000,-300.000000,0.000000,0.000000,-2873.000000,-196.000000,0.000000
-200.000000,0.000000,0.000000,0.000000,-2849.000000,0.000000,0.000000
-200.000000,-300.000000,0.000000,0.000000,-2869.000000,0.000000,0.000000
0.000000,0.000000,0.000000,0.000000,-2874.000000,0.000000,0.000000
-100.000000,100.000000,0.000000,0.000000,-2868.000000,0.000000,0.000000
100.000000,0.000000,0.000000,0.000000,-2869.000000,0.000000,0.000000
-200.000000,0.000000,0.000000,0.000000,-2837.000000,0.000000,0.000000
0.000000,-200.000000,0.000000,0.000000,-2819.000000,0.000000,0.000000
0.000000,-200.000000,0.000000,0.000000,-2789.000000,0.000000,0.000000
0.000000,100.000000,0.000000,0.000000,-2795.000000,0.000000,0.000000
-100.000000,-300.000000,0.000000,0.000000,-2782.000000,0.000000,196.000000
-200.000000,-300.000000,0.000000,0.000000,-2777.000000,0.000000,0.000000
-500.000000,-300.000000,0.000000,0.000000,-2771.000000,0.000000,0.000000
-200.000000,0.000000,0.000000,0.000000,-2771.000000,0.000000,0.000000
-200.000000,-100.000000,0.000000,0.000000,-2785.000000,0.000000,0.000000
-200.000000,-200.000000,0.000000,0.000000,-2763.000000,0.000000,-196.000000
0.000000,-300.000000,0.000000,0.000000,-2785.000000,0.000000,0.000000
0.000000,-200.000000,0.000000,0.000000,-2804.000000,0.000000,0.000000
-300.000000,-100.000000,0.000000,0.000000,-2817.000000,0.000000,0.000000
-100.000000,-400.000000,0.000000,0.000000,-2848.000000,0.000000,0.000000
-300.000000,-300.000000,0.000000,0.000000,-2845.000000,0.000000,0.000000
-100.000000,100.000000,0.000000,0.000000,-2841.000000,0.000000,196.000000
-300.000000,0.000000,0.000000,0.000000,-2842.000000,0.000000,0.000000
-100.000000,0.000000,0.000000,0.000000,-2843.000000,0.000000,0.000000
100.000000,-100.000000,0.000000,0.000000,-2845.000000,0.000000,0.000000
-100.000000,-200.000000,0.000000,0.000000,-2817.000000,0.000000,0.000000
-100.000000,-300.000000,0.000000,0.000000,-2814.000000,0.000000,0.000000
-200.000000,100.000000,0.000000,0.000000,-2810.000000,0.000000,0.000000
-200.000000,200.000000,0.000000,0.000000,-2799.000000,0.000000,0.000000
0.000000,100.000000,0.000000,0.000000,-2801.000000,0.000000,196.000000
100.000000,0.000000,0.000000,0.000000,-2797.000000,0.000000,0.000000
0.000000,100.000000,0.000000,0.000000,-2819.000000,0.000000,0.000000
-300.000000,-200.000000,0.000000,0.000000,-2820.000000,0.000000,0.000000
-200.000000,0.000000,0.000000,0.000000,-2836.000000,0.000000,0.000000
100.000000,0.000000,0.000000,0.000000,-2854.000000,0.000000,0.000000
-100.000000,-300.000000,0.000000,0.000000,-2888.000000,0.000000,0.000000
0.000000,0.000000,0.000000,0.000000,-2883.000000,0.000000,0.000000
-100.000000,100.000000,0.000000,0.000000,-2910.000000,0.000000,0.000000
-200.000000,0.000000,0.000000,0.000000,-2906.000000,0.000000,0.000000
0.000000,0.000000,0.000000,0.000000,-2909.000000,0.000000,0.000000
-200.000000,0.000000,0.000000,0.000000,-2906.000000,0.000000,0.000000
-200.000000,0.000000,0.000000,0.000000,-2893.000000,0.000000,0.000000
-200.000000,-100.000000,0.000000,0.000000,-2889.000000,0.000000,0.000000
-200.000000,0.000000,0.000000,0.000000,-2882.000000,196.000000,0.000000
-100.000000,-100.000000,0.000000,0.000000,-2854.000000,0.000000,0.000000
-200.000000,-200.000000,0.000000,0.000000,-2817.000000,0.000000,0.000000
100.000000,-200.000000,0.000000,0.000000,-2802.000000,0.000000,0.000000
-200.000000,0.000000,0.000000,0.000000,-2813.000000,0.000000,0.000000
-300.000000,-100.000000,0.000000,0.000000,-2801.000000,0.000000,0.000000
-200.000000,-100.000000,0.000000,0.000000,-2809.000000,0.000000,0.000000
-300.000000,100.000000,0.000000,0.000000,-2817.000000,0.000000,0.000000
-100.000000,-100.000000,0.000000,0.000000,-2812.000000,0.000000,0.000000
0.000000,-300.000000,156.000000,156.000000,-2818.000000,0.000000,0.000000
-100.000000,0.000000,0.000000,0.000000,-2840.000000,0.000000,0.000000
-100.000000,0.000000,0.000000,0.000000,-2829.000000,-196.000000,0.000000
-100.000000,0.000000,0.000000,0.000000,-2843.000000,0.000000,0.000000
0.000000,0.000000,0.000000,0.000000,-2863.000000,0.000000,0.000000
-100.000000,200.000000,0.000000,0.000000,-2850.000000,0.000000,-196.000000
0.000000,100.000000,78.000000,78.000000,-2846.000000,0.000000,0.000000
-100.000000,-100.000000,0.000000,0.000000,-2820.000000,0.000000,0.000000
-100.000000,0.000000,0.000000,0.000000,-2803.000000,0.000000,0.000000
-100.000000,0.000000,0.000000,0.000000,-2803.000000,0.000000,0.000000
-200.000000,-200.000000,0.000000,0.000000,-2795.000000,0.000000,0.000000
0.000000,0.000000,0.000000,0.000000,-2782.000000,0.000000,-196.000000
-100.000000,0.000000,0.000000,0.000000,-2767.000000,0.000000,0.000000
0.000000,0.000000,0.000000,0.000000,-2749.000000,0.000000,0.000000
0.000000,0.000000,0.000000,0.000000,-2758.000000,0.000000,0.000000
0.000000,0.000000,0.000000,0.000000,-2768.000000,0.000000,0.000000
0.000000,0.000000,0.000000,0.000000,-2766.000000,0.000000,0.000000
-100.000000,0.000000,0.000000,0.000000,-2766.000000,0.000000,0.000000
-200.000000,-200.000000,0.000000,0.000000,-2784.000000,0.000000,0.000000
-100.000000,0.000000,0.000000,0.000000,-2804.000000,0.000000,0.000000
-200.000000,-200.000000,0.000000,0.000000,-2830.000000,0.000000,0.000000
-100.000000,-100.000000,0.000000,0.000000,-2854.000000,0.000000,0.000000
0.000000,0.000000,0.000000,0.000000,-2868.000000,0.000000,0.000000
0.000000,100.000000,0.000000,0.000000,-2877.000000,0.000000,0.000000
0.000000,100.000000,0.000000,0.000000,-2870.000000,0.000000,0.000000
-100.000000,100.000000,0.000000,0.000000,-2891.000000,0.000000,0.000000
0.000000,-300.000000,0.000000,0.000000,-2879.000000,0.000000,0.000000
100.000000,-200.000000,0.000000,0.000000,-2870.000000,0.000000,0.000000
100.000000,-100.000000,0.000000,0.000000,-2860.000000,0.000000,0.000000
-100.000000,0.000000,156.000000,156.000000,-2864.000000,0.000000,0.000000
0.000000,-200.000000,0.000000,0.000000,-2861.000000,196.000000,0.000000
100.000000,-100.000000,0.000000,0.000000,-2858.000000,-196.000000,196.000000
-200.000000,100.000000,0.000000,0.000000,-2829.000000,0.000000,0.000000
-100.000000,-100.000000,0.000000,0.000000,-2825.000000,0.000000,0.000000
-100.000000,0.000000,0.000000,0.000000,-2811.000000,0.000000,0.000000
-100.000000,0.000000,0.000000,0.000000,-2805.000000,0.000000,196.000000
100.000000,-200.000000,0.000000,0.000000,-2792.000000,0.000000,0.000000
-100.000000,0.000000,0.000000,0.000000,-2805.000000,0.000000,0.000000
-100.000000,100.000000,0.000000,0.000000,-2796.000000,0.000000,0.000000
100.000000,0.000000,0.000000,0.000000,-2772.000000,0.000000,0.000000
0.000000,-200.000000,0.000000,0.000000,-2788.000000,0.000000,0.000000
0.000000,-300.000000,0.000000,0.000000,-2789.000000,0.000000,0.000000
-200.000000,0.000000,0.000000,0.000000,-2810.000000,0.000000,0.000000
-100.000000,-200.000000,0.000000,0.000000,-2776.000000,0.000000,0.000000
-100.000000,-300.000000,0.000000,0.000000,-2783.000000,0.000000,0.000000
-100.000000,0.000000,0.000000,0.000000,-2771.000000,0.000000,0.000000
0.000000,0.000000,0.000000,0.000000,-2758.000000,0.000000,0.000000
0.000000,0.000000,0.000000,0.000000,-2758.000000,0.000000,0.000000
0.000000,-100.000000,0.000000,0.000000,-2766.000000,0.000000,0.000000
-100.000000,0.000000,0.000000,0.000000,-2763.000000,0.000000,-196.000000
0.000000,0.000000,0.000000,0.000000,-2757.000000,0.000000,0.000000
0.000000,100.000000,156.000000,156.000000,-2766.000000,0.000000,0.000000
-100.000000,200.000000,0.000000,0.000000,-2771.000000,196.000000,0.000000
-200.000000,0.000000,0.000000,0.000000,-2772.000000,-196.000000,0.000000
-100.000000,0.000000,0.000000,0.000000,-2768.000000,0.000000,0.000000
-100.000000,-200.000000,0.000000,0.000000,-2762.000000,0.000000,0.000000
0.000000,-200.000000,0.000000,0.000000,-2747.000000,0.000000,0.000000
200.000000,100.000000,0.000000,0.000000,-2752.000000,0.000000,0.000000
0.000000,0.000000,0.000000,0.000000,-2755.000000,0.000000,-196.000000
-200.000000,-200.000000,0.000000,0.000000,-2771.000000,0.000000,0.000000
-100.000000,0.000000,0.000000,0.000000,-2761.000000,0.000000,0.000000
0.000000,-200.000000,0.000000,0.000000,-2770.000000,0.000000,0.000000
-200.000000,-200.000000,0.000000,0.000000,-2751.000000,0.000000,0.000000
-200.000000,-300.000000,0.000000,0.000000,-2733.000000,0.000000,0.000000
-100.000000,-200.000000,0.000000,0.000000,-2745.000000,0.000000,0.000000
0.000000,0.000000,0.000000,0.000000,-2754.000000,0.000000,0.000000
200.000000,0.000000,0.000000,0.000000,-2755.000000,0.000000,0.000000
-200.000000,-100.000000,0.000000,0.000000,-2775.000000,0.000000,0.000000
0.000000,-100.000000,0.000000,0.000000,-2783.000000,0.000000,0.000000
-100.000000,0.000000,0.000000,0.000000,-2796.000000,0.000000,0.000000
-100.000000,-100.000000,0.000000,0.000000,-2788.000000,0.000000,0.000000
-100.000000,0.000000,0.000000,0.000000,-2776.000000,0.000000,0.000000
0.000000,-200.000000,15000.000000,15000.000000,-2771.000000,196.000000,196.000000
14100.000000,14600.000000,15000.000000,15000.000000,-2675.000000,2945.000000,2552.000000
12700.000000,14000.000000,15000.000000,15000.000000,-2679.000000,5694.000000,3141.000000
15200.000000,15000.000000,15000.000000,15000.000000,-2947.000000,4319.000000,981.000000
16100.000000,15100.000000,15000.000000,15000.000000,-3147.000000,0.000000,-392.000000
14700.000000,13600.000000,15000.000000,15000.000000,-3401.000000,-1570.000000,392.000000
15900.000000,13500.000000,15000.000000,15000.000000,-3422.000000,-392.000000,1767.000000
13900.000000,15000.000000,15000.000000,15000.000000,-2925.000000,2159.000000,2748.000000
17000.000000,12900.000000,15000.000000,15000.000000,-2730.000000,4712.000000,2748.000000
13200.000000,13300.000000,15000.000000,15000.000000,-3489.000000,4516.000000,2552.000000
14800.000000,17300.000000,15000.000000,15000.000000,-3597.000000,2159.000000,2356.000000
16900.000000,16400.000000,15000.000000,15000.000000,-3493.000000,392.000000,2159.000000
16800.000000,14400.000000,15000.000000,15000.000000,-3451.000000,1178.000000,2552.000000
14000.000000,13700.000000,15000.000000,15000.000000,-3439.000000,3730.000000,3534.000000
16299.000000,13400.000000,15000.000000,15000.000000,-3304.000000,5890.000000,3730.000000
16600.000000,15000.000000,15000.000000,15000.000000,-3614.000000,5497.000000,2552.000000
13300.000000,14800.000000,15000.000000,15000.000000,-3679.000000,3337.000000,3141.000000
14200.000000,17600.000000,15000.000000,15000.000000,-3457.000000,1963.000000,3534.000000
16400.000000,16800.000000,15000.000000,15000.000000,-3498.000000,2552.000000,4123.000000
16400.000000,13600.000000,15000.000000,15000.000000,-3482.000000,4123.000000,4319.000000
14200.000000,13100.000000,15000.000000,15000.000000,-3276.000000,5301.000000,3926.000000
14100.000000,14400.000000,15000.000000,15000.000000,-3352.000000,5301.000000,3730.000000
15100.000000,15600.000000,15000.000000,15000.000000,-3502.000000,3730.000000,3337.000000
16700.000000,13600.000000,15000.000000,15000.000000,-3392.000000,2748.000000,3534.000000
16400.000000,17000.000000,15000.000000,15000.000000,-3153.000000,3337.000000,3534.000000
16700.000000,13600.000000,15000.000000,15000.000000,-3119.000000,4516.000000,3730.000000
16400.000000,16200.000000,15000.000000,15000.000000,-3055.000000,5105.000000,4123.000000
15800.000000,13800.000000,15000.000000,15000.000000,-3087.000000,4319.000000,3926.000000
16200.000000,14700.000000,15000.000000,15000.000000,-3138.000000,3141.000000,3926.000000
16600.000000,15000.000000,15000.000000,15000.000000,-2858.000000,2552.000000,3926.000000
17200.000000,13600.000000,15000.000000,15000.000000,-2790.000000,3337.000000,3730.000000
16500.000000,14200.000000,15000.000000,15000.000000,-2853.000000,4123.000000,3534.000000
13400.000000,13800.000000,15000.000000,15000.000000,-2753.000000,4319.000000,3337.000000
13500.000000,13800.000000,15000.000000,15000.000000,-2765.000000,3730.000000,3337.000000
16900.000000,14200.000000,15000.000000,15000.000000,-2820.000000,3141.000000,3337.000000
13800.000000,16200.000000,0.000000,0.000000,-2821.000000,2552.000000,3337.000000
-200.000000,0.000000,0.000000,0.000000,-2886.000000,392.000000,981.000000
0.000000,-100.000000,0.000000,0.000000,-3003.000000,-196.000000,0.000000
400.000000,-100.000000,0.000000,0.000000,-2933.000000,196.000000,0.000000
-100.000000,-200.000000,0.000000,0.000000,-3011.000000,0.000000,196.000000
100.000000,0.000000,0.000000,0.000000,-2986.000000,0.000000,392.000000
-200.000000,0.000000,0.000000,0.000000,-2957.000000,196.000000,1178.000000
-200.000000,-100.000000,0.000000,0.000000,-2973.000000,0.000000,1767.000000
100.000000,0.000000,0.000000,0.000000,-3017.000000,0.000000,1570.000000
0.000000,0.000000,0.000000,0.000000,-3070.000000,0.000000,1570.000000
0.000000,-100.000000,0.000000,0.000000,-2967.000000,0.000000,1570.000000
0.000000,200.000000,0.000000,0.000000,-3078.000000,0.000000,785.000000
0.000000,0.000000,0.000000,0.000000,-3056.000000,0.000000,589.000000
0.000000,300.000000,0.000000,0.000000,-2899.000000,0.000000,-981.000000
500.000000,0.000000,0.000000,0.000000,-2926.000000,0.000000,-1570.000000
200.000000,100.000000,0.000000,0.000000,-2970.000000,0.000000,-1570.000000
0.000000,-500.000000,0.000000,0.000000,-3074.000000,-196.000000,-1767.000000
300.000000,0.000000,0.000000,0.000000,-2967.000000,-196.000000,-1374.000000
0.000000,0.000000,0.000000,0.000000,-2865.000000,0.000000,-1374.000000
400.000000,0.000000,0.000000,0.000000,-3017.000000,-589.000000,-1178.000000
-100.000000,-400.000000,0.000000,0.000000,-2979.000000,-1767.000000,-785.000000
0.000000,0.000000,0.000000,0.000000,-2889.000000,-2159.000000,-981.000000
0.000000,-200.000000,0.000000,0.000000,-2812.000000,-2159.000000,-589.000000
100.000000,-300.000000,0.000000,0.000000,-2658.000000,-1963.000000,-785.000000
0.000000,0.000000,0.000000,0.000000,-2804.000000,-1963.000000,-785.000000
200.000000,0.000000,0.000000,0.000000,-2925.000000,-1963.000000,-785.000000
-100.000000,0.000000,0.000000,0.000000,-2845.000000,-1374.000000,-785.000000
-100.000000,-100.000000,0.000000,0.000000,-2749.000000,-1178.000000,-392.000000
200.000000,-200.000000,0.000000,0.000000,-2795.000000,-1178.000000,-392.000000
300.000000,0.000000,0.000000,0.000000,-2837.000000,-589.000000,-196.000000
300.000000,0.000000,0.000000,0.000000,-2891.000000,196.000000,-196.000000
200.000000,0.000000,0.000000,0.000000,-2844.000000,1374.000000,196.000000
0.000000,100.000000,0.000000,0.000000,-2866.000000,1963.000000,0.000000
-100.000000,0.000000,0.000000,0.000000,-2832.000000,1767.000000,392.000000
0.000000,0.000000,0.000000,0.000000,-2742.000000,1963.000000,785.000000
0.000000,-100.000000,0.000000,0.000000,-2794.000000,1963.000000,1963.000000
-200.000000,0.000000,0.000000,0.000000,-2825.000000,2159.000000,2748.000000
0.000000,0.000000,0.000000,0.000000,-2764.000000,2748.000000,2945.000000
0.000000,-100.000000,0.000000,0.000000,-2756.000000,3534.000000,2748.000000
0.000000,100.000000,0.000000,0.000000,-2792.000000,3730.000000,2748.000000
-200.000000,300.000000,0.000000,0.000000,-2799.000000,3926.000000,2552.000000
-100.000000,100.000000,0.000000,0.000000,-2724.000000,3926.000000,2748.000000
0.000000,0.000000,0.000000,0.000000,-2669.000000,3926.000000,3141.000000
-100.000000,-100.000000,0.000000,0.000000,-2765.000000,4123.000000,3730.000000
-100.000000,300.000000,0.000000,0.000000,-2736.000000,4516.000000,4319.000000
0.000000,0.000000,0.000000,0.000000,-2773.000000,5301.000000,4516.000000
0.000000,-200.000000,0.000000,0.000000,-2821.000000,5694.000000,4319.000000
0.000000,0.000000,0.000000,0.000000,-2833.000000,5890.000000,4516.000000
0.000000,-100.000000,0.000000,0.000000,-2779.000000,5497.000000,4516.000000
-100.000000,0.000000,0.000000,0.000000,-2779.000000,5497.000000,4908.000000
-200.000000,-200.000000,0.000000,0.000000,-2827.000000,5497.000000,5301.000000
0.000000,-100.000000,0.000000,0.000000,-2760.000000,5301.000000,5497.000000
-100.000000,300.000000,0.000000,0.000000,-2759.000000,5694.000000,5301.000000
0.000000,0.000000,0.000000,0.000000,-2775.000000,6086.000000,5105.000000
100.000000,-100.000000,0.000000,0.000000,-2776.000000,6283.000000,4516.000000
0.000000,200.000000,0.000000,0.000000,-2748.000000,6283.000000,4516.000000
-100.000000,200.000000,0.000000,0.000000,-2718.000000,6086.000000,4908.000000
0.000000,200.000000,0.000000,0.000000,-2787.000000,5890.000000,5301.000000
100.000000,-100.000000,0.000000,0.000000,-2717.000000,5694.000000,5301.000000
0.000000,100.000000,0.000000,0.000000,-2688.000000,5694.000000,5301.000000
0.000000,-100.000000,0.000000,0.000000,-2692.000000,5301.000000,5105.000000
-100.000000,0.000000,0.000000,0.000000,-2733.000000,5301.000000,4712.000000
0.000000,0.000000,0.000000,0.000000,-2694.000000,4908.000000,4712.000000
-100.000000,-100.000000,0.000000,0.000000,-2590.000000,5105.000000,4319.000000
0.000000,100.000000,0.000000,0.000000,-2610.000000,4516.000000,4123.000000
0.000000,0.000000,0.000000,0.000000,-2588.000000,4516.000000,3534.000000
0.000000,0.000000,0.000000,0.000000,-2527.000000,4319.000000,3337.000000
-100.000000,0.000000,0.000000,0.000000,-2505.000000,4123.000000,3337.000000
100.000000,-100.000000,0.000000,0.000000,-2470.000000,3926.000000,3141.000000
-200.000000,0.000000,0.000000,0.000000,-2433.000000,3337.000000,2945.000000
0.000000,0.000000,0.000000,0.000000,-2401.000000,3337.000000,2552.000000
0.000000,0.000000,0.000000,0.000000,-2405.000000,3141.000000,2356.000000
-100.000000,-200.000000,0.000000,0.000000,-2392.000000,2552.000000,2159.000000
0.000000,-100.000000,0.000000,0.000000,-2381.000000,1767.000000,1963.000000
0.000000,300.000000,0.000000,0.000000,-2364.000000,589.000000,1374.000000
100.000000,0.000000,0.000000,0.000000,-2402.000000,196.000000,589.000000
-100.000000,100.000000,0.000000,0.000000,-2405.000000,392.000000,196.000000
200.000000,0.000000,0.000000,0.000000,-2292.000000,-196.000000,-196.000000
200.000000,-100.000000,0.000000,0.000000,-2290.000000,-196.000000,-392.000000
100.000000,0.000000,0.000000,0.000000,-2327.000000,0.000000,-196.000000
100.000000,0.000000,0.000000,0.000000,-2260.000000,0.000000,-589.000000
0.000000,0.000000,0.000000,0.000000,-2256.000000,-196.000000,-981.000000
100.000000,0.000000,0.000000,0.000000,-2296.000000,-785.000000,-1374.000000
100.000000,-100.000000,0.000000,0.000000,-2315.000000,-1374.000000,-1570.000000
100.000000,200.000000,0.000000,0.000000,-2258.000000,-1963.000000,-1570.000000
100.000000,-100.000000,0.000000,0.000000,-2260.000000,-1963.000000,-1570.000000
200.000000,0.000000,0.000000,0.000000,-2233.000000,-1963.000000,-1570.000000
100.000000,-300.000000,0.000000,0.000000,-2157.000000,-1767.000000,-1963.000000
200.000000,-100.000000,0.000000,0.000000,-2225.000000,-1570.000000,-1767.000000
300.000000,-100.000000,0.000000,0.000000,-2292.000000,-1570.000000,-1963.000000
200.000000,-100.000000,0.000000,0.000000,-2277.000000,-1767.000000,-1963.000000
-100.000000,100.000000,0.000000,0.000000,-2291.000000,-1767.000000,-1963.000000
100.000000,0.000000,0.000000,0.000000,-2292.000000,-1963.000000,-1767.000000
200.000000,0.000000,0.000000,0.000000,-2304.000000,-2159.000000,-1570.000000
200.000000,0.000000,156.000000,156.000000,-2341.000000,-1963.000000,-1570.000000
200.000000,300.000000,0.000000,0.000000,-2318.000000,-1767.000000,-1570.000000
0.000000,0.000000,78.000000,78.000000,-2301.000000,-1767.000000,-1570.000000
0.000000,200.000000,0.000000,0.000000,-2413.000000,-1570.000000,-1374.000000
100.000000,0.000000,0.000000,0.000000,-2488.000000,-1374.000000,-1178.000000
200.000000,100.000000,0.000000,0.000000,-2460.000000,-1178.000000,-1178.000000
100.000000,0.000000,0.000000,0.000000,-2448.000000,-981.000000,-1178.000000
100.000000,-100.000000,0.000000,0.000000,-2446.000000,-981.000000,-785.000000
0.000000,0.000000,0.000000,0.000000,-2466.000000,-785.000000,-589.000000
100.000000,200.000000,0.000000,0.000000,-2471.000000,-589.000000,-589.000000
0.000000,0.000000,0.000000,0.000000,-2398.000000,-196.000000,-196.000000
300.000000,100.000000,0.000000,0.000000,-2405.000000,-196.000000,-196.000000
0.000000,0.000000,0.000000,0.000000,-2441.000000,0.000000,-196.000000
0.000000,-200.000000,0.000000,0.000000,-2468.000000,0.000000,0.000000
-100.000000,100.000000,0.000000,0.000000,-2475.000000,196.000000,196.000000
0.000000,-200.000000,0.000000,0.000000,-2478.000000,0.000000,0.000000
0.000000,100.000000,156.000000,156.000000,-2508.000000,0.000000,196.000000
0.000000,0.000000,0.000000,0.000000,-2502.000000,0.000000,589.000000
-100.000000,100.000000,0.000000,0.000000,-2509.000000,392.000000,1767.000000
-100.000000,-100.000000,0.000000,0.000000,-2583.000000,1374.000000,2356.000000
-100.000000,-200.000000,0.000000,0.000000,-2610.000000,2748.000000,2356.000000
0.000000,0.000000,0.000000,0.000000,-2626.000000,3337.000000,2356.000000
100.000000,100.000000,0.000000,0.000000,-2717.000000,3337.000000,2159.000000
-100.000000,0.000000,0.000000,0.000000,-2733.000000,3337.000000,1963.000000
0.000000,0.000000,0.000000,0.000000,-2765.000000,2945.000000,1963.000000
0.000000,0.000000,0.000000,0.000000,-2796.000000,2945.000000,1963.000000
-100.000000,-100.000000,0.000000,0.000000,-2748.000000,2748.000000,1963.000000
-100.000000,-200.000000,0.000000,0.000000,-2699.000000,2552.000000,2748.000000
-100.000000,0.000000,0.000000,0.000000,-2680.000000,2356.000000,3141.000000
-200.000000,-100.000000,0.000000,0.000000,-2670.000000,2356.000000,3534.000000
0.000000,100.000000,0.000000,0.000000,-2638.000000,2552.000000,3337.000000
-200.000000,-100.000000,0.000000,0.000000,-2603.000000,3141.000000,3141.000000
0.000000,-100.000000,0.000000,0.000000,-2662.000000,3926.000000,3141.000000
0.000000,-300.000000,0.000000,0.000000,-2662.000000,3926.000000,2945.000000
-100.000000,-100.000000,0.000000,0.000000,-2624.000000,3730.000000,2748.000000
-100.000000,-200.000000,0.000000,0.000000,-2656.000000,3534.000000,2552.000000
0.000000,300.000000,0.000000,0.000000,-2690.000000,3141.000000,2356.000000
0.000000,0.000000,0.000000,0.000000,-2698.000000,3337.000000,2159.000000
0.000000,100.000000,0.000000,0.000000,-2675.000000,3141.000000,2159.000000
-100.000000,0.000000,0.000000,0.000000,-2679.000000,2748.000000,2159.000000
-100.000000,-100.000000,0.000000,0.000000,-2709.000000,2748.000000,1963.000000
0.000000,100.000000,0.000000,0.000000,-2709.000000,2356.000000,2159.000000
100.000000,0.000000,0.000000,0.000000,-2717.000000,1963.000000,1767.000000
200.000000,0.000000,0.000000,0.000000,-2728.000000,2159.000000,1570.000000
-100.000000,0.000000,0.000000,0.000000,-2720.000000,1767.000000,1767.000000
400.000000,100.000000,78.000000,78.000000,-2671.000000,1570.000000,1570.000000
0.000000,300.000000,0.000000,0.000000,-2673.000000,1570.000000,1570.000000
-100.000000,0.000000,0.000000,0.000000,-2675.000000,981.000000,1178.000000
0.000000,0.000000,0.000000,0.000000,-2645.000000,785.000000,1178.000000
0.000000,0.000000,0.000000,0.000000,-2636.000000,196.000000,785.000000
-100.000000,-200.000000,0.000000,0.000000,-2629.000000,-196.000000,589.000000
-100.000000,100.000000,0.000000,0.000000,-2606.000000,-196.000000,589.000000
-100.000000,0.000000,0.000000,0.000000,-2573.000000,-196.000000,196.000000
300.000000,-100.000000,78.000000,78.000000,-2585.000000,-392.000000,-196.000000
200.000000,100.000000,0.000000,0.000000,-2619.000000,-392.000000,-392.000000
0.000000,0.000000,0.000000,0.000000,-2604.000000,-981.000000,-981.000000
0.000000,-100.000000,0.000000,0.000000,-2562.000000,-1178.000000,-1178.000000
0.000000,-100.000000,0.000000,0.000000,-2593.000000,-1570.000000,-1374.000000
0.000000,0.000000,0.000000,0.000000,-2596.000000,-1570.000000,-1374.000000
-200.000000,200.000000,0.000000,0.000000,-2589.000000,-1570.000000,-1178.000000
0.000000,0.000000,0.000000,0.000000,-2557.000000,-1570.000000,-1178.000000
0.000000,100.000000,0.000000,0.000000,-2591.000000,-1767.000000,-1374.000000
0.000000,0.000000,0.000000,0.000000,-2597.000000,-1767.000000,-1963.000000
0.000000,0.000000,0.000000,0.000000,-2599.000000,-2159.000000,-1963.000000
0.000000,0.000000,0.000000,0.000000,-2577.000000,-2356.000000,-1963.000000
0.000000,0.000000,0.000000,0.000000,-2577.000000,-2356.000000,-1963.000000
100.000000,-100.000000,0.000000,0.000000,-2582.000000,-2159.000000,-1963.000000
0.000000,100.000000,0.000000,0.000000,-2559.000000,-1963.000000,-1963.000000
-100.000000,0.000000,0.000000,0.000000,-2536.000000,-2159.000000,-1963.000000
100.000000,0.000000,0.000000,0.000000,-2562.000000,-1963.000000,-1963.000000
-100.000000,100.000000,0.000000,0.000000,-2531.000000,-1963.000000,-2159.000000
-100.000000,100.000000,0.000000,0.000000,-2510.000000,-1963.000000,-2159.000000
200.000000,0.000000,0.000000,0.000000,-2552.000000,-1963.000000,-2159.000000
0.000000,100.000000,0.000000,0.000000,-2555.000000,-1963.000000,-1767.000000
0.000000,200.000000,0.000000,0.000000,-2574.000000,-1767.000000,-1963.000000
0.000000,0.000000,0.000000,0.000000,-2573.000000,-1767.000000,-1570.000000
200.000000,-100.000000,0.000000,0.000000,-2632.000000,-1570.000000,-1374.000000
100.000000,300.000000,0.000000,0.000000,-2649.000000,-1374.000000,-1374.000000
0.000000,-100.000000,0.000000,0.000000,-2653.000000,-1178.000000,-1178.000000
0.000000,0.000000,0.000000,0.000000,-2686.000000,-1178.000000,-1374.000000
100.000000,-200.000000,0.000000,0.000000,-2698.000000,-981.000000,-1178.000000
200.000000,0.000000,0.000000,0.000000,-2707.000000,-785.000000,-981.000000
0.000000,0.000000,0.000000,0.000000,-2724.000000,-785.000000,-981.000000
100.000000,0.000000,0.000000,0.000000,-2715.000000,-589.000000,-785.000000
0.000000,0.000000,0.000000,0.000000,-2737.000000,-392.000000,-589.000000
0.000000,-200.000000,0.000000,0.000000,-2730.000000,-392.000000,-589.000000
0.000000,-100.000000,0.000000,0.000000,-2767.000000,0.000000,-392.000000
0.000000,0.000000,0.000000,0.000000,-2801.000000,0.000000,-196.000000
-100.000000,100.000000,0.000000,0.000000,-2811.000000,196.000000,0.000000
100.000000,0.000000,0.000000,0.000000,-2809.000000,196.000000,196.000000
0.000000,-200.000000,0.000000,0.000000,-2817.000000,0.000000,196.000000
-100.000000,0.000000,0.000000,0.000000,-2839.000000,0.000000,0.000000
0.000000,100.000000,0.000000,0.000000,-2811.000000,0.000000,0.000000
0.000000,100.000000,0.000000,0.000000,-2799.000000,0.000000,0.000000
0.000000,300.000000,0.000000,0.000000,-2782.000000,0.000000,0.000000
0.000000,0.000000,0.000000,0.000000,-2766.000000,392.000000,196.000000
0.000000,0.000000,0.000000,0.000000,-2772.000000,981.000000,196.000000
0.000000,0.000000,0.000000,0.000000,-2796.000000,1963.000000,785.000000
0.000000,0.000000,0.000000,0.000000,-2770.000000,2159.000000,1178.000000
0.000000,-100.000000,0.000000,0.000000,-2761.000000,2159.000000,1374.000000
0.000000,0.000000,0.000000,0.000000,-2758.000000,1963.000000,981.000000
-100.000000,0.000000,0.000000,0.000000,-2710.000000,1963.000000,1374.000000
-100.000000,0.000000,0.000000,0.000000,-2699.000000,1767.000000,981.000000
0.000000,0.000000,0.000000,0.000000,-2670.000000,1570.000000,981.000000
-100.000000,-100.000000,0.000000,0.000000,-2647.000000,1374.000000,981.000000
-200.000000,0.000000,0.000000,0.000000,-2660.000000,1178.000000,589.000000
-100.000000,200.000000,0.000000,0.000000,-2667.000000,1178.000000,785.000000
200.000000,100.000000,0.000000,0.000000,-2642.000000,785.000000,785.000000
0.000000,0.000000,0.000000,0.000000,-2641.000000,981.000000,785.000000
0.000000,100.000000,0.000000,0.000000,-2643.000000,589.000000,589.000000
0.000000,-300.000000,0.000000,0.000000,-2610.000000,589.000000,785.000000
-100.000000,100.000000,0.000000,0.000000,-2582.000000,392.000000,785.000000
-100.000000,0.000000,0.000000,0.000000,-2581.000000,392.000000,785.000000
-100.000000,0.000000,0.000000,0.000000,-2591.000000,392.000000,589.000000
0.000000,100.000000,0.000000,0.000000,-2545.000000,196.000000,589.000000
0.000000,100.000000,0.000000,0.000000,-2520.000000,196.000000,392.000000
-100.000000,0.000000,0.000000,0.000000,-2511.000000,0.000000,196.000000
0.000000,0.000000,0.000000,0.000000,-2474.000000,196.000000,196.000000
-100.000000,300.000000,0.000000,0.000000,-2461.000000,0.000000,196.000000
0.000000,0.000000,0.000000,0.000000,-2495.000000,0.000000,0.000000
-500.000000,-100.000000,0.000000,0.000000,-2496.000000,0.000000,-196.000000
-100.000000,0.000000,156.000000,156.000000,-2504.000000,0.000000,-196.000000
300.000000,-100.000000,0.000000,0.000000,-2481.000000,0.000000,0.000000
0.000000,0.000000,0.000000,0.000000,-2495.000000,0.000000,-196.000000
0.000000,0.000000,0.000000,0.000000,-2492.000000,-392.000000,-589.000000
200.000000,0.000000,0.000000,0.000000,-2523.000000,0.000000,-1570.000000
0.000000,0.000000,0.000000,0.000000,-2538.000000,-196.000000,-1767.000000
300.000000,0.000000,0.000000,0.000000,-2528.000000,-589.000000,-1767.000000
0.000000,0.000000,0.000000,0.000000,-2423.000000,-1570.000000,-1374.000000
100.000000,-200.000000,0.000000,0.000000,-2430.000000,-2356.000000,-1374.000000
0.000000,0.000000,0.000000,0.000000,-2470.000000,-2356.000000,-1178.000000
0.000000,200.000000,0.000000,0.000000,-2440.000000,-1767.000000,-785.000000
0.000000,100.000000,0.000000,0.000000,-2387.000000,-2356.000000,-1374.000000
300.000000,200.000000,0.000000,0.000000,-2416.000000,-1767.000000,-1570.000000
0.000000,0.000000,0.000000,0.000000,-2473.000000,-1767.000000,-1963.000000
0.000000,0.000000,0.000000,0.000000,-2469.000000,-1570.000000,-2159.000000
100.000000,100.000000,0.000000,0.000000,-2436.000000,-1374.000000,-1963.000000
0.000000,-100.000000,0.000000,0.000000,-2424.000000,-1767.000000,-1767.000000
300.000000,0.000000,0.000000,0.000000,-2415.000000,-1767.000000,-1767.000000
100.000000,0.000000,0.000000,0.000000,-2501.000000,-2356.000000,-1767.000000
-100.000000,100.000000,0.000000,0.000000,-2541.000000,-2552.000000,-1767.000000
100.000000,100.000000,0.000000,0.000000,-2491.000000,-2356.000000,-1767.000000
0.000000,0.000000,0.000000,0.000000,-2459.000000,-2159.000000,-1767.000000
0.000000,-100.000000,0.000000,0.000000,-2558.000000,-2356.000000,-1963.000000
400.000000,100.000000,0.000000,0.000000,-2627.000000,-1963.000000,-1767.000000
200.000000,0.000000,0.000000,0.000000,-2576.000000,-1570.000000,-1570.000000
0.000000,300.000000,0.000000,0.000000,-2493.000000,-1767.000000,-1570.000000
300.000000,-100.000000,0.000000,0.000000,-2565.000000,-1570.000000,-1570.000000
100.000000,0.000000,156.000000,156.000000,-2621.000000,-1178.000000,-1374.000000
100.000000,100.000000,0.000000,0.000000,-2593.000000,-1178.000000,-1374.000000
100.000000,-100.000000,0.000000,0.000000,-2594.000000,-1374.000000,-1178.000000
0.000000,200.000000,78.000000,78.000000,-2602.000000,-1374.000000,-1178.000000
0.000000,200.000000,0.000000,0.000000,-2620.000000,-1374.000000,-981.000000
200.000000,100.000000,0.000000,0.000000,-2598.000000,-1374.000000,-981.000000
200.000000,0.000000,0.000000,0.000000,-2628.000000,-1178.000000,-785.000000
0.000000,-200.000000,78.000000,78.000000,-2651.000000,-1178.000000,-785.000000
0.000000,200.000000,0.000000,0.000000,-2651.000000,-981.000000,-589.000000
100.000000,0.000000,0.000000,0.000000,-2682.000000,-785.000000,-589.000000
100.000000,100.000000,0.000000,0.000000,-2723.000000,-589.000000,-392.000000
0.000000,0.000000,0.000000,0.000000,-2724.000000,-589.000000,-196.000000
100.000000,0.000000,0.000000,0.000000,-2693.000000,-392.000000,-196.000000
100.000000,100.000000,0.000000,0.000000,-2671.000000,-392.000000,-196.000000
0.000000,0.000000,0.000000,0.000000,-2697.000000,-392.000000,0.000000
-100.000000,100.000000,0.000000,0.000000,-2680.000000,-392.000000,0.000000
0.000000,100.000000,0.000000,0.000000,-2672.000000,-196.000000,0.000000
100.000000,-300.000000,0.000000,0.000000,-2656.000000,-392.000000,196.000000
0.000000,0.000000,0.000000,0.000000,-2639.000000,-196.000000,0.000000
100.000000,200.000000,0.000000,0.000000,-2602.000000,-196.000000,0.000000
0.000000,100.000000,0.000000,0.000000,-2594.000000,-196.000000,0.000000
-200.000000,0.000000,0.000000,0.000000,-2577.000000,0.000000,196.000000
0.000000,-100.000000,0.000000,0.000000,-2548.000000,196.000000,0.000000
0.000000,100.000000,0.000000,0.000000,-2541.000000,-196.000000,0.000000
-100.000000,0.000000,0.000000,0.000000,-2502.000000,0.000000,0.000000
-100.000000,-100.000000,0.000000,0.000000,-2523.000000,0.000000,0.000000
0.000000,200.000000,0.000000,0.000000,-2513.000000,0.000000,0.000000
-200.000000,0.000000,0.000000,0.000000,-2486.000000,-196.000000,0.000000
-200.000000,100.000000,0.000000,0.000000,-2497.000000,-196.000000,0.000000
0.000000,-100.000000,0.000000,0.000000,-2490.000000,-196.000000,196.000000
-100.000000,100.000000,0.000000,0.000000,-2470.000000,0.000000,196.000000
-200.000000,100.000000,0.000000,0.000000,-2444.000000,-196.000000,196.000000
-100.000000,0.000000,0.000000,0.000000,-2455.000000,-392.000000,392.000000
-100.000000,-100.000000,0.000000,0.000000,-2425.000000,-392.000000,0.000000
-300.000000,0.000000,78.000000,78.000000,-2397.000000,-589.000000,196.000000
200.000000,200.000000,0.000000,0.000000,-2389.000000,-392.000000,0.000000
-200.000000,0.000000,0.000000,0.000000,-2359.000000,-589.000000,0.000000
200.000000,-300.000000,0.000000,0.000000,-2376.000000,-589.000000,0.000000
-100.000000,0.000000,0.000000,0.000000,-2380.000000,-785.000000,0.000000
0.000000,0.000000,0.000000,0.000000,-2363.000000,-981.000000,0.000000
-200.000000,100.000000,0.000000,0.000000,-2369.000000,-981.000000,0.000000
0.000000,0.000000,0.000000,0.000000,-2348.000000,-981.000000,0.000000
100.000000,0.000000,0.000000,0.000000,-2355.000000,-1178.000000,-196.000000
0.000000,200.000000,0.000000,0.000000,-2372.000000,-981.000000,0.000000
-200.000000,0.000000,0.000000,0.000000,-2368.000000,-1178.000000,-196.000000
0.000000,0.000000,0.000000,0.000000,-2367.000000,-1374.000000,-589.000000
100.000000,0.000000,0.000000,0.000000,-2357.000000,-1374.000000,-981.000000
200.000000,100.000000,0.000000,0.000000,-2380.000000,-1374.000000,-1570.000000
0.000000,0.000000,0.000000,0.000000,-2374.000000,-1374.000000,-1767.000000
0.000000,0.000000,0.000000,0.000000,-2375.000000,-1570.000000,-1570.000000
200.000000,0.000000,0.000000,0.000000,-2360.000000,-1570.000000,-1374.000000
-100.000000,200.000000,0.000000,0.000000,-2352.000000,-1767.000000,-1374.000000
-100.000000,0.000000,0.000000,0.000000,-2334.000000,-1767.000000,-1178.000000
300.000000,0.000000,0.000000,0.000000,-2344.000000,-1767.000000,-1374.000000
-100.000000,100.000000,0.000000,0.000000,-2323.000000,-1963.000000,-1374.000000
0.000000,200.000000,0.000000,0.000000,-2329.000000,-1767.000000,-1767.000000
0.000000,0.000000,0.000000,0.000000,-2363.000000,-1963.000000,-1963.000000
100.000000,-300.000000,0.000000,0.000000,-2375.000000,-1963.000000,-1963.000000
200.000000,100.000000,0.000000,0.000000,-2350.000000,-1963.000000,-1767.000000
100.000000,0.000000,0.000000,0.000000,-2342.000000,-1963.000000,-1963.000000
-300.000000,0.000000,0.000000,0.000000,-2353.000000,-1963.000000,-1767.000000
200.000000,0.000000,0.000000,0.000000,-2369.000000,-1963.000000,-1767.000000
-100.000000,0.000000,0.000000,0.000000,-2377.000000,-2159.000000,-1963.000000
-100.000000,100.000000,0.000000,0.000000,-2352.000000,-1963.000000,-1963.000000
100.000000,200.000000,0.000000,0.000000,-2381.000000,-1963.000000,-1963.000000
0.000000,100.000000,0.000000,0.000000,-2423.000000,-1767.000000,-1963.000000
100.000000,0.000000,0.000000,0.000000,-2428.000000,-1767.000000,-1963.000000
0.000000,0.000000,0.000000,0.000000,-2440.000000,-1767.000000,-1767.000000
0.000000,100.000000,0.000000,0.000000,-2453.000000,-1767.000000,-1767.000000
0.000000,-100.000000,0.000000,0.000000,-2455.000000,-1570.000000,-1570.000000
200.000000,0.000000,0.000000,0.000000,-2486.000000,-1570.000000,-1570.000000
100.000000,0.000000,0.000000,0.000000,-2482.000000,-1570.000000,-1570.000000
0.000000,200.000000,0.000000,0.000000,-2487.000000,-1570.000000,-1374.000000
200.000000,0.000000,0.000000,0.000000,-2502.000000,-1374.000000,-1570.000000
-200.000000,0.000000,0.000000,0.000000,-2499.000000,-1374.000000,-1374.000000
-100.000000,0.000000,0.000000,0.000000,-2519.000000,-1374.000000,-1374.000000
0.000000,0.000000,0.000000,0.000000,-2537.000000,-1178.000000,-1178.000000
0.000000,0.000000,0.000000,0.000000,-2548.000000,-1178.000000,-1178.000000
200.000000,0.000000,0.000000,0.000000,-2548.000000,-981.000000,-1178.000000
0.000000,0.000000,0.000000,0.000000,-2535.000000,-981.000000,-981.000000
-200.000000,100.000000,0.000000,0.000000,-2540.000000,-981.000000,-981.000000
0.000000,0.000000,0.000000,0.000000,-2545.000000,-785.000000,-785.000000
300.000000,100.000000,0.000000,0.000000,-2538.000000,-785.000000,-981.000000
0.000000,0.000000,0.000000,0.000000,-2541.000000,-785.000000,-785.000000
100.000000,-100.000000,0.000000,0.000000,-2563.000000,-589.000000,-589.000000
200.000000,-200.000000,0.000000,0.000000,-2589.000000,-392.000000,-785.000000
0.000000,-100.000000,0.000000,0.000000,-2591.000000,-589.000000,-589.000000
100.000000,0.000000,0.000000,0.000000,-2611.000000,-392.000000,-589.000000
-100.000000,0.000000,0.000000,0.000000,-2629.000000,-196.000000,-589.000000
100.000000,0.000000,0.000000,0.000000,-2634.000000,-196.000000,-589.000000
0.000000,100.000000,0.000000,0.000000,-2651.000000,0.000000,-589.000000
0.000000,0.000000,0.000000,0.000000,-2685.000000,0.000000,-589.000000
200.000000,0.000000,0.000000,0.000000,-2689.000000,0.000000,-392.000000
300.000000,-100.000000,156.000000,156.000000,-2680.000000,0.000000,-589.000000
300.000000,-100.000000,0.000000,0.000000,-2707.000000,0.000000,-392.000000
0.000000,-100.000000,0.000000,0.000000,-2715.000000,0.000000,-589.000000
100.000000,0.000000,0.000000,0.000000,-2708.000000,0.000000,-589.000000
0.000000,200.000000,0.000000,0.000000,-2725.000000,0.000000,-589.000000
100.000000,-200.000000,0.000000,0.000000,-2740.000000,0.000000,-589.000000
0.000000,0.000000,0.000000,0.000000,-2763.000000,0.000000,-589.000000
500.000000,100.000000,0.000000,0.000000,-2768.000000,0.000000,-589.000000
200.000000,200.000000,0.000000,0.000000,-2784.000000,0.000000,-785.000000
200.000000,0.000000,0.000000,0.000000,-2786.000000,0.000000,-589.000000
200.000000,0.000000,0.000000,0.000000,-2797.000000,0.000000,-785.000000
100.000000,-400.000000,0.000000,0.000000,-2803.000000,0.000000,-785.000000
-100.000000,100.000000,0.000000,0.000000,-2788.000000,0.000000,-981.000000
0.000000,0.000000,0.000000,0.000000,-2784.000000,0.000000,-785.000000
100.000000,0.000000,0.000000,0.000000,-2762.000000,0.000000,-981.000000
-300.000000,0.000000,0.000000,0.000000,-2755.000000,0.000000,-1178.000000
200.000000,0.000000,0.000000,0.000000,-2744.000000,0.000000,-981.000000
200.000000,0.000000,0.000000,0.000000,-2750.000000,-196.000000,-1178.000000
300.000000,0.000000,0.000000,0.000000,-2764.000000,-196.000000,-1178.000000
300.000000,0.000000,0.000000,0.000000,-2758.000000,-589.000000,-1178.000000
0.000000,0.000000,0.000000,0.000000,-2768.000000,-589.000000,-1374.000000
0.000000,0.000000,0.000000,0.000000,-2765.000000,-785.000000,-1374.000000
100.000000,0.000000,0.000000,0.000000,-2804.000000,-589.000000,-1374.000000
400.000000,0.000000,0.000000,0.000000,-2793.000000,-589.000000,-1570.000000
200.000000,-300.000000,0.000000,0.000000,-2820.000000,-589.000000,-1570.000000
100.000000,0.000000,0.000000,0.000000,-2840.000000,-589.000000,-1570.000000
300.000000,0.000000,0.000000,0.000000,-2844.000000,-785.000000,-1767.000000
100.000000,0.000000,0.000000,0.000000,-2846.000000,-981.000000,-1570.000000
500.000000,100.000000,0.000000,0.000000,-2852.000000,-981.000000,-1767.000000
0.000000,0.000000,0.000000,0.000000,-2836.000000,-981.000000,-1767.000000
200.000000,-100.000000,0.000000,0.000000,-2811.000000,-981.000000,-1963.000000
0.000000,0.000000,0.000000,0.000000,-2825.000000,-981.000000,-1767.000000
600.000000,0.000000,0.000000,0.000000,-2825.000000,-1178.000000,-1963.000000
300.000000,0.000000,0.000000,0.000000,-2808.000000,-981.000000,-1963.000000
400.000000,0.000000,0.000000,0.000000,-2817.000000,-1178.000000,-1963.000000
100.000000,100.000000,0.000000,0.000000,-2806.000000,-1178.000000,-1963.000000
400.000000,-100.000000,0.000000,0.000000,-2811.000000,-1374.000000,-1767.000000
300.000000,100.000000,0.000000,0.000000,-2810.000000,-1178.000000,-1767.000000
200.000000,0.000000,156.000000,156.000000,-2807.000000,-1374.000000,-1767.000000
-100.000000,100.000000,0.000000,0.000000,-2806.000000,-1178.000000,-1570.000000
0.000000,-100.000000,0.000000,0.000000,-3142.000000,0.000000,0.000000
-200.000000,-200.000000,0.000000,0.000000,-3129.000000,0.000000,0.000000
-200.000000,0.000000,0.000000,0.000000,-3123.000000,0.000000,0.000000
-200.000000,-300.000000,0.000000,0.000000,-3131.000000,0.000000,0.000000
-100.000000,-100.000000,0.000000,0.000000,-3112.000000,0.000000,0.000000
-300.000000,-100.000000,0.000000,0.000000,-3102.000000,0.000000,0.000000
-100.000000,100.000000,0.000000,0.000000,-3087.000000,0.000000,0.000000
-200.000000,-300.000000,0.000000,0.000000,-3081.000000,0.000000,0.000000
0.000000,-100.000000,0.000000,0.000000,-3090.000000,0.000000,0.000000
100.000000,100.000000,0.000000,0.000000,-3094.000000,0.000000,0.000000
100.000000,-200.000000,0.000000,0.000000,-3075.000000,0.000000,0.000000
-100.000000,0.000000,0.000000,0.000000,-3071.000000,0.000000,0.000000
-100.000000,0.000000,0.000000,0.000000,-3084.000000,0.000000,0.000000
-200.000000,200.000000,0.000000,0.000000,-3097.000000,0.000000,0.000000
0.000000,0.000000,0.000000,0.000000,-3088.000000,0.000000,0.000000
0.000000,-100.000000,0.000000,0.000000,-3074.000000,0.000000,0.000000
-200.000000,-400.000000,0.000000,0.000000,-3073.000000,0.000000,0.000000
0.000000,0.000000,0.000000,0.000000,-3075.000000,0.000000,0.000000
-100.000000,0.000000,0.000000,0.000000,-3064.000000,196.000000,0.000000
-200.000000,-300.000000,0.000000,0.000000,-3061.000000,0.000000,0.000000
0.000000,-200.000000,0.000000,0.000000,-3071.000000,0.000000,0.000000
-200.000000,100.000000,156.000000,156.000000,-3078.000000,0.000000,0.000000
200.000000,0.000000,0.000000,0.000000,-3078.000000,0.000000,0.000000
0.000000,0.000000,0.000000,0.000000,-3087.000000,0.000000,0.000000
200.000000,200.000000,0.000000,0.000000,-3094.000000,0.000000,0.000000
100.000000,-100.000000,0.000000,0.000000,-3102.000000,0.000000,0.000000
-200.000000,-100.000000,0.000000,0.000000,-3094.000000,0.000000,0.000000
-200.000000,0.000000,0.000000,0.000000,-3099.000000,0.000000,0.000000
0.000000,100.000000,0.000000,0.000000,-3128.000000,0.000000,0.000000
-100.000000,-100.000000,0.000000,0.000000,-3109.000000,0.000000,0.000000
-200.000000,200.000000,0.000000,0.000000,-3114.000000,0.000000,0.000000
-200.000000,200.000000,0.000000,0.000000,-3117.000000,0.000000,0.000000
-100.000000,0.000000,0.000000,0.000000,-3106.000000,0.000000,0.000000
-200.000000,100.000000,0.000000,0.000000,-3110.000000,0.000000,0.000000
0.000000,-200.000000,0.000000,0.000000,-3112.000000,0.000000,0.000000
-100.000000,-200.000000,0.000000,0.000000,-3123.000000,0.000000,0.000000
0.000000,-200.000000,0.000000,0.000000,-3138.000000,0.000000,0.000000
-100.000000,0.000000,0.000000,0.000000,-3160.000000,0.000000,0.000000
0.000000,-100.000000,0.000000,0.000000,-3144.000000,0.000000,0.000000
0.000000,0.000000,0.000000,0.000000,-3143.000000,0.000000,0.000000
-100.000000,100.000000,0.000000,0.000000,-3143.000000,0.000000,0.000000
100.000000,200.000000,0.000000,0.000000,-3171.000000,0.000000,0.000000
100.000000,0.000000,0.000000,0.000000,-3181.000000,-196.000000,0.000000
0.000000,100.000000,0.000000,0.000000,-3181.000000,0.000000,0.000000
-100.000000,-100.000000,0.000000,0.000000,-3178.000000,0.000000,0.000000
200.000000,0.000000,0.000000,0.000000,-3190.000000,0.000000,0.000000
0.000000,0.000000,0.000000,0.000000,-3171.000000,0.000000,0.000000
-200.000000,100.000000,0.000000,0.000000,-3172.000000,0.000000,0.000000
-100.000000,100.000000,0.000000,0.000000,-3152.000000,0.000000,0.000000
-200.000000,-100.000000,0.000000,0.000000,-3166.000000,0.000000,0.000000
-200.000000,-200.000000,0.000000,0.000000,-3153.000000,0.000000,0.000000
200.000000,0.000000,0.000000,0.000000,-3157.000000,0.000000,0.000000
-100.000000,0.000000,0.000000,0.000000,-3146.000000,0.000000,0.000000
0.000000,-300.000000,0.000000,0.000000,-3132.000000,0.000000,0.000000
-200.000000,-100.000000,0.000000,0.000000,-3141.000000,0.000000,0.000000
0.000000,0.000000,0.000000,0.000000,-3149.000000,0.000000,0.000000
-100.000000,-100.000000,0.000000,0.000000,-3166.000000,0.000000,0.000000
-200.000000,-200.000000,0.000000,0.000000,-3163.000000,0.000000,0.000000
-200.000000,-100.000000,0.000000,0.000000,-3168.000000,0.000000,0.000000
0.000000,0.000000,0.000000,0.000000,-3163.000000,0.000000,0.000000
0.000000,-200.000000,0.000000,0.000000,-3173.000000,0.000000,0.000000
-300.000000,0.000000,0.000000,0.000000,-3164.000000,0.000000,0.000000
-200.000000,-100.000000,0.000000,0.000000,-3152.000000,0.000000,0.000000
0.000000,0.000000,0.000000,0.000000,-3141.000000,0.000000,0.000000
-200.000000,-100.000000,0.000000,0.000000,-3160.000000,0.000000,0.000000
0.000000,0.000000,0.000000,0.000000,-3149.000000,0.000000,0.000000
-200.000000,-200.000000,0.000000,0.000000,-3152.000000,0.000000,0.000000
-100.000000,0.000000,0.000000,0.000000,-3157.000000,0.000000,0.000000
-200.000000,0.000000,0.000000,0.000000,-3182.000000,0.000000,0.000000
0.000000,-100.000000,0.000000,0.000000,-3176.000000,196.000000,0.000000
-200.000000,100.000000,0.000000,0.000000,-3163.000000,0.000000,0.000000
0.000000,-200.000000,0.000000,0.000000,-3179.000000,0.000000,0.000000
100.000000,-200.000000,0.000000,0.000000,-3192.000000,0.000000,0.000000
-200.000000,-200.000000,0.000000,0.000000,-3188.000000,0.000000,0.000000
0.000000,200.000000,0.000000,0.000000,-3191.000000,0.000000,0.000000
-100.000000,200.000000,0.000000,0.000000,-3178.000000,0.000000,0.000000
-200.000000,0.000000,0.000000,0.000000,-3173.000000,0.000000,0.000000
-100.000000,0.000000,0.000000,0.000000,-3152.000000,0.000000,0.000000
-100.000000,0.000000,0.000000,0.000000,-3179.000000,0.000000,0.000000
0.000000,0.000000,0.000000,0.000000,-3177.000000,0.000000,0.000000
0.000000,100.000000,0.000000,0.000000,-3171.000000,0.000000,0.000000
-100.000000,300.000000,0.000000,0.000000,-3188.000000,0.000000,0.000000
-300.000000,0.000000,0.000000,0.000000,-3190.000000,0.000000,0.000000
-100.000000,-100.000000,0.000000,0.000000,-3177.000000,0.000000,0.000000
-200.000000,-100.000000,0.000000,0.000000,-3186.000000,0.000000,0.000000
-100.000000,0.000000,0.000000,0.000000,-3199.000000,0.000000,0.000000
-100.000000,100.000000,0.000000,0.000000,-3221.000000,0.000000,0.000000
100.000000,-200.000000,0.000000,0.000000,-3219.000000,0.000000,0.000000
-100.000000,200.000000,0.000000,0.000000,-3221.000000,0.000000,0.000000
0.000000,-200.000000,0.000000,0.000000,-3207.000000,0.000000,0.000000
100.000000,0.000000,0.000000,0.000000,-3221.000000,0.000000,0.000000
0.000000,0.000000,0.000000,0.000000,-3232.000000,0.000000,0.000000
-100.000000,-100.000000,0.000000,0.000000,-3229.000000,0.000000,0.000000
-100.000000,300.000000,0.000000,0.000000,-3235.000000,0.000000,0.000000
0.000000,0.000000,0.000000,0.000000,-3266.000000,0.000000,0.000000
-200.000000,100.000000,0.000000,0.000000,-3282.000000,0.000000,0.000000
100.000000,-100.000000,0.000000,0.000000,-3276.000000,0.000000,0.000000
0.000000,0.000000,0.000000,0.000000,-3271.000000,0.000000,0.000000
200.000000,-100.000000,0.000000,0.000000,-3284.000000,0.000000,0.000000
-200.000000,-100.000000,0.000000,0.000000,-3271.000000,0.000000,0.000000
0.000000,0.000000,0.000000,0.000000,-3277.000000,-196.000000,0.000000
0.000000,-100.000000,0.000000,0.000000,-3276.000000,0.000000,0.000000
-200.000000,-100.000000,0.000000,0.000000,-3263.000000,0.000000,0.000000
-100.000000,0.000000,0.000000,0.000000,-3256.000000,0.000000,0.000000
0.000000,-100.000000,0.000000,0.000000,-3238.000000,0.000000,0.000000
-100.000000,-200.000000,0.000000,0.000000,-3248.000000,0.000000,0.000000
0.000000,-200.000000,0.000000,0.000000,-3241.000000,0.000000,0.000000
0.000000,100.000000,0.000000,0.000000,-3257.000000,0.000000,0.000000
-100.000000,-200.000000,0.000000,0.000000,-3281.000000,0.000000,0.000000
0.000000,100.000000,0.000000,0.000000,-3289.000000,0.000000,0.000000
-200.000000,0.000000,0.000000,0.000000,-3298.000000,0.000000,0.000000
100.000000,0.000000,0.000000,0.000000,-3294.000000,0.000000,0.000000
-200.000000,-200.000000,0.000000,0.000000,-3306.000000,0.000000,0.000000
-200.000000,0.000000,0.000000,0.000000,-3312.000000,0.000000,0.000000
0.000000,0.000000,0.000000,0.000000,-3289.000000,0.000000,0.000000
-200.000000,-100.000000,0.000000,0.000000,-3305.000000,0.000000,0.000000
0.000000,-200.000000,0.000000,0.000000,-3286.000000,0.000000,0.000000
-100.000000,100.000000,0.000000,0.000000,-3271.000000,0.000000,0.000000
0.000000,-200.000000,0.000000,0.000000,-3260.000000,0.000000,0.000000
0.000000,-100.000000,0.000000,0.000000,-3265.000000,0.000000,0.000000
-100.000000,0.000000,0.000000,0.000000,-3282.000000,196.000000,0.000000
-100.000000,0.000000,0.000000,0.000000,-3271.000000,0.000000,0.000000
-300.000000,0.000000,0.000000,0.000000,-3248.000000,0.000000,0.000000
-100.000000,-100.000000,0.000000,0.000000,-3237.000000,0.000000,0.000000
-100.000000,0.000000,0.000000,0.000000,-3226.000000,0.000000,0.000000
0.000000,0.000000,0.000000,0.000000,-3232.000000,0.000000,0.000000
0.000000,0.000000,0.000000,0.000000,-3229.000000,0.000000,0.000000
-300.000000,0.000000,0.000000,0.000000,-3229.000000,0.000000,0.000000
-100.000000,200.000000,0.000000,0.000000,-3218.000000,0.000000,0.000000
0.000000,-100.000000,0.000000,0.000000,-3203.000000,0.000000,0.000000
0.000000,-200.000000,0.000000,0.000000,-3214.000000,0.000000,0.000000
-200.000000,-200.000000,0.000000,0.000000,-3227.000000,0.000000,0.000000
100.000000,0.000000,0.000000,0.000000,-3223.000000,0.000000,0.000000
-200.000000,-200.000000,0.000000,0.000000,-3211.000000,0.000000,0.000000
0.000000,0.000000,0.000000,0.000000,-3201.000000,0.000000,0.000000
-100.000000,-200.000000,0.000000,0.000000,-3218.000000,0.000000,0.000000
0.000000,200.000000,0.000000,0.000000,-3235.000000,0.000000,0.000000
-100.000000,-100.000000,0.000000,0.000000,-3235.000000,0.000000,0.000000
-100.000000,0.000000,0.000000,0.000000,-3245.000000,0.000000,0.000000
0.000000,0.000000,0.000000,0.000000,-3228.000000,0.000000,0.000000
-200.000000,0.000000,0.000000,0.000000,-3229.000000,0.000000,0.000000
0.000000,0.000000,0.000000,0.000000,-3214.000000,0.000000,0.000000
0.000000,0.000000,0.000000,0.000000,-3221.000000,0.000000,0.000000
-100.000000,-200.000000,0.000000,0.000000,-3246.000000,0.000000,0.000000
-200.000000,0.000000,0.000000,0.000000,-3237.000000,0.000000,0.000000
0.000000,0.000000,0.000000,0.000000,-3263.000000,0.000000,0.000000
