Channel 1,Channel 2,Channel 3,Channel 4,Channel 5,Channel 6,Channel 7
200.000000,-200.000000,0.000000,0.000000,-2949.000000,0.000000,0.000000
-100.000000,100.000000,0.000000,0.000000,-2972.000000,0.000000,0.000000
0.000000,100.000000,0.000000,0.000000,-2977.000000,0.000000,0.000000
-200.000000,-200.000000,0.000000,0.000000,-2973.000000,0.000000,0.000000
0.000000,-100.000000,0.000000,0.000000,-2943.000000,0.000000,0.000000
0.000000,0.000000,0.000000,0.000000,-2958.000000,0.000000,0.000000
100.000000,200.000000,0.000000,0.000000,-2961.000000,0.000000,0.000000
-100.000000,0.000000,0.000000,0.000000,-2968.000000,0.000000,0.000000
-200.000000,0.000000,0.000000,0.000000,-2967.000000,0.000000,0.000000
0.000000,-100.000000,0.000000,0.000000,-2964.000000,0.000000,0.000000
0.000000,200.000000,0.000000,0.000000,-2963.000000,0.000000,0.000000
0.000000,100.000000,0.000000,0.000000,-2957.000000,0.000000,0.000000
0.000000,0.000000,0.000000,0.000000,-2982.000000,0.000000,0.000000
-100.000000,0.000000,0.000000,0.000000,-2967.000000,0.000000,0.000000
0.000000,0.000000,0.000000,0.000000,-2953.000000,0.000000,0.000000
-100.000000,0.000000,0.000000,0.000000,-2979.000000,0.000000,0.000000
-100.000000,300.000000,0.000000,0.000000,-2990.000000,0.000000,0.000000
-100.000000,-300.000000,0.000000,0.000000,-2961.000000,0.000000,0.000000
-400.000000,0.000000,0.000000,0.000000,-2982.000000,0.000000,0.000000
-100.000000,0.000000,0.000000,0.000000,-2974.000000,0.000000,0.000000
100.000000,100.000000,0.000000,0.000000,-2951.000000,0.000000,0.000000
-100.000000,-100.000000,0.000000,0.000000,-2951.000000,0.000000,0.000000
100.000000,-200.000000,0.000000,0.000000,-2964.000000,0.000000,0.000000
-100.000000,0.000000,0.000000,0.000000,-2982.000000,0.000000,0.000000
-200.000000,0.000000,0.000000,0.000000,-2976.000000,0.000000,0.000000
-200.000000,-200.000000,0.000000,0.000000,-2954.000000,0.000000,0.000000
0.000000,-100.000000,0.000000,0.000000,-2981.000000,0.000000,0.000000
-200.000000,-100.000000,0.000000,0.000000,-2988.000000,0.000000,0.000000
0.000000,-100.000000,0.000000,0.000000,-2975.000000,0.000000,0.000000
200.000000,0.000000,0.000000,0.000000,-2976.000000,0.000000,0.000000
0.000000,0.000000,0.000000,0.000000,-3003.000000,0.000000,0.000000
0.000000,0.000000,0.000000,0.000000,-3032.000000,0.000000,0.000000
-200.000000,-100.000000,0.000000,0.000000,-3019.000000,0.000000,0.000000
0.000000,0.000000,0.000000,0.000000,-3003.000000,0.000000,0.000000
-100.000000,200.000000,0.000000,0.000000,-3011.000000,0.000000,0.000000
0.000000,-100.000000,0.000000,0.000000,-3024.000000,0.000000,0.000000
0.000000,0.000000,0.000000,0.000000,-3021.000000,0.000000,0.000000
200.000000,0.000000,0.000000,0.000000,-3004.000000,0.000000,0.000000
0.000000,0.000000,0.000000,0.000000,-2970.000000,0.000000,0.000000
-100.000000,0.000000,0.000000,0.000000,-2991.000000,0.000000,0.000000
0.000000,300.000000,0.000000,0.000000,-2970.000000,0.000000,0.000000
0.000000,-100.000000,0.000000,0.000000,-2954.000000,0.000000,0.000000
-100.000000,-100.000000,0.000000,0.000000,-2964.000000,0.000000,0.000000
-100.000000,-200.000000,0.000000,0.000000,-2957.000000,0.000000,0.000000
-100.000000,-200.000000,0.000000,0.000000,-2985.000000,0.000000,0.000000
-200.000000,100.000000,0.000000,0.000000,-2992.000000,0.000000,0.000000
-500.000000,0.000000,0.000000,0.000000,-2985.000000,0.000000,-196.000000
400.000000,0.000000,0.000000,0.000000,-2972.000000,0.000000,0.000000
0.000000,0.000000,0.000000,0.000000,-2962.000000,0.000000,0.000000
200.000000,200.000000,0.000000,0.000000,-2992.000000,0.000000,0.000000
-200.000000,100.000000,0.000000,0.000000,-2985.000000,0.000000,0.000000
0.000000,-100.000000,0.000000,0.000000,-2976.000000,0.000000,0.000000
0.000000,0.000000,0.000000,0.000000,-2966.000000,0.000000,0.000000
100.000000,0.000000,0.000000,0.000000,-2954.000000,0.000000,0.000000
-100.000000,-100.000000,0.000000,0.000000,-2928.000000,0.000000,0.000000
0.000000,0.000000,0.000000,0.000000,-2945.000000,0.000000,0.000000
-200.000000,0.000000,0.000000,0.000000,-2940.000000,0.000000,0.000000
-100.000000,100.000000,0.000000,0.000000,-2921.000000,0.000000,0.000000
-100.000000,0.000000,0.000000,0.000000,-2936.000000,0.000000,0.000000
0.000000,-100.000000,0.000000,0.000000,-2923.000000,0.000000,0.000000
-100.000000,100.000000,0.000000,0.000000,-2932.000000,0.000000,0.000000
100.000000,0.000000,0.000000,0.000000,-2934.000000,0.000000,0.000000
100.000000,-100.000000,0.000000,0.000000,-2922.000000,0.000000,0.000000
0.000000,100.000000,0.000000,0.000000,-2924.000000,0.000000,0.000000
100.000000,100.000000,0.000000,0.000000,-2922.000000,0.000000,0.000000
-200.000000,-100.000000,0.000000,0.000000,-2929.000000,0.000000,0.000000
0.000000,200.000000,0.000000,0.000000,-2958.000000,0.000000,0.000000
0.000000,0.000000,0.000000,0.000000,-2964.000000,0.000000,0.000000
0.000000,100.000000,0.000000,0.000000,-2964.000000,0.000000,0.000000
0.000000,0.000000,0.000000,0.000000,-2981.000000,0.000000,0.000000
0.000000,0.000000,0.000000,0.000000,-2949.000000,0.000000,0.000000
200.000000,0.000000,0.000000,0.000000,-2935.000000,0.000000,0.000000
0.000000,0.000000,0.000000,0.000000,-2933.000000,0.000000,0.000000
0.000000,300.000000,0.000000,0.000000,-2922.000000,0.000000,0.000000
0.000000,0.000000,0.000000,0.000000,-2919.000000,0.000000,0.000000
-200.000000,-100.000000,0.000000,0.000000,-2930.000000,0.000000,0.000000
-100.000000,-100.000000,0.000000,0.000000,-2940.000000,0.000000,0.000000
0.000000,0.000000,0.000000,0.000000,-2959.000000,0.000000,0.000000
0.000000,-100.000000,0.000000,0.000000,-2945.000000,0.000000,0.000000
0.000000,100.000000,0.000000,0.000000,-2921.000000,0.000000,0.000000
-100.000000,0.000000,0.000000,0.000000,-2931.000000,0.000000,0.000000
100.000000,100.000000,0.000000,0.000000,-2933.000000,0.000000,0.000000
0.000000,0.000000,0.000000,0.000000,-2928.000000,0.000000,196.000000
0.000000,0.000000,0.000000,0.000000,-2917.000000,0.000000,0.000000
100.000000,100.000000,0.000000,0.000000,-2895.000000,0.000000,-196.000000
-100.000000,-100.000000,0.000000,0.000000,-2925.000000,0.000000,0.000000
-100.000000,100.000000,0.000000,0.000000,-2938.000000,0.000000,0.000000
-100.000000,-200.000000,0.000000,0.000000,-2931.000000,0.000000,0.000000
0.000000,100.000000,0.000000,0.000000,-2926.000000,0.000000,0.000000
-100.000000,-100.000000,0.000000,0.000000,-2918.000000,0.000000,0.000000
0.000000,-400.000000,0.000000,0.000000,-2920.000000,0.000000,0.000000
0.000000,0.000000,0.000000,0.000000,-2915.000000,0.000000,0.000000
0.000000,100.000000,0.000000,0.000000,-2936.000000,0.000000,0.000000
-200.000000,-100.000000,0.000000,0.000000,-2929.000000,0.000000,196.000000
-200.000000,0.000000,0.000000,0.000000,-2939.000000,0.000000,0.000000
0.000000,-100.000000,0.000000,0.000000,-2955.000000,0.000000,0.000000
-200.000000,0.000000,0.000000,0.000000,-2988.000000,0.000000,0.000000
0.000000,-100.000000,0.000000,0.000000,-3013.000000,0.000000,0.000000
-100.000000,-100.000000,0.000000,0.000000,-2994.000000,0.000000,0.000000
-200.000000,-300.000000,0.000000,0.000000,-3015.000000,0.000000,0.000000
100.000000,-200.000000,0.000000,0.000000,-3012.000000,196.000000,0.000000
100.000000,0.000000,0.000000,0.000000,-3032.000000,0.000000,0.000000
-200.000000,100.000000,0.000000,0.000000,-3044.000000,0.000000,196.000000
0.000000,0.000000,0.000000,0.000000,-3059.000000,0.000000,0.000000
0.000000,0.000000,0.000000,0.000000,-3045.000000,0.000000,0.000000
-300.000000,0.000000,0.000000,0.000000,-3046.000000,0.000000,0.000000
0.000000,0.000000,0.000000,0.000000,-3021.000000,0.000000,0.000000
0.000000,-100.000000,0.000000,0.000000,-3037.000000,0.000000,0.000000
0.000000,0.000000,0.000000,0.000000,-3033.000000,0.000000,0.000000
-200.000000,300.000000,0.000000,0.000000,-3056.000000,0.000000,0.000000
0.000000,200.000000,0.000000,0.000000,-3037.000000,0.000000,0.000000
-100.000000,-100.000000,0.000000,0.000000,-3061.000000,0.000000,0.000000
-100.000000,0.000000,0.000000,0.000000,-3038.000000,0.000000,0.000000
-100.000000,0.000000,0.000000,0.000000,-3057.000000,0.000000,0.000000
0.000000,-100.000000,0.000000,0.000000,-3061.000000,-196.000000,0.000000
-100.000000,300.000000,0.000000,0.000000,-3042.000000,0.000000,-196.000000
0.000000,0.000000,0.000000,0.000000,-3057.000000,0.000000,0.000000
0.000000,200.000000,0.000000,0.000000,-3061.000000,0.000000,0.000000
0.000000,0.000000,0.000000,0.000000,-3033.000000,0.000000,0.000000
-100.000000,300.000000,0.000000,0.000000,-3029.000000,0.000000,-196.000000
-100.000000,100.000000,0.000000,0.000000,-3022.000000,0.000000,0.000000
-100.000000,200.000000,0.000000,0.000000,-2998.000000,0.000000,0.000000
0.000000,200.000000,0.000000,0.000000,-3024.000000,0.000000,0.000000
-100.000000,200.000000,0.000000,0.000000,-3045.000000,0.000000,0.000000
100.000000,200.000000,0.000000,0.000000,-3023.000000,0.000000,0.000000
0.000000,-200.000000,0.000000,0.000000,-2988.000000,0.000000,0.000000
0.000000,200.000000,0.000000,0.000000,-2948.000000,-196.000000,0.000000
-100.000000,-200.000000,0.000000,0.000000,-2953.000000,0.000000,0.000000
-100.000000,-200.000000,0.000000,0.000000,-2960.000000,0.000000,0.000000
-200.000000,0.000000,0.000000,0.000000,-2959.000000,0.000000,0.000000
300.000000,-100.000000,0.000000,0.000000,-2971.000000,-196.000000,0.000000
-100.000000,-200.000000,0.000000,0.000000,-2963.000000,0.000000,0.000000
-100.000000,100.000000,0.000000,0.000000,-2971.000000,0.000000,0.000000
0.000000,0.000000,0.000000,0.000000,-2962.000000,0.000000,0.000000
0.000000,200.000000,0.000000,0.000000,-2967.000000,0.000000,0.000000
-200.000000,0.000000,0.000000,0.000000,-2971.000000,0.000000,0.000000
-300.000000,300.000000,0.000000,0.000000,-2969.000000,0.000000,0.000000
0.000000,-100.000000,0.000000,0.000000,-2949.000000,0.000000,0.000000
300.000000,0.000000,0.000000,0.000000,-2947.000000,0.000000,0.000000
-200.000000,100.000000,0.000000,0.000000,-2976.000000,0.000000,0.000000
-400.000000,-100.000000,0.000000,0.000000,-2968.000000,0.000000,0.000000
-200.000000,0.000000,0.000000,0.000000,-2954.000000,0.000000,0.000000
-400.000000,0.000000,0.000000,0.000000,-2929.000000,0.000000,0.000000
0.000000,0.000000,0.000000,0.000000,-2917.000000,0.000000,0.000000
200.000000,0.000000,0.000000,0.000000,-2909.000000,0.000000,0.000000
200.000000,0.000000,0.000000,0.000000,-2922.000000,0.000000,0.000000
0.000000,100.000000,0.000000,0.000000,-2943.000000,0.000000,0.000000
0.000000,-100.000000,0.000000,0.000000,-2930.000000,0.000000,0.000000
0.000000,-200.000000,0.000000,0.000000,-2930.000000,0.000000,0.000000
-200.000000,-100.000000,0.000000,0.000000,-2939.000000,0.000000,0.000000
0.000000,0.000000,0.000000,0.000000,-2942.000000,0.000000,0.000000
0.000000,-100.000000,0.000000,0.000000,-2930.000000,0.000000,0.000000
0.000000,0.000000,0.000000,0.000000,-2910.000000,0.000000,0.000000
0.000000,0.000000,0.000000,0.000000,-2926.000000,0.000000,0.000000
200.000000,0.000000,0.000000,0.000000,-2898.000000,0.000000,0.000000
-100.000000,-100.000000,0.000000,0.000000,-2889.000000,0.000000,0.000000
-200.000000,0.000000,0.000000,0.000000,-2873.000000,0.000000,0.000000
-100.000000,0.000000,0.000000,0.000000,-2863.000000,0.000000,0.000000
0.000000,-200.000000,0.000000,0.000000,-2869.000000,0.000000,0.000000
0.000000,0.000000,0.000000,0.000000,-2882.000000,0.000000,0.000000
-200.000000,0.000000,0.000000,0.000000,-2867.000000,0.000000,0.000000
300.000000,-100.000000,0.000000,0.000000,-2852.000000,0.000000,0.000000
200.000000,0.000000,0.000000,0.000000,-2854.000000,0.000000,0.000000
-100.000000,0.000000,0.000000,0.000000,-2834.000000,0.000000,0.000000
0.000000,0.000000,0.000000,0.000000,-2823.000000,0.000000,0.000000
0.000000,100.000000,0.000000,0.000000,-2807.000000,0.000000,0.000000
-200.000000,0.000000,0.000000,0.000000,-2788.000000,0.000000,0.000000
-100.000000,0.000000,0.000000,0.000000,-2810.000000,0.000000,0.000000
-200.000000,-200.000000,0.000000,0.000000,-2809.000000,0.000000,0.000000
-100.000000,0.000000,0.000000,0.000000,-2805.000000,0.000000,0.000000
-100.000000,0.000000,0.000000,0.000000,-2820.000000,0.000000,0.000000
-100.000000,100.000000,0.000000,0.000000,-2819.000000,0.000000,0.000000
0.000000,0.000000,0.000000,0.000000,-2859.000000,0.000000,0.000000
0.000000,100.000000,0.000000,0.000000,-2869.000000,0.000000,0.000000
0.000000,0.000000,0.000000,0.000000,-2904.000000,0.000000,0.000000
100.000000,0.000000,0.000000,0.000000,-2911.000000,0.000000,0.000000
0.000000,0.000000,0.000000,0.000000,-2933.000000,0.000000,0.000000
-100.000000,400.000000,0.000000,0.000000,-2962.000000,0.000000,0.000000
-100.000000,-200.000000,0.000000,0.000000,-2986.000000,0.000000,0.000000
0.000000,100.000000,0.000000,0.000000,-3017.000000,0.000000,0.000000
0.000000,0.000000,0.000000,0.000000,-3011.000000,0.000000,0.000000
0.000000,-100.000000,0.000000,0.000000,-3029.000000,0.000000,0.000000
-200.000000,0.000000,0.000000,0.000000,-3045.000000,0.000000,0.000000
0.000000,300.000000,0.000000,0.000000,-3059.000000,0.000000,0.000000
-100.000000,0.000000,0.000000,0.000000,-3055.000000,0.000000,0.000000
0.000000,0.000000,0.000000,0.000000,-3041.000000,0.000000,0.000000
-100.000000,0.000000,0.000000,0.000000,-3019.000000,0.000000,0.000000
0.000000,-200.000000,0.000000,0.000000,-2991.000000,0.000000,0.000000
0.000000,100.000000,0.000000,0.000000,-3019.000000,0.000000,0.000000
-100.000000,200.000000,0.000000,0.000000,-3023.000000,0.000000,0.000000
0.000000,0.000000,0.000000,0.000000,-3032.000000,0.000000,0.000000
-100.000000,100.000000,0.000000,0.000000,-3041.000000,0.000000,0.000000
-100.000000,200.000000,0.000000,0.000000,-3013.000000,0.000000,196.000000
-100.000000,100.000000,0.000000,0.000000,-3022.000000,0.000000,0.000000
0.000000,0.000000,0.000000,0.000000,-3021.000000,0.000000,0.000000
-100.000000,-100.000000,0.000000,0.000000,-3037.000000,0.000000,0.000000
-100.000000,200.000000,0.000000,0.000000,-3032.000000,0.000000,0.000000
0.000000,-200.000000,0.000000,0.000000,-3029.000000,196.000000,0.000000
-100.000000,0.000000,0.000000,0.000000,-3065.000000,0.000000,0.000000
-100.000000,0.000000,0.000000,0.000000,-3061.000000,0.000000,0.000000
100.000000,0.000000,0.000000,0.000000,-3067.000000,0.000000,0.000000
-200.000000,0.000000,0.000000,0.000000,-3046.000000,196.000000,0.000000
-200.000000,0.000000,0.000000,0.000000,-3043.000000,0.000000,0.000000
-100.000000,0.000000,0.000000,0.000000,-3044.000000,0.000000,0.000000
-100.000000,0.000000,0.000000,0.000000,-3059.000000,0.000000,0.000000
-100.000000,-200.000000,0.000000,0.000000,-3043.000000,0.000000,0.000000
0.000000,0.000000,0.000000,0.000000,-3040.000000,0.000000,0.000000
0.000000,0.000000,0.000000,0.000000,-3006.000000,0.000000,0.000000
0.000000,-100.000000,0.000000,0.000000,-2972.000000,0.000000,0.000000
0.000000,-100.000000,0.000000,0.000000,-2959.000000,0.000000,196.000000
0.000000,0.000000,0.000000,0.000000,-2970.000000,0.000000,0.000000
0.000000,0.000000,0.000000,0.000000,-2981.000000,0.000000,0.000000
-200.000000,-100.000000,0.000000,0.000000,-2946.000000,0.000000,0.000000
0.000000,-100.000000,0.000000,0.000000,-2953.000000,0.000000,0.000000
-200.000000,0.000000,0.000000,0.000000,-2960.000000,0.000000,0.000000
-200.000000,0.000000,0.000000,0.000000,-2982.000000,0.000000,0.000000
-100.000000,0.000000,0.000000,0.000000,-2955.000000,0.000000,0.000000
-100.000000,300.000000,0.000000,0.000000,-2946.000000,0.000000,0.000000
0.000000,-200.000000,0.000000,0.000000,-2955.000000,0.000000,-196.000000
0.000000,-100.000000,0.000000,0.000000,-2957.000000,0.000000,0.000000
-200.000000,0.000000,0.000000,0.000000,-2930.000000,0.000000,0.000000
100.000000,0.000000,0.000000,0.000000,-2940.000000,0.000000,0.000000
-100.000000,0.000000,0.000000,0.000000,-2934.000000,0.000000,0.000000
0.000000,-200.000000,0.000000,0.000000,-2954.000000,0.000000,-196.000000
0.000000,100.000000,0.000000,0.000000,-2957.000000,-196.000000,0.000000
-200.000000,200.000000,0.000000,0.000000,-2984.000000,0.000000,0.000000
-100.000000,0.000000,0.000000,0.000000,-2989.000000,-196.000000,0.000000
-200.000000,0.000000,0.000000,0.000000,-2959.000000,0.000000,0.000000
0.000000,0.000000,0.000000,0.000000,-2929.000000,0.000000,0.000000
0.000000,-100.000000,0.000000,0.000000,-2968.000000,0.000000,0.000000
0.000000,0.000000,0.000000,0.000000,-2994.000000,0.000000,0.000000
-100.000000,-200.000000,0.000000,0.000000,-2971.000000,0.000000,0.000000
100.000000,-100.000000,0.000000,0.000000,-2927.000000,0.000000,0.000000
200.000000,0.000000,0.000000,0.000000,-2945.000000,0.000000,-196.000000
0.000000,0.000000,0.000000,0.000000,-2962.000000,-196.000000,0.000000
-100.000000,100.000000,0.000000,0.000000,-2967.000000,0.000000,0.000000
100.000000,0.000000,0.000000,0.000000,-2970.000000,-196.000000,0.000000
100.000000,-100.000000,0.000000,0.000000,-2952.000000,0.000000,0.000000
0.000000,100.000000,0.000000,0.000000,-3000.000000,-196.000000,0.000000
-200.000000,0.000000,0.000000,0.000000,-2973.000000,0.000000,0.000000
100.000000,0.000000,0.000000,0.000000,-2969.000000,-196.000000,0.000000
100.000000,0.000000,0.000000,0.000000,-2991.000000,0.000000,-196.000000
-200.000000,100.000000,0.000000,0.000000,-2977.000000,0.000000,0.000000
-100.000000,0.000000,0.000000,0.000000,-2946.000000,-196.000000,0.000000
-100.000000,0.000000,0.000000,0.000000,-2893.000000,0.000000,0.000000
0.000000,-100.000000,0.000000,0.000000,-2903.000000,0.000000,0.000000
-200.000000,0.000000,0.000000,0.000000,-2881.000000,0.000000,0.000000
-200.000000,0.000000,0.000000,0.000000,-2900.000000,0.000000,0.000000
-200.000000,-100.000000,0.000000,0.000000,-2921.000000,0.000000,0.000000
-100.000000,0.000000,0.000000,0.000000,-2940.000000,0.000000,0.000000
-100.000000,0.000000,0.000000,0.000000,-2962.000000,0.000000,0.000000
-200.000000,-200.000000,0.000000,0.000000,-2939.000000,0.000000,0.000000
0.000000,200.000000,0.000000,0.000000,-2925.000000,0.000000,0.000000
-100.000000,-100.000000,0.000000,0.000000,-2921.000000,0.000000,0.000000
-100.000000,-100.000000,0.000000,0.000000,-2889.000000,0.000000,0.000000
200.000000,0.000000,0.000000,0.000000,-2875.000000,0.000000,0.000000
0.000000,300.000000,0.000000,0.000000,-2901.000000,0.000000,0.000000
0.000000,200.000000,0.000000,0.000000,-2891.000000,0.000000,0.000000
100.000000,100.000000,0.000000,0.000000,-2900.000000,0.000000,0.000000
-100.000000,300.000000,0.000000,0.000000,-2869.000000,0.000000,0.000000
-100.000000,300.000000,0.000000,0.000000,-2897.000000,0.000000,0.000000
0.000000,0.000000,0.000000,0.000000,-2899.000000,0.000000,0.000000
-200.000000,-100.000000,0.000000,0.000000,-2879.000000,196.000000,0.000000
0.000000,0.000000,0.000000,0.000000,-2880.000000,0.000000,0.000000
-100.000000,-100.000000,0.000000,0.000000,-2854.000000,196.000000,0.000000
100.000000,100.000000,0.000000,0.000000,-2848.000000,0.000000,0.000000
300.000000,100.000000,0.000000,0.000000,-2844.000000,0.000000,0.000000
-200.000000,0.000000,0.000000,0.000000,-2836.000000,0.000000,0.000000
-200.000000,0.000000,0.000000,0.000000,-2824.000000,0.000000,0.000000
0.000000,0.000000,0.000000,0.000000,-2829.000000,0.000000,196.000000
-200.000000,100.000000,0.000000,0.000000,-2802.000000,0.000000,0.000000
100.000000,-100.000000,0.000000,0.000000,-2829.000000,0.000000,0.000000
0.000000,0.000000,0.000000,0.000000,-2846.000000,0.000000,0.000000
-100.000000,100.000000,0.000000,0.000000,-2864.000000,0.000000,-196.000000
0.000000,0.000000,0.000000,0.000000,-2869.000000,0.000000,0.000000
-100.000000,-100.000000,0.000000,0.000000,-2863.000000,0.000000,0.000000
-100.000000,0.000000,0.000000,0.000000,-2843.000000,0.000000,0.000000
-100.000000,0.000000,0.000000,0.000000,-2835.000000,0.000000,0.000000
-100.000000,0.000000,0.000000,0.000000,-2852.000000,0.000000,0.000000
-100.000000,0.000000,0.000000,0.000000,-2824.000000,0.000000,0.000000
0.000000,0.000000,0.000000,0.000000,-2810.000000,0.000000,0.000000
-200.000000,-100.000000,0.000000,0.000000,-2801.000000,0.000000,0.000000
-300.000000,-200.000000,0.000000,0.000000,-2785.000000,0.000000,0.000000
0.000000,0.000000,0.000000,0.000000,-2780.000000,0.000000,0.000000
0.000000,100.000000,0.000000,0.000000,-2802.000000,0.000000,0.000000
0.000000,0.000000,0.000000,0.000000,-2784.000000,0.000000,0.000000
0.000000,-200.000000,0.000000,0.000000,-2785.000000,0.000000,0.000000
0.000000,0.000000,0.000000,0.000000,-2818.000000,-196.000000,0.000000
-200.000000,-100.000000,0.000000,0.000000,-2849.000000,0.000000,0.000000
0.000000,0.000000,0.000000,0.000000,-2880.000000,0.000000,0.000000
100.000000,0.000000,0.000000,0.000000,-2885.000000,-196.000000,0.000000
0.000000,0.000000,0.000000,0.000000,-2859.000000,0.000000,0.000000
-100.000000,100.000000,0.000000,0.000000,-2856.000000,0.000000,0.000000
-200.000000,100.000000,0.000000,0.000000,-2865.000000,0.000000,0.000000
-100.000000,-100.000000,0.000000,0.000000,-2879.000000,0.000000,0.000000
0.000000,0.000000,0.000000,0.000000,-2867.000000,0.000000,0.000000
-200.000000,200.000000,0.000000,0.000000,-2889.000000,0.000000,0.000000
0.000000,0.000000,0.000000,0.000000,-2899.000000,0.000000,0.000000
200.000000,100.000000,0.000000,0.000000,-2900.000000,0.000000,0.000000
-100.000000,200.000000,0.000000,0.000000,-2902.000000,0.000000,0.000000
-100.000000,-100.000000,0.000000,0.000000,-2884.000000,0.000000,0.000000
0.000000,-100.000000,0.000000,0.000000,-2865.000000,0.000000,0.000000
-100.000000,0.000000,0.000000,0.000000,-2884.000000,0.000000,0.000000
-100.000000,0.000000,0.000000,0.000000,-2875.000000,0.000000,0.000000
0.000000,0.000000,0.000000,0.000000,-2884.000000,0.000000,0.000000
-100.000000,0.000000,0.000000,0.000000,-2863.000000,-196.000000,0.000000
-200.000000,0.000000,0.000000,0.000000,-2862.000000,0.000000,0.000000
100.000000,0.000000,0.000000,0.000000,-2869.000000,0.000000,0.000000
100.000000,0.000000,0.000000,0.000000,-2856.000000,0.000000,0.000000
-200.000000,0.000000,0.000000,0.000000,-2871.000000,0.000000,0.000000
-100.000000,0.000000,0.000000,0.000000,-2903.000000,0.000000,0.000000
0.000000,300.000000,0.000000,0.000000,-2895.000000,0.000000,0.000000
-100.000000,0.000000,0.000000,0.000000,-2899.000000,0.000000,0.000000
100.000000,-200.000000,0.000000,0.000000,-2932.000000,0.000000,0.000000
0.000000,-200.000000,0.000000,0.000000,-2966.000000,0.000000,0.000000
-100.000000,0.000000,0.000000,0.000000,-2951.000000,0.000000,0.000000
0.000000,100.000000,0.000000,0.000000,-2959.000000,0.000000,0.000000
-200.000000,-100.000000,0.000000,0.000000,-2948.000000,0.000000,0.000000
-200.000000,-200.000000,0.000000,0.000000,-2936.000000,0.000000,0.000000
-200.000000,0.000000,0.000000,0.000000,-2948.000000,0.000000,0.000000
-100.000000,200.000000,0.000000,0.000000,-2948.000000,0.000000,0.000000
0.000000,0.000000,0.000000,0.000000,-2948.000000,0.000000,0.000000
0.000000,0.000000,0.000000,0.000000,-2921.000000,0.000000,0.000000
-200.000000,200.000000,0.000000,0.000000,-2894.000000,0.000000,0.000000
-100.000000,0.000000,0.000000,0.000000,-2894.000000,0.000000,0.000000
-100.000000,0.000000,0.000000,0.000000,-2890.000000,0.000000,0.000000
-100.000000,0.000000,0.000000,0.000000,-2897.000000,0.000000,0.000000
100.000000,200.000000,0.000000,0.000000,-2915.000000,0.000000,0.000000
-100.000000,100.000000,0.000000,0.000000,-2938.000000,0.000000,0.000000
0.000000,100.000000,0.000000,0.000000,-2932.000000,0.000000,0.000000
-100.000000,-100.000000,0.000000,0.000000,-2954.000000,0.000000,0.000000
-100.000000,0.000000,0.000000,0.000000,-2967.000000,0.000000,0.000000
