Channel 1,Channel 2,Channel 3,Channel 4,Channel 5,Channel 6,Channel 7
-100.000000,-100.000000,0.000000,0.000000,-2945.000000,0.000000,0.000000
-100.000000,0.000000,0.000000,0.000000,-2935.000000,0.000000,0.000000
0.000000,-200.000000,0.000000,0.000000,-2923.000000,0.000000,0.000000
-200.000000,-400.000000,0.000000,0.000000,-2928.000000,0.000000,0.000000
200.000000,0.000000,0.000000,0.000000,-2915.000000,0.000000,0.000000
0.000000,0.000000,0.000000,0.000000,-2901.000000,0.000000,0.000000
-100.000000,-200.000000,0.000000,0.000000,-2895.000000,0.000000,0.000000
200.000000,100.000000,0.000000,0.000000,-2902.000000,0.000000,0.000000
0.000000,-100.000000,0.000000,0.000000,-2885.000000,0.000000,0.000000
-100.000000,200.000000,0.000000,0.000000,-2891.000000,0.000000,0.000000
100.000000,200.000000,0.000000,0.000000,-2880.000000,0.000000,0.000000
0.000000,-100.000000,0.000000,0.000000,-2895.000000,0.000000,0.000000
-200.000000,0.000000,0.000000,0.000000,-2905.000000,0.000000,0.000000
-100.000000,-100.000000,0.000000,0.000000,-2895.000000,0.000000,0.000000
0.000000,-100.000000,0.000000,0.000000,-2890.000000,0.000000,0.000000
-200.000000,-100.000000,0.000000,0.000000,-2908.000000,0.000000,0.000000
-100.000000,-300.000000,0.000000,0.000000,-2904.000000,0.000000,0.000000
-100.000000,0.000000,0.000000,0.000000,-2900.000000,0.000000,0.000000
0.000000,-300.000000,0.000000,0.000000,-2900.000000,0.000000,0.000000
0.000000,0.000000,0.000000,0.000000,-2924.000000,0.000000,0.000000
0.000000,-100.000000,0.000000,0.000000,-2899.000000,0.000000,0.000000
0.000000,-200.000000,0.000000,0.000000,-2890.000000,0.000000,0.000000
0.000000,0.000000,0.000000,0.000000,-2911.000000,0.000000,0.000000
-100.000000,0.000000,0.000000,0.000000,-2901.000000,0.000000,0.000000
-100.000000,-200.000000,0.000000,0.000000,-2899.000000,0.000000,0.000000
0.000000,100.000000,0.000000,0.000000,-2906.000000,0.000000,0.000000
0.000000,-100.000000,0.000000,0.000000,-2911.000000,0.000000,0.000000
0.000000,0.000000,0.000000,0.000000,-2908.000000,0.000000,0.000000
-100.000000,-200.000000,0.000000,0.000000,-2890.000000,0.000000,0.000000
-100.000000,100.000000,0.000000,0.000000,-2883.000000,0.000000,0.000000
100.000000,-100.000000,0.000000,0.000000,-2875.000000,0.000000,0.000000
-100.000000,0.000000,0.000000,0.000000,-2864.000000,0.000000,0.000000
-100.000000,0.000000,0.000000,0.000000,-2859.000000,0.000000,0.000000
-200.000000,0.000000,0.000000,0.000000,-2857.000000,0.000000,0.000000
-300.000000,0.000000,0.000000,0.000000,-2854.000000,0.000000,0.000000
0.000000,0.000000,0.000000,0.000000,-2869.000000,0.000000,0.000000
-300.000000,0.000000,0.000000,0.000000,-2863.000000,0.000000,0.000000
0.000000,0.000000,0.000000,0.000000,-2873.000000,0.000000,0.000000
0.000000,0.000000,0.000000,0.000000,-2884.000000,0.000000,0.000000
0.000000,0.000000,0.000000,0.000000,-2883.000000,0.000000,0.000000
-100.000000,0.000000,0.000000,0.000000,-2895.000000,0.000000,0.000000
0.000000,-200.000000,0.000000,0.000000,-2917.000000,0.000000,0.000000
0.000000,0.000000,0.000000,0.000000,-2910.000000,0.000000,0.000000
100.000000,-100.000000,0.000000,0.000000,-2914.000000,0.000000,0.000000
-100.000000,-100.000000,0.000000,0.000000,-2904.000000,0.000000,0.000000
200.000000,0.000000,0.000000,0.000000,-2910.000000,0.000000,0.000000
-100.000000,0.000000,0.000000,0.000000,-2888.000000,0.000000,0.000000
0.000000,100.000000,0.000000,0.000000,-2879.000000,0.000000,0.000000
-100.000000,0.000000,0.000000,0.000000,-2861.000000,0.000000,0.000000
-300.000000,300.000000,0.000000,0.000000,-2886.000000,0.000000,0.000000
-200.000000,-100.000000,0.000000,0.000000,-2880.000000,0.000000,0.000000
-300.000000,-200.000000,0.000000,0.000000,-2882.000000,0.000000,0.000000
-100.000000,0.000000,0.000000,0.000000,-2886.000000,0.000000,0.000000
0.000000,0.000000,0.000000,0.000000,-2889.000000,0.000000,0.000000
-100.000000,-100.000000,0.000000,0.000000,-2889.000000,0.000000,0.000000
0.000000,0.000000,0.000000,0.000000,-2882.000000,0.000000,0.000000
0.000000,0.000000,0.000000,0.000000,-2894.000000,0.000000,0.000000
0.000000,0.000000,0.000000,0.000000,-2888.000000,0.000000,0.000000
0.000000,0.000000,0.000000,0.000000,-2904.000000,0.000000,0.000000
0.000000,-200.000000,0.000000,0.000000,-2918.000000,0.000000,0.000000
100.000000,0.000000,0.000000,0.000000,-2934.000000,0.000000,0.000000
0.000000,0.000000,0.000000,0.000000,-2955.000000,0.000000,0.000000
-100.000000,0.000000,0.000000,0.000000,-2963.000000,0.000000,0.000000
0.000000,-200.000000,0.000000,0.000000,-2977.000000,0.000000,0.000000
100.000000,0.000000,0.000000,0.000000,-2988.000000,0.000000,0.000000
0.000000,100.000000,0.000000,0.000000,-2991.000000,0.000000,0.000000
-200.000000,0.000000,0.000000,0.000000,-2996.000000,0.000000,0.000000
-200.000000,0.000000,0.000000,0.000000,-2991.000000,0.000000,0.000000
0.000000,-100.000000,0.000000,0.000000,-2989.000000,0.000000,0.000000
100.000000,-200.000000,0.000000,0.000000,-2980.000000,0.000000,0.000000
300.000000,0.000000,0.000000,0.000000,-2979.000000,0.000000,0.000000
0.000000,0.000000,0.000000,0.000000,-2996.000000,0.000000,0.000000
100.000000,-200.000000,0.000000,0.000000,-2985.000000,0.000000,0.000000
-100.000000,-100.000000,0.000000,0.000000,-2994.000000,0.000000,0.000000
-100.000000,-200.000000,0.000000,0.000000,-2981.000000,0.000000,0.000000
100.000000,0.000000,0.000000,0.000000,-2986.000000,0.000000,0.000000
-200.000000,-200.000000,0.000000,0.000000,-2995.000000,0.000000,0.000000
100.000000,0.000000,0.000000,0.000000,-3013.000000,0.000000,0.000000
0.000000,-300.000000,0.000000,0.000000,-3033.000000,0.000000,0.000000
100.000000,0.000000,0.000000,0.000000,-3023.000000,0.000000,0.000000
-100.000000,-100.000000,0.000000,0.000000,-3010.000000,0.000000,0.000000
0.000000,-300.000000,0.000000,0.000000,-3015.000000,0.000000,0.000000
200.000000,-300.000000,0.000000,0.000000,-3037.000000,0.000000,0.000000
0.000000,-200.000000,0.000000,0.000000,-3033.000000,0.000000,0.000000
0.000000,-100.000000,0.000000,0.000000,-3050.000000,0.000000,0.000000
-100.000000,-100.000000,0.000000,0.000000,-3054.000000,0.000000,0.000000
0.000000,-100.000000,0.000000,0.000000,-3050.000000,0.000000,0.000000
100.000000,0.000000,0.000000,0.000000,-3048.000000,0.000000,0.000000
0.000000,-100.000000,0.000000,0.000000,-3073.000000,0.000000,0.000000
0.000000,0.000000,0.000000,0.000000,-3102.000000,0.000000,0.000000
0.000000,200.000000,0.000000,0.000000,-3113.000000,0.000000,0.000000
300.000000,-100.000000,0.000000,0.000000,-3119.000000,0.000000,0.000000
300.000000,100.000000,0.000000,0.000000,-3111.000000,0.000000,0.000000
-200.000000,-200.000000,0.000000,0.000000,-3125.000000,0.000000,0.000000
0.000000,0.000000,0.000000,0.000000,-3099.000000,0.000000,0.000000
200.000000,100.000000,0.000000,0.000000,-3068.000000,0.000000,0.000000
-100.000000,-100.000000,0.000000,0.000000,-3032.000000,0.000000,0.000000
-200.000000,-100.000000,0.000000,0.000000,-3001.000000,0.000000,0.000000
200.000000,-200.000000,0.000000,0.000000,-3015.000000,0.000000,0.000000
0.000000,-300.000000,0.000000,0.000000,-3040.000000,0.000000,0.000000
-200.000000,0.000000,0.000000,0.000000,-3041.000000,0.000000,0.000000
0.000000,-100.000000,0.000000,0.000000,-3067.000000,0.000000,0.000000
0.000000,0.000000,0.000000,0.000000,-3107.000000,0.000000,0.000000
0.000000,-100.000000,0.000000,0.000000,-3149.000000,0.000000,0.000000
0.000000,0.000000,0.000000,0.000000,-3146.000000,0.000000,0.000000
300.000000,-100.000000,0.000000,0.000000,-3124.000000,0.000000,0.000000
0.000000,100.000000,0.000000,0.000000,-3116.000000,0.000000,0.000000
-200.000000,0.000000,0.000000,0.000000,-3090.000000,0.000000,0.000000
-100.000000,0.000000,0.000000,0.000000,-3059.000000,0.000000,0.000000
-100.000000,0.000000,0.000000,0.000000,-2995.000000,0.000000,0.000000
-200.000000,0.000000,0.000000,0.000000,-3000.000000,0.000000,0.000000
100.000000,0.000000,0.000000,0.000000,-2991.000000,0.000000,0.000000
100.000000,0.000000,0.000000,0.000000,-2980.000000,0.000000,0.000000
100.000000,0.000000,0.000000,0.000000,-2987.000000,0.000000,0.000000
-200.000000,0.000000,0.000000,0.000000,-2992.000000,0.000000,0.000000
-100.000000,100.000000,0.000000,0.000000,-2993.000000,0.000000,0.000000
0.000000,-100.000000,0.000000,0.000000,-3006.000000,0.000000,0.000000
-100.000000,-300.000000,0.000000,0.000000,-3010.000000,0.000000,0.000000
0.000000,-200.000000,0.000000,0.000000,-3042.000000,0.000000,0.000000
0.000000,-100.000000,0.000000,0.000000,-3067.000000,0.000000,0.000000
0.000000,-200.000000,0.000000,0.000000,-3057.000000,0.000000,0.000000
-100.000000,0.000000,0.000000,0.000000,-3094.000000,0.000000,0.000000
-200.000000,0.000000,0.000000,0.000000,-3132.000000,0.000000,0.000000
0.000000,-100.000000,0.000000,0.000000,-3129.000000,0.000000,0.000000
-100.000000,0.000000,0.000000,0.000000,-3147.000000,0.000000,0.000000
-200.000000,0.000000,0.000000,0.000000,-3133.000000,0.000000,0.000000
0.000000,0.000000,0.000000,0.000000,-3120.000000,0.000000,0.000000
-200.000000,100.000000,0.000000,0.000000,-3114.000000,0.000000,0.000000
-200.000000,-100.000000,0.000000,0.000000,-3109.000000,196.000000,0.000000
-100.000000,200.000000,0.000000,0.000000,-3082.000000,196.000000,196.000000
-100.000000,200.000000,0.000000,0.000000,-3068.000000,196.000000,0.000000
100.000000,0.000000,0.000000,0.000000,-3046.000000,196.000000,0.000000
0.000000,0.000000,0.000000,0.000000,-3006.000000,196.000000,196.000000
-100.000000,200.000000,0.000000,0.000000,-3017.000000,392.000000,392.000000
200.000000,100.000000,0.000000,0.000000,-2989.000000,392.000000,196.000000
200.000000,-100.000000,0.000000,0.000000,-2997.000000,196.000000,196.000000
0.000000,100.000000,0.000000,0.000000,-2994.000000,196.000000,392.000000
-100.000000,0.000000,0.000000,0.000000,-2990.000000,0.000000,196.000000
-100.000000,100.000000,0.000000,0.000000,-3032.000000,0.000000,196.000000
0.000000,-100.000000,0.000000,0.000000,-3041.000000,0.000000,0.000000
-100.000000,100.000000,0.000000,0.000000,-3069.000000,0.000000,0.000000
-100.000000,-100.000000,0.000000,0.000000,-3091.000000,0.000000,0.000000
0.000000,0.000000,0.000000,0.000000,-3111.000000,0.000000,0.000000
0.000000,100.000000,0.000000,0.000000,-3131.000000,0.000000,0.000000
0.000000,0.000000,0.000000,0.000000,-3147.000000,0.000000,0.000000
-200.000000,-100.000000,0.000000,0.000000,-3171.000000,0.000000,0.000000
0.000000,0.000000,0.000000,0.000000,-3177.000000,0.000000,0.000000
200.000000,0.000000,0.000000,0.000000,-3171.000000,0.000000,0.000000
300.000000,-100.000000,0.000000,0.000000,-3160.000000,0.000000,0.000000
0.000000,100.000000,0.000000,0.000000,-3148.000000,0.000000,0.000000
-100.000000,200.000000,0.000000,0.000000,-3138.000000,0.000000,0.000000
0.000000,-100.000000,0.000000,0.000000,-3137.000000,0.000000,0.000000
-100.000000,0.000000,0.000000,0.000000,-3124.000000,0.000000,0.000000
-200.000000,-200.000000,0.000000,0.000000,-3126.000000,0.000000,0.000000
-200.000000,-300.000000,0.000000,0.000000,-3141.000000,0.000000,0.000000
-100.000000,0.000000,0.000000,0.000000,-3139.000000,0.000000,0.000000
300.000000,-100.000000,0.000000,0.000000,-3164.000000,0.000000,0.000000
-100.000000,-100.000000,0.000000,0.000000,-3140.000000,0.000000,0.000000
0.000000,-100.000000,0.000000,0.000000,-3113.000000,0.000000,0.000000
-100.000000,-100.000000,0.000000,0.000000,-3078.000000,0.000000,0.000000
-100.000000,0.000000,0.000000,0.000000,-3069.000000,0.000000,0.000000
-100.000000,-100.000000,0.000000,0.000000,-3093.000000,0.000000,0.000000
-200.000000,-200.000000,0.000000,0.000000,-3110.000000,0.000000,0.000000
0.000000,0.000000,0.000000,0.000000,-3086.000000,0.000000,0.000000
-200.000000,-100.000000,0.000000,0.000000,-3067.000000,0.000000,0.000000
-200.000000,-100.000000,0.000000,0.000000,-3053.000000,0.000000,0.000000
0.000000,-100.000000,0.000000,0.000000,-3081.000000,0.000000,0.000000
200.000000,100.000000,0.000000,0.000000,-3114.000000,0.000000,0.000000
-200.000000,100.000000,0.000000,0.000000,-3132.000000,0.000000,0.000000
300.000000,-100.000000,0.000000,0.000000,-3144.000000,0.000000,0.000000
-200.000000,-100.000000,0.000000,0.000000,-3160.000000,0.000000,0.000000
0.000000,-100.000000,0.000000,0.000000,-3185.000000,0.000000,0.000000
-100.000000,-200.000000,0.000000,0.000000,-3178.000000,0.000000,0.000000
-100.000000,100.000000,0.000000,0.000000,-3187.000000,0.000000,0.000000
-100.000000,-300.000000,0.000000,0.000000,-3154.000000,0.000000,0.000000
-200.000000,-300.000000,0.000000,0.000000,-3126.000000,0.000000,0.000000
200.000000,-200.000000,0.000000,0.000000,-3130.000000,0.000000,0.000000
0.000000,0.000000,0.000000,0.000000,-3117.000000,0.000000,0.000000
-200.000000,0.000000,0.000000,0.000000,-3089.000000,0.000000,0.000000
0.000000,0.000000,0.000000,0.000000,-3103.000000,0.000000,0.000000
-200.000000,100.000000,0.000000,0.000000,-3094.000000,0.000000,196.000000
300.000000,0.000000,0.000000,0.000000,-3128.000000,0.000000,0.000000
100.000000,0.000000,0.000000,0.000000,-3095.000000,0.000000,196.000000
100.000000,0.000000,0.000000,0.000000,-3076.000000,0.000000,196.000000
0.000000,0.000000,0.000000,0.000000,-2998.000000,0.000000,392.000000
0.000000,0.000000,0.000000,0.000000,-3101.000000,0.000000,196.000000
0.000000,0.000000,0.000000,0.000000,-3137.000000,0.000000,392.000000
-100.000000,0.000000,0.000000,0.000000,-3028.000000,0.000000,196.000000
300.000000,0.000000,0.000000,0.000000,-3003.000000,196.000000,0.000000
-100.000000,0.000000,0.000000,0.000000,-2972.000000,0.000000,196.000000
-100.000000,-100.000000,0.000000,0.000000,-2960.000000,0.000000,0.000000
-300.000000,0.000000,0.000000,0.000000,-2984.000000,196.000000,-196.000000
-300.000000,-200.000000,0.000000,0.000000,-3014.000000,0.000000,0.000000
0.000000,-100.000000,0.000000,0.000000,-3008.000000,0.000000,196.000000
0.000000,0.000000,0.000000,0.000000,-3107.000000,0.000000,-196.000000
-200.000000,-100.000000,0.000000,0.000000,-3155.000000,0.000000,0.000000
100.000000,-100.000000,0.000000,0.000000,-3106.000000,0.000000,0.000000
-100.000000,0.000000,0.000000,0.000000,-3041.000000,0.000000,0.000000
-400.000000,-300.000000,0.000000,0.000000,-3019.000000,0.000000,0.000000
-100.000000,-300.000000,0.000000,0.000000,-2975.000000,0.000000,0.000000
-100.000000,-300.000000,0.000000,0.000000,-2789.000000,0.000000,0.000000
-100.000000,-100.000000,0.000000,0.000000,-2807.000000,0.000000,0.000000
0.000000,-200.000000,0.000000,0.000000,-2904.000000,0.000000,0.000000
0.000000,0.000000,0.000000,0.000000,-2973.000000,0.000000,0.000000
0.000000,0.000000,0.000000,0.000000,-3043.000000,0.000000,0.000000
-100.000000,0.000000,0.000000,0.000000,-3079.000000,0.000000,0.000000
-100.000000,-200.000000,0.000000,0.000000,-3078.000000,0.000000,0.000000
-100.000000,0.000000,0.000000,0.000000,-3023.000000,0.000000,0.000000
-200.000000,-100.000000,0.000000,0.000000,-2947.000000,0.000000,0.000000
-100.000000,-100.000000,0.000000,0.000000,-2903.000000,0.000000,0.000000
0.000000,0.000000,0.000000,0.000000,-2952.000000,0.000000,0.000000
-400.000000,0.000000,0.000000,0.000000,-2905.000000,0.000000,0.000000
-100.000000,0.000000,0.000000,0.000000,-2858.000000,0.000000,0.000000
-100.000000,0.000000,0.000000,0.000000,-2903.000000,0.000000,0.000000
0.000000,-100.000000,0.000000,0.000000,-2961.000000,0.000000,0.000000
0.000000,0.000000,0.000000,0.000000,-2945.000000,0.000000,0.000000
-100.000000,-100.000000,0.000000,0.000000,-2888.000000,0.000000,0.000000
0.000000,-100.000000,0.000000,0.000000,-2899.000000,0.000000,0.000000
100.000000,-100.000000,0.000000,0.000000,-2940.000000,0.000000,0.000000
-100.000000,0.000000,0.000000,0.000000,-2958.000000,0.000000,0.000000
0.000000,0.000000,0.000000,0.000000,-2963.000000,0.000000,0.000000
-100.000000,0.000000,0.000000,0.000000,-2980.000000,0.000000,0.000000
0.000000,-200.000000,0.000000,0.000000,-3007.000000,0.000000,0.000000
200.000000,-100.000000,0.000000,0.000000,-2995.000000,0.000000,0.000000
-200.000000,0.000000,0.000000,0.000000,-3005.000000,0.000000,0.000000
100.000000,0.000000,0.000000,0.000000,-3004.000000,0.000000,0.000000
-100.000000,200.000000,0.000000,0.000000,-3005.000000,0.000000,0.000000
0.000000,-200.000000,0.000000,0.000000,-3018.000000,0.000000,0.000000
0.000000,-100.000000,0.000000,0.000000,-3051.000000,0.000000,0.000000
-100.000000,-100.000000,0.000000,0.000000,-3046.000000,0.000000,0.000000
0.000000,-200.000000,0.000000,0.000000,-3042.000000,0.000000,0.000000
-300.000000,0.000000,0.000000,0.000000,-3052.000000,0.000000,0.000000
100.000000,0.000000,0.000000,0.000000,-3102.000000,0.000000,0.000000
-300.000000,-100.000000,0.000000,0.000000,-3104.000000,0.000000,0.000000
-100.000000,-200.000000,0.000000,0.000000,-3068.000000,0.000000,0.000000
-200.000000,-300.000000,0.000000,0.000000,-3052.000000,0.000000,0.000000
-100.000000,0.000000,0.000000,0.000000,-3043.000000,0.000000,0.000000
-100.000000,0.000000,0.000000,0.000000,-3012.000000,0.000000,0.000000
-100.000000,0.000000,0.000000,0.000000,-2994.000000,0.000000,0.000000
-100.000000,-100.000000,0.000000,0.000000,-2989.000000,0.000000,0.000000
0.000000,200.000000,0.000000,0.000000,-2995.000000,0.000000,0.000000
0.000000,-300.000000,0.000000,0.000000,-2982.000000,0.000000,0.000000
-200.000000,-100.000000,0.000000,0.000000,-2998.000000,0.000000,0.000000
0.000000,-100.000000,0.000000,0.000000,-3031.000000,0.000000,0.000000
-200.000000,100.000000,0.000000,0.000000,-3047.000000,0.000000,0.000000
0.000000,0.000000,0.000000,0.000000,-3044.000000,0.000000,0.000000
0.000000,200.000000,0.000000,0.000000,-3053.000000,0.000000,0.000000
0.000000,-100.000000,0.000000,0.000000,-3052.000000,0.000000,0.000000
0.000000,-100.000000,0.000000,0.000000,-3079.000000,0.000000,0.000000
0.000000,0.000000,0.000000,0.000000,-3049.000000,0.000000,0.000000
0.000000,-100.000000,0.000000,0.000000,-3084.000000,0.000000,0.000000
0.000000,100.000000,0.000000,0.000000,-3078.000000,0.000000,0.000000
0.000000,-200.000000,0.000000,0.000000,-3060.000000,0.000000,0.000000
0.000000,0.000000,0.000000,0.000000,-3041.000000,0.000000,0.000000
100.000000,-200.000000,0.000000,0.000000,-3023.000000,0.000000,0.000000
-200.000000,0.000000,0.000000,0.000000,-3001.000000,0.000000,0.000000
-200.000000,-100.000000,0.000000,0.000000,-2996.000000,0.000000,0.000000
0.000000,0.000000,0.000000,0.000000,-2986.000000,0.000000,0.000000
-100.000000,100.000000,0.000000,0.000000,-2963.000000,0.000000,196.000000
-100.000000,0.000000,0.000000,0.000000,-2975.000000,0.000000,0.000000
300.000000,-200.000000,0.000000,0.000000,-2981.000000,0.000000,0.000000
-200.000000,-200.000000,0.000000,0.000000,-2977.000000,0.000000,0.000000
0.000000,0.000000,0.000000,0.000000,-2971.000000,0.000000,0.000000
-100.000000,200.000000,0.000000,0.000000,-2970.000000,0.000000,0.000000
-100.000000,0.000000,0.000000,0.000000,-2950.000000,196.000000,0.000000
0.000000,0.000000,0.000000,0.000000,-2975.000000,0.000000,0.000000
-100.000000,0.000000,0.000000,0.000000,-3002.000000,0.000000,0.000000
-200.000000,200.000000,0.000000,0.000000,-2986.000000,0.000000,0.000000
-200.000000,0.000000,0.000000,0.000000,-2989.000000,0.000000,0.000000
0.000000,100.000000,0.000000,0.000000,-2983.000000,0.000000,0.000000
-100.000000,0.000000,0.000000,0.000000,-2993.000000,0.000000,0.000000
-100.000000,-200.000000,0.000000,0.000000,-2976.000000,0.000000,0.000000
-200.000000,-300.000000,0.000000,0.000000,-2972.000000,0.000000,0.000000
-100.000000,200.000000,0.000000,0.000000,-2970.000000,0.000000,0.000000
-100.000000,0.000000,0.000000,0.000000,-2953.000000,0.000000,0.000000
-100.000000,0.000000,0.000000,0.000000,-2967.000000,0.000000,0.000000
0.000000,0.000000,0.000000,0.000000,-2956.000000,0.000000,0.000000
-100.000000,-100.000000,0.000000,0.000000,-2960.000000,0.000000,0.000000
100.000000,0.000000,0.000000,0.000000,-2955.000000,0.000000,0.000000
100.000000,-100.000000,0.000000,0.000000,-2947.000000,0.000000,0.000000
-200.000000,-200.000000,0.000000,0.000000,-2954.000000,0.000000,0.000000
-200.000000,-200.000000,0.000000,0.000000,-2969.000000,0.000000,0.000000
-100.000000,-100.000000,0.000000,0.000000,-2962.000000,0.000000,0.000000
-100.000000,-100.000000,0.000000,0.000000,-2959.000000,0.000000,0.000000
-200.000000,-100.000000,0.000000,0.000000,-2961.000000,0.000000,0.000000
-100.000000,-100.000000,0.000000,0.000000,-2988.000000,0.000000,0.000000
-100.000000,-100.000000,0.000000,0.000000,-2996.000000,0.000000,0.000000
0.000000,0.000000,0.000000,0.000000,-3002.000000,0.000000,0.000000
-100.000000,-200.000000,0.000000,0.000000,-3013.000000,0.000000,0.000000
-200.000000,100.000000,0.000000,0.000000,-3014.000000,0.000000,0.000000
-100.000000,-100.000000,0.000000,0.000000,-3001.000000,0.000000,-196.000000
100.000000,-100.000000,0.000000,0.000000,-3017.000000,0.000000,0.000000
0.000000,-100.000000,0.000000,0.000000,-3017.000000,0.000000,0.000000
200.000000,-300.000000,0.000000,0.000000,-3007.000000,0.000000,0.000000
100.000000,-100.000000,0.000000,0.000000,-2992.000000,0.000000,0.000000
-100.000000,0.000000,0.000000,0.000000,-2973.000000,0.000000,0.000000
100.000000,-100.000000,0.000000,0.000000,-2970.000000,0.000000,0.000000
0.000000,-100.000000,0.000000,0.000000,-2965.000000,0.000000,0.000000
200.000000,0.000000,0.000000,0.000000,-2964.000000,0.000000,0.000000
0.000000,0.000000,0.000000,0.000000,-2981.000000,0.000000,0.000000
100.000000,0.000000,0.000000,0.000000,-2961.000000,0.000000,0.000000
200.000000,0.000000,0.000000,0.000000,-2985.000000,0.000000,0.000000
-300.000000,-100.000000,0.000000,0.000000,-2987.000000,0.000000,0.000000
0.000000,0.000000,0.000000,0.000000,-2985.000000,0.000000,0.000000
0.000000,0.000000,0.000000,0.000000,-2988.000000,0.000000,0.000000
-100.000000,-100.000000,0.000000,0.000000,-2983.000000,0.000000,0.000000
-100.000000,-200.000000,0.000000,0.000000,-2976.000000,0.000000,0.000000
0.000000,0.000000,0.000000,0.000000,-2979.000000,0.000000,0.000000
0.000000,-200.000000,0.000000,0.000000,-2977.000000,0.000000,0.000000
0.000000,100.000000,0.000000,0.000000,-2955.000000,0.000000,0.000000
-100.000000,-100.000000,0.000000,0.000000,-2986.000000,0.000000,0.000000
0.000000,-200.000000,0.000000,0.000000,-2987.000000,0.000000,0.000000
-100.000000,-100.000000,0.000000,0.000000,-2993.000000,0.000000,0.000000
-100.000000,0.000000,0.000000,0.000000,-2993.000000,0.000000,0.000000
-100.000000,-100.000000,0.000000,0.000000,-2997.000000,0.000000,0.000000
100.000000,0.000000,0.000000,0.000000,-2994.000000,0.000000,0.000000
300.000000,-200.000000,0.000000,0.000000,-3001.000000,0.000000,0.000000
0.000000,0.000000,0.000000,0.000000,-3011.000000,0.000000,0.000000
0.000000,-100.000000,0.000000,0.000000,-3002.000000,0.000000,0.000000
100.000000,300.000000,0.000000,0.000000,-2981.000000,0.000000,0.000000
-200.000000,-200.000000,0.000000,0.000000,-2987.000000,0.000000,0.000000
0.000000,-100.000000,0.000000,0.000000,-2989.000000,0.000000,0.000000
0.000000,-100.000000,0.000000,0.000000,-2970.000000,0.000000,0.000000
-100.000000,-100.000000,0.000000,0.000000,-2958.000000,0.000000,0.000000
0.000000,-300.000000,0.000000,0.000000,-2946.000000,0.000000,0.000000
0.000000,-200.000000,0.000000,0.000000,-2935.000000,0.000000,0.000000
-100.000000,0.000000,0.000000,0.000000,-2918.000000,0.000000,0.000000
-100.000000,0.000000,0.000000,0.000000,-2921.000000,0.000000,0.000000
0.000000,-100.000000,0.000000,0.000000,-2918.000000,0.000000,196.000000
-200.000000,-300.000000,0.000000,0.000000,-2919.000000,0.000000,0.000000
100.000000,-100.000000,0.000000,0.000000,-2915.000000,0.000000,0.000000
100.000000,300.000000,0.000000,0.000000,-2917.000000,0.000000,0.000000
0.000000,100.000000,0.000000,0.000000,-2926.000000,0.000000,0.000000
-100.000000,0.000000,0.000000,0.000000,-2916.000000,0.000000,0.000000
-200.000000,0.000000,0.000000,0.000000,-2915.000000,0.000000,0.000000
0.000000,0.000000,0.000000,0.000000,-2904.000000,0.000000,0.000000
100.000000,0.000000,0.000000,0.000000,-2910.000000,0.000000,0.000000
-100.000000,-100.000000,0.000000,0.000000,-2913.000000,0.000000,0.000000
300.000000,-100.000000,0.000000,0.000000,-2922.000000,0.000000,0.000000
-200.000000,0.000000,0.000000,0.000000,-2926.000000,0.000000,0.000000
0.000000,0.000000,0.000000,0.000000,-2929.000000,0.000000,0.000000
0.000000,0.000000,0.000000,0.000000,-2925.000000,0.000000,0.000000
200.000000,0.000000,0.000000,0.000000,-2919.000000,0.000000,0.000000
200.000000,0.000000,0.000000,0.000000,-2923.000000,0.000000,0.000000
0.000000,0.000000,0.000000,0.000000,-2917.000000,0.000000,0.000000
0.000000,-200.000000,0.000000,0.000000,-2929.000000,0.000000,0.000000
0.000000,-100.000000,0.000000,0.000000,-2933.000000,0.000000,0.000000
0.000000,-100.000000,0.000000,0.000000,-2935.000000,0.000000,0.000000
0.000000,-100.000000,0.000000,0.000000,-2940.000000,0.000000,0.000000
0.000000,0.000000,0.000000,0.000000,-2925.000000,0.000000,0.000000
0.000000,0.000000,0.000000,0.000000,-2928.000000,0.000000,0.000000
-100.000000,-200.000000,0.000000,0.000000,-2937.000000,0.000000,0.000000
-100.000000,0.000000,0.000000,0.000000,-2947.000000,0.000000,0.000000
-100.000000,0.000000,0.000000,0.000000,-2940.000000,0.000000,0.000000
-200.000000,0.000000,0.000000,0.000000,-2939.000000,0.000000,0.000000
-100.000000,100.000000,0.000000,0.000000,-2965.000000,0.000000,0.000000
-100.000000,0.000000,0.000000,0.000000,-2974.000000,0.000000,0.000000
0.000000,-100.000000,0.000000,0.000000,-2978.000000,0.000000,0.000000
0.000000,-100.000000,0.000000,0.000000,-2980.000000,0.000000,0.000000
-100.000000,0.000000,0.000000,0.000000,-2962.000000,0.000000,0.000000
-200.000000,-300.000000,0.000000,0.000000,-2981.000000,0.000000,0.000000
0.000000,100.000000,0.000000,0.000000,-2994.000000,0.000000,0.000000
200.000000,-100.000000,0.000000,0.000000,-3000.000000,0.000000,0.000000
-200.000000,0.000000,0.000000,0.000000,-3014.000000,0.000000,0.000000
0.000000,-100.000000,0.000000,0.000000,-3023.000000,0.000000,0.000000
0.000000,0.000000,0.000000,0.000000,-3022.000000,0.000000,0.000000
0.000000,-100.000000,0.000000,0.000000,-3023.000000,0.000000,0.000000
0.000000,0.000000,0.000000,0.000000,-3033.000000,0.000000,0.000000
-100.000000,-100.000000,0.000000,0.000000,-3012.000000,0.000000,0.000000
-100.000000,0.000000,0.000000,0.000000,-3001.000000,0.000000,0.000000
-200.000000,-100.000000,0.000000,0.000000,-3004.000000,0.000000,0.000000
-100.000000,0.000000,0.000000,0.000000,-2973.000000,0.000000,0.000000
-100.000000,-100.000000,0.000000,0.000000,-2978.000000,0.000000,0.000000
200.000000,100.000000,0.000000,0.000000,-2984.000000,0.000000,0.000000
0.000000,-100.000000,0.000000,0.000000,-3008.000000,0.000000,0.000000
-200.000000,-100.000000,0.000000,0.000000,-3003.000000,0.000000,0.000000
0.000000,-100.000000,0.000000,0.000000,-3000.000000,0.000000,0.000000
0.000000,0.000000,0.000000,0.000000,-3027.000000,0.000000,0.000000
0.000000,-200.000000,0.000000,0.000000,-3006.000000,0.000000,0.000000
200.000000,100.000000,0.000000,0.000000,-3019.000000,0.000000,0.000000
-200.000000,0.000000,0.000000,0.000000,-3028.000000,0.000000,0.000000
0.000000,0.000000,0.000000,0.000000,-3028.000000,0.000000,0.000000
-400.000000,0.000000,0.000000,0.000000,-3030.000000,0.000000,0.000000
100.000000,-100.000000,0.000000,0.000000,-3024.000000,0.000000,0.000000
-100.000000,100.000000,0.000000,0.000000,-3001.000000,0.000000,0.000000
-100.000000,0.000000,0.000000,0.000000,-2986.000000,0.000000,0.000000
-100.000000,0.000000,0.000000,0.000000,-2981.000000,0.000000,0.000000
-100.000000,-100.000000,0.000000,0.000000,-2971.000000,0.000000,0.000000
-100.000000,-100.000000,0.000000,0.000000,-2962.000000,0.000000,0.000000
0.000000,0.000000,0.000000,0.000000,-2964.000000,0.000000,0.000000
-200.000000,0.000000,0.000000,0.000000,-2985.000000,0.000000,0.000000
0.000000,0.000000,0.000000,0.000000,-2987.000000,0.000000,0.000000
-300.000000,100.000000,0.000000,0.000000,-2972.000000,0.000000,0.000000
-100.000000,-100.000000,0.000000,0.000000,-2992.000000,0.000000,0.000000
-300.000000,-100.000000,0.000000,0.000000,-2980.000000,0.000000,0.000000
-100.000000,0.000000,0.000000,0.000000,-2977.000000,0.000000,0.000000
0.000000,0.000000,0.000000,0.000000,-2963.000000,0.000000,0.000000
-100.000000,-100.000000,0.000000,0.000000,-2957.000000,0.000000,0.000000
-100.000000,-100.000000,0.000000,0.000000,-2962.000000,0.000000,0.000000
-100.000000,0.000000,0.000000,0.000000,-2944.000000,0.000000,0.000000
-100.000000,0.000000,0.000000,0.000000,-2930.000000,0.000000,0.000000
0.000000,0.000000,0.000000,0.000000,-2936.000000,0.000000,0.000000
100.000000,-100.000000,0.000000,0.000000,-2920.000000,0.000000,0.000000
0.000000,0.000000,0.000000,0.000000,-2934.000000,0.000000,0.000000
0.000000,-100.000000,0.000000,0.000000,-2940.000000,0.000000,0.000000
-100.000000,-200.000000,0.000000,0.000000,-2952.000000,0.000000,0.000000
100.000000,-200.000000,0.000000,0.000000,-2952.000000,0.000000,0.000000
0.000000,0.000000,0.000000,0.000000,-2938.000000,0.000000,0.000000
0.000000,-100.000000,0.000000,0.000000,-2946.000000,0.000000,0.000000
-300.000000,-300.000000,0.000000,0.000000,-2968.000000,0.000000,-196.000000
-200.000000,-100.000000,0.000000,0.000000,-2988.000000,0.000000,0.000000
-100.000000,-100.000000,0.000000,0.000000,-2974.000000,0.000000,0.000000
-100.000000,-100.000000,0.000000,0.000000,-2973.000000,0.000000,0.000000
0.000000,0.000000,0.000000,0.000000,-2978.000000,0.000000,0.000000
100.000000,-100.000000,0.000000,0.000000,-2958.000000,0.000000,0.000000
-200.000000,-100.000000,0.000000,0.000000,-2943.000000,0.000000,0.000000
-300.000000,-200.000000,0.000000,0.000000,-2952.000000,0.000000,0.000000
0.000000,0.000000,0.000000,0.000000,-2955.000000,0.000000,0.000000
0.000000,-300.000000,0.000000,0.000000,-2942.000000,0.000000,0.000000
-200.000000,-100.000000,0.000000,0.000000,-2961.000000,0.000000,0.000000
0.000000,0.000000,0.000000,0.000000,-2978.000000,0.000000,0.000000
-300.000000,100.000000,0.000000,0.000000,-2964.000000,0.000000,0.000000
200.000000,-100.000000,0.000000,0.000000,-2983.000000,0.000000,0.000000
400.000000,-200.000000,0.000000,0.000000,-2992.000000,0.000000,0.000000
-300.000000,-200.000000,0.000000,0.000000,-2993.000000,0.000000,0.000000
-100.000000,-200.000000,0.000000,0.000000,-2971.000000,0.000000,0.000000
0.000000,0.000000,0.000000,0.000000,-2961.000000,0.000000,0.000000
-100.000000,0.000000,0.000000,0.000000,-2957.000000,0.000000,0.000000
-200.000000,-100.000000,0.000000,0.000000,-2934.000000,0.000000,0.000000
0.000000,200.000000,0.000000,0.000000,-2937.000000,0.000000,0.000000
-100.000000,-200.000000,0.000000,0.000000,-2929.000000,0.000000,0.000000
-100.000000,100.000000,0.000000,0.000000,-2913.000000,0.000000,0.000000
-100.000000,200.000000,0.000000,0.000000,-2903.000000,0.000000,0.000000
200.000000,0.000000,0.000000,0.000000,-2924.000000,0.000000,0.000000
-100.000000,-100.000000,0.000000,0.000000,-2933.000000,0.000000,0.000000
-100.000000,-200.000000,0.000000,0.000000,-2927.000000,0.000000,0.000000
0.000000,0.000000,0.000000,0.000000,-2917.000000,0.000000,0.000000
0.000000,0.000000,0.000000,0.000000,-2940.000000,0.000000,196.000000
0.000000,-200.000000,0.000000,0.000000,-2917.000000,0.000000,0.000000
200.000000,-200.000000,0.000000,0.000000,-2910.000000,0.000000,0.000000
-100.000000,-200.000000,0.000000,0.000000,-2903.000000,0.000000,0.000000
0.000000,300.000000,0.000000,0.000000,-2921.000000,0.000000,0.000000
0.000000,0.000000,0.000000,0.000000,-2909.000000,0.000000,0.000000
-100.000000,-200.000000,0.000000,0.000000,-2920.000000,0.000000,0.000000
0.000000,0.000000,0.000000,0.000000,-2949.000000,0.000000,0.000000
0.000000,0.000000,0.000000,0.000000,-2956.000000,0.000000,0.000000
-200.000000,-100.000000,0.000000,0.000000,-2951.000000,0.000000,0.000000
-100.000000,-100.000000,0.000000,0.000000,-2963.000000,0.000000,0.000000
-200.000000,-100.000000,0.000000,0.000000,-2946.000000,0.000000,0.000000
0.000000,-100.000000,0.000000,0.000000,-2929.000000,0.000000,0.000000
-200.000000,0.000000,0.000000,0.000000,-2931.000000,0.000000,0.000000
-100.000000,-900.000000,0.000000,0.000000,-2943.000000,0.000000,0.000000
-200.000000,0.000000,0.000000,0.000000,-2959.000000,0.000000,0.000000
0.000000,0.000000,0.000000,0.000000,-2960.000000,0.000000,0.000000
0.000000,-100.000000,0.000000,0.000000,-2950.000000,0.000000,0.000000
-100.000000,-200.000000,0.000000,0.000000,-2946.000000,0.000000,0.000000
-100.000000,100.000000,0.000000,0.000000,-2956.000000,0.000000,0.000000
100.000000,0.000000,0.000000,0.000000,-2984.000000,0.000000,0.000000
0.000000,0.000000,0.000000,0.000000,-2989.000000,0.000000,0.000000
0.000000,-300.000000,0.000000,0.000000,-2980.000000,0.000000,0.000000
-200.000000,0.000000,0.000000,0.000000,-2972.000000,0.000000,0.000000
100.000000,0.000000,0.000000,0.000000,-2972.000000,0.000000,0.000000
100.000000,0.000000,0.000000,0.000000,-2988.000000,0.000000,0.000000
100.000000,0.000000,0.000000,0.000000,-3002.000000,0.000000,0.000000
100.000000,0.000000,0.000000,0.000000,-2999.000000,0.000000,0.000000
-200.000000,0.000000,0.000000,0.000000,-3002.000000,0.000000,0.000000
100.000000,-100.000000,0.000000,0.000000,-3004.000000,0.000000,0.000000
0.000000,0.000000,0.000000,0.000000,-2993.000000,0.000000,0.000000
-200.000000,-100.000000,0.000000,0.000000,-2999.000000,0.000000,0.000000
-400.000000,-200.000000,0.000000,0.000000,-2984.000000,0.000000,0.000000
0.000000,-100.000000,0.000000,0.000000,-2993.000000,0.000000,0.000000
-100.000000,-100.000000,0.000000,0.000000,-3001.000000,0.000000,0.000000
-200.000000,-200.000000,0.000000,0.000000,-2998.000000,0.000000,0.000000
0.000000,0.000000,0.000000,0.000000,-3007.000000,0.000000,0.000000
100.000000,-100.000000,0.000000,0.000000,-3021.000000,0.000000,0.000000
-100.000000,-100.000000,0.000000,0.000000,-3018.000000,0.000000,0.000000
-400.000000,0.000000,0.000000,0.000000,-3024.000000,0.000000,0.000000
-100.000000,0.000000,0.000000,0.000000,-3013.000000,0.000000,0.000000
0.000000,0.000000,0.000000,0.000000,-3019.000000,0.000000,0.000000
0.000000,0.000000,0.000000,0.000000,-3007.000000,0.000000,0.000000
0.000000,0.000000,0.000000,0.000000,-2991.000000,0.000000,0.000000
100.000000,100.000000,0.000000,0.000000,-3003.000000,0.000000,0.000000
0.000000,0.000000,0.000000,0.000000,-3000.000000,0.000000,0.000000
-300.000000,0.000000,0.000000,0.000000,-3014.000000,0.000000,0.000000
100.000000,-100.000000,0.000000,0.000000,-2983.000000,0.000000,0.000000
-200.000000,0.000000,0.000000,0.000000,-2976.000000,0.000000,0.000000
0.000000,0.000000,0.000000,0.000000,-2959.000000,0.000000,0.000000
0.000000,-100.000000,0.000000,0.000000,-2971.000000,0.000000,0.000000
400.000000,0.000000,0.000000,0.000000,-2954.000000,0.000000,0.000000
-100.000000,0.000000,0.000000,0.000000,-2949.000000,0.000000,0.000000
200.000000,0.000000,0.000000,0.000000,-2956.000000,0.000000,0.000000
0.000000,200.000000,0.000000,0.000000,-2975.000000,0.000000,0.000000
0.000000,200.000000,0.000000,0.000000,-2958.000000,0.000000,0.000000
-200.000000,100.000000,0.000000,0.000000,-2950.000000,0.000000,0.000000
0.000000,100.000000,0.000000,0.000000,-2954.000000,0.000000,0.000000
0.000000,-200.000000,0.000000,0.000000,-2963.000000,0.000000,0.000000
0.000000,-100.000000,0.000000,0.000000,-2990.000000,0.000000,0.000000
0.000000,0.000000,0.000000,0.000000,-3015.000000,0.000000,0.000000
0.000000,0.000000,0.000000,0.000000,-3013.000000,0.000000,0.000000
-100.000000,-200.000000,0.000000,0.000000,-3028.000000,0.000000,0.000000
-100.000000,-200.000000,0.000000,0.000000,-3043.000000,0.000000,0.000000
0.000000,-100.000000,0.000000,0.000000,-3044.000000,0.000000,0.000000
0.000000,-100.000000,0.000000,0.000000,-3021.000000,0.000000,0.000000
0.000000,-200.000000,0.000000,0.000000,-3037.000000,0.000000,0.000000
-200.000000,0.000000,0.000000,0.000000,-3046.000000,0.000000,0.000000
100.000000,-100.000000,0.000000,0.000000,-3022.000000,0.000000,0.000000
0.000000,0.000000,0.000000,0.000000,-3014.000000,0.000000,0.000000
0.000000,0.000000,0.000000,0.000000,-3034.000000,0.000000,0.000000
0.000000,0.000000,0.000000,0.000000,-3034.000000,0.000000,0.000000
0.000000,-100.000000,0.000000,0.000000,-3031.000000,0.000000,0.000000
-200.000000,200.000000,0.000000,0.000000,-3051.000000,0.000000,0.000000
0.000000,-100.000000,0.000000,0.000000,-3035.000000,0.000000,0.000000
100.000000,0.000000,0.000000,0.000000,-3023.000000,0.000000,0.000000
0.000000,0.000000,0.000000,0.000000,-3027.000000,0.000000,0.000000
200.000000,-100.000000,0.000000,0.000000,-2995.000000,0.000000,0.000000
-100.000000,-200.000000,0.000000,0.000000,-3014.000000,0.000000,0.000000
-200.000000,-200.000000,0.000000,0.000000,-3026.000000,0.000000,0.000000
-200.000000,0.000000,0.000000,0.000000,-3015.000000,0.000000,0.000000
100.000000,-100.000000,0.000000,0.000000,-3022.000000,0.000000,0.000000
0.000000,0.000000,0.000000,0.000000,-3029.000000,0.000000,0.000000
-200.000000,0.000000,0.000000,0.000000,-3038.000000,0.000000,0.000000
-100.000000,-700.000000,0.000000,0.000000,-3017.000000,0.000000,0.000000
0.000000,-200.000000,0.000000,0.000000,-3003.000000,0.000000,0.000000
0.000000,0.000000,0.000000,0.000000,-3000.000000,0.000000,0.000000
-100.000000,100.000000,0.000000,0.000000,-3006.000000,0.000000,0.000000
-100.000000,0.000000,0.000000,0.000000,-3018.000000,0.000000,0.000000
0.000000,-100.000000,0.000000,0.000000,-3012.000000,0.000000,0.000000
0.000000,-100.000000,0.000000,0.000000,-3022.000000,0.000000,0.000000
-200.000000,-100.000000,0.000000,0.000000,-3044.000000,0.000000,0.000000
-100.000000,-100.000000,0.000000,0.000000,-3066.000000,0.000000,0.000000
0.000000,0.000000,0.000000,0.000000,-3052.000000,0.000000,0.000000
0.000000,0.000000,0.000000,0.000000,-3033.000000,0.000000,0.000000
-200.000000,0.000000,0.000000,0.000000,-3003.000000,0.000000,0.000000
0.000000,-100.000000,0.000000,0.000000,-3027.000000,0.000000,0.000000
200.000000,200.000000,0.000000,0.000000,-3035.000000,0.000000,0.000000
0.000000,-100.000000,0.000000,0.000000,-3029.000000,0.000000,0.000000
-100.000000,0.000000,0.000000,0.000000,-3037.000000,0.000000,0.000000
-200.000000,0.000000,0.000000,0.000000,-3027.000000,0.000000,0.000000
-200.000000,-100.000000,0.000000,0.000000,-3031.000000,0.000000,0.000000
0.000000,-100.000000,0.000000,0.000000,-3028.000000,0.000000,0.000000
-200.000000,0.000000,0.000000,0.000000,-3018.000000,0.000000,0.000000
-100.000000,0.000000,0.000000,0.000000,-2980.000000,0.000000,0.000000
100.000000,-100.000000,0.000000,0.000000,-2977.000000,0.000000,0.000000
-200.000000,-100.000000,0.000000,0.000000,-2964.000000,0.000000,0.000000
-100.000000,-100.000000,0.000000,0.000000,-2996.000000,0.000000,0.000000
0.000000,-100.000000,0.000000,0.000000,-3026.000000,0.000000,0.000000
-300.000000,-200.000000,0.000000,0.000000,-3055.000000,0.000000,0.000000
100.000000,-200.000000,0.000000,0.000000,-3057.000000,0.000000,0.000000
0.000000,0.000000,0.000000,0.000000,-3085.000000,0.000000,0.000000
-200.000000,-200.000000,0.000000,0.000000,-3086.000000,0.000000,0.000000
-100.000000,0.000000,0.000000,0.000000,-3079.000000,0.000000,0.000000
-200.000000,-100.000000,0.000000,0.000000,-3070.000000,0.000000,0.000000
-100.000000,0.000000,0.000000,0.000000,-3047.000000,0.000000,0.000000
0.000000,-200.000000,0.000000,0.000000,-3010.000000,0.000000,0.000000
-100.000000,-100.000000,0.000000,0.000000,-2997.000000,0.000000,0.000000
-100.000000,-100.000000,0.000000,0.000000,-2987.000000,0.000000,0.000000
0.000000,0.000000,0.000000,0.000000,-2973.000000,0.000000,0.000000
0.000000,100.000000,0.000000,0.000000,-2998.000000,196.000000,0.000000
-100.000000,300.000000,0.000000,0.000000,-3020.000000,0.000000,196.000000
-300.000000,0.000000,0.000000,0.000000,-3053.000000,196.000000,196.000000
0.000000,0.000000,0.000000,0.000000,-3075.000000,196.000000,196.000000
-100.000000,300.000000,0.000000,0.000000,-3066.000000,196.000000,392.000000
0.000000,0.000000,0.000000,0.000000,-3094.000000,196.000000,392.000000
-100.000000,0.000000,0.000000,0.000000,-3067.000000,196.000000,392.000000
-100.000000,0.000000,0.000000,0.000000,-3022.000000,196.000000,196.000000
300.000000,0.000000,0.000000,0.000000,-2957.000000,196.000000,196.000000
-100.000000,0.000000,0.000000,0.000000,-2951.000000,0.000000,0.000000
0.000000,0.000000,0.000000,0.000000,-2844.000000,0.000000,0.000000
-500.000000,300.000000,0.000000,0.000000,-2741.000000,0.000000,0.000000
-100.000000,0.000000,0.000000,0.000000,-2775.000000,0.000000,0.000000
-300.000000,0.000000,0.000000,0.000000,-2880.000000,392.000000,0.000000
0.000000,0.000000,0.000000,0.000000,-2886.000000,392.000000,0.000000
-100.000000,-100.000000,0.000000,0.000000,-2914.000000,785.000000,0.000000
-300.000000,0.000000,0.000000,0.000000,-3001.000000,589.000000,0.000000
-200.000000,0.000000,0.000000,0.000000,-2986.000000,589.000000,0.000000
200.000000,200.000000,0.000000,0.000000,-2850.000000,589.000000,0.000000
0.000000,200.000000,0.000000,0.000000,-2866.000000,392.000000,0.000000
0.000000,100.000000,0.000000,0.000000,-3119.000000,392.000000,0.000000
0.000000,0.000000,0.000000,0.000000,-3225.000000,196.000000,0.000000
-200.000000,0.000000,0.000000,0.000000,-3141.000000,196.000000,0.000000
-100.000000,200.000000,0.000000,0.000000,-3132.000000,0.000000,0.000000
0.000000,0.000000,0.000000,0.000000,-3265.000000,0.000000,0.000000
-200.000000,300.000000,0.000000,0.000000,-3120.000000,0.000000,0.000000
-100.000000,-100.000000,0.000000,0.000000,-3166.000000,0.000000,0.000000
-100.000000,0.000000,0.000000,0.000000,-3055.000000,0.000000,0.000000
-100.000000,-200.000000,0.000000,0.000000,-2964.000000,0.000000,0.000000
0.000000,-200.000000,0.000000,0.000000,-2957.000000,0.000000,0.000000
-300.000000,0.000000,0.000000,0.000000,-2963.000000,0.000000,0.000000
0.000000,0.000000,0.000000,0.000000,-2937.000000,0.000000,0.000000
-100.000000,0.000000,0.000000,0.000000,-2918.000000,0.000000,0.000000
-100.000000,100.000000,0.000000,0.000000,-2929.000000,0.000000,0.000000
0.000000,-100.000000,0.000000,0.000000,-2912.000000,0.000000,0.000000
-200.000000,-100.000000,0.000000,0.000000,-2896.000000,0.000000,0.000000
0.000000,0.000000,0.000000,0.000000,-2911.000000,-196.000000,0.000000
-100.000000,0.000000,0.000000,0.000000,-2908.000000,0.000000,0.000000
0.000000,-200.000000,0.000000,0.000000,-2894.000000,0.000000,-196.000000
0.000000,-100.000000,0.000000,0.000000,-2962.000000,0.000000,0.000000
0.000000,0.000000,0.000000,0.000000,-3015.000000,0.000000,-196.000000
-100.000000,-100.000000,0.000000,0.000000,-3021.000000,0.000000,0.000000
-100.000000,0.000000,0.000000,0.000000,-3047.000000,0.000000,0.000000
-100.000000,200.000000,0.000000,0.000000,-3085.000000,0.000000,0.000000
-200.000000,0.000000,0.000000,0.000000,-3106.000000,0.000000,0.000000
-100.000000,0.000000,0.000000,0.000000,-3099.000000,0.000000,0.000000
0.000000,0.000000,0.000000,0.000000,-3155.000000,-196.000000,0.000000
0.000000,0.000000,0.000000,0.000000,-3145.000000,0.000000,0.000000
0.000000,0.000000,0.000000,0.000000,-3102.000000,-196.000000,-196.000000
0.000000,-100.000000,0.000000,0.000000,-3125.000000,-196.000000,0.000000
-100.000000,300.000000,0.000000,0.000000,-3146.000000,-196.000000,0.000000
0.000000,200.000000,0.000000,0.000000,-3085.000000,-392.000000,0.000000
-200.000000,0.000000,0.000000,0.000000,-3059.000000,-196.000000,0.000000
-100.000000,200.000000,0.000000,0.000000,-3071.000000,0.000000,0.000000
0.000000,0.000000,0.000000,0.000000,-3054.000000,0.000000,0.000000
0.000000,0.000000,0.000000,0.000000,-3027.000000,0.000000,0.000000
300.000000,200.000000,0.000000,0.000000,-3009.000000,196.000000,0.000000
-100.000000,200.000000,0.000000,0.000000,-3019.000000,-196.000000,0.000000
-100.000000,-100.000000,0.000000,0.000000,-3020.000000,0.000000,0.000000
-100.000000,0.000000,0.000000,0.000000,-3033.000000,196.000000,0.000000
0.000000,-200.000000,0.000000,0.000000,-3041.000000,0.000000,0.000000
0.000000,-100.000000,0.000000,0.000000,-3042.000000,0.000000,196.000000
-100.000000,-200.000000,0.000000,0.000000,-3056.000000,0.000000,0.000000
0.000000,0.000000,0.000000,0.000000,-3083.000000,196.000000,0.000000
-100.000000,0.000000,0.000000,0.000000,-3109.000000,0.000000,0.000000
-100.000000,-100.000000,0.000000,0.000000,-3109.000000,0.000000,0.000000
-200.000000,-200.000000,0.000000,0.000000,-3081.000000,0.000000,0.000000
0.000000,0.000000,0.000000,0.000000,-3089.000000,0.000000,0.000000
0.000000,-100.000000,0.000000,0.000000,-3080.000000,0.000000,0.000000
300.000000,0.000000,0.000000,0.000000,-3082.000000,0.000000,0.000000
-200.000000,0.000000,0.000000,0.000000,-3062.000000,0.000000,0.000000
0.000000,100.000000,0.000000,0.000000,-3044.000000,0.000000,0.000000
-400.000000,-100.000000,0.000000,0.000000,-3072.000000,0.000000,0.000000
0.000000,-300.000000,0.000000,0.000000,-3064.000000,0.000000,0.000000
-100.000000,-300.000000,0.000000,0.000000,-3045.000000,0.000000,196.000000
100.000000,0.000000,0.000000,0.000000,-3040.000000,0.000000,0.000000
-100.000000,-100.000000,0.000000,0.000000,-3043.000000,0.000000,0.000000
-100.000000,0.000000,0.000000,0.000000,-3027.000000,0.000000,0.000000
-100.000000,0.000000,0.000000,0.000000,-3001.000000,0.000000,0.000000
-100.000000,-200.000000,0.000000,0.000000,-3000.000000,0.000000,196.000000
0.000000,-100.000000,0.000000,0.000000,-2985.000000,0.000000,196.000000
0.000000,300.000000,0.000000,0.000000,-2970.000000,0.000000,0.000000
0.000000,200.000000,0.000000,0.000000,-2966.000000,0.000000,196.000000
200.000000,-100.000000,0.000000,0.000000,-2987.000000,196.000000,0.000000
-100.000000,0.000000,0.000000,0.000000,-2988.000000,0.000000,196.000000
-200.000000,-600.000000,0.000000,0.000000,-2977.000000,0.000000,0.000000
-100.000000,100.000000,0.000000,0.000000,-2977.000000,0.000000,196.000000
-100.000000,-100.000000,0.000000,0.000000,-2998.000000,0.000000,0.000000
100.000000,100.000000,0.000000,0.000000,-2993.000000,0.000000,0.000000
0.000000,100.000000,0.000000,0.000000,-2990.000000,0.000000,0.000000
-100.000000,-100.000000,0.000000,0.000000,-2997.000000,0.000000,196.000000
-200.000000,300.000000,0.000000,0.000000,-2981.000000,0.000000,0.000000
-200.000000,100.000000,0.000000,0.000000,-2970.000000,0.000000,0.000000
-400.000000,0.000000,0.000000,0.000000,-2967.000000,0.000000,0.000000
0.000000,0.000000,0.000000,0.000000,-2969.000000,0.000000,0.000000
-100.000000,0.000000,0.000000,0.000000,-2962.000000,0.000000,0.000000
100.000000,-200.000000,0.000000,0.000000,-2949.000000,0.000000,0.000000
-200.000000,-300.000000,0.000000,0.000000,-2942.000000,0.000000,0.000000
100.000000,0.000000,0.000000,0.000000,-2928.000000,0.000000,0.000000
200.000000,-300.000000,0.000000,0.000000,-2937.000000,0.000000,0.000000
-100.000000,-200.000000,0.000000,0.000000,-2941.000000,0.000000,0.000000
-200.000000,-100.000000,0.000000,0.000000,-2939.000000,0.000000,0.000000
100.000000,0.000000,0.000000,0.000000,-2958.000000,0.000000,0.000000
-300.000000,0.000000,0.000000,0.000000,-2951.000000,0.000000,0.000000
200.000000,-200.000000,0.000000,0.000000,-2961.000000,0.000000,0.000000
-200.000000,-200.000000,0.000000,0.000000,-2945.000000,0.000000,0.000000
-100.000000,0.000000,0.000000,0.000000,-2949.000000,0.000000,0.000000
-100.000000,0.000000,0.000000,0.000000,-2961.000000,0.000000,0.000000
0.000000,-100.000000,0.000000,0.000000,-2963.000000,0.000000,0.000000
-100.000000,200.000000,0.000000,0.000000,-2966.000000,0.000000,-196.000000
0.000000,-200.000000,0.000000,0.000000,-2986.000000,0.000000,0.000000
0.000000,200.000000,0.000000,0.000000,-2974.000000,0.000000,0.000000
0.000000,0.000000,0.000000,0.000000,-2970.000000,0.000000,0.000000
-200.000000,-300.000000,0.000000,0.000000,-2949.000000,0.000000,0.000000
0.000000,-200.000000,0.000000,0.000000,-2951.000000,0.000000,0.000000
0.000000,0.000000,0.000000,0.000000,-2963.000000,0.000000,0.000000
0.000000,0.000000,0.000000,0.000000,-2964.000000,0.000000,0.000000
100.000000,-200.000000,0.000000,0.000000,-2974.000000,0.000000,0.000000
-100.000000,-100.000000,0.000000,0.000000,-2963.000000,0.000000,0.000000
-200.000000,-200.000000,0.000000,0.000000,-2983.000000,0.000000,0.000000
0.000000,0.000000,0.000000,0.000000,-2988.000000,0.000000,0.000000
0.000000,-100.000000,0.000000,0.000000,-2991.000000,0.000000,0.000000
-100.000000,-200.000000,0.000000,0.000000,-2975.000000,0.000000,0.000000
-300.000000,-100.000000,0.000000,0.000000,-2972.000000,0.000000,0.000000
0.000000,-100.000000,0.000000,0.000000,-2975.000000,0.000000,0.000000
0.000000,-100.000000,0.000000,0.000000,-2968.000000,0.000000,0.000000
0.000000,0.000000,0.000000,0.000000,-2963.000000,0.000000,0.000000
0.000000,100.000000,0.000000,0.000000,-2971.000000,0.000000,196.000000
0.000000,0.000000,0.000000,0.000000,-2979.000000,0.000000,0.000000
-100.000000,0.000000,0.000000,0.000000,-2990.000000,0.000000,0.000000
0.000000,-200.000000,0.000000,0.000000,-2996.000000,0.000000,0.000000
-100.000000,-100.000000,0.000000,0.000000,-2975.000000,0.000000,0.000000
100.000000,-200.000000,0.000000,0.000000,-2967.000000,0.000000,0.000000
0.000000,100.000000,0.000000,0.000000,-2959.000000,0.000000,0.000000
-100.000000,0.000000,0.000000,0.000000,-2961.000000,0.000000,0.000000
-100.000000,0.000000,0.000000,0.000000,-2960.000000,0.000000,0.000000
-100.000000,0.000000,0.000000,0.000000,-2967.000000,0.000000,0.000000
100.000000,100.000000,0.000000,0.000000,-2942.000000,0.000000,0.000000
-200.000000,0.000000,0.000000,0.000000,-2926.000000,0.000000,0.000000
-100.000000,0.000000,0.000000,0.000000,-2937.000000,0.000000,0.000000
100.000000,0.000000,0.000000,0.000000,-2934.000000,0.000000,0.000000
0.000000,-100.000000,0.000000,0.000000,-2928.000000,0.000000,0.000000
100.000000,100.000000,0.000000,0.000000,-2922.000000,0.000000,0.000000
100.000000,0.000000,0.000000,0.000000,-2925.000000,0.000000,0.000000
0.000000,0.000000,0.000000,0.000000,-2948.000000,0.000000,0.000000
-100.000000,0.000000,0.000000,0.000000,-2936.000000,0.000000,0.000000
-200.000000,0.000000,0.000000,0.000000,-2942.000000,0.000000,0.000000
0.000000,-100.000000,0.000000,0.000000,-2976.000000,0.000000,0.000000
-100.000000,0.000000,0.000000,0.000000,-2990.000000,0.000000,0.000000
-100.000000,0.000000,0.000000,0.000000,-2978.000000,0.000000,0.000000
