Channel 1,Channel 2,Channel 3,Channel 4,Channel 5,Channel 6,Channel 7
-200.000000,-100.000000,0.000000,0.000000,-2804.000000,0.000000,0.000000
-100.000000,100.000000,0.000000,0.000000,-2801.000000,0.000000,0.000000
-300.000000,0.000000,0.000000,0.000000,-2794.000000,0.000000,0.000000
0.000000,-200.000000,156.000000,156.000000,-2773.000000,0.000000,0.000000
200.000000,0.000000,0.000000,0.000000,-2773.000000,0.000000,0.000000
-200.000000,-300.000000,0.000000,0.000000,-2756.000000,0.000000,0.000000
-100.000000,0.000000,0.000000,0.000000,-2777.000000,0.000000,0.000000
0.000000,0.000000,0.000000,0.000000,-2755.000000,0.000000,0.000000
-500.000000,-100.000000,0.000000,0.000000,-2776.000000,0.000000,0.000000
0.000000,0.000000,0.000000,0.000000,-2775.000000,0.000000,0.000000
-100.000000,200.000000,0.000000,0.000000,-2784.000000,0.000000,0.000000
-200.000000,0.000000,0.000000,0.000000,-2767.000000,0.000000,0.000000
-200.000000,100.000000,0.000000,0.000000,-2742.000000,0.000000,0.000000
-200.000000,-100.000000,0.000000,0.000000,-2734.000000,0.000000,0.000000
-200.000000,-200.000000,0.000000,0.000000,-2706.000000,0.000000,0.000000
0.000000,0.000000,0.000000,0.000000,-2697.000000,0.000000,0.000000
-200.000000,-200.000000,0.000000,0.000000,-2714.000000,0.000000,0.000000
-100.000000,0.000000,0.000000,0.000000,-2725.000000,0.000000,0.000000
0.000000,0.000000,0.000000,0.000000,-2732.000000,0.000000,0.000000
-300.000000,100.000000,0.000000,0.000000,-2744.000000,0.000000,0.000000
-200.000000,0.000000,0.000000,0.000000,-2768.000000,0.000000,0.000000
-200.000000,-200.000000,0.000000,0.000000,-2771.000000,0.000000,0.000000
-100.000000,-200.000000,0.000000,0.000000,-2763.000000,0.000000,0.000000
0.000000,0.000000,78.000000,78.000000,-2753.000000,0.000000,0.000000
100.000000,-200.000000,0.000000,0.000000,-2763.000000,0.000000,0.000000
-200.000000,100.000000,0.000000,0.000000,-2766.000000,0.000000,0.000000
0.000000,0.000000,0.000000,0.000000,-2765.000000,0.000000,0.000000
0.000000,0.000000,0.000000,0.000000,-2768.000000,0.000000,0.000000
-200.000000,-100.000000,0.000000,0.000000,-2774.000000,0.000000,0.000000
-100.000000,-200.000000,0.000000,0.000000,-2768.000000,0.000000,0.000000
-400.000000,-100.000000,156.000000,156.000000,-2758.000000,0.000000,0.000000
300.000000,0.000000,0.000000,0.000000,-2749.000000,0.000000,0.000000
-200.000000,-100.000000,0.000000,0.000000,-2737.000000,0.000000,0.000000
100.000000,-100.000000,0.000000,0.000000,-2723.000000,0.000000,0.000000
-100.000000,100.000000,0.000000,0.000000,-2724.000000,0.000000,0.000000
-200.000000,0.000000,0.000000,0.000000,-2737.000000,0.000000,0.000000
-100.000000,0.000000,0.000000,0.000000,-2746.000000,0.000000,0.000000
0.000000,-200.000000,0.000000,0.000000,-2766.000000,0.000000,0.000000
-100.000000,-300.000000,0.000000,0.000000,-2763.000000,0.000000,0.000000
0.000000,-300.000000,0.000000,0.000000,-2745.000000,0.000000,0.000000
-100.000000,0.000000,0.000000,0.000000,-2762.000000,0.000000,0.000000
0.000000,-100.000000,0.000000,0.000000,-2785.000000,0.000000,0.000000
0.000000,100.000000,0.000000,0.000000,-2790.000000,0.000000,0.000000
-100.000000,-100.000000,0.000000,0.000000,-2796.000000,0.000000,0.000000
0.000000,-100.000000,0.000000,0.000000,-2774.000000,0.000000,0.000000
0.000000,-200.000000,0.000000,0.000000,-2762.000000,0.000000,0.000000
300.000000,-100.000000,0.000000,0.000000,-2780.000000,0.000000,0.000000
-100.000000,-100.000000,0.000000,0.000000,-2774.000000,0.000000,0.000000
-100.000000,0.000000,0.000000,0.000000,-2788.000000,0.000000,0.000000
0.000000,-300.000000,0.000000,0.000000,-2806.000000,0.000000,0.000000
200.000000,-200.000000,0.000000,0.000000,-2798.000000,0.000000,0.000000
-100.000000,-200.000000,0.000000,0.000000,-2825.000000,0.000000,0.000000
0.000000,-100.000000,0.000000,0.000000,-2823.000000,0.000000,0.000000
-200.000000,-200.000000,0.000000,0.000000,-2814.000000,0.000000,0.000000
-100.000000,-200.000000,78.000000,78.000000,-2831.000000,0.000000,0.000000
0.000000,0.000000,0.000000,0.000000,-2847.000000,0.000000,0.000000
-200.000000,0.000000,0.000000,0.000000,-2837.000000,0.000000,0.000000
0.000000,0.000000,0.000000,0.000000,-2804.000000,0.000000,0.000000
0.000000,-100.000000,0.000000,0.000000,-2783.000000,0.000000,0.000000
0.000000,-100.000000,0.000000,0.000000,-2782.000000,0.000000,0.000000
-200.000000,-100.000000,0.000000,0.000000,-2769.000000,0.000000,0.000000
0.000000,0.000000,0.000000,0.000000,-2761.000000,0.000000,0.000000
0.000000,300.000000,0.000000,0.000000,-2745.000000,0.000000,0.000000
-200.000000,0.000000,0.000000,0.000000,-2760.000000,0.000000,0.000000
-200.000000,-100.000000,0.000000,0.000000,-2762.000000,0.000000,0.000000
-100.000000,0.000000,0.000000,0.000000,-2759.000000,0.000000,0.000000
-100.000000,-100.000000,0.000000,0.000000,-2770.000000,0.000000,0.000000
-400.000000,0.000000,0.000000,0.000000,-2774.000000,0.000000,0.000000
-300.000000,100.000000,0.000000,0.000000,-2795.000000,0.000000,-196.000000
-600.000000,100.000000,0.000000,0.000000,-2782.000000,-196.000000,0.000000
-200.000000,-100.000000,0.000000,0.000000,-2791.000000,0.000000,0.000000
100.000000,0.000000,0.000000,0.000000,-2807.000000,0.000000,0.000000
-200.000000,-200.000000,0.000000,0.000000,-2804.000000,0.000000,-196.000000
300.000000,-200.000000,0.000000,0.000000,-2780.000000,0.000000,0.000000
-300.000000,100.000000,0.000000,0.000000,-2765.000000,0.000000,0.000000
0.000000,-200.000000,0.000000,0.000000,-2735.000000,0.000000,0.000000
-100.000000,300.000000,0.000000,0.000000,-2737.000000,-196.000000,0.000000
0.000000,200.000000,0.000000,0.000000,-2766.000000,0.000000,0.000000
-100.000000,0.000000,0.000000,0.000000,-2777.000000,0.000000,-196.000000
200.000000,200.000000,0.000000,0.000000,-2798.000000,-196.000000,0.000000
200.000000,200.000000,0.000000,0.000000,-2808.000000,0.000000,0.000000
100.000000,100.000000,0.000000,0.000000,-2831.000000,-196.000000,-196.000000
0.000000,0.000000,0.000000,0.000000,-2843.000000,0.000000,0.000000
-100.000000,0.000000,0.000000,0.000000,-2833.000000,-196.000000,-196.000000
0.000000,100.000000,0.000000,0.000000,-2845.000000,0.000000,0.000000
300.000000,100.000000,0.000000,0.000000,-2850.000000,-196.000000,0.000000
-100.000000,0.000000,0.000000,0.000000,-2838.000000,0.000000,0.000000
-100.000000,100.000000,0.000000,0.000000,-2805.000000,0.000000,-196.000000
-100.000000,0.000000,0.000000,0.000000,-2786.000000,0.000000,0.000000
0.000000,0.000000,0.000000,0.000000,-2758.000000,0.000000,0.000000
-100.000000,0.000000,0.000000,0.000000,-2754.000000,-196.000000,0.000000
-100.000000,100.000000,0.000000,0.000000,-2750.000000,0.000000,0.000000
300.000000,200.000000,0.000000,0.000000,-2773.000000,-196.000000,-196.000000
300.000000,0.000000,0.000000,0.000000,-2767.000000,0.000000,0.000000
0.000000,200.000000,156.000000,156.000000,-2802.000000,-196.000000,0.000000
0.000000,0.000000,0.000000,0.000000,-2811.000000,0.000000,0.000000
-100.000000,0.000000,0.000000,0.000000,-2805.000000,0.000000,0.000000
-200.000000,-100.000000,0.000000,0.000000,-2789.000000,0.000000,0.000000
-300.000000,0.000000,0.000000,0.000000,-2779.000000,0.000000,0.000000
-200.000000,0.000000,0.000000,0.000000,-2764.000000,0.000000,0.000000
-100.000000,0.000000,0.000000,0.000000,-2780.000000,0.000000,0.000000
0.000000,-100.000000,0.000000,0.000000,-2793.000000,0.000000,0.000000
-100.000000,100.000000,0.000000,0.000000,-2817.000000,0.000000,0.000000
-100.000000,0.000000,156.000000,156.000000,-2825.000000,196.000000,0.000000
0.000000,0.000000,0.000000,0.000000,-2810.000000,0.000000,0.000000
-200.000000,-100.000000,0.000000,0.000000,-2791.000000,0.000000,0.000000
0.000000,-300.000000,0.000000,0.000000,-2783.000000,0.000000,0.000000
0.000000,-100.000000,0.000000,0.000000,-2745.000000,0.000000,0.000000
0.000000,0.000000,0.000000,0.000000,-2730.000000,0.000000,0.000000
0.000000,-100.000000,0.000000,0.000000,-2738.000000,0.000000,0.000000
0.000000,-200.000000,0.000000,0.000000,-2729.000000,0.000000,0.000000
-200.000000,-100.000000,0.000000,0.000000,-2756.000000,0.000000,0.000000
-200.000000,-100.000000,0.000000,0.000000,-2761.000000,0.000000,0.000000
0.000000,-100.000000,0.000000,0.000000,-2760.000000,0.000000,0.000000
0.000000,0.000000,0.000000,0.000000,-2760.000000,0.000000,0.000000
-100.000000,0.000000,0.000000,0.000000,-2759.000000,0.000000,0.000000
-100.000000,0.000000,0.000000,0.000000,-2738.000000,0.000000,0.000000
0.000000,0.000000,0.000000,0.000000,-2742.000000,0.000000,0.000000
-100.000000,0.000000,0.000000,0.000000,-2761.000000,0.000000,0.000000
-200.000000,-100.000000,0.000000,0.000000,-2793.000000,0.000000,0.000000
0.000000,0.000000,0.000000,0.000000,-2796.000000,0.000000,0.000000
-200.000000,-200.000000,0.000000,0.000000,-2788.000000,0.000000,0.000000
100.000000,0.000000,78.000000,78.000000,-2780.000000,0.000000,0.000000
300.000000,400.000000,0.000000,0.000000,-2766.000000,0.000000,0.000000
0.000000,0.000000,0.000000,0.000000,-2761.000000,-196.000000,-196.000000
100.000000,-200.000000,0.000000,0.000000,-2770.000000,0.000000,0.000000
0.000000,-100.000000,0.000000,0.000000,-2754.000000,0.000000,0.000000
-100.000000,-200.000000,0.000000,0.000000,-2755.000000,0.000000,0.000000
-100.000000,-300.000000,0.000000,0.000000,-2760.000000,0.000000,0.000000
-100.000000,0.000000,0.000000,0.000000,-2743.000000,0.000000,0.000000
-100.000000,0.000000,0.000000,0.000000,-2765.000000,0.000000,0.000000
0.000000,-200.000000,0.000000,0.000000,-2766.000000,0.000000,0.000000
0.000000,-300.000000,0.000000,0.000000,-2779.000000,-196.000000,0.000000
100.000000,-100.000000,0.000000,0.000000,-2790.000000,0.000000,-196.000000
8000.000000,-100.000000,10000.000000,10000.000000,-2768.000000,392.000000,392.000000
11000.000000,8300.000000,10000.000000,10000.000000,-2779.000000,1767.000000,1767.000000
12000.000000,9300.000000,10000.000000,10000.000000,-2766.000000,1570.000000,1963.000000
10400.000000,11500.000000,10000.000000,10000.000000,-2819.000000,392.000000,196.000000
10000.000000,9400.000000,10000.000000,10000.000000,-2937.000000,-196.000000,-196.000000
9500.000000,8600.000000,10000.000000,10000.000000,-2976.000000,392.000000,0.000000
9100.000000,8500.000000,10000.000000,10000.000000,-2806.000000,981.000000,981.000000
8100.000000,9400.000000,10000.000000,10000.000000,-2670.000000,1570.000000,1767.000000
8200.000000,9200.000000,10000.000000,10000.000000,-2743.000000,1963.000000,1963.000000
9300.000000,9900.000000,10000.000000,10000.000000,-2881.000000,1374.000000,1374.000000
9800.000000,9400.000000,10000.000000,10000.000000,-2903.000000,981.000000,981.000000
9000.000000,9800.000000,10000.000000,10000.000000,-2809.000000,981.000000,981.000000
10100.000000,8300.000000,10000.000000,10000.000000,-2724.000000,1963.000000,1570.000000
11700.000000,9600.000000,10000.000000,10000.000000,-2704.000000,2552.000000,2552.000000
8600.000000,8800.000000,10000.000000,10000.000000,-2759.000000,2356.000000,2748.000000
9300.000000,9600.000000,10000.000000,10000.000000,-2803.000000,1963.000000,2159.000000
9300.000000,9700.000000,10000.000000,10000.000000,-2735.000000,1767.000000,1570.000000
8700.000000,9100.000000,10000.000000,10000.000000,-2824.000000,2159.000000,1570.000000
8300.000000,9400.000000,10000.000000,10000.000000,-2815.000000,2356.000000,1963.000000
8000.000000,10600.000000,10000.000000,10000.000000,-2780.000000,2748.000000,2552.000000
10400.000000,9400.000000,10000.000000,10000.000000,-2782.000000,2748.000000,2552.000000
11000.000000,9400.000000,10000.000000,10000.000000,-2831.000000,2159.000000,2159.000000
9200.000000,9900.000000,10000.000000,10000.000000,-2866.000000,2159.000000,1767.000000
10200.000000,9300.000000,10000.000000,10000.000000,-2836.000000,2159.000000,1767.000000
10600.000000,9500.000000,10000.000000,10000.000000,-2819.000000,2552.000000,2159.000000
8700.000000,11100.000000,10000.000000,10000.000000,-2855.000000,2552.000000,2356.000000
9300.000000,8900.000000,10000.000000,10000.000000,-2870.000000,2552.000000,2748.000000
11800.000000,9000.000000,10000.000000,10000.000000,-2861.000000,2159.000000,2356.000000
10600.000000,9400.000000,10000.000000,10000.000000,-2861.000000,2159.000000,1963.000000
10500.000000,9200.000000,10000.000000,10000.000000,-2864.000000,2159.000000,1767.000000
9900.000000,9800.000000,10000.000000,10000.000000,-2841.000000,2356.000000,2159.000000
8900.000000,11200.000000,10000.000000,10000.000000,-2828.000000,2356.000000,2356.000000
8700.000000,9600.000000,10000.000000,10000.000000,-2836.000000,2356.000000,2159.000000
8900.000000,8700.000000,10000.000000,10000.000000,-2862.000000,1963.000000,2159.000000
9200.000000,8600.000000,10000.000000,10000.000000,-2842.000000,1963.000000,1570.000000
8600.000000,8400.000000,10000.000000,10000.000000,-2829.000000,1767.000000,1570.000000
9500.000000,9200.000000,10000.000000,10000.000000,-2817.000000,1963.000000,1767.000000
10700.000000,10600.000000,10000.000000,10000.000000,-2800.000000,1767.000000,1963.000000
11200.000000,11400.000000,10000.000000,10000.000000,-2756.000000,1767.000000,1767.000000
11500.000000,11000.000000,10000.000000,10000.000000,-2746.000000,1767.000000,1570.000000
9700.000000,9700.000000,10000.000000,10000.000000,-2772.000000,1570.000000,1374.000000
9000.000000,9400.000000,10000.000000,10000.000000,-2786.000000,1374.000000,1570.000000
10000.000000,8700.000000,10000.000000,10000.000000,-2783.000000,1570.000000,1374.000000
10100.000000,11000.000000,10000.000000,10000.000000,-2780.000000,1570.000000,1374.000000
9600.000000,9700.000000,10000.000000,10000.000000,-2778.000000,1570.000000,1374.000000
8400.000000,9500.000000,10000.000000,10000.000000,-2796.000000,1374.000000,1374.000000
10900.000000,8800.000000,10000.000000,10000.000000,-2785.000000,1374.000000,1374.000000
9700.000000,11100.000000,10000.000000,10000.000000,-2765.000000,1570.000000,981.000000
9300.000000,9500.000000,10000.000000,10000.000000,-2738.000000,1374.000000,1374.000000
9300.000000,9000.000000,10000.000000,10000.000000,-2699.000000,1374.000000,1178.000000
10000.000000,9500.000000,10000.000000,10000.000000,-2684.000000,1570.000000,1374.000000
9400.000000,10700.000000,10000.000000,10000.000000,-2670.000000,1570.000000,1374.000000
8200.000000,9600.000000,10000.000000,10000.000000,-2676.000000,1374.000000,1178.000000
11100.000000,100.000000,0.000000,0.000000,-2654.000000,1178.000000,785.000000
-100.000000,0.000000,0.000000,0.000000,-2592.000000,-392.000000,-589.000000
300.000000,200.000000,0.000000,0.000000,-2605.000000,-392.000000,-589.000000
100.000000,0.000000,0.000000,0.000000,-2409.000000,-196.000000,-196.000000
-100.000000,200.000000,0.000000,0.000000,-2362.000000,0.000000,-196.000000
0.000000,-100.000000,0.000000,0.000000,-2456.000000,-392.000000,-196.000000
-100.000000,-200.000000,0.000000,0.000000,-2532.000000,392.000000,196.000000
0.000000,-100.000000,0.000000,0.000000,-2553.000000,0.000000,392.000000
200.000000,-100.000000,0.000000,0.000000,-2501.000000,0.000000,589.000000
-100.000000,-200.000000,0.000000,0.000000,-2545.000000,196.000000,785.000000
0.000000,0.000000,0.000000,0.000000,-2582.000000,0.000000,785.000000
-100.000000,0.000000,0.000000,0.000000,-2621.000000,196.000000,785.000000
-200.000000,0.000000,0.000000,0.000000,-2602.000000,589.000000,589.000000
0.000000,0.000000,0.000000,0.000000,-2493.000000,785.000000,589.000000
100.000000,0.000000,0.000000,0.000000,-2506.000000,785.000000,392.000000
-100.000000,-100.000000,0.000000,0.000000,-2588.000000,981.000000,196.000000
0.000000,0.000000,0.000000,0.000000,-2554.000000,785.000000,392.000000
300.000000,-200.000000,0.000000,0.000000,-2492.000000,785.000000,196.000000
200.000000,-100.000000,0.000000,0.000000,-2444.000000,785.000000,196.000000
-100.000000,100.000000,0.000000,0.000000,-2530.000000,785.000000,196.000000
0.000000,300.000000,0.000000,0.000000,-2522.000000,785.000000,196.000000
-300.000000,-100.000000,0.000000,0.000000,-2464.000000,1178.000000,392.000000
300.000000,-200.000000,0.000000,0.000000,-2491.000000,1178.000000,785.000000
-200.000000,-100.000000,0.000000,0.000000,-2533.000000,1374.000000,981.000000
-200.000000,0.000000,0.000000,0.000000,-2572.000000,1570.000000,1178.000000
-200.000000,100.000000,0.000000,0.000000,-2624.000000,1570.000000,981.000000
100.000000,-100.000000,0.000000,0.000000,-2594.000000,1570.000000,981.000000
0.000000,-100.000000,0.000000,0.000000,-2574.000000,1570.000000,981.000000
0.000000,100.000000,0.000000,0.000000,-2619.000000,1767.000000,981.000000
-300.000000,0.000000,0.000000,0.000000,-2634.000000,2159.000000,1374.000000
-100.000000,0.000000,0.000000,0.000000,-2615.000000,2159.000000,1570.000000
-200.000000,-100.000000,0.000000,0.000000,-2605.000000,2356.000000,1767.000000
0.000000,0.000000,0.000000,0.000000,-2645.000000,2356.000000,1767.000000
-100.000000,0.000000,0.000000,0.000000,-2677.000000,2552.000000,1767.000000
0.000000,0.000000,0.000000,0.000000,-2688.000000,2552.000000,1767.000000
200.000000,0.000000,0.000000,0.000000,-2666.000000,2748.000000,1767.000000
-100.000000,100.000000,0.000000,0.000000,-2688.000000,2945.000000,1963.000000
-200.000000,0.000000,0.000000,0.000000,-2711.000000,2945.000000,2159.000000
200.000000,-200.000000,0.000000,0.000000,-2698.000000,3141.000000,2159.000000
0.000000,100.000000,0.000000,0.000000,-2703.000000,2945.000000,2552.000000
0.000000,200.000000,0.000000,0.000000,-2727.000000,3141.000000,2356.000000
0.000000,100.000000,0.000000,0.000000,-2714.000000,2945.000000,2552.000000
0.000000,-200.000000,0.000000,0.000000,-2694.000000,2945.000000,2356.000000
-100.000000,100.000000,0.000000,0.000000,-2710.000000,3141.000000,2552.000000
0.000000,100.000000,0.000000,0.000000,-2695.000000,3337.000000,2159.000000
0.000000,0.000000,0.000000,0.000000,-2678.000000,3141.000000,2356.000000
0.000000,200.000000,0.000000,0.000000,-2677.000000,3337.000000,2356.000000
-100.000000,0.000000,0.000000,0.000000,-2637.000000,3337.000000,2356.000000
-200.000000,100.000000,0.000000,0.000000,-2622.000000,3141.000000,2356.000000
-100.000000,-100.000000,0.000000,0.000000,-2609.000000,3337.000000,2356.000000
-100.000000,0.000000,0.000000,0.000000,-2621.000000,3141.000000,2356.000000
-100.000000,0.000000,0.000000,0.000000,-2604.000000,2945.000000,1963.000000
0.000000,100.000000,0.000000,0.000000,-2613.000000,2945.000000,2159.000000
-200.000000,100.000000,0.000000,0.000000,-2622.000000,2748.000000,2159.000000
-100.000000,0.000000,0.000000,0.000000,-2634.000000,2552.000000,2159.000000
0.000000,100.000000,0.000000,0.000000,-2608.000000,2552.000000,1963.000000
-100.000000,100.000000,0.000000,0.000000,-2627.000000,2356.000000,1767.000000
-100.000000,-100.000000,0.000000,0.000000,-2609.000000,2356.000000,1767.000000
-200.000000,0.000000,0.000000,0.000000,-2581.000000,2159.000000,1570.000000
-200.000000,100.000000,0.000000,0.000000,-2570.000000,1963.000000,1570.000000
100.000000,0.000000,0.000000,0.000000,-2580.000000,1767.000000,1374.000000
0.000000,100.000000,0.000000,0.000000,-2524.000000,1767.000000,1178.000000
0.000000,100.000000,0.000000,0.000000,-2489.000000,1767.000000,981.000000
-200.000000,0.000000,0.000000,0.000000,-2480.000000,1374.000000,981.000000
0.000000,100.000000,0.000000,0.000000,-2457.000000,1374.000000,785.000000
0.000000,300.000000,0.000000,0.000000,-2457.000000,1178.000000,589.000000
200.000000,-200.000000,0.000000,0.000000,-2462.000000,1178.000000,589.000000
-200.000000,0.000000,0.000000,0.000000,-2489.000000,981.000000,392.000000
0.000000,0.000000,0.000000,0.000000,-2468.000000,785.000000,196.000000
0.000000,0.000000,0.000000,0.000000,-2468.000000,589.000000,196.000000
0.000000,100.000000,0.000000,0.000000,-2479.000000,589.000000,-196.000000
200.000000,-100.000000,0.000000,0.000000,-2437.000000,196.000000,0.000000
300.000000,0.000000,0.000000,0.000000,-2449.000000,196.000000,-196.000000
0.000000,0.000000,0.000000,0.000000,-2447.000000,0.000000,0.000000
-100.000000,0.000000,0.000000,0.000000,-2441.000000,0.000000,0.000000
-100.000000,-100.000000,0.000000,0.000000,-2455.000000,0.000000,0.000000
200.000000,-200.000000,0.000000,0.000000,-2453.000000,0.000000,0.000000
0.000000,-100.000000,0.000000,0.000000,-2444.000000,-196.000000,-589.000000
100.000000,-100.000000,0.000000,0.000000,-2480.000000,0.000000,-1178.000000
-100.000000,0.000000,0.000000,0.000000,-2510.000000,-196.000000,-1374.000000
-200.000000,-100.000000,0.000000,0.000000,-2477.000000,0.000000,-1178.000000
0.000000,0.000000,0.000000,0.000000,-2498.000000,0.000000,-1178.000000
200.000000,0.000000,0.000000,0.000000,-2495.000000,-589.000000,-981.000000
0.000000,100.000000,0.000000,0.000000,-2442.000000,-1178.000000,-785.000000
200.000000,400.000000,0.000000,0.000000,-2490.000000,-1178.000000,-785.000000
100.000000,0.000000,0.000000,0.000000,-2525.000000,-1178.000000,-589.000000
0.000000,100.000000,0.000000,0.000000,-2440.000000,-785.000000,-589.000000
0.000000,300.000000,0.000000,0.000000,-2402.000000,-981.000000,-785.000000
0.000000,100.000000,0.000000,0.000000,-2482.000000,-785.000000,-785.000000
0.000000,0.000000,0.000000,0.000000,-2502.000000,-589.000000,-981.000000
0.000000,100.000000,0.000000,0.000000,-2489.000000,-589.000000,-785.000000
-200.000000,200.000000,0.000000,0.000000,-2438.000000,-392.000000,-785.000000
200.000000,200.000000,0.000000,0.000000,-2462.000000,-392.000000,-589.000000
-100.000000,300.000000,0.000000,0.000000,-2468.000000,-589.000000,-392.000000
100.000000,600.000000,0.000000,0.000000,-2505.000000,-392.000000,-392.000000
100.000000,100.000000,0.000000,0.000000,-2472.000000,-589.000000,-196.000000
0.000000,400.000000,0.000000,0.000000,-2417.000000,-392.000000,-196.000000
100.000000,200.000000,0.000000,0.000000,-2436.000000,-589.000000,0.000000
0.000000,300.000000,0.000000,0.000000,-2472.000000,-196.000000,0.000000
-100.000000,200.000000,0.000000,0.000000,-2516.000000,-196.000000,-196.000000
0.000000,200.000000,0.000000,0.000000,-2491.000000,0.000000,0.000000
-300.000000,-200.000000,0.000000,0.000000,-2502.000000,196.000000,196.000000
-200.000000,-100.000000,0.000000,0.000000,-2500.000000,0.000000,0.000000
100.000000,100.000000,0.000000,0.000000,-2489.000000,0.000000,196.000000
0.000000,-300.000000,0.000000,0.000000,-2503.000000,0.000000,0.000000
-200.000000,0.000000,0.000000,0.000000,-2459.000000,0.000000,0.000000
-200.000000,0.000000,0.000000,0.000000,-2462.000000,0.000000,0.000000
100.000000,-200.000000,0.000000,0.000000,-2457.000000,0.000000,0.000000
-200.000000,0.000000,0.000000,0.000000,-2433.000000,196.000000,0.000000
-100.000000,0.000000,0.000000,0.000000,-2411.000000,196.000000,196.000000
200.000000,-100.000000,0.000000,0.000000,-2437.000000,0.000000,196.000000
-100.000000,-200.000000,0.000000,0.000000,-2460.000000,0.000000,589.000000
200.000000,-200.000000,0.000000,0.000000,-2460.000000,0.000000,981.000000
-200.000000,-100.000000,0.000000,0.000000,-2451.000000,0.000000,981.000000
0.000000,-300.000000,0.000000,0.000000,-2470.000000,0.000000,785.000000
-100.000000,-300.000000,0.000000,0.000000,-2487.000000,0.000000,785.000000
-100.000000,-400.000000,0.000000,0.000000,-2466.000000,0.000000,785.000000
0.000000,-200.000000,0.000000,0.000000,-2489.000000,0.000000,589.000000
0.000000,-300.000000,0.000000,0.000000,-2526.000000,0.000000,392.000000
100.000000,100.000000,0.000000,0.000000,-2506.000000,0.000000,392.000000
100.000000,-200.000000,0.000000,0.000000,-2495.000000,0.000000,196.000000
0.000000,-200.000000,0.000000,0.000000,-2509.000000,0.000000,392.000000
0.000000,-100.000000,0.000000,0.000000,-2535.000000,196.000000,0.000000
0.000000,-200.000000,0.000000,0.000000,-2506.000000,0.000000,196.000000
-200.000000,-200.000000,0.000000,0.000000,-2491.000000,0.000000,0.000000
0.000000,-400.000000,0.000000,0.000000,-2513.000000,0.000000,0.000000
-200.000000,-100.000000,0.000000,0.000000,-2527.000000,0.000000,0.000000
-300.000000,0.000000,0.000000,0.000000,-2491.000000,0.000000,0.000000
0.000000,0.000000,0.000000,0.000000,-2451.000000,0.000000,0.000000
0.000000,-400.000000,0.000000,0.000000,-2452.000000,0.000000,0.000000
0.000000,-100.000000,0.000000,0.000000,-2455.000000,0.000000,0.000000
0.000000,-200.000000,0.000000,0.000000,-2463.000000,0.000000,0.000000
0.000000,-300.000000,0.000000,0.000000,-2467.000000,0.000000,-196.000000
100.000000,-100.000000,0.000000,0.000000,-2486.000000,0.000000,-196.000000
-100.000000,0.000000,0.000000,0.000000,-2513.000000,0.000000,0.000000
100.000000,-400.000000,0.000000,0.000000,-2513.000000,0.000000,0.000000
100.000000,200.000000,0.000000,0.000000,-2529.000000,-196.000000,-589.000000
100.000000,0.000000,0.000000,0.000000,-2535.000000,-196.000000,-981.000000
0.000000,-300.000000,0.000000,0.000000,-2553.000000,0.000000,-1374.000000
0.000000,300.000000,0.000000,0.000000,-2549.000000,-196.000000,-1570.000000
0.000000,100.000000,78.000000,78.000000,-2598.000000,-589.000000,-1178.000000
0.000000,200.000000,0.000000,0.000000,-2527.000000,-1178.000000,-1374.000000
0.000000,200.000000,0.000000,0.000000,-2501.000000,-1767.000000,-981.000000
0.000000,0.000000,0.000000,0.000000,-2539.000000,-1767.000000,-981.000000
300.000000,-300.000000,0.000000,0.000000,-2527.000000,-1767.000000,-981.000000
400.000000,-300.000000,0.000000,0.000000,-2455.000000,-1767.000000,-1178.000000
0.000000,200.000000,0.000000,0.000000,-2467.000000,-1374.000000,-1374.000000
0.000000,-300.000000,0.000000,0.000000,-2574.000000,-1374.000000,-1570.000000
0.000000,100.000000,0.000000,0.000000,-2581.000000,-981.000000,-1570.000000
0.000000,200.000000,0.000000,0.000000,-2515.000000,-981.000000,-1570.000000
200.000000,200.000000,0.000000,0.000000,-2503.000000,-981.000000,-1374.000000
300.000000,100.000000,0.000000,0.000000,-2518.000000,-785.000000,-1374.000000
-100.000000,-100.000000,0.000000,0.000000,-2564.000000,-981.000000,-1178.000000
100.000000,0.000000,0.000000,0.000000,-2562.000000,-1178.000000,-1374.000000
300.000000,-100.000000,0.000000,0.000000,-2525.000000,-1767.000000,-1178.000000
0.000000,100.000000,0.000000,0.000000,-2534.000000,-1570.000000,-1570.000000
0.000000,200.000000,0.000000,0.000000,-2597.000000,-1374.000000,-1374.000000
0.000000,-400.000000,156.000000,156.000000,-2549.000000,-1570.000000,-1374.000000
300.000000,200.000000,0.000000,0.000000,-2504.000000,-1178.000000,-1178.000000
100.000000,200.000000,0.000000,0.000000,-2506.000000,-1178.000000,-1374.000000
300.000000,0.000000,0.000000,0.000000,-2574.000000,-785.000000,-1178.000000
400.000000,200.000000,0.000000,0.000000,-2600.000000,-981.000000,-1178.000000
500.000000,500.000000,0.000000,0.000000,-2570.000000,-785.000000,-1178.000000
300.000000,200.000000,0.000000,0.000000,-2562.000000,-981.000000,-1178.000000
200.000000,0.000000,0.000000,0.000000,-2581.000000,-981.000000,-981.000000
500.000000,200.000000,0.000000,0.000000,-2604.000000,-1178.000000,-981.000000
300.000000,0.000000,0.000000,0.000000,-2619.000000,-981.000000,-785.000000
600.000000,300.000000,0.000000,0.000000,-2626.000000,-981.000000,-981.000000
300.000000,100.000000,0.000000,0.000000,-2640.000000,-785.000000,-785.000000
200.000000,300.000000,0.000000,0.000000,-2665.000000,-785.000000,-785.000000
400.000000,300.000000,0.000000,0.000000,-2681.000000,-589.000000,-785.000000
300.000000,-100.000000,0.000000,0.000000,-2627.000000,-589.000000,-785.000000
300.000000,0.000000,0.000000,0.000000,-2634.000000,-589.000000,-785.000000
200.000000,-100.000000,0.000000,0.000000,-2651.000000,-589.000000,-589.000000
300.000000,300.000000,0.000000,0.000000,-2679.000000,-392.000000,-785.000000
400.000000,300.000000,0.000000,0.000000,-2650.000000,-392.000000,-589.000000
500.000000,0.000000,0.000000,0.000000,-2654.000000,-589.000000,-589.000000
400.000000,0.000000,0.000000,0.000000,-2660.000000,-392.000000,-589.000000
100.000000,-200.000000,0.000000,0.000000,-2653.000000,-392.000000,-589.000000
100.000000,0.000000,0.000000,0.000000,-2646.000000,-196.000000,-589.000000
200.000000,200.000000,0.000000,0.000000,-2691.000000,0.000000,-785.000000
400.000000,100.000000,0.000000,0.000000,-2681.000000,-196.000000,-589.000000
200.000000,100.000000,0.000000,0.000000,-2662.000000,-196.000000,-589.000000
400.000000,200.000000,0.000000,0.000000,-2681.000000,-196.000000,-589.000000
300.000000,200.000000,0.000000,0.000000,-2722.000000,-196.000000,-589.000000
300.000000,100.000000,0.000000,0.000000,-2729.000000,-196.000000,-589.000000
300.000000,300.000000,0.000000,0.000000,-2702.000000,-196.000000,-785.000000
300.000000,100.000000,0.000000,0.000000,-2705.000000,-196.000000,-589.000000
300.000000,200.000000,0.000000,0.000000,-2707.000000,0.000000,-589.000000
100.000000,-300.000000,0.000000,0.000000,-2717.000000,0.000000,-785.000000
100.000000,-300.000000,0.000000,0.000000,-2725.000000,0.000000,-785.000000
200.000000,400.000000,0.000000,0.000000,-2727.000000,-196.000000,-589.000000
400.000000,300.000000,0.000000,0.000000,-2730.000000,-196.000000,-785.000000
500.000000,300.000000,78.000000,78.000000,-2735.000000,-196.000000,-785.000000
0.000000,100.000000,0.000000,0.000000,-2747.000000,-392.000000,-785.000000
0.000000,0.000000,0.000000,0.000000,-2745.000000,-196.000000,-981.000000
200.000000,-200.000000,0.000000,0.000000,-2731.000000,-392.000000,-785.000000
100.000000,0.000000,0.000000,0.000000,-2747.000000,-392.000000,-981.000000
0.000000,0.000000,0.000000,0.000000,-2770.000000,-392.000000,-981.000000
200.000000,0.000000,0.000000,0.000000,-2763.000000,-392.000000,-981.000000
-100.000000,100.000000,0.000000,0.000000,-2765.000000,-392.000000,-981.000000
200.000000,0.000000,0.000000,0.000000,-2796.000000,-589.000000,-981.000000
100.000000,100.000000,0.000000,0.000000,-2811.000000,-785.000000,-1178.000000
100.000000,200.000000,0.000000,0.000000,-2816.000000,-589.000000,-1178.000000
0.000000,-200.000000,0.000000,0.000000,-2824.000000,-589.000000,-1178.000000
0.000000,0.000000,0.000000,0.000000,-2808.000000,-589.000000,-1374.000000
0.000000,-100.000000,0.000000,0.000000,-2862.000000,-785.000000,-1178.000000
0.000000,-100.000000,0.000000,0.000000,-2859.000000,-785.000000,-1374.000000
0.000000,100.000000,0.000000,0.000000,-2868.000000,-785.000000,-1374.000000
0.000000,-100.000000,0.000000,0.000000,-2869.000000,-785.000000,-1570.000000
-400.000000,-200.000000,0.000000,0.000000,-2860.000000,-981.000000,-1374.000000
0.000000,0.000000,0.000000,0.000000,-2884.000000,-1178.000000,-1374.000000
0.000000,0.000000,0.000000,0.000000,-2882.000000,-981.000000,-1570.000000
-100.000000,0.000000,0.000000,0.000000,-2870.000000,-981.000000,-1374.000000
0.000000,200.000000,0.000000,0.000000,-2889.000000,-1178.000000,-1570.000000
0.000000,100.000000,0.000000,0.000000,-2891.000000,-1178.000000,-1570.000000
0.000000,0.000000,0.000000,0.000000,-2912.000000,-1178.000000,-1767.000000
100.000000,0.000000,0.000000,0.000000,-2921.000000,-1178.000000,-1570.000000
100.000000,100.000000,0.000000,0.000000,-2947.000000,-1374.000000,-1570.000000
0.000000,-200.000000,0.000000,0.000000,-2921.000000,-1178.000000,-1570.000000
0.000000,-100.000000,0.000000,0.000000,-2891.000000,-1374.000000,-1570.000000
200.000000,0.000000,0.000000,0.000000,-2885.000000,-1374.000000,-1767.000000
0.000000,-100.000000,0.000000,0.000000,-2872.000000,-1374.000000,-1767.000000
100.000000,100.000000,0.000000,0.000000,-2895.000000,-1374.000000,-1570.000000
0.000000,0.000000,0.000000,0.000000,-2925.000000,-1374.000000,-1570.000000
100.000000,-300.000000,0.000000,0.000000,-2955.000000,-1374.000000,-1570.000000
100.000000,100.000000,0.000000,0.000000,-2968.000000,-1374.000000,-1767.000000
0.000000,-100.000000,0.000000,0.000000,-2980.000000,-1374.000000,-1570.000000
0.000000,200.000000,0.000000,0.000000,-2972.000000,-1374.000000,-1570.000000
100.000000,0.000000,0.000000,0.000000,-2963.000000,-1374.000000,-1570.000000
0.000000,0.000000,0.000000,0.000000,-2950.000000,-1374.000000,-1570.000000
0.000000,200.000000,0.000000,0.000000,-2939.000000,-1178.000000,-1570.000000
100.000000,100.000000,0.000000,0.000000,-2963.000000,-1178.000000,-1374.000000
200.000000,100.000000,0.000000,0.000000,-2980.000000,-1178.000000,-1570.000000
100.000000,0.000000,0.000000,0.000000,-2997.000000,-1178.000000,-1374.000000
200.000000,0.000000,0.000000,0.000000,-2985.000000,-981.000000,-1374.000000
300.000000,0.000000,0.000000,0.000000,-2995.000000,-981.000000,-1374.000000
-100.000000,-100.000000,0.000000,0.000000,-3000.000000,-1178.000000,-1374.000000
-100.000000,200.000000,0.000000,0.000000,-3001.000000,-785.000000,-1178.000000
200.000000,0.000000,0.000000,0.000000,-2999.000000,-981.000000,-1178.000000
500.000000,-200.000000,0.000000,0.000000,-3000.000000,-785.000000,-1178.000000
0.000000,100.000000,0.000000,0.000000,-2988.000000,-785.000000,-981.000000
100.000000,-100.000000,0.000000,0.000000,-2985.000000,-785.000000,-1178.000000
0.000000,0.000000,0.000000,0.000000,-3003.000000,-785.000000,-981.000000
0.000000,100.000000,0.000000,0.000000,-3013.000000,-589.000000,-981.000000
0.000000,0.000000,0.000000,0.000000,-3022.000000,-589.000000,-981.000000
200.000000,-100.000000,0.000000,0.000000,-3031.000000,-589.000000,-785.000000
100.000000,0.000000,0.000000,0.000000,-3012.000000,-589.000000,-981.000000
0.000000,-100.000000,0.000000,0.000000,-3011.000000,-589.000000,-785.000000
200.000000,-200.000000,0.000000,0.000000,-3038.000000,-589.000000,-785.000000
200.000000,0.000000,0.000000,0.000000,-3066.000000,-392.000000,-785.000000
100.000000,0.000000,0.000000,0.000000,-3084.000000,-392.000000,-589.000000
-100.000000,-100.000000,0.000000,0.000000,-3112.000000,-589.000000,-785.000000
-100.000000,0.000000,0.000000,0.000000,-3079.000000,-392.000000,-785.000000
-100.000000,0.000000,0.000000,0.000000,-3068.000000,-392.000000,-589.000000
100.000000,-100.000000,0.000000,0.000000,-3036.000000,-589.000000,-589.000000
200.000000,100.000000,0.000000,0.000000,-3021.000000,-392.000000,-589.000000
100.000000,0.000000,0.000000,0.000000,-3017.000000,-589.000000,-589.000000
100.000000,0.000000,0.000000,0.000000,-2995.000000,-392.000000,-589.000000
200.000000,0.000000,0.000000,0.000000,-2974.000000,-589.000000,-589.000000
200.000000,0.000000,0.000000,0.000000,-2970.000000,-589.000000,-392.000000
100.000000,0.000000,0.000000,0.000000,-2976.000000,-589.000000,-589.000000
0.000000,-300.000000,0.000000,0.000000,-2951.000000,-589.000000,-589.000000
200.000000,-100.000000,0.000000,0.000000,-2942.000000,-589.000000,-589.000000
100.000000,0.000000,0.000000,0.000000,-2956.000000,-589.000000,-589.000000
200.000000,-200.000000,156.000000,156.000000,-2935.000000,-785.000000,-589.000000
100.000000,0.000000,0.000000,0.000000,-2934.000000,-589.000000,-392.000000
0.000000,200.000000,0.000000,0.000000,-2905.000000,-785.000000,-589.000000
0.000000,0.000000,0.000000,0.000000,-2878.000000,-785.000000,-785.000000
200.000000,0.000000,0.000000,0.000000,-2871.000000,-981.000000,-589.000000
200.000000,0.000000,0.000000,0.000000,-2860.000000,-785.000000,-785.000000
0.000000,100.000000,0.000000,0.000000,-2867.000000,-981.000000,-785.000000
100.000000,0.000000,0.000000,0.000000,-2835.000000,-981.000000,-785.000000
-100.000000,0.000000,0.000000,0.000000,-2839.000000,-981.000000,-785.000000
300.000000,-200.000000,0.000000,0.000000,-2853.000000,-981.000000,-785.000000
