Channel 1,Channel 2,Channel 3,Channel 4,Channel 5,Channel 6,Channel 7
100.000000,-200.000000,0.000000,0.000000,-2622.000000,0.000000,0.000000
-300.000000,0.000000,0.000000,0.000000,-2595.000000,0.000000,0.000000
0.000000,-100.000000,0.000000,0.000000,-2574.000000,0.000000,0.000000
-100.000000,-200.000000,0.000000,0.000000,-2578.000000,0.000000,0.000000
0.000000,-100.000000,0.000000,0.000000,-2586.000000,0.000000,0.000000
0.000000,-200.000000,0.000000,0.000000,-2576.000000,0.000000,0.000000
-100.000000,-300.000000,0.000000,0.000000,-2566.000000,0.000000,0.000000
100.000000,-100.000000,0.000000,0.000000,-2584.000000,0.000000,0.000000
100.000000,-200.000000,0.000000,0.000000,-2606.000000,0.000000,0.000000
-200.000000,-100.000000,0.000000,0.000000,-2575.000000,0.000000,0.000000
200.000000,0.000000,0.000000,0.000000,-2549.000000,0.000000,0.000000
-100.000000,-100.000000,0.000000,0.000000,-2564.000000,0.000000,0.000000
100.000000,-300.000000,0.000000,0.000000,-2597.000000,0.000000,0.000000
0.000000,-200.000000,0.000000,0.000000,-2605.000000,0.000000,0.000000
0.000000,0.000000,0.000000,0.000000,-2570.000000,0.000000,0.000000
-100.000000,0.000000,78.000000,78.000000,-2564.000000,0.000000,0.000000
0.000000,-400.000000,0.000000,0.000000,-2563.000000,0.000000,0.000000
100.000000,0.000000,0.000000,0.000000,-2551.000000,0.000000,0.000000
0.000000,-100.000000,0.000000,0.000000,-2537.000000,0.000000,0.000000
0.000000,0.000000,0.000000,0.000000,-2507.000000,0.000000,0.000000
0.000000,-100.000000,0.000000,0.000000,-2538.000000,0.000000,0.000000
-200.000000,0.000000,0.000000,0.000000,-2533.000000,0.000000,0.000000
0.000000,-100.000000,0.000000,0.000000,-2542.000000,0.000000,0.000000
-100.000000,-100.000000,0.000000,0.000000,-2558.000000,0.000000,0.000000
-200.000000,-100.000000,0.000000,0.000000,-2550.000000,0.000000,0.000000
100.000000,-100.000000,0.000000,0.000000,-2538.000000,0.000000,0.000000
100.000000,-100.000000,0.000000,0.000000,-2512.000000,0.000000,0.000000
0.000000,0.000000,0.000000,0.000000,-2519.000000,0.000000,0.000000
100.000000,0.000000,0.000000,0.000000,-2528.000000,0.000000,0.000000
-100.000000,-200.000000,0.000000,0.000000,-2555.000000,0.000000,0.000000
-100.000000,0.000000,0.000000,0.000000,-2555.000000,0.000000,0.000000
0.000000,0.000000,0.000000,0.000000,-2563.000000,0.000000,0.000000
-100.000000,0.000000,0.000000,0.000000,-2538.000000,0.000000,0.000000
0.000000,-200.000000,0.000000,0.000000,-2546.000000,0.000000,0.000000
200.000000,-300.000000,0.000000,0.000000,-2569.000000,0.000000,0.000000
0.000000,-100.000000,0.000000,0.000000,-2538.000000,0.000000,0.000000
-200.000000,0.000000,156.000000,156.000000,-2554.000000,0.000000,0.000000
0.000000,0.000000,0.000000,0.000000,-2579.000000,0.000000,0.000000
0.000000,0.000000,0.000000,0.000000,-2572.000000,0.000000,0.000000
0.000000,-200.000000,0.000000,0.000000,-2561.000000,0.000000,0.000000
0.000000,-200.000000,0.000000,0.000000,-2548.000000,0.000000,0.000000
-200.000000,0.000000,0.000000,0.000000,-2552.000000,0.000000,0.000000
100.000000,0.000000,0.000000,0.000000,-2543.000000,0.000000,0.000000
0.000000,-200.000000,0.000000,0.000000,-2492.000000,0.000000,0.000000
0.000000,0.000000,0.000000,0.000000,-2471.000000,0.000000,0.000000
100.000000,0.000000,0.000000,0.000000,-2463.000000,0.000000,0.000000
-100.000000,0.000000,0.000000,0.000000,-2496.000000,0.000000,0.000000
0.000000,-200.000000,0.000000,0.000000,-2514.000000,0.000000,0.000000
100.000000,-200.000000,0.000000,0.000000,-2559.000000,0.000000,0.000000
0.000000,200.000000,0.000000,0.000000,-2591.000000,0.000000,0.000000
-200.000000,0.000000,0.000000,0.000000,-2556.000000,0.000000,0.000000
-100.000000,-100.000000,0.000000,0.000000,-2547.000000,0.000000,0.000000
100.000000,0.000000,0.000000,0.000000,-2584.000000,0.000000,-196.000000
0.000000,-100.000000,0.000000,0.000000,-2558.000000,0.000000,0.000000
0.000000,-200.000000,0.000000,0.000000,-2551.000000,0.000000,0.000000
0.000000,200.000000,0.000000,0.000000,-2526.000000,0.000000,0.000000
0.000000,-100.000000,0.000000,0.000000,-2525.000000,0.000000,0.000000
100.000000,200.000000,0.000000,0.000000,-2472.000000,0.000000,0.000000
100.000000,-200.000000,0.000000,0.000000,-2454.000000,0.000000,0.000000
100.000000,0.000000,0.000000,0.000000,-2474.000000,0.000000,0.000000
0.000000,-100.000000,0.000000,0.000000,-2484.000000,0.000000,0.000000
0.000000,-100.000000,0.000000,0.000000,-2524.000000,0.000000,0.000000
0.000000,100.000000,0.000000,0.000000,-2561.000000,0.000000,0.000000
-100.000000,100.000000,0.000000,0.000000,-2622.000000,0.000000,0.000000
0.000000,0.000000,0.000000,0.000000,-2642.000000,0.000000,0.000000
0.000000,-100.000000,0.000000,0.000000,-2654.000000,0.000000,0.000000
-100.000000,100.000000,0.000000,0.000000,-2658.000000,0.000000,0.000000
0.000000,0.000000,0.000000,0.000000,-2644.000000,0.000000,0.000000
0.000000,-300.000000,0.000000,0.000000,-2633.000000,0.000000,0.000000
-100.000000,-100.000000,0.000000,0.000000,-2636.000000,0.000000,0.000000
-200.000000,-100.000000,0.000000,0.000000,-2636.000000,0.000000,0.000000
200.000000,-200.000000,0.000000,0.000000,-2604.000000,0.000000,0.000000
-100.000000,-200.000000,0.000000,0.000000,-2620.000000,0.000000,196.000000
200.000000,0.000000,0.000000,0.000000,-2618.000000,0.000000,0.000000
-100.000000,-200.000000,156.000000,156.000000,-2622.000000,0.000000,0.000000
-100.000000,-300.000000,0.000000,0.000000,-2626.000000,0.000000,0.000000
0.000000,0.000000,0.000000,0.000000,-2623.000000,0.000000,0.000000
100.000000,0.000000,0.000000,0.000000,-2625.000000,0.000000,0.000000
0.000000,0.000000,0.000000,0.000000,-2589.000000,0.000000,0.000000
0.000000,-100.000000,78.000000,78.000000,-2570.000000,0.000000,0.000000
300.000000,-100.000000,0.000000,0.000000,-2566.000000,0.000000,0.000000
0.000000,0.000000,0.000000,0.000000,-2574.000000,0.000000,0.000000
0.000000,-100.000000,0.000000,0.000000,-2589.000000,0.000000,0.000000
0.000000,100.000000,0.000000,0.000000,-2595.000000,0.000000,0.000000
0.000000,-200.000000,0.000000,0.000000,-2575.000000,0.000000,0.000000
0.000000,-100.000000,0.000000,0.000000,-2589.000000,0.000000,0.000000
0.000000,-200.000000,0.000000,0.000000,-2578.000000,196.000000,0.000000
0.000000,0.000000,0.000000,0.000000,-2601.000000,0.000000,0.000000
200.000000,-300.000000,0.000000,0.000000,-2581.000000,0.000000,0.000000
100.000000,0.000000,0.000000,0.000000,-2593.000000,0.000000,0.000000
100.000000,-100.000000,0.000000,0.000000,-2591.000000,0.000000,0.000000
0.000000,0.000000,156.000000,156.000000,-2605.000000,0.000000,0.000000
0.000000,0.000000,0.000000,0.000000,-2612.000000,0.000000,0.000000
100.000000,-100.000000,0.000000,0.000000,-2615.000000,0.000000,0.000000
-100.000000,0.000000,0.000000,0.000000,-2613.000000,-196.000000,0.000000
0.000000,-200.000000,78.000000,78.000000,-2594.000000,0.000000,0.000000
0.000000,-200.000000,0.000000,0.000000,-2591.000000,0.000000,0.000000
0.000000,-300.000000,0.000000,0.000000,-2598.000000,0.000000,0.000000
-100.000000,0.000000,0.000000,0.000000,-2587.000000,0.000000,0.000000
-100.000000,0.000000,0.000000,0.000000,-2559.000000,0.000000,0.000000
0.000000,-300.000000,0.000000,0.000000,-2540.000000,0.000000,0.000000
-200.000000,0.000000,0.000000,0.000000,-2554.000000,0.000000,0.000000
0.000000,-300.000000,0.000000,0.000000,-2532.000000,0.000000,0.000000
-100.000000,100.000000,0.000000,0.000000,-2568.000000,0.000000,0.000000
100.000000,-200.000000,0.000000,0.000000,-2564.000000,0.000000,0.000000
0.000000,-200.000000,0.000000,0.000000,-2590.000000,0.000000,0.000000
0.000000,-100.000000,0.000000,0.000000,-2580.000000,0.000000,0.000000
100.000000,0.000000,0.000000,0.000000,-2560.000000,0.000000,0.000000
0.000000,-300.000000,0.000000,0.000000,-2549.000000,0.000000,0.000000
-200.000000,0.000000,0.000000,0.000000,-2543.000000,0.000000,0.000000
0.000000,-100.000000,0.000000,0.000000,-2535.000000,0.000000,0.000000
-100.000000,0.000000,0.000000,0.000000,-2565.000000,0.000000,0.000000
0.000000,-100.000000,0.000000,0.000000,-2579.000000,0.000000,0.000000
-100.000000,-200.000000,0.000000,0.000000,-2553.000000,0.000000,0.000000
-200.000000,-100.000000,0.000000,0.000000,-2582.000000,0.000000,0.000000
0.000000,0.000000,0.000000,0.000000,-2604.000000,0.000000,0.000000
0.000000,-200.000000,0.000000,0.000000,-2627.000000,0.000000,0.000000
-100.000000,-600.000000,0.000000,0.000000,-2630.000000,0.000000,0.000000
300.000000,200.000000,156.000000,156.000000,-2626.000000,0.000000,0.000000
0.000000,0.000000,0.000000,0.000000,-2653.000000,0.000000,0.000000
200.000000,0.000000,0.000000,0.000000,-2628.000000,0.000000,0.000000
0.000000,0.000000,0.000000,0.000000,-2614.000000,0.000000,0.000000
0.000000,0.000000,0.000000,0.000000,-2596.000000,0.000000,0.000000
100.000000,-100.000000,0.000000,0.000000,-2586.000000,0.000000,0.000000
0.000000,0.000000,0.000000,0.000000,-2579.000000,0.000000,0.000000
-100.000000,0.000000,0.000000,0.000000,-2607.000000,0.000000,0.000000
-100.000000,0.000000,0.000000,0.000000,-2593.000000,0.000000,0.000000
-100.000000,-200.000000,0.000000,0.000000,-2628.000000,0.000000,0.000000
0.000000,0.000000,0.000000,0.000000,-2630.000000,0.000000,0.000000
0.000000,-100.000000,0.000000,0.000000,-2645.000000,0.000000,0.000000
100.000000,0.000000,0.000000,0.000000,-2628.000000,0.000000,0.000000
19500.000000,18400.000000,20000.000000,20000.000000,-2603.000000,392.000000,392.000000
17600.000000,19900.000000,20000.000000,20000.000000,-2477.000000,4516.000000,4712.000000
19000.000000,21900.000000,20000.000000,20000.000000,-2643.000000,5497.000000,5497.000000
20300.000000,21500.000000,20000.000000,20000.000000,-2252.000000,2552.000000,2159.000000
17900.000000,20000.000000,20000.000000,20000.000000,-2473.000000,-392.000000,-1178.000000
18600.000000,19400.000000,20000.000000,20000.000000,-2787.000000,-196.000000,-589.000000
16800.000000,19400.000000,20000.000000,20000.000000,-2487.000000,1374.000000,2159.000000
18500.000000,19300.000000,20000.000000,20000.000000,-1827.000000,3730.000000,3730.000000
17900.000000,17600.000000,20000.000000,20000.000000,-1699.000000,5105.000000,4516.000000
22500.000000,21500.000000,20000.000000,20000.000000,-2076.000000,4319.000000,4123.000000
17700.000000,19000.000000,20000.000000,20000.000000,-2413.000000,2552.000000,2356.000000
16900.000000,20500.000000,20000.000000,20000.000000,-2265.000000,1963.000000,2159.000000
16900.000000,19100.000000,20000.000000,20000.000000,-1592.000000,3534.000000,3926.000000
21000.000000,20300.000000,20000.000000,20000.000000,-1534.000000,5497.000000,5497.000000
17800.000000,18900.000000,20000.000000,20000.000000,-1899.000000,6479.000000,5890.000000
18900.000000,21700.000000,20000.000000,20000.000000,-1886.000000,5105.000000,4319.000000
22800.000000,19500.000000,20000.000000,20000.000000,-1727.000000,4123.000000,3730.000000
19500.000000,19600.000000,20000.000000,20000.000000,-1682.000000,3730.000000,4516.000000
21000.000000,17700.000000,20000.000000,20000.000000,-1803.000000,4712.000000,5890.000000
18500.000000,20300.000000,20000.000000,20000.000000,-1755.000000,6086.000000,6283.000000
21100.000000,19900.000000,20000.000000,20000.000000,-1662.000000,6283.000000,5301.000000
18300.000000,22300.000000,20000.000000,20000.000000,-1701.000000,5497.000000,4516.000000
22400.000000,20600.000000,20000.000000,20000.000000,-1696.000000,4908.000000,4123.000000
20000.000000,18700.000000,20000.000000,20000.000000,-1623.000000,4712.000000,4712.000000
17600.000000,18000.000000,20000.000000,20000.000000,-1510.000000,5301.000000,5890.000000
17900.000000,19200.000000,20000.000000,20000.000000,-1447.000000,5890.000000,6675.000000
22000.000000,19700.000000,20000.000000,20000.000000,-1463.000000,5890.000000,5694.000000
22400.000000,19800.000000,20000.000000,20000.000000,-1478.000000,5301.000000,4123.000000
22500.000000,20700.000000,20000.000000,20000.000000,-1434.000000,5105.000000,4123.000000
20900.000000,18600.000000,20000.000000,20000.000000,-1506.000000,5301.000000,5105.000000
18800.000000,21700.000000,20000.000000,20000.000000,-1572.000000,5301.000000,5890.000000
20600.000000,19200.000000,20000.000000,20000.000000,-1496.000000,4908.000000,6086.000000
22300.000000,18800.000000,20000.000000,20000.000000,-1616.000000,4908.000000,5301.000000
19500.000000,18800.000000,20000.000000,20000.000000,-1703.000000,4908.000000,4123.000000
21400.000000,18700.000000,20000.000000,20000.000000,-1728.000000,5105.000000,3730.000000
19200.000000,20500.000000,20000.000000,20000.000000,-1625.000000,5105.000000,4319.000000
20400.000000,18900.000000,20000.000000,20000.000000,-1651.000000,4908.000000,5301.000000
18100.000000,21000.000000,20000.000000,20000.000000,-1548.000000,4319.000000,5301.000000
21500.000000,21900.000000,20000.000000,20000.000000,-1458.000000,3730.000000,4712.000000
18200.000000,22500.000000,20000.000000,20000.000000,-1565.000000,3730.000000,3534.000000
17800.000000,20200.000000,20000.000000,20000.000000,-1643.000000,4123.000000,2945.000000
21600.000000,21300.000000,20000.000000,20000.000000,-1675.000000,4319.000000,2552.000000
17600.000000,19600.000000,20000.000000,20000.000000,-1653.000000,4319.000000,3337.000000
17700.000000,18800.000000,20000.000000,20000.000000,-1704.000000,3926.000000,4123.000000
17700.000000,18200.000000,20000.000000,20000.000000,-1688.000000,3730.000000,3926.000000
17600.000000,20000.000000,20000.000000,20000.000000,-1631.000000,3337.000000,3337.000000
20800.000000,22400.000000,20000.000000,20000.000000,-1624.000000,3534.000000,3337.000000
19700.000000,18500.000000,20000.000000,20000.000000,-1584.000000,3730.000000,3534.000000
17400.000000,18500.000000,20000.000000,20000.000000,-1474.000000,3534.000000,3730.000000
18200.000000,18300.000000,20000.000000,20000.000000,-1457.000000,3730.000000,3926.000000
19800.000000,19100.000000,20000.000000,20000.000000,-1438.000000,3337.000000,3337.000000
22300.000000,22700.000000,20000.000000,20000.000000,-1350.000000,3730.000000,3337.000000
17500.000000,19100.000000,20000.000000,20000.000000,-1316.000000,3730.000000,3141.000000
22200.000000,18300.000000,20000.000000,20000.000000,-1358.000000,3926.000000,3534.000000
19800.000000,18400.000000,20000.000000,20000.000000,-1290.000000,3730.000000,3730.000000
17900.000000,18100.000000,20000.000000,20000.000000,-1286.000000,3534.000000,3534.000000
17700.000000,18400.000000,20000.000000,20000.000000,-1369.000000,3534.000000,3730.000000
17800.000000,22400.000000,20000.000000,20000.000000,-1235.000000,3926.000000,4123.000000
17800.000000,22100.000000,20000.000000,20000.000000,-1358.000000,4319.000000,3926.000000
17900.000000,18900.000000,20000.000000,20000.000000,-1407.000000,4516.000000,3926.000000
17700.000000,18000.000000,20000.000000,20000.000000,-1481.000000,4319.000000,4319.000000
20000.000000,18400.000000,20000.000000,20000.000000,-1475.000000,4712.000000,4516.000000
21300.000000,21100.000000,20000.000000,20000.000000,-1405.000000,5105.000000,4908.000000
18000.000000,18200.000000,20000.000000,20000.000000,-1453.000000,5301.000000,5105.000000
20500.000000,19100.000000,20000.000000,20000.000000,-1568.000000,5497.000000,5301.000000
20500.000000,21900.000000,20000.000000,20000.000000,-1650.000000,5497.000000,5694.000000
18200.000000,18600.000000,20000.000000,20000.000000,-1560.000000,5694.000000,6086.000000
19400.000000,18300.000000,20000.000000,20000.000000,-1515.000000,6283.000000,8835.000000
19600.000000,20400.000000,20000.000000,20000.000000,-1489.000000,6872.000000,6086.000000
19700.000000,18600.000000,20000.000000,20000.000000,-1510.000000,7264.000000,6479.000000
20300.000000,21300.000000,20000.000000,20000.000000,-1470.000000,7068.000000,7264.000000
20400.000000,18300.000000,20000.000000,20000.000000,-1434.000000,6872.000000,7853.000000
20800.000000,21300.000000,20000.000000,20000.000000,-1386.000000,7461.000000,8050.000000
21300.000000,20100.000000,20000.000000,20000.000000,-1430.000000,8639.000000,7657.000000
19600.000000,18900.000000,20000.000000,20000.000000,-1570.000000,9032.000000,7264.000000
18100.000000,19500.000000,20000.000000,20000.000000,-1509.000000,8835.000000,10210.000000
21600.000000,20400.000000,20000.000000,20000.000000,-1508.000000,8835.000000,9424.000000
20300.000000,18300.000000,20000.000000,20000.000000,-1594.000000,9228.000000,9621.000000
18900.000000,18900.000000,20000.000000,20000.000000,-1850.000000,10013.000000,9424.000000
18400.000000,18600.000000,20000.000000,20000.000000,-1792.000000,10406.000000,9817.000000
18700.000000,18100.000000,20000.000000,20000.000000,-1945.000000,10799.000000,9817.000000
18500.000000,21900.000000,20000.000000,20000.000000,-2008.000000,10602.000000,9817.000000
18200.000000,19300.000000,20000.000000,20000.000000,-1964.000000,10602.000000,10995.000000
18900.000000,18100.000000,20000.000000,20000.000000,-2030.000000,10995.000000,11191.000000
21000.000000,18800.000000,20000.000000,20000.000000,-2101.000000,11780.000000,10602.000000
18500.000000,18700.000000,20000.000000,20000.000000,-2130.000000,11977.000000,10602.000000
21200.000000,19100.000000,20000.000000,20000.000000,-2011.000000,11977.000000,11780.000000
21300.000000,18200.000000,20000.000000,20000.000000,-2352.000000,12370.000000,12370.000000
18800.000000,20700.000000,20000.000000,20000.000000,-2411.000000,11977.000000,12762.000000
18900.000000,20400.000000,20000.000000,20000.000000,-2143.000000,12370.000000,10995.000000
21500.000000,18700.000000,20000.000000,20000.000000,-2295.000000,13155.000000,12566.000000
18800.000000,21200.000000,20000.000000,20000.000000,-2485.000000,13351.000000,12762.000000
19100.000000,19900.000000,20000.000000,20000.000000,-2247.000000,13351.000000,12959.000000
18500.000000,18900.000000,20000.000000,20000.000000,-2334.000000,12959.000000,13351.000000
20900.000000,21800.000000,20000.000000,20000.000000,-2179.000000,12959.000000,13744.000000
22000.000000,18600.000000,20000.000000,20000.000000,-2043.000000,13351.000000,13351.000000
18800.000000,19200.000000,20000.000000,20000.000000,-2165.000000,13548.000000,12762.000000
20500.000000,21400.000000,20000.000000,20000.000000,-2237.000000,13548.000000,17278.000000
18100.000000,20000.000000,20000.000000,20000.000000,-2149.000000,13940.000000,12762.000000
21400.000000,18900.000000,20000.000000,20000.000000,-2213.000000,13548.000000,13155.000000
19500.000000,18900.000000,20000.000000,20000.000000,-2284.000000,13744.000000,13548.000000
18400.000000,18600.000000,20000.000000,20000.000000,-2158.000000,13744.000000,11977.000000
20300.000000,20700.000000,20000.000000,20000.000000,-2120.000000,13940.000000,13744.000000
18400.000000,19000.000000,20000.000000,20000.000000,-2221.000000,14137.000000,12762.000000
21000.000000,20400.000000,20000.000000,20000.000000,-2152.000000,13744.000000,12762.000000
18300.000000,21400.000000,20000.000000,20000.000000,-1907.000000,13744.000000,12762.000000
22000.000000,20500.000000,20000.000000,20000.000000,-2072.000000,13351.000000,12959.000000
18400.000000,18900.000000,20000.000000,20000.000000,-1957.000000,13155.000000,12762.000000
21800.000000,18500.000000,20000.000000,20000.000000,-1591.000000,13351.000000,12370.000000
20000.000000,21300.000000,20000.000000,20000.000000,-1565.000000,13155.000000,11191.000000
18700.000000,18800.000000,20000.000000,20000.000000,-1787.000000,12959.000000,12566.000000
18500.000000,21500.000000,20000.000000,20000.000000,-1564.000000,12566.000000,12566.000000
21000.000000,18800.000000,20000.000000,20000.000000,-1509.000000,12566.000000,12370.000000
21600.000000,19600.000000,20000.000000,20000.000000,-1410.000000,12762.000000,10799.000000
20200.000000,19100.000000,20000.000000,20000.000000,-1162.000000,12762.000000,11191.000000
21800.000000,18900.000000,20000.000000,20000.000000,-1548.000000,12566.000000,11977.000000
21200.000000,21200.000000,20000.000000,20000.000000,-1385.000000,12566.000000,12173.000000
19000.000000,18700.000000,20000.000000,20000.000000,-1166.000000,12173.000000,12370.000000
18700.000000,18300.000000,20000.000000,20000.000000,-1116.000000,12370.000000,12173.000000
18800.000000,18700.000000,20000.000000,20000.000000,-1290.000000,12566.000000,11977.000000
18800.000000,21900.000000,20000.000000,20000.000000,-1136.000000,12762.000000,11584.000000
21500.000000,18500.000000,20000.000000,20000.000000,-1082.000000,12762.000000,11780.000000
21500.000000,19200.000000,20000.000000,20000.000000,-1261.000000,12370.000000,16689.000000
20700.000000,19000.000000,20000.000000,20000.000000,-979.000000,12370.000000,12173.000000
18500.000000,21100.000000,20000.000000,20000.000000,-656.000000,12566.000000,12173.000000
18500.000000,18500.000000,20000.000000,20000.000000,-1257.000000,12762.000000,11977.000000
19100.000000,18400.000000,20000.000000,20000.000000,-1115.000000,12566.000000,10602.000000
21500.000000,21600.000000,20000.000000,20000.000000,-1293.000000,12762.000000,10602.000000
21600.000000,18700.000000,20000.000000,20000.000000,-1237.000000,12762.000000,12370.000000
18700.000000,18700.000000,20000.000000,20000.000000,-1126.000000,12566.000000,12566.000000
18200.000000,21400.000000,20000.000000,20000.000000,-1662.000000,12762.000000,12566.000000
20300.000000,18700.000000,20000.000000,20000.000000,-1583.000000,12762.000000,11584.000000
20000.000000,20300.000000,20000.000000,20000.000000,-1462.000000,12959.000000,12173.000000
20200.000000,18600.000000,20000.000000,20000.000000,-1381.000000,12959.000000,12566.000000
18400.000000,21600.000000,20000.000000,20000.000000,-1453.000000,12959.000000,12959.000000
20200.000000,18300.000000,20000.000000,20000.000000,-1727.000000,13155.000000,12959.000000
18200.000000,18500.000000,20000.000000,20000.000000,-1921.000000,13351.000000,13548.000000
18900.000000,21100.000000,20000.000000,20000.000000,-1704.000000,13548.000000,13351.000000
21600.000000,21600.000000,20000.000000,20000.000000,-1591.000000,13744.000000,13155.000000
20200.000000,20700.000000,20000.000000,20000.000000,-1918.000000,14137.000000,11977.000000
20200.000000,18600.000000,20000.000000,20000.000000,-1557.000000,14529.000000,14137.000000
21300.000000,19400.000000,20000.000000,20000.000000,-1510.000000,14726.000000,14529.000000
19000.000000,21500.000000,20000.000000,20000.000000,-1444.000000,14726.000000,14726.000000
18300.000000,18600.000000,20000.000000,20000.000000,-1454.000000,15118.000000,14726.000000
21200.000000,18600.000000,20000.000000,20000.000000,-1303.000000,15511.000000,15118.000000
18900.000000,21000.000000,20000.000000,20000.000000,-1283.000000,15904.000000,15511.000000
18400.000000,21600.000000,20000.000000,20000.000000,-1618.000000,15904.000000,20616.000000
18200.000000,21500.000000,20000.000000,20000.000000,-1696.000000,16297.000000,15904.000000
100.000000,-200.000000,0.000000,0.000000,-1753.000000,15904.000000,15511.000000
0.000000,0.000000,0.000000,0.000000,-1436.000000,13351.000000,10995.000000
-100.000000,-200.000000,0.000000,0.000000,-1572.000000,12762.000000,11388.000000
100.000000,100.000000,0.000000,0.000000,-1613.000000,12370.000000,13155.000000
0.000000,0.000000,0.000000,0.000000,-1273.000000,13744.000000,14137.000000
0.000000,0.000000,0.000000,0.000000,-792.000000,16493.000000,16689.000000
0.000000,-100.000000,0.000000,0.000000,-724.000000,18064.000000,19242.000000
0.000000,-200.000000,0.000000,0.000000,-814.000000,17867.000000,18064.000000
0.000000,-200.000000,0.000000,0.000000,-1358.000000,18064.000000,16689.000000
100.000000,-300.000000,0.000000,0.000000,-1432.000000,17278.000000,13548.000000
0.000000,-200.000000,0.000000,0.000000,-939.000000,16297.000000,12762.000000
0.000000,0.000000,0.000000,0.000000,-1560.000000,14529.000000,11780.000000
0.000000,200.000000,0.000000,0.000000,-1598.000000,13548.000000,11977.000000
-100.000000,0.000000,0.000000,0.000000,-1634.000000,13548.000000,15315.000000
-100.000000,200.000000,0.000000,0.000000,-1176.000000,13155.000000,16297.000000
0.000000,200.000000,0.000000,0.000000,-1956.000000,13744.000000,16297.000000
0.000000,0.000000,0.000000,0.000000,-2067.000000,15904.000000,16297.000000
0.000000,0.000000,0.000000,0.000000,-1610.000000,17475.000000,15904.000000
0.000000,-100.000000,0.000000,0.000000,-1416.000000,17278.000000,15904.000000
0.000000,0.000000,0.000000,0.000000,-1736.000000,17475.000000,17671.000000
0.000000,0.000000,0.000000,0.000000,-1958.000000,16689.000000,14529.000000
0.000000,200.000000,0.000000,0.000000,-1350.000000,15511.000000,13548.000000
0.000000,100.000000,0.000000,0.000000,-1756.000000,15118.000000,12173.000000
0.000000,-200.000000,0.000000,0.000000,-2136.000000,14922.000000,15904.000000
400.000000,0.000000,156.000000,156.000000,-2170.000000,14529.000000,14333.000000
-100.000000,900.000000,0.000000,0.000000,-1709.000000,14726.000000,14137.000000
0.000000,-100.000000,0.000000,0.000000,-1733.000000,15904.000000,15511.000000
0.000000,-100.000000,0.000000,0.000000,-1355.000000,16886.000000,15904.000000
-200.000000,0.000000,156.000000,156.000000,-1426.000000,16689.000000,15315.000000
-100.000000,-400.000000,0.000000,0.000000,-1983.000000,16689.000000,13940.000000
100.000000,100.000000,0.000000,0.000000,-1564.000000,16493.000000,14726.000000
1300.000000,0.000000,156.000000,156.000000,-1517.000000,16100.000000,14333.000000
100.000000,-300.000000,0.000000,0.000000,-1705.000000,15904.000000,13744.000000
0.000000,-100.000000,0.000000,0.000000,-1936.000000,15904.000000,13155.000000
300.000000,100.000000,0.000000,0.000000,-1199.000000,15707.000000,15511.000000
0.000000,100.000000,0.000000,0.000000,-1125.000000,16100.000000,16100.000000
0.000000,-300.000000,0.000000,0.000000,-1373.000000,16493.000000,16100.000000
0.000000,0.000000,0.000000,0.000000,-986.000000,17278.000000,15511.000000
-100.000000,0.000000,0.000000,0.000000,-1226.000000,17082.000000,16100.000000
0.000000,0.000000,0.000000,0.000000,-1177.000000,16886.000000,18260.000000
200.000000,0.000000,0.000000,0.000000,-1245.000000,16886.000000,14726.000000
0.000000,0.000000,0.000000,0.000000,-1095.000000,16297.000000,14333.000000
0.000000,-200.000000,0.000000,0.000000,-1095.000000,16493.000000,14726.000000
0.000000,0.000000,0.000000,0.000000,-1116.000000,15904.000000,13940.000000
0.000000,-100.000000,0.000000,0.000000,-966.000000,15707.000000,17671.000000
-100.000000,-200.000000,0.000000,0.000000,-1004.000000,15707.000000,15511.000000
100.000000,-100.000000,0.000000,0.000000,-1069.000000,15904.000000,14137.000000
0.000000,0.000000,0.000000,0.000000,-951.000000,16297.000000,15118.000000
300.000000,0.000000,0.000000,0.000000,-959.000000,16689.000000,14922.000000
0.000000,-200.000000,0.000000,0.000000,-1149.000000,16493.000000,14726.000000
100.000000,0.000000,0.000000,0.000000,-1215.000000,16493.000000,13351.000000
0.000000,100.000000,0.000000,0.000000,-923.000000,16297.000000,14333.000000
0.000000,0.000000,0.000000,0.000000,-513.000000,16100.000000,14529.000000
0.000000,-100.000000,0.000000,0.000000,-837.000000,16100.000000,13548.000000
-100.000000,100.000000,0.000000,0.000000,-700.000000,15904.000000,13940.000000
0.000000,0.000000,0.000000,0.000000,-823.000000,15707.000000,14529.000000
0.000000,-200.000000,0.000000,0.000000,-927.000000,15707.000000,14333.000000
0.000000,0.000000,0.000000,0.000000,-686.000000,15511.000000,14137.000000
0.000000,0.000000,0.000000,0.000000,-687.000000,15315.000000,13548.000000
0.000000,0.000000,0.000000,0.000000,-731.000000,15118.000000,13548.000000
100.000000,-100.000000,0.000000,0.000000,-958.000000,15118.000000,14137.000000
0.000000,100.000000,0.000000,0.000000,-775.000000,14922.000000,15707.000000
0.000000,-100.000000,0.000000,0.000000,-470.000000,14922.000000,12762.000000
0.000000,-100.000000,0.000000,0.000000,-817.000000,14529.000000,12762.000000
0.000000,-200.000000,0.000000,0.000000,-706.000000,14333.000000,12566.000000
-100.000000,-100.000000,0.000000,0.000000,-738.000000,14333.000000,11191.000000
0.000000,-100.000000,0.000000,0.000000,-980.000000,13940.000000,14726.000000
0.000000,0.000000,0.000000,0.000000,-618.000000,13940.000000,11977.000000
0.000000,-100.000000,0.000000,0.000000,-578.000000,13548.000000,11780.000000
300.000000,-100.000000,0.000000,0.000000,-596.000000,13744.000000,9621.000000
0.000000,0.000000,0.000000,0.000000,-575.000000,13548.000000,10995.000000
0.000000,-100.000000,0.000000,0.000000,-847.000000,13351.000000,10995.000000
0.000000,0.000000,0.000000,0.000000,-681.000000,13155.000000,10799.000000
100.000000,0.000000,0.000000,0.000000,-73.000000,12959.000000,10602.000000
0.000000,-200.000000,0.000000,0.000000,-200.000000,12959.000000,9228.000000
0.000000,0.000000,0.000000,0.000000,-618.000000,12762.000000,9621.000000
100.000000,200.000000,0.000000,0.000000,-283.000000,12762.000000,10013.000000
0.000000,0.000000,0.000000,0.000000,7.000000,12566.000000,9817.000000
0.000000,0.000000,0.000000,0.000000,4.000000,12566.000000,10210.000000
0.000000,0.000000,0.000000,0.000000,-95.000000,12173.000000,8835.000000
200.000000,-100.000000,0.000000,0.000000,-70.000000,11977.000000,8835.000000
0.000000,200.000000,0.000000,0.000000,-27.000000,11977.000000,9621.000000
100.000000,-100.000000,0.000000,0.000000,11.000000,11780.000000,9621.000000
-200.000000,-200.000000,0.000000,0.000000,29.000000,11780.000000,9621.000000
0.000000,0.000000,0.000000,0.000000,-88.000000,11584.000000,9621.000000
0.000000,-100.000000,0.000000,0.000000,-171.000000,11584.000000,9817.000000
300.000000,0.000000,0.000000,0.000000,-263.000000,11388.000000,9621.000000
0.000000,-100.000000,0.000000,0.000000,-221.000000,11388.000000,9621.000000
0.000000,-100.000000,0.000000,0.000000,-146.000000,11191.000000,9621.000000
-100.000000,-100.000000,0.000000,0.000000,-122.000000,10995.000000,10013.000000
100.000000,0.000000,0.000000,0.000000,-202.000000,10995.000000,10406.000000
100.000000,100.000000,0.000000,0.000000,-282.000000,10995.000000,11388.000000
-100.000000,-100.000000,0.000000,0.000000,-242.000000,11191.000000,9228.000000
0.000000,-100.000000,0.000000,0.000000,-283.000000,11191.000000,9032.000000
0.000000,-100.000000,0.000000,0.000000,-160.000000,11388.000000,8639.000000
100.000000,0.000000,0.000000,0.000000,-195.000000,11191.000000,8246.000000
0.000000,100.000000,0.000000,0.000000,-395.000000,11191.000000,7068.000000
0.000000,-200.000000,0.000000,0.000000,-258.000000,10995.000000,7264.000000
200.000000,-100.000000,0.000000,0.000000,-157.000000,11191.000000,7461.000000
100.000000,0.000000,0.000000,0.000000,-261.000000,11191.000000,8835.000000
0.000000,0.000000,0.000000,0.000000,-105.000000,11191.000000,6872.000000
300.000000,-100.000000,0.000000,0.000000,-175.000000,11191.000000,6872.000000
0.000000,0.000000,0.000000,0.000000,-220.000000,11191.000000,7264.000000
100.000000,300.000000,0.000000,0.000000,-319.000000,10995.000000,7461.000000
0.000000,-100.000000,0.000000,0.000000,-341.000000,10995.000000,9228.000000
-100.000000,-100.000000,0.000000,0.000000,-399.000000,10799.000000,9424.000000
100.000000,-600.000000,156.000000,156.000000,-332.000000,10995.000000,9032.000000
500.000000,-100.000000,0.000000,0.000000,-284.000000,10995.000000,8835.000000
0.000000,-100.000000,156.000000,156.000000,-208.000000,10602.000000,8443.000000
-400.000000,-500.000000,0.000000,0.000000,-320.000000,10602.000000,7264.000000
0.000000,-300.000000,0.000000,0.000000,-374.000000,10799.000000,7068.000000
-300.000000,-300.000000,0.000000,0.000000,-297.000000,10602.000000,7461.000000
100.000000,-100.000000,0.000000,0.000000,-359.000000,10602.000000,7068.000000
-200.000000,0.000000,0.000000,0.000000,-345.000000,10406.000000,6872.000000
0.000000,0.000000,0.000000,0.000000,-291.000000,10210.000000,6479.000000
0.000000,-200.000000,0.000000,0.000000,-367.000000,10210.000000,6479.000000
-100.000000,-100.000000,0.000000,0.000000,-374.000000,10013.000000,5694.000000
0.000000,0.000000,0.000000,0.000000,-231.000000,9817.000000,5105.000000
200.000000,-200.000000,0.000000,0.000000,-304.000000,9621.000000,6283.000000
0.000000,-100.000000,0.000000,0.000000,-506.000000,9621.000000,7264.000000
0.000000,0.000000,0.000000,0.000000,-466.000000,9424.000000,7264.000000
-100.000000,-200.000000,0.000000,0.000000,-439.000000,9032.000000,6872.000000
-100.000000,0.000000,0.000000,0.000000,-544.000000,9032.000000,6675.000000
-200.000000,-200.000000,0.000000,0.000000,-562.000000,9032.000000,6675.000000
-100.000000,-300.000000,0.000000,0.000000,-585.000000,8835.000000,6283.000000
-300.000000,-200.000000,0.000000,0.000000,-523.000000,8639.000000,6086.000000
-200.000000,100.000000,0.000000,0.000000,-609.000000,8639.000000,6086.000000
-100.000000,0.000000,0.000000,0.000000,-647.000000,8835.000000,5694.000000
0.000000,-300.000000,0.000000,0.000000,-693.000000,8835.000000,5694.000000
-200.000000,-100.000000,0.000000,0.000000,-618.000000,8835.000000,5694.000000
-100.000000,0.000000,0.000000,0.000000,-596.000000,8639.000000,5694.000000
0.000000,100.000000,0.000000,0.000000,-573.000000,8639.000000,6086.000000
0.000000,-200.000000,0.000000,0.000000,-527.000000,8443.000000,6283.000000
-100.000000,0.000000,0.000000,0.000000,-466.000000,8246.000000,6283.000000
-100.000000,0.000000,0.000000,0.000000,-354.000000,8050.000000,8246.000000
0.000000,100.000000,0.000000,0.000000,-399.000000,8050.000000,5301.000000
-200.000000,0.000000,0.000000,0.000000,-530.000000,8050.000000,5301.000000
-100.000000,100.000000,0.000000,0.000000,-503.000000,7853.000000,5105.000000
-200.000000,0.000000,0.000000,0.000000,-411.000000,8050.000000,4712.000000
0.000000,0.000000,0.000000,0.000000,-383.000000,8050.000000,4712.000000
0.000000,200.000000,0.000000,0.000000,-525.000000,8050.000000,4712.000000
0.000000,0.000000,0.000000,0.000000,-457.000000,7853.000000,4712.000000
0.000000,100.000000,0.000000,0.000000,-435.000000,7853.000000,4712.000000
0.000000,-300.000000,0.000000,0.000000,-587.000000,7853.000000,4319.000000
0.000000,-300.000000,0.000000,0.000000,-567.000000,7657.000000,4123.000000
-200.000000,-200.000000,0.000000,0.000000,-635.000000,7461.000000,4123.000000
200.000000,-300.000000,0.000000,0.000000,-680.000000,7264.000000,4123.000000
0.000000,-300.000000,0.000000,0.000000,-687.000000,7461.000000,4319.000000
-100.000000,-100.000000,0.000000,0.000000,-642.000000,7657.000000,4712.000000
0.000000,-300.000000,0.000000,0.000000,-645.000000,7657.000000,4516.000000
-300.000000,-200.000000,78.000000,78.000000,-801.000000,7657.000000,4516.000000
-100.000000,-700.000000,0.000000,0.000000,-823.000000,7657.000000,4123.000000
0.000000,0.000000,0.000000,0.000000,-694.000000,7461.000000,4123.000000
0.000000,-200.000000,0.000000,0.000000,-648.000000,7264.000000,4123.000000
0.000000,-100.000000,0.000000,0.000000,-618.000000,7068.000000,3926.000000
-100.000000,0.000000,0.000000,0.000000,-740.000000,7068.000000,3926.000000
0.000000,0.000000,0.000000,0.000000,-782.000000,7068.000000,3730.000000
-100.000000,-600.000000,0.000000,0.000000,-754.000000,7068.000000,3730.000000
100.000000,-300.000000,0.000000,0.000000,-848.000000,7264.000000,4123.000000
0.000000,-300.000000,0.000000,0.000000,-833.000000,7461.000000,3730.000000
0.000000,0.000000,0.000000,0.000000,-822.000000,7264.000000,3730.000000
0.000000,-200.000000,0.000000,0.000000,-886.000000,7264.000000,3730.000000
100.000000,-100.000000,0.000000,0.000000,-821.000000,7068.000000,3730.000000
-100.000000,0.000000,0.000000,0.000000,-951.000000,6872.000000,3730.000000
100.000000,-100.000000,0.000000,0.000000,-980.000000,6675.000000,3926.000000
-100.000000,0.000000,0.000000,0.000000,-968.000000,6675.000000,4123.000000
0.000000,-200.000000,0.000000,0.000000,-1045.000000,6479.000000,3926.000000
100.000000,0.000000,0.000000,0.000000,-1091.000000,6675.000000,3730.000000
0.000000,0.000000,0.000000,0.000000,-1058.000000,6675.000000,3730.000000
0.000000,0.000000,0.000000,0.000000,-1088.000000,7068.000000,3534.000000
100.000000,-300.000000,0.000000,0.000000,-1195.000000,6872.000000,2945.000000
0.000000,-100.000000,0.000000,0.000000,-1187.000000,6872.000000,2945.000000
0.000000,-200.000000,0.000000,0.000000,-1143.000000,6872.000000,2748.000000
-100.000000,200.000000,0.000000,0.000000,-1186.000000,6479.000000,3337.000000
0.000000,0.000000,0.000000,0.000000,-1169.000000,6479.000000,3730.000000
-100.000000,-200.000000,0.000000,0.000000,-1214.000000,6086.000000,3730.000000
200.000000,0.000000,0.000000,0.000000,-1230.000000,6086.000000,3534.000000
100.000000,200.000000,0.000000,0.000000,-1290.000000,5890.000000,3337.000000
200.000000,0.000000,0.000000,0.000000,-1331.000000,5694.000000,3141.000000
0.000000,0.000000,0.000000,0.000000,-1311.000000,5890.000000,3141.000000
0.000000,0.000000,0.000000,0.000000,-1327.000000,5890.000000,2748.000000
100.000000,-100.000000,0.000000,0.000000,-1359.000000,5890.000000,2748.000000
-100.000000,-200.000000,0.000000,0.000000,-1348.000000,6086.000000,2748.000000
0.000000,0.000000,0.000000,0.000000,-1358.000000,5890.000000,2945.000000
0.000000,-200.000000,0.000000,0.000000,-1456.000000,5890.000000,3337.000000
-100.000000,-200.000000,0.000000,0.000000,-1478.000000,5497.000000,3141.000000
0.000000,-100.000000,0.000000,0.000000,-1453.000000,5497.000000,2552.000000
0.000000,0.000000,0.000000,0.000000,-1560.000000,5301.000000,2945.000000
0.000000,0.000000,0.000000,0.000000,-1584.000000,5301.000000,2552.000000
200.000000,0.000000,0.000000,0.000000,-1665.000000,5105.000000,2552.000000
0.000000,-200.000000,0.000000,0.000000,-1680.000000,4908.000000,2748.000000
100.000000,-200.000000,0.000000,0.000000,-1738.000000,5105.000000,2552.000000
0.000000,0.000000,0.000000,0.000000,-1807.000000,5105.000000,2356.000000
0.000000,0.000000,0.000000,0.000000,-1839.000000,5105.000000,2159.000000
-100.000000,0.000000,0.000000,0.000000,-1848.000000,4908.000000,2356.000000
0.000000,0.000000,0.000000,0.000000,-1889.000000,4908.000000,2552.000000
0.000000,-100.000000,0.000000,0.000000,-1859.000000,4712.000000,2748.000000
0.000000,-100.000000,0.000000,0.000000,-1868.000000,4712.000000,2748.000000
0.000000,0.000000,0.000000,0.000000,-1905.000000,4516.000000,2748.000000
0.000000,0.000000,0.000000,0.000000,-1867.000000,4319.000000,2356.000000
-100.000000,-100.000000,0.000000,0.000000,-1882.000000,4319.000000,2356.000000
100.000000,-200.000000,0.000000,0.000000,-1898.000000,4123.000000,2159.000000
0.000000,0.000000,0.000000,0.000000,-1885.000000,4123.000000,2159.000000
0.000000,-200.000000,0.000000,0.000000,-1927.000000,3926.000000,1767.000000
200.000000,0.000000,0.000000,0.000000,-1901.000000,4123.000000,1963.000000
-200.000000,-100.000000,0.000000,0.000000,-1927.000000,4123.000000,1963.000000
0.000000,0.000000,0.000000,0.000000,-1959.000000,4319.000000,2159.000000
100.000000,-400.000000,0.000000,0.000000,-1962.000000,4123.000000,2356.000000
0.000000,-200.000000,0.000000,0.000000,-1958.000000,4123.000000,2552.000000
0.000000,-100.000000,0.000000,0.000000,-2038.000000,4123.000000,2356.000000
0.000000,0.000000,0.000000,0.000000,-2100.000000,3926.000000,2159.000000
0.000000,-100.000000,0.000000,0.000000,-2068.000000,3730.000000,2356.000000
0.000000,-100.000000,0.000000,0.000000,-2107.000000,3534.000000,2159.000000
0.000000,0.000000,0.000000,0.000000,-2173.000000,3534.000000,1963.000000
200.000000,-100.000000,0.000000,0.000000,-2258.000000,3534.000000,2159.000000
-200.000000,200.000000,0.000000,0.000000,-2252.000000,3337.000000,2356.000000
100.000000,-100.000000,0.000000,0.000000,-2257.000000,3337.000000,2356.000000
0.000000,-100.000000,0.000000,0.000000,-2279.000000,3730.000000,2159.000000
0.000000,0.000000,0.000000,0.000000,-2326.000000,3730.000000,2356.000000
0.000000,-200.000000,0.000000,0.000000,-2306.000000,3534.000000,2159.000000
0.000000,-800.000000,0.000000,0.000000,-2323.000000,3534.000000,2356.000000
-100.000000,-100.000000,0.000000,0.000000,-2404.000000,3534.000000,2159.000000
0.000000,0.000000,0.000000,0.000000,-2395.000000,3337.000000,2159.000000
100.000000,-100.000000,0.000000,0.000000,-2383.000000,3141.000000,2356.000000
0.000000,-200.000000,0.000000,0.000000,-2430.000000,3141.000000,2552.000000
-100.000000,100.000000,156.000000,156.000000,-2393.000000,3141.000000,2356.000000
0.000000,0.000000,0.000000,0.000000,-2406.000000,3337.000000,2552.000000
0.000000,0.000000,0.000000,0.000000,-2411.000000,3337.000000,2552.000000
-100.000000,200.000000,0.000000,0.000000,-2429.000000,3534.000000,2552.000000
0.000000,0.000000,0.000000,0.000000,-2418.000000,3534.000000,2748.000000
300.000000,-200.000000,0.000000,0.000000,-2400.000000,3337.000000,2356.000000
100.000000,0.000000,156.000000,156.000000,-2456.000000,3141.000000,2552.000000
0.000000,-200.000000,0.000000,0.000000,-2488.000000,3141.000000,2159.000000
0.000000,0.000000,0.000000,0.000000,-2525.000000,2945.000000,2159.000000
100.000000,0.000000,0.000000,0.000000,-2520.000000,2945.000000,2159.000000
-100.000000,0.000000,0.000000,0.000000,-2532.000000,3141.000000,1963.000000
-100.000000,-200.000000,0.000000,0.000000,-2544.000000,3337.000000,1963.000000
0.000000,0.000000,0.000000,0.000000,-2594.000000,3337.000000,1963.000000
0.000000,0.000000,0.000000,0.000000,-2630.000000,3141.000000,1963.000000
0.000000,0.000000,0.000000,0.000000,-2650.000000,3337.000000,1963.000000
0.000000,-100.000000,0.000000,0.000000,-2685.000000,3141.000000,1963.000000
200.000000,-200.000000,0.000000,0.000000,-2673.000000,3141.000000,1963.000000
-100.000000,-100.000000,0.000000,0.000000,-2665.000000,2945.000000,1767.000000
0.000000,0.000000,0.000000,0.000000,-2698.000000,2945.000000,1963.000000
0.000000,0.000000,0.000000,0.000000,-2701.000000,2945.000000,1963.000000
0.000000,100.000000,0.000000,0.000000,-2766.000000,3141.000000,1767.000000
0.000000,0.000000,0.000000,0.000000,-2716.000000,2945.000000,1767.000000
-100.000000,0.000000,0.000000,0.000000,-2702.000000,3141.000000,1963.000000
0.000000,0.000000,0.000000,0.000000,-2722.000000,3337.000000,1767.000000
0.000000,-300.000000,0.000000,0.000000,-2681.000000,3337.000000,1570.000000
-100.000000,100.000000,0.000000,0.000000,-2729.000000,3141.000000,1570.000000
0.000000,0.000000,0.000000,0.000000,-2794.000000,2945.000000,1570.000000
200.000000,-100.000000,0.000000,0.000000,-2807.000000,2945.000000,1570.000000
0.000000,-100.000000,0.000000,0.000000,-2815.000000,2748.000000,1570.000000
100.000000,-200.000000,0.000000,0.000000,-2799.000000,2748.000000,1374.000000
0.000000,0.000000,0.000000,0.000000,-2808.000000,2552.000000,1570.000000
100.000000,0.000000,0.000000,0.000000,-2842.000000,2552.000000,1374.000000
0.000000,-200.000000,0.000000,0.000000,-2850.000000,2748.000000,1570.000000
200.000000,0.000000,0.000000,0.000000,-2858.000000,2748.000000,1374.000000
100.000000,0.000000,0.000000,0.000000,-2873.000000,2945.000000,1178.000000
-100.000000,0.000000,0.000000,0.000000,-2924.000000,2945.000000,1178.000000
0.000000,0.000000,0.000000,0.000000,-2932.000000,3141.000000,1178.000000
0.000000,-100.000000,0.000000,0.000000,-2934.000000,2748.000000,981.000000
300.000000,0.000000,0.000000,0.000000,-2916.000000,2945.000000,981.000000
0.000000,-100.000000,0.000000,0.000000,-2914.000000,2552.000000,1178.000000
0.000000,100.000000,0.000000,0.000000,-2907.000000,2552.000000,981.000000
0.000000,100.000000,0.000000,0.000000,-2880.000000,2356.000000,981.000000
0.000000,0.000000,0.000000,0.000000,-2876.000000,2159.000000,981.000000
100.000000,0.000000,0.000000,0.000000,-2904.000000,2159.000000,981.000000
0.000000,0.000000,0.000000,0.000000,-2911.000000,2159.000000,981.000000
-100.000000,0.000000,0.000000,0.000000,-2909.000000,2159.000000,785.000000
0.000000,0.000000,0.000000,0.000000,-2945.000000,2356.000000,785.000000
-100.000000,0.000000,0.000000,0.000000,-2991.000000,2748.000000,785.000000
0.000000,-100.000000,0.000000,0.000000,-3000.000000,2552.000000,981.000000
0.000000,0.000000,0.000000,0.000000,-3047.000000,2552.000000,589.000000
0.000000,-200.000000,0.000000,0.000000,-3057.000000,2552.000000,785.000000
0.000000,100.000000,0.000000,0.000000,-3084.000000,2159.000000,589.000000
100.000000,0.000000,0.000000,0.000000,-3104.000000,2356.000000,785.000000
300.000000,-100.000000,0.000000,0.000000,-3067.000000,1963.000000,785.000000
100.000000,-100.000000,0.000000,0.000000,-3074.000000,1963.000000,785.000000
100.000000,0.000000,0.000000,0.000000,-3106.000000,1963.000000,785.000000
0.000000,-100.000000,0.000000,0.000000,-3119.000000,1767.000000,589.000000
0.000000,-200.000000,0.000000,0.000000,-3096.000000,1570.000000,589.000000
0.000000,-100.000000,0.000000,0.000000,-3110.000000,1767.000000,589.000000
300.000000,0.000000,0.000000,0.000000,-3083.000000,1767.000000,392.000000
100.000000,0.000000,0.000000,0.000000,-3067.000000,1963.000000,392.000000
-100.000000,-400.000000,0.000000,0.000000,-3046.000000,1963.000000,392.000000
0.000000,-100.000000,0.000000,0.000000,-3006.000000,2159.000000,392.000000
0.000000,-100.000000,0.000000,0.000000,-2991.000000,1963.000000,196.000000
100.000000,-100.000000,0.000000,0.000000,-2977.000000,1963.000000,196.000000
0.000000,0.000000,0.000000,0.000000,-3006.000000,1767.000000,196.000000
-100.000000,-200.000000,0.000000,0.000000,-2995.000000,1767.000000,196.000000
0.000000,-100.000000,0.000000,0.000000,-3057.000000,1570.000000,0.000000
200.000000,-200.000000,0.000000,0.000000,-3088.000000,1570.000000,196.000000
0.000000,-100.000000,0.000000,0.000000,-3113.000000,1570.000000,196.000000
0.000000,-100.000000,0.000000,0.000000,-3112.000000,1374.000000,392.000000
-100.000000,-200.000000,0.000000,0.000000,-3132.000000,1178.000000,392.000000
0.000000,0.000000,0.000000,0.000000,-3152.000000,1374.000000,196.000000
0.000000,0.000000,0.000000,0.000000,-3176.000000,1374.000000,196.000000
0.000000,-100.000000,0.000000,0.000000,-3161.000000,1374.000000,0.000000
0.000000,-100.000000,0.000000,0.000000,-3150.000000,1374.000000,0.000000
0.000000,200.000000,0.000000,0.000000,-3133.000000,1178.000000,0.000000
200.000000,200.000000,0.000000,0.000000,-3094.000000,1178.000000,0.000000
0.000000,200.000000,0.000000,0.000000,-3108.000000,1178.000000,0.000000
0.000000,0.000000,0.000000,0.000000,-3118.000000,1178.000000,196.000000
-100.000000,-100.000000,0.000000,0.000000,-3142.000000,981.000000,0.000000
100.000000,-100.000000,0.000000,0.000000,-3153.000000,981.000000,0.000000
0.000000,0.000000,0.000000,0.000000,-3121.000000,981.000000,0.000000
-100.000000,-200.000000,0.000000,0.000000,-3102.000000,785.000000,0.000000
-100.000000,0.000000,0.000000,0.000000,-3110.000000,981.000000,0.000000
0.000000,0.000000,0.000000,0.000000,-3142.000000,785.000000,0.000000
0.000000,0.000000,0.000000,0.000000,-3132.000000,981.000000,0.000000
0.000000,200.000000,0.000000,0.000000,-3120.000000,785.000000,0.000000
0.000000,-100.000000,0.000000,0.000000,-3113.000000,981.000000,0.000000
-200.000000,-200.000000,0.000000,0.000000,-3145.000000,785.000000,0.000000
-100.000000,0.000000,0.000000,0.000000,-3149.000000,785.000000,0.000000
0.000000,-100.000000,0.000000,0.000000,-3146.000000,785.000000,0.000000
0.000000,0.000000,0.000000,0.000000,-3139.000000,785.000000,0.000000
-100.000000,-100.000000,0.000000,0.000000,-3116.000000,589.000000,0.000000
0.000000,0.000000,0.000000,0.000000,-3129.000000,785.000000,0.000000
0.000000,100.000000,156.000000,156.000000,-3174.000000,589.000000,0.000000
0.000000,-100.000000,0.000000,0.000000,-3182.000000,785.000000,0.000000
0.000000,-100.000000,156.000000,156.000000,-3188.000000,589.000000,0.000000
200.000000,0.000000,76.000000,78.000000,-3172.000000,589.000000,0.000000
200.000000,200.000000,0.000000,0.000000,-3148.000000,589.000000,-196.000000
0.000000,-200.000000,0.000000,0.000000,-3164.000000,589.000000,0.000000
0.000000,0.000000,0.000000,0.000000,-3130.000000,589.000000,0.000000
0.000000,0.000000,0.000000,0.000000,-3090.000000,589.000000,0.000000
0.000000,0.000000,0.000000,0.000000,-3077.000000,589.000000,0.000000
0.000000,200.000000,0.000000,0.000000,-3086.000000,392.000000,0.000000
0.000000,0.000000,0.000000,0.000000,-3106.000000,392.000000,-196.000000
0.000000,-100.000000,0.000000,0.000000,-3140.000000,589.000000,0.000000
0.000000,0.000000,0.000000,0.000000,-3120.000000,392.000000,0.000000
0.000000,-100.000000,0.000000,0.000000,-3083.000000,589.000000,0.000000
-100.000000,-300.000000,0.000000,0.000000,-3064.000000,392.000000,0.000000
-200.000000,100.000000,0.000000,0.000000,-3098.000000,392.000000,0.000000
0.000000,100.000000,0.000000,0.000000,-3091.000000,589.000000,0.000000
0.000000,-100.000000,0.000000,0.000000,-3066.000000,392.000000,0.000000
-500.000000,-200.000000,0.000000,0.000000,-3091.000000,392.000000,0.000000
-100.000000,-100.000000,0.000000,0.000000,-3080.000000,196.000000,0.000000
0.000000,0.000000,0.000000,0.000000,-3104.000000,196.000000,0.000000
-200.000000,100.000000,0.000000,0.000000,-3113.000000,392.000000,0.000000
-200.000000,0.000000,0.000000,0.000000,-3074.000000,392.000000,0.000000
0.000000,0.000000,0.000000,0.000000,-3089.000000,196.000000,0.000000
-100.000000,-200.000000,0.000000,0.000000,-3106.000000,392.000000,0.000000
0.000000,0.000000,0.000000,0.000000,-3103.000000,196.000000,0.000000
-200.000000,-100.000000,0.000000,0.000000,-3104.000000,0.000000,0.000000
-100.000000,-200.000000,0.000000,0.000000,-3083.000000,196.000000,-196.000000
-400.000000,-200.000000,0.000000,0.000000,-3040.000000,196.000000,0.000000
-400.000000,-200.000000,0.000000,0.000000,-3051.000000,196.000000,0.000000
300.000000,0.000000,0.000000,0.000000,-3067.000000,196.000000,0.000000
-300.000000,0.000000,0.000000,0.000000,-3062.000000,196.000000,0.000000
0.000000,0.000000,0.000000,0.000000,-3052.000000,0.000000,0.000000
0.000000,-100.000000,0.000000,0.000000,-3061.000000,196.000000,0.000000
0.000000,-300.000000,0.000000,0.000000,-3076.000000,0.000000,0.000000
-300.000000,100.000000,0.000000,0.000000,-3098.000000,0.000000,0.000000
0.000000,-100.000000,0.000000,0.000000,-3067.000000,0.000000,-196.000000
400.000000,0.000000,0.000000,0.000000,-3039.000000,0.000000,0.000000
200.000000,0.000000,0.000000,0.000000,-3051.000000,0.000000,-196.000000
100.000000,-100.000000,0.000000,0.000000,-3056.000000,0.000000,0.000000
100.000000,0.000000,0.000000,0.000000,-3073.000000,0.000000,0.000000
-100.000000,100.000000,0.000000,0.000000,-3067.000000,0.000000,0.000000
-100.000000,0.000000,0.000000,0.000000,-3047.000000,0.000000,0.000000
0.000000,0.000000,0.000000,0.000000,-3056.000000,0.000000,0.000000
-100.000000,0.000000,0.000000,0.000000,-3057.000000,0.000000,-196.000000
