Channel 1,Channel 2,Channel 3,Channel 4,Channel 5,Channel 6,Channel 7
0.000000,-200.000000,0.000000,0.000000,-3112.000000,0.000000,0.000000
100.000000,-100.000000,0.000000,0.000000,-3108.000000,0.000000,0.000000
-300.000000,-200.000000,0.000000,0.000000,-3115.000000,0.000000,0.000000
0.000000,0.000000,0.000000,0.000000,-3124.000000,0.000000,0.000000
0.000000,-200.000000,0.000000,0.000000,-3142.000000,0.000000,0.000000
-300.000000,-100.000000,0.000000,0.000000,-3149.000000,0.000000,0.000000
-100.000000,-200.000000,0.000000,0.000000,-3131.000000,0.000000,0.000000
-300.000000,-400.000000,0.000000,0.000000,-3135.000000,0.000000,0.000000
-200.000000,100.000000,0.000000,0.000000,-3124.000000,0.000000,0.000000
0.000000,-100.000000,0.000000,0.000000,-3122.000000,0.000000,0.000000
0.000000,0.000000,0.000000,0.000000,-3124.000000,0.000000,0.000000
0.000000,-200.000000,0.000000,0.000000,-3127.000000,0.000000,0.000000
-300.000000,0.000000,0.000000,0.000000,-3125.000000,0.000000,0.000000
0.000000,0.000000,0.000000,0.000000,-3138.000000,0.000000,0.000000
0.000000,-200.000000,62.000000,62.000000,-3128.000000,0.000000,0.000000
0.000000,0.000000,0.000000,0.000000,-3159.000000,0.000000,0.000000
-100.000000,0.000000,0.000000,0.000000,-3177.000000,0.000000,0.000000
-200.000000,-200.000000,0.000000,0.000000,-3175.000000,0.000000,0.000000
0.000000,-400.000000,0.000000,0.000000,-3199.000000,0.000000,0.000000
0.000000,-200.000000,0.000000,0.000000,-3170.000000,0.000000,0.000000
-200.000000,100.000000,0.000000,0.000000,-3188.000000,0.000000,0.000000
200.000000,-100.000000,0.000000,0.000000,-3180.000000,0.000000,0.000000
0.000000,-300.000000,0.000000,0.000000,-3178.000000,0.000000,0.000000
0.000000,-200.000000,0.000000,0.000000,-3196.000000,0.000000,0.000000
0.000000,-100.000000,0.000000,0.000000,-3190.000000,0.000000,0.000000
100.000000,-100.000000,0.000000,0.000000,-3168.000000,0.000000,0.000000
0.000000,0.000000,0.000000,0.000000,-3159.000000,0.000000,0.000000
0.000000,-200.000000,0.000000,0.000000,-3163.000000,0.000000,0.000000
0.000000,-200.000000,0.000000,0.000000,-3147.000000,0.000000,0.000000
0.000000,-100.000000,0.000000,0.000000,-3157.000000,0.000000,0.000000
0.000000,-100.000000,0.000000,0.000000,-3139.000000,0.000000,0.000000
0.000000,0.000000,0.000000,0.000000,-3113.000000,0.000000,0.000000
100.000000,0.000000,0.000000,0.000000,-3137.000000,0.000000,0.000000
-100.000000,-200.000000,0.000000,0.000000,-3142.000000,0.000000,0.000000
-100.000000,-400.000000,0.000000,0.000000,-3159.000000,0.000000,0.000000
-100.000000,0.000000,0.000000,0.000000,-3169.000000,0.000000,0.000000
0.000000,-100.000000,0.000000,0.000000,-3172.000000,0.000000,0.000000
-100.000000,-200.000000,0.000000,0.000000,-3155.000000,0.000000,0.000000
-200.000000,-200.000000,0.000000,0.000000,-3169.000000,0.000000,0.000000
0.000000,-300.000000,0.000000,0.000000,-3186.000000,0.000000,0.000000
-100.000000,-200.000000,0.000000,0.000000,-3161.000000,0.000000,0.000000
0.000000,0.000000,0.000000,0.000000,-3137.000000,0.000000,0.000000
-100.000000,-100.000000,0.000000,0.000000,-3123.000000,0.000000,0.000000
0.000000,-400.000000,0.000000,0.000000,-3131.000000,0.000000,0.000000
-200.000000,-300.000000,0.000000,0.000000,-3115.000000,0.000000,0.000000
0.000000,0.000000,0.000000,0.000000,-3120.000000,0.000000,0.000000
0.000000,-200.000000,0.000000,0.000000,-3111.000000,0.000000,0.000000
-100.000000,-200.000000,0.000000,0.000000,-3095.000000,0.000000,0.000000
200.000000,-100.000000,0.000000,0.000000,-3115.000000,0.000000,0.000000
100.000000,-200.000000,0.000000,0.000000,-3078.000000,0.000000,0.000000
-100.000000,-100.000000,0.000000,0.000000,-3060.000000,0.000000,0.000000
0.000000,-300.000000,0.000000,0.000000,-3039.000000,0.000000,0.000000
100.000000,-200.000000,0.000000,0.000000,-3068.000000,0.000000,0.000000
-100.000000,-100.000000,0.000000,0.000000,-3051.000000,0.000000,0.000000
-100.000000,-100.000000,0.000000,0.000000,-3029.000000,0.000000,0.000000
-200.000000,-300.000000,31.000000,31.000000,-3015.000000,0.000000,0.000000
-100.000000,-300.000000,0.000000,0.000000,-3043.000000,0.000000,0.000000
100.000000,-100.000000,0.000000,0.000000,-3047.000000,0.000000,0.000000
200.000000,0.000000,0.000000,0.000000,-3016.000000,0.000000,0.000000
-100.000000,-200.000000,0.000000,0.000000,-3016.000000,0.000000,0.000000
-100.000000,-200.000000,0.000000,0.000000,-2988.000000,0.000000,0.000000
-100.000000,100.000000,0.000000,0.000000,-2992.000000,0.000000,0.000000
-100.000000,0.000000,0.000000,0.000000,-2993.000000,0.000000,0.000000
100.000000,-100.000000,0.000000,0.000000,-2984.000000,0.000000,0.000000
-100.000000,-100.000000,0.000000,0.000000,-3032.000000,-196.000000,0.000000
-200.000000,0.000000,0.000000,0.000000,-3078.000000,0.000000,0.000000
-100.000000,200.000000,0.000000,0.000000,-3056.000000,0.000000,0.000000
0.000000,200.000000,0.000000,0.000000,-3033.000000,-196.000000,0.000000
600.000000,500.000000,0.000000,0.000000,-3009.000000,0.000000,0.000000
0.000000,0.000000,0.000000,0.000000,-2972.000000,-196.000000,-196.000000
0.000000,-300.000000,0.000000,0.000000,-2950.000000,0.000000,0.000000
0.000000,-100.000000,0.000000,0.000000,-2929.000000,0.000000,0.000000
-100.000000,0.000000,0.000000,0.000000,-2909.000000,0.000000,0.000000
0.000000,200.000000,0.000000,0.000000,-2929.000000,0.000000,0.000000
-100.000000,200.000000,0.000000,0.000000,-2963.000000,-196.000000,0.000000
-100.000000,100.000000,0.000000,0.000000,-2995.000000,0.000000,0.000000
100.000000,500.000000,0.000000,0.000000,-3013.000000,-196.000000,0.000000
0.000000,200.000000,0.000000,0.000000,-3019.000000,0.000000,0.000000
-400.000000,100.000000,0.000000,0.000000,-3012.000000,-196.000000,0.000000
100.000000,200.000000,0.000000,0.000000,-3014.000000,0.000000,-196.000000
0.000000,-100.000000,0.000000,0.000000,-2997.000000,0.000000,0.000000
-200.000000,-200.000000,62.000000,62.000000,-2962.000000,0.000000,0.000000
0.000000,0.000000,0.000000,0.000000,-2933.000000,0.000000,-196.000000
300.000000,100.000000,0.000000,0.000000,-2932.000000,0.000000,0.000000
0.000000,100.000000,0.000000,0.000000,-2917.000000,0.000000,0.000000
-100.000000,100.000000,0.000000,0.000000,-2910.000000,-196.000000,-196.000000
-100.000000,0.000000,0.000000,0.000000,-2926.000000,0.000000,0.000000
0.000000,0.000000,0.000000,0.000000,-2928.000000,0.000000,0.000000
0.000000,200.000000,0.000000,0.000000,-2929.000000,0.000000,0.000000
0.000000,100.000000,0.000000,0.000000,-2922.000000,-196.000000,-196.000000
0.000000,0.000000,0.000000,0.000000,-2918.000000,0.000000,0.000000
300.000000,-100.000000,0.000000,0.000000,-2917.000000,0.000000,-196.000000
-100.000000,-200.000000,0.000000,0.000000,-2917.000000,0.000000,0.000000
100.000000,-100.000000,0.000000,0.000000,-2922.000000,0.000000,-196.000000
300.000000,300.000000,0.000000,0.000000,-2946.000000,0.000000,-196.000000
400.000000,-100.000000,8000.000000,8000.000000,-2959.000000,0.000000,0.000000
7300.000000,7600.000000,8000.000000,8000.000000,-2964.000000,981.000000,1178.000000
7300.000000,7500.000000,8000.000000,8000.000000,-2924.000000,1767.000000,1767.000000
7800.000000,7600.000000,8000.000000,8000.000000,-2952.000000,981.000000,981.000000
7400.000000,7600.000000,8000.000000,8000.000000,-2962.000000,-196.000000,-196.000000
7500.000000,7400.000000,8000.000000,8000.000000,-3076.000000,-392.000000,-392.000000
8100.000000,7400.000000,8000.000000,8000.000000,-2988.000000,589.000000,392.000000
7500.000000,7600.000000,8000.000000,8000.000000,-2824.000000,1178.000000,981.000000
6900.000000,7700.000000,8000.000000,8000.000000,-2809.000000,1767.000000,1570.000000
8300.000000,7600.000000,8000.000000,8000.000000,-2915.000000,1374.000000,1570.000000
8600.000000,8400.000000,8000.000000,8000.000000,-3020.000000,785.000000,1374.000000
7600.000000,7200.000000,8000.000000,8000.000000,-2957.000000,785.000000,785.000000
7400.000000,7500.000000,8000.000000,8000.000000,-2830.000000,981.000000,785.000000
6900.000000,7100.000000,8000.000000,8000.000000,-2805.000000,1963.000000,1374.000000
7300.000000,6800.000000,8000.000000,8000.000000,-2897.000000,2356.000000,1963.000000
7300.000000,7400.000000,8000.000000,8000.000000,-2895.000000,1963.000000,1963.000000
7500.000000,7200.000000,8000.000000,8000.000000,-2845.000000,1374.000000,1963.000000
8900.000000,8600.000000,8000.000000,8000.000000,-2835.000000,1178.000000,1374.000000
7600.000000,7400.000000,8000.000000,8000.000000,-2863.000000,1570.000000,1374.000000
7100.000000,7300.000000,8000.000000,8000.000000,-2824.000000,1963.000000,1570.000000
6500.000000,7000.000000,8000.000000,8000.000000,-2754.000000,2356.000000,1963.000000
6600.000000,8100.000000,8000.000000,8000.000000,-2776.000000,1963.000000,2159.000000
6900.000000,7600.000000,8000.000000,8000.000000,-2865.000000,1570.000000,1963.000000
7300.000000,7400.000000,8000.000000,8000.000000,-2859.000000,1570.000000,1570.000000
8500.000000,7400.000000,8000.000000,8000.000000,-2830.000000,1570.000000,1570.000000
9000.000000,7700.000000,8000.000000,8000.000000,-2759.000000,1963.000000,1570.000000
7400.000000,7400.000000,8000.000000,8000.000000,-2790.000000,2159.000000,1767.000000
7400.000000,7400.000000,8000.000000,8000.000000,-2833.000000,1963.000000,1963.000000
7800.000000,8700.000000,8000.000000,8000.000000,-2815.000000,1570.000000,1963.000000
7600.000000,7600.000000,8000.000000,8000.000000,-2784.000000,1374.000000,1767.000000
7400.000000,7100.000000,8000.000000,8000.000000,-2813.000000,1767.000000,1374.000000
7800.000000,7600.000000,8000.000000,8000.000000,-2807.000000,1767.000000,1570.000000
8700.000000,7100.000000,8000.000000,8000.000000,-2785.000000,1963.000000,1570.000000
7800.000000,7200.000000,8000.000000,8000.000000,-2783.000000,1570.000000,1570.000000
7300.000000,7500.000000,8000.000000,8000.000000,-2802.000000,1570.000000,1374.000000
7500.000000,7800.000000,8000.000000,8000.000000,-2757.000000,1374.000000,1374.000000
7700.000000,7600.000000,8000.000000,8000.000000,-2731.000000,1570.000000,1178.000000
6900.000000,7100.000000,8000.000000,8000.000000,-2743.000000,1570.000000,981.000000
8200.000000,7300.000000,8000.000000,8000.000000,-2724.000000,1570.000000,981.000000
8200.000000,8400.000000,8000.000000,8000.000000,-2692.000000,1178.000000,1178.000000
7600.000000,7700.000000,8000.000000,8000.000000,-2729.000000,1178.000000,981.000000
8700.000000,8700.000000,8000.000000,8000.000000,-2711.000000,1178.000000,981.000000
8100.000000,8000.000000,8000.000000,8000.000000,-2719.000000,1178.000000,981.000000
8500.000000,7100.000000,8000.000000,8000.000000,-2698.000000,1178.000000,785.000000
8000.000000,8100.000000,8000.000000,8000.000000,-2710.000000,1178.000000,785.000000
7700.000000,7900.000000,8000.000000,8000.000000,-2712.000000,981.000000,981.000000
7200.000000,7800.000000,8000.000000,8000.000000,-2725.000000,981.000000,785.000000
7700.000000,7100.000000,8000.000000,8000.000000,-2719.000000,785.000000,981.000000
7800.000000,7700.000000,8000.000000,8000.000000,-2702.000000,981.000000,785.000000
8000.000000,7300.000000,8000.000000,8000.000000,-2727.000000,981.000000,589.000000
7400.000000,8200.000000,8000.000000,8000.000000,-2726.000000,981.000000,981.000000
6800.000000,8200.000000,8000.000000,8000.000000,-2726.000000,785.000000,785.000000
7800.000000,7700.000000,8000.000000,8000.000000,-2752.000000,589.000000,981.000000
7500.000000,7600.000000,8000.000000,8000.000000,-2780.000000,981.000000,785.000000
8000.000000,8600.000000,8000.000000,8000.000000,-2813.000000,981.000000,981.000000
8400.000000,7600.000000,8000.000000,8000.000000,-2792.000000,981.000000,785.000000
8000.000000,8300.000000,8000.000000,8000.000000,-2820.000000,785.000000,981.000000
8600.000000,7800.000000,8000.000000,8000.000000,-2822.000000,981.000000,1178.000000
7800.000000,7800.000000,8000.000000,8000.000000,-2844.000000,981.000000,1374.000000
8300.000000,7400.000000,8000.000000,8000.000000,-2843.000000,1178.000000,981.000000
7700.000000,8000.000000,8000.000000,8000.000000,-2857.000000,1178.000000,1374.000000
6800.000000,7600.000000,8000.000000,8000.000000,-2857.000000,1374.000000,1178.000000
8600.000000,7600.000000,8000.000000,8000.000000,-2887.000000,1178.000000,1570.000000
7700.000000,7800.000000,8000.000000,8000.000000,-2911.000000,1374.000000,1767.000000
7100.000000,7400.000000,8000.000000,8000.000000,-2864.000000,1374.000000,1767.000000
6800.000000,7700.000000,8000.000000,8000.000000,-2881.000000,1570.000000,1767.000000
6600.000000,8300.000000,8000.000000,8000.000000,-2954.000000,1767.000000,1767.000000
8400.000000,8100.000000,8000.000000,8000.000000,-2980.000000,1570.000000,1767.000000
8900.000000,7300.000000,8000.000000,8000.000000,-2949.000000,1767.000000,2159.000000
8800.000000,7200.000000,8000.000000,8000.000000,-2974.000000,1570.000000,2356.000000
6900.000000,7100.000000,8000.000000,8000.000000,-3003.000000,1963.000000,2356.000000
6400.000000,7000.000000,8000.000000,8000.000000,-3002.000000,1963.000000,2356.000000
7100.000000,7100.000000,8000.000000,8000.000000,-3015.000000,2159.000000,2356.000000
8500.000000,6900.000000,8000.000000,8000.000000,-3035.000000,2159.000000,2748.000000
8400.000000,7200.000000,8000.000000,8000.000000,-3030.000000,2159.000000,2748.000000
6600.000000,6800.000000,8000.000000,8000.000000,-3029.000000,2356.000000,2748.000000
9500.000000,7700.000000,8000.000000,8000.000000,-3005.000000,2356.000000,3141.000000
6800.000000,9300.000000,8000.000000,8000.000000,-3008.000000,2748.000000,3337.000000
8200.000000,7100.000000,8000.000000,8000.000000,-3001.000000,2552.000000,3337.000000
8400.000000,7500.000000,8000.000000,8000.000000,-2973.000000,2748.000000,3337.000000
7000.000000,8200.000000,8000.000000,8000.000000,-2972.000000,2748.000000,3730.000000
7100.000000,6900.000000,8000.000000,8000.000000,-2998.000000,3141.000000,3534.000000
9400.000000,8700.000000,8000.000000,8000.000000,-2996.000000,3141.000000,3534.000000
6800.000000,7200.000000,8000.000000,8000.000000,-2962.000000,3141.000000,3730.000000
6800.000000,7700.000000,8000.000000,8000.000000,-2969.000000,2945.000000,3730.000000
7000.000000,7900.000000,8000.000000,8000.000000,-3013.000000,3141.000000,3926.000000
7500.000000,7100.000000,8000.000000,8000.000000,-3021.000000,3141.000000,4123.000000
7100.000000,8700.000000,8000.000000,8000.000000,-2991.000000,3141.000000,4123.000000
7100.000000,7300.000000,8000.000000,8000.000000,-2983.000000,3337.000000,4123.000000
6700.000000,7600.000000,8000.000000,8000.000000,-2997.000000,3534.000000,4319.000000
6700.000000,8300.000000,8000.000000,8000.000000,-3013.000000,3534.000000,4123.000000
6600.000000,8200.000000,8000.000000,8000.000000,-3006.000000,3534.000000,3534.000000
7000.000000,6700.000000,8000.000000,8000.000000,-3012.000000,3730.000000,3534.000000
6800.000000,7000.000000,8000.000000,8000.000000,-3023.000000,3534.000000,3926.000000
7000.000000,7400.000000,8000.000000,8000.000000,-3028.000000,3730.000000,4123.000000
7100.000000,8300.000000,8000.000000,8000.000000,-3067.000000,3337.000000,4319.000000
9000.000000,8200.000000,8000.000000,8000.000000,-3058.000000,3534.000000,4319.000000
8800.000000,6800.000000,8000.000000,8000.000000,-3095.000000,3534.000000,4123.000000
7900.000000,7500.000000,8000.000000,8000.000000,-3101.000000,3534.000000,3926.000000
7900.000000,8000.000000,8000.000000,8000.000000,-3113.000000,3730.000000,3926.000000
8300.000000,8500.000000,8000.000000,8000.000000,-3146.000000,3730.000000,3730.000000
8800.000000,9200.000000,8000.000000,8000.000000,-3129.000000,3730.000000,3926.000000
8600.000000,8200.000000,8000.000000,8000.000000,-3124.000000,3730.000000,3926.000000
8600.000000,7200.000000,8000.000000,8000.000000,-3072.000000,3534.000000,3534.000000
8000.000000,7300.000000,8000.000000,8000.000000,-3072.000000,3534.000000,4123.000000
7500.000000,8100.000000,8000.000000,8000.000000,-3079.000000,3337.000000,3926.000000
7800.000000,8500.000000,8000.000000,8000.000000,-3114.000000,3534.000000,3926.000000
7800.000000,6800.000000,8000.000000,8000.000000,-3148.000000,3337.000000,3730.000000
8400.000000,7400.000000,8000.000000,8000.000000,-3207.000000,3534.000000,3730.000000
9200.000000,9200.000000,8000.000000,8000.000000,-3219.000000,3337.000000,3730.000000
7700.000000,7400.000000,8000.000000,8000.000000,-3208.000000,3534.000000,3730.000000
6900.000000,7000.000000,8000.000000,8000.000000,-3222.000000,3730.000000,3730.000000
6600.000000,7500.000000,8000.000000,8000.000000,-3216.000000,3534.000000,3730.000000
6800.000000,8900.000000,8000.000000,8000.000000,-3223.000000,3534.000000,3730.000000
7400.000000,8100.000000,8000.000000,8000.000000,-3274.000000,3337.000000,3730.000000
8000.000000,7400.000000,8000.000000,8000.000000,-3318.000000,3141.000000,3730.000000
9700.000000,9100.000000,8000.000000,8000.000000,-3245.000000,3337.000000,2945.000000
7700.000000,7200.000000,8000.000000,8000.000000,-3268.000000,3337.000000,2748.000000
6900.000000,7200.000000,8000.000000,8000.000000,-3283.000000,3534.000000,2552.000000
8900.000000,8200.000000,8000.000000,8000.000000,-3256.000000,3534.000000,3337.000000
7400.000000,8900.000000,8000.000000,8000.000000,-3241.000000,3534.000000,3534.000000
6700.000000,6900.000000,8000.000000,8000.000000,-3231.000000,3534.000000,3730.000000
7300.000000,6900.000000,8000.000000,8000.000000,-3158.000000,3730.000000,3534.000000
8400.000000,7600.000000,8000.000000,8000.000000,-3083.000000,3730.000000,3730.000000
9100.000000,8300.000000,8000.000000,8000.000000,-3084.000000,3730.000000,3534.000000
7800.000000,9100.000000,8000.000000,8000.000000,-3003.000000,3534.000000,3534.000000
7000.000000,7300.000000,8000.000000,8000.000000,-3009.000000,3534.000000,3337.000000
8000.000000,6700.000000,8000.000000,8000.000000,-2992.000000,3730.000000,3337.000000
8400.000000,7300.000000,8000.000000,8000.000000,-2952.000000,3926.000000,3534.000000
6900.000000,7500.000000,8000.000000,8000.000000,-2894.000000,4123.000000,3534.000000
7500.000000,7000.000000,8000.000000,8000.000000,-2833.000000,4319.000000,3534.000000
7600.000000,6900.000000,8000.000000,8000.000000,-2821.000000,4319.000000,3730.000000
8700.000000,7300.000000,8000.000000,8000.000000,-2828.000000,4123.000000,3730.000000
9300.000000,8000.000000,8000.000000,8000.000000,-2788.000000,4123.000000,3926.000000
9100.000000,8500.000000,8000.000000,8000.000000,-2814.000000,4123.000000,4123.000000
9200.000000,9200.000000,8000.000000,8000.000000,-2855.000000,4319.000000,3926.000000
8400.000000,8200.000000,8000.000000,8000.000000,-2836.000000,4516.000000,3730.000000
7100.000000,6900.000000,8000.000000,8000.000000,-2798.000000,4908.000000,3926.000000
6900.000000,8500.000000,8000.000000,8000.000000,-2805.000000,4908.000000,3926.000000
6600.000000,7800.000000,8000.000000,8000.000000,-2778.000000,4908.000000,4123.000000
7000.000000,8200.000000,8000.000000,8000.000000,-2740.000000,4908.000000,4516.000000
8500.000000,7700.000000,8000.000000,8000.000000,-2714.000000,4908.000000,4516.000000
8300.000000,7200.000000,8000.000000,8000.000000,-2734.000000,4712.000000,4712.000000
6900.000000,8700.000000,8000.000000,8000.000000,-2712.000000,5105.000000,4712.000000
8000.000000,7100.000000,8000.000000,8000.000000,-2674.000000,5301.000000,8050.000000
8900.000000,7000.000000,8000.000000,8000.000000,-2616.000000,5497.000000,4319.000000
7500.000000,7500.000000,8000.000000,8000.000000,-2681.000000,5890.000000,4516.000000
6700.000000,7700.000000,8000.000000,8000.000000,-2691.000000,5694.000000,4516.000000
8800.000000,8100.000000,8000.000000,8000.000000,-2747.000000,5497.000000,4908.000000
7200.000000,7900.000000,8000.000000,8000.000000,-2688.000000,5105.000000,5301.000000
8500.000000,6900.000000,8000.000000,8000.000000,-2673.000000,5497.000000,5301.000000
8300.000000,7700.000000,8000.000000,8000.000000,-2663.000000,6086.000000,5105.000000
7500.000000,7000.000000,8000.000000,8000.000000,-2649.000000,6479.000000,4908.000000
6700.000000,8000.000000,8000.000000,8000.000000,-2606.000000,6283.000000,4516.000000
9200.000000,8900.000000,8000.000000,8000.000000,-2628.000000,6086.000000,4908.000000
6600.000000,8600.000000,8000.000000,8000.000000,-2646.000000,5497.000000,4712.000000
6700.000000,6600.000000,8000.000000,8000.000000,-2580.000000,5694.000000,5497.000000
6600.000000,6700.000000,8000.000000,8000.000000,-2549.000000,6479.000000,6086.000000
7400.000000,8200.000000,8000.000000,8000.000000,-2568.000000,6872.000000,5694.000000
8900.000000,7100.000000,8000.000000,8000.000000,-2702.000000,6675.000000,4908.000000
6500.000000,9100.000000,8000.000000,8000.000000,-2686.000000,6283.000000,5105.000000
7900.000000,8800.000000,8000.000000,8000.000000,-2679.000000,5890.000000,5497.000000
8500.000000,8100.000000,8000.000000,8000.000000,-2717.000000,5890.000000,6086.000000
8300.000000,8400.000000,8000.000000,8000.000000,-2641.000000,6675.000000,6086.000000
8500.000000,6900.000000,8000.000000,8000.000000,-2578.000000,7461.000000,5105.000000
8500.000000,8100.000000,8000.000000,8000.000000,-2667.000000,7068.000000,4516.000000
7800.000000,7700.000000,8000.000000,8000.000000,-2666.000000,6479.000000,4908.000000
7300.000000,8100.000000,8000.000000,8000.000000,-2641.000000,6086.000000,5497.000000
6900.000000,8200.000000,8000.000000,8000.000000,-2472.000000,6283.000000,6086.000000
6700.000000,7500.000000,8000.000000,8000.000000,-2422.000000,7068.000000,6283.000000
7000.000000,8600.000000,8000.000000,8000.000000,-2298.000000,7461.000000,6086.000000
7800.000000,7300.000000,8000.000000,8000.000000,-2289.000000,6872.000000,5301.000000
8800.000000,8700.000000,8000.000000,8000.000000,-2285.000000,6479.000000,5105.000000
7500.000000,8400.000000,8000.000000,8000.000000,-2188.000000,6479.000000,4908.000000
8900.000000,7400.000000,8000.000000,8000.000000,-2123.000000,6675.000000,5497.000000
8100.000000,8000.000000,8000.000000,8000.000000,-2079.000000,7264.000000,5890.000000
8600.000000,7300.000000,8000.000000,8000.000000,-2054.000000,7068.000000,6086.000000
8100.000000,7800.000000,8000.000000,8000.000000,-2078.000000,6675.000000,5497.000000
7600.000000,8500.000000,8000.000000,8000.000000,-2064.000000,6675.000000,4908.000000
6600.000000,7300.000000,8000.000000,8000.000000,-1991.000000,6872.000000,4712.000000
8600.000000,8700.000000,8000.000000,8000.000000,-1868.000000,6872.000000,5105.000000
8100.000000,7900.000000,8000.000000,8000.000000,-1883.000000,6872.000000,5694.000000
8300.000000,7300.000000,8000.000000,8000.000000,-1892.000000,6675.000000,5890.000000
8800.000000,8300.000000,8000.000000,8000.000000,-1809.000000,6479.000000,5105.000000
7100.000000,8100.000000,8000.000000,8000.000000,-1803.000000,6675.000000,4123.000000
7900.000000,7300.000000,8000.000000,8000.000000,-1852.000000,7068.000000,4123.000000
9200.000000,8500.000000,8000.000000,8000.000000,-1816.000000,6675.000000,4712.000000
6900.000000,8000.000000,8000.000000,8000.000000,-1891.000000,6479.000000,5301.000000
7200.000000,6800.000000,8000.000000,8000.000000,-1950.000000,6479.000000,6086.000000
7000.000000,7900.000000,8000.000000,8000.000000,-1863.000000,6675.000000,5890.000000
7900.000000,7900.000000,8000.000000,8000.000000,-1917.000000,6872.000000,5301.000000
8100.000000,7900.000000,8000.000000,8000.000000,-1838.000000,6872.000000,3926.000000
8900.000000,8400.000000,8000.000000,8000.000000,-1872.000000,6675.000000,4516.000000
7700.000000,7600.000000,8000.000000,8000.000000,-1866.000000,6283.000000,5105.000000
9000.000000,7600.000000,8000.000000,8000.000000,-1707.000000,6675.000000,5694.000000
9000.000000,6300.000000,8000.000000,8000.000000,-1732.000000,7068.000000,5890.000000
9000.000000,8300.000000,8000.000000,8000.000000,-1572.000000,7068.000000,5497.000000
7000.000000,7400.000000,8000.000000,8000.000000,-1476.000000,6675.000000,5105.000000
8800.000000,8300.000000,8000.000000,8000.000000,-1594.000000,6479.000000,4712.000000
7800.000000,7000.000000,8000.000000,8000.000000,-1521.000000,6675.000000,4908.000000
8100.000000,8600.000000,8000.000000,8000.000000,-1421.000000,7068.000000,5694.000000
8000.000000,7200.000000,8000.000000,8000.000000,-1456.000000,7068.000000,6283.000000
9100.000000,8600.000000,8000.000000,8000.000000,-1487.000000,6872.000000,6872.000000
8500.000000,7300.000000,8000.000000,8000.000000,-1556.000000,6479.000000,6086.000000
8900.000000,8500.000000,8000.000000,8000.000000,-1613.000000,6872.000000,8639.000000
6700.000000,7700.000000,8000.000000,8000.000000,-1625.000000,7068.000000,5105.000000
7900.000000,8100.000000,8000.000000,8000.000000,-1672.000000,7264.000000,5497.000000
7900.000000,7100.000000,8000.000000,8000.000000,-1707.000000,7264.000000,6283.000000
7400.000000,8400.000000,8000.000000,8000.000000,-1850.000000,6872.000000,7068.000000
8200.000000,7100.000000,8000.000000,8000.000000,-1880.000000,7068.000000,6872.000000
7100.000000,8100.000000,8000.000000,8000.000000,-1910.000000,7461.000000,6086.000000
7600.000000,8500.000000,8000.000000,8000.000000,-2002.000000,7461.000000,5105.000000
8000.000000,7700.000000,8000.000000,8000.000000,-2058.000000,7657.000000,4908.000000
6500.000000,7200.000000,8000.000000,8000.000000,-2090.000000,7461.000000,6086.000000
7900.000000,8100.000000,8000.000000,8000.000000,-2083.000000,7657.000000,7657.000000
9100.000000,8400.000000,8000.000000,8000.000000,-1988.000000,7853.000000,7461.000000
7800.000000,8300.000000,8000.000000,8000.000000,-2034.000000,8050.000000,6675.000000
6900.000000,8500.000000,8000.000000,8000.000000,-2147.000000,8050.000000,6283.000000
7200.000000,8100.000000,8000.000000,8000.000000,-2185.000000,8246.000000,6479.000000
7100.000000,8100.000000,8000.000000,8000.000000,-2102.000000,8443.000000,6675.000000
7800.000000,7700.000000,8000.000000,8000.000000,-1991.000000,8443.000000,7657.000000
8800.000000,6800.000000,8000.000000,8000.000000,-2003.000000,8639.000000,7657.000000
8000.000000,8000.000000,8000.000000,8000.000000,-2129.000000,8835.000000,7264.000000
7700.000000,7600.000000,8000.000000,8000.000000,-2065.000000,9032.000000,7461.000000
8800.000000,8000.000000,8000.000000,8000.000000,-1957.000000,9032.000000,7461.000000
7200.000000,8200.000000,8000.000000,8000.000000,-1900.000000,8639.000000,8246.000000
6600.000000,6900.000000,8000.000000,8000.000000,-1957.000000,9032.000000,7657.000000
6700.000000,8500.000000,8000.000000,8000.000000,-1959.000000,9424.000000,7657.000000
6700.000000,8000.000000,8000.000000,8000.000000,-1844.000000,9621.000000,8050.000000
7000.000000,7100.000000,8000.000000,8000.000000,-1880.000000,9424.000000,8050.000000
6200.000000,7700.000000,8000.000000,8000.000000,-2000.000000,9424.000000,7657.000000
7300.000000,8400.000000,8000.000000,8000.000000,-2123.000000,9424.000000,7853.000000
7500.000000,7600.000000,8000.000000,8000.000000,-1973.000000,9424.000000,7657.000000
7200.000000,7500.000000,8000.000000,8000.000000,-1901.000000,9424.000000,7461.000000
7000.000000,8100.000000,8000.000000,8000.000000,-1914.000000,9817.000000,8050.000000
8400.000000,8200.000000,8000.000000,8000.000000,-1897.000000,10013.000000,8050.000000
8700.000000,8100.000000,8000.000000,8000.000000,-2026.000000,9817.000000,8050.000000
8500.000000,8300.000000,8000.000000,8000.000000,-1880.000000,9621.000000,8050.000000
8600.000000,8400.000000,8000.000000,8000.000000,-1830.000000,9621.000000,7853.000000
8200.000000,8800.000000,8000.000000,8000.000000,-1659.000000,9621.000000,8246.000000
7800.000000,7600.000000,0.000000,0.000000,-1723.000000,9424.000000,8050.000000
0.000000,0.000000,0.000000,0.000000,-1735.000000,8443.000000,7068.000000
0.000000,100.000000,0.000000,0.000000,-1682.000000,8050.000000,6479.000000
0.000000,0.000000,0.000000,0.000000,-1518.000000,8050.000000,6479.000000
0.000000,-100.000000,0.000000,0.000000,-1421.000000,7657.000000,6086.000000
0.000000,0.000000,0.000000,0.000000,-1554.000000,7461.000000,6479.000000
-100.000000,0.000000,0.000000,0.000000,-1398.000000,6872.000000,7657.000000
-100.000000,-100.000000,0.000000,0.000000,-1391.000000,7264.000000,10799.000000
0.000000,0.000000,0.000000,0.000000,-1378.000000,7068.000000,8835.000000
0.000000,-100.000000,0.000000,0.000000,-1485.000000,7853.000000,8050.000000
-200.000000,0.000000,0.000000,0.000000,-1526.000000,9032.000000,7657.000000
100.000000,0.000000,0.000000,0.000000,-1443.000000,9621.000000,7264.000000
-100.000000,-100.000000,0.000000,0.000000,-1652.000000,9621.000000,6479.000000
-200.000000,0.000000,31.000000,31.000000,-1631.000000,9621.000000,5694.000000
-100.000000,-100.000000,0.000000,0.000000,-1472.000000,9032.000000,4712.000000
0.000000,0.000000,31.000000,31.000000,-1512.000000,8835.000000,4712.000000
100.000000,0.000000,0.000000,0.000000,-1565.000000,8639.000000,5105.000000
0.000000,0.000000,0.000000,0.000000,-1628.000000,8246.000000,4712.000000
0.000000,200.000000,0.000000,0.000000,-1538.000000,7657.000000,4516.000000
0.000000,-200.000000,0.000000,0.000000,-1536.000000,6872.000000,4712.000000
-100.000000,0.000000,0.000000,0.000000,-1644.000000,6675.000000,5301.000000
100.000000,-100.000000,0.000000,0.000000,-1695.000000,6675.000000,6086.000000
-100.000000,0.000000,0.000000,0.000000,-1678.000000,6086.000000,6283.000000
-200.000000,-100.000000,0.000000,0.000000,-1707.000000,5890.000000,5694.000000
-200.000000,100.000000,0.000000,0.000000,-1806.000000,5694.000000,5497.000000
-200.000000,0.000000,0.000000,0.000000,-1774.000000,5497.000000,5890.000000
0.000000,-100.000000,0.000000,0.000000,-1700.000000,5497.000000,5694.000000
-200.000000,200.000000,0.000000,0.000000,-1848.000000,6086.000000,5497.000000
-100.000000,100.000000,0.000000,0.000000,-1800.000000,7853.000000,5301.000000
-200.000000,100.000000,0.000000,0.000000,-1710.000000,8835.000000,4908.000000
-100.000000,0.000000,0.000000,0.000000,-1739.000000,8835.000000,5301.000000
200.000000,0.000000,0.000000,0.000000,-1730.000000,8835.000000,5694.000000
-100.000000,-100.000000,0.000000,0.000000,-1778.000000,8639.000000,6086.000000
0.000000,0.000000,0.000000,0.000000,-1689.000000,8246.000000,5694.000000
0.000000,100.000000,0.000000,0.000000,-1665.000000,8050.000000,5890.000000
0.000000,100.000000,0.000000,0.000000,-1691.000000,7853.000000,6283.000000
-100.000000,0.000000,0.000000,0.000000,-1669.000000,7657.000000,6086.000000
-100.000000,-100.000000,0.000000,0.000000,-1692.000000,7461.000000,6479.000000
300.000000,-100.000000,0.000000,0.000000,-1760.000000,7264.000000,6675.000000
200.000000,0.000000,0.000000,0.000000,-1817.000000,6872.000000,6675.000000
-100.000000,100.000000,31.000000,31.000000,-1826.000000,6872.000000,6872.000000
-100.000000,-100.000000,0.000000,0.000000,-1771.000000,7068.000000,6479.000000
-100.000000,-100.000000,0.000000,0.000000,-1776.000000,8246.000000,6675.000000
0.000000,0.000000,0.000000,0.000000,-1753.000000,10013.000000,6872.000000
0.000000,0.000000,0.000000,0.000000,-1793.000000,10210.000000,6675.000000
-300.000000,0.000000,0.000000,0.000000,-1827.000000,10210.000000,6675.000000
0.000000,0.000000,0.000000,0.000000,-1842.000000,9817.000000,6872.000000
200.000000,0.000000,0.000000,0.000000,-1849.000000,9817.000000,6479.000000
0.000000,0.000000,0.000000,0.000000,-1958.000000,9621.000000,7853.000000
0.000000,-1500.000000,62.000000,62.000000,-1995.000000,9228.000000,7657.000000
400.000000,-200.000000,0.000000,0.000000,-2030.000000,9032.000000,7461.000000
0.000000,0.000000,0.000000,0.000000,-2155.000000,8835.000000,7461.000000
0.000000,0.000000,0.000000,0.000000,-2167.000000,8835.000000,7853.000000
100.000000,0.000000,0.000000,0.000000,-2116.000000,8443.000000,7657.000000
0.000000,-100.000000,0.000000,0.000000,-2194.000000,8246.000000,8050.000000
-300.000000,100.000000,0.000000,0.000000,-2270.000000,8443.000000,8050.000000
100.000000,0.000000,0.000000,0.000000,-2188.000000,9424.000000,11584.000000
-100.000000,-100.000000,0.000000,0.000000,-2104.000000,10210.000000,7853.000000
0.000000,200.000000,0.000000,0.000000,-2117.000000,10602.000000,7853.000000
400.000000,0.000000,0.000000,0.000000,-2178.000000,10406.000000,7657.000000
0.000000,-100.000000,0.000000,0.000000,-2220.000000,10210.000000,7461.000000
0.000000,0.000000,0.000000,0.000000,-2198.000000,9817.000000,7264.000000
300.000000,0.000000,0.000000,0.000000,-2130.000000,10013.000000,6872.000000
-300.000000,200.000000,0.000000,0.000000,-2098.000000,9424.000000,7068.000000
-100.000000,100.000000,0.000000,0.000000,-2113.000000,9032.000000,7657.000000
0.000000,200.000000,0.000000,0.000000,-2009.000000,9032.000000,7657.000000
100.000000,0.000000,0.000000,0.000000,-1938.000000,8835.000000,7461.000000
-200.000000,100.000000,0.000000,0.000000,-1925.000000,8443.000000,7461.000000
-300.000000,-100.000000,0.000000,0.000000,-1931.000000,8246.000000,7068.000000
-300.000000,0.000000,0.000000,0.000000,-2044.000000,8050.000000,6086.000000
200.000000,0.000000,0.000000,0.000000,-2012.000000,7657.000000,6675.000000
-300.000000,0.000000,0.000000,0.000000,-1945.000000,7657.000000,6872.000000
-200.000000,0.000000,0.000000,0.000000,-1931.000000,7461.000000,6675.000000
-200.000000,0.000000,0.000000,0.000000,-1938.000000,7264.000000,6675.000000
-1200.000000,-500.000000,62.000000,62.000000,-1891.000000,7264.000000,6479.000000
0.000000,0.000000,0.000000,0.000000,-1968.000000,7461.000000,6479.000000
0.000000,0.000000,0.000000,0.000000,-1913.000000,8050.000000,6479.000000
0.000000,100.000000,0.000000,0.000000,-1857.000000,8246.000000,5694.000000
-100.000000,200.000000,0.000000,0.000000,-1797.000000,7853.000000,5497.000000
100.000000,200.000000,0.000000,0.000000,-1809.000000,7657.000000,5890.000000
-100.000000,100.000000,0.000000,0.000000,-1719.000000,8050.000000,5497.000000
200.000000,200.000000,0.000000,0.000000,-1729.000000,7461.000000,5301.000000
-100.000000,100.000000,0.000000,0.000000,-1684.000000,7068.000000,5497.000000
200.000000,400.000000,62.000000,62.000000,-1656.000000,7264.000000,5497.000000
-100.000000,0.000000,0.000000,0.000000,-1648.000000,6872.000000,5301.000000
0.000000,100.000000,0.000000,0.000000,-1694.000000,6675.000000,4712.000000
-300.000000,100.000000,0.000000,0.000000,-1644.000000,6479.000000,4319.000000
-100.000000,0.000000,0.000000,0.000000,-1578.000000,6086.000000,4319.000000
-100.000000,100.000000,0.000000,0.000000,-1656.000000,5890.000000,4123.000000
200.000000,0.000000,0.000000,0.000000,-1587.000000,5890.000000,4712.000000
0.000000,-300.000000,0.000000,0.000000,-1553.000000,5694.000000,4319.000000
-100.000000,0.000000,0.000000,0.000000,-1498.000000,5497.000000,4516.000000
0.000000,-100.000000,0.000000,0.000000,-1532.000000,5497.000000,4319.000000
-100.000000,200.000000,0.000000,0.000000,-1608.000000,5694.000000,4123.000000
0.000000,0.000000,0.000000,0.000000,-1566.000000,6283.000000,4123.000000
0.000000,200.000000,0.000000,0.000000,-1540.000000,6479.000000,3926.000000
-100.000000,0.000000,0.000000,0.000000,-1577.000000,6283.000000,3534.000000
0.000000,0.000000,0.000000,0.000000,-1590.000000,6479.000000,3730.000000
-100.000000,-100.000000,0.000000,0.000000,-1739.000000,6086.000000,4123.000000
-100.000000,-100.000000,0.000000,0.000000,-1740.000000,5890.000000,4123.000000
-100.000000,0.000000,0.000000,0.000000,-1770.000000,5890.000000,4123.000000
-200.000000,-100.000000,0.000000,0.000000,-1731.000000,5694.000000,4319.000000
0.000000,0.000000,0.000000,0.000000,-1761.000000,5694.000000,4516.000000
0.000000,-200.000000,0.000000,0.000000,-1868.000000,5694.000000,4712.000000
-100.000000,-100.000000,0.000000,0.000000,-1886.000000,6283.000000,4712.000000
-200.000000,-100.000000,0.000000,0.000000,-1932.000000,6872.000000,4516.000000
-200.000000,0.000000,0.000000,0.000000,-1938.000000,6872.000000,4516.000000
200.000000,100.000000,0.000000,0.000000,-1867.000000,6675.000000,4516.000000
-100.000000,0.000000,0.000000,0.000000,-1907.000000,6675.000000,4516.000000
200.000000,0.000000,0.000000,0.000000,-1879.000000,6675.000000,5105.000000
-100.000000,0.000000,0.000000,0.000000,-1862.000000,6283.000000,5497.000000
-100.000000,0.000000,0.000000,0.000000,-1994.000000,6283.000000,7657.000000
100.000000,0.000000,0.000000,0.000000,-1975.000000,6283.000000,5694.000000
-100.000000,200.000000,0.000000,0.000000,-2071.000000,7068.000000,5105.000000
0.000000,0.000000,0.000000,0.000000,-2142.000000,7264.000000,5105.000000
0.000000,-100.000000,0.000000,0.000000,-2055.000000,7853.000000,5105.000000
200.000000,-400.000000,0.000000,0.000000,-2027.000000,7657.000000,5105.000000
100.000000,-100.000000,0.000000,0.000000,-2103.000000,7461.000000,5497.000000
100.000000,0.000000,0.000000,0.000000,-2139.000000,7461.000000,6086.000000
0.000000,-100.000000,0.000000,0.000000,-2080.000000,7264.000000,5694.000000
100.000000,0.000000,0.000000,0.000000,-2138.000000,7068.000000,5497.000000
-100.000000,0.000000,0.000000,0.000000,-2212.000000,7264.000000,4908.000000
-100.000000,-200.000000,0.000000,0.000000,-2174.000000,7461.000000,5105.000000
0.000000,200.000000,0.000000,0.000000,-2215.000000,7853.000000,5694.000000
0.000000,0.000000,0.000000,0.000000,-2276.000000,8246.000000,5694.000000
-100.000000,-100.000000,0.000000,0.000000,-2204.000000,8246.000000,5890.000000
-100.000000,-200.000000,0.000000,0.000000,-2106.000000,8246.000000,6283.000000
-300.000000,100.000000,0.000000,0.000000,-2108.000000,8050.000000,6086.000000
-200.000000,0.000000,0.000000,0.000000,-2091.000000,7853.000000,6086.000000
-100.000000,0.000000,0.000000,0.000000,-2013.000000,7853.000000,5694.000000
-100.000000,0.000000,0.000000,0.000000,-1997.000000,7461.000000,5890.000000
0.000000,0.000000,0.000000,0.000000,-2005.000000,7657.000000,6086.000000
0.000000,-100.000000,0.000000,0.000000,-2004.000000,7461.000000,5890.000000
-100.000000,0.000000,0.000000,0.000000,-2007.000000,8050.000000,5890.000000
-200.000000,0.000000,0.000000,0.000000,-1940.000000,8050.000000,6086.000000
0.000000,400.000000,0.000000,0.000000,-1930.000000,8246.000000,6086.000000
200.000000,-200.000000,0.000000,0.000000,-1935.000000,7853.000000,6283.000000
-100.000000,0.000000,0.000000,0.000000,-1986.000000,7657.000000,6086.000000
-100.000000,-100.000000,0.000000,0.000000,-1968.000000,7264.000000,5694.000000
100.000000,0.000000,0.000000,0.000000,-1956.000000,7264.000000,5105.000000
0.000000,0.000000,0.000000,0.000000,-1936.000000,7068.000000,5497.000000
400.000000,200.000000,0.000000,0.000000,-1909.000000,6872.000000,5105.000000
-200.000000,300.000000,0.000000,0.000000,-1913.000000,6872.000000,5105.000000
0.000000,0.000000,0.000000,0.000000,-1910.000000,6675.000000,5105.000000
-100.000000,-200.000000,0.000000,0.000000,-1918.000000,6675.000000,5105.000000
-200.000000,-200.000000,0.000000,0.000000,-1879.000000,6675.000000,5105.000000
100.000000,0.000000,0.000000,0.000000,-1890.000000,6675.000000,4908.000000
-200.000000,0.000000,0.000000,0.000000,-1824.000000,6872.000000,4516.000000
-100.000000,0.000000,0.000000,0.000000,-1796.000000,6479.000000,4123.000000
-100.000000,-100.000000,0.000000,0.000000,-1850.000000,6479.000000,4319.000000
0.000000,100.000000,0.000000,0.000000,-1770.000000,6283.000000,4516.000000
-100.000000,100.000000,0.000000,0.000000,-1765.000000,6086.000000,4123.000000
0.000000,-100.000000,0.000000,0.000000,-1774.000000,6086.000000,4123.000000
200.000000,0.000000,0.000000,0.000000,-1740.000000,5694.000000,3926.000000
-200.000000,-100.000000,0.000000,0.000000,-1662.000000,5694.000000,3534.000000
0.000000,200.000000,0.000000,0.000000,-1691.000000,5497.000000,3534.000000
0.000000,0.000000,0.000000,0.000000,-1707.000000,5301.000000,3337.000000
-100.000000,0.000000,0.000000,0.000000,-1692.000000,5497.000000,3141.000000
0.000000,-100.000000,0.000000,0.000000,-1707.000000,5301.000000,3141.000000
-300.000000,-200.000000,0.000000,0.000000,-1680.000000,5497.000000,2552.000000
-100.000000,-100.000000,0.000000,0.000000,-1637.000000,5497.000000,3141.000000
-200.000000,-100.000000,0.000000,0.000000,-1649.000000,5301.000000,3141.000000
-100.000000,100.000000,0.000000,0.000000,-1697.000000,5301.000000,3141.000000
200.000000,-100.000000,0.000000,0.000000,-1662.000000,5105.000000,2945.000000
-200.000000,-100.000000,0.000000,0.000000,-1628.000000,4908.000000,2945.000000
-100.000000,0.000000,0.000000,0.000000,-1687.000000,4908.000000,2748.000000
-200.000000,0.000000,0.000000,0.000000,-1750.000000,4712.000000,2748.000000
300.000000,100.000000,0.000000,0.000000,-1752.000000,4908.000000,2945.000000
-100.000000,0.000000,31.000000,31.000000,-1742.000000,4712.000000,3141.000000
0.000000,-100.000000,0.000000,0.000000,-1769.000000,4908.000000,2945.000000
-200.000000,100.000000,0.000000,0.000000,-1791.000000,5105.000000,2945.000000
-100.000000,0.000000,0.000000,0.000000,-1807.000000,5105.000000,2945.000000
0.000000,-100.000000,0.000000,0.000000,-1843.000000,5105.000000,2748.000000
-100.000000,-100.000000,0.000000,0.000000,-1841.000000,5301.000000,2748.000000
0.000000,0.000000,0.000000,0.000000,-1873.000000,5105.000000,2748.000000
-200.000000,0.000000,0.000000,0.000000,-1895.000000,5105.000000,2945.000000
100.000000,-100.000000,0.000000,0.000000,-1935.000000,5105.000000,2945.000000
-100.000000,-100.000000,0.000000,0.000000,-1941.000000,5105.000000,3337.000000
-100.000000,-300.000000,0.000000,0.000000,-1936.000000,5105.000000,3337.000000
-100.000000,-100.000000,0.000000,0.000000,-2003.000000,5105.000000,3534.000000
100.000000,0.000000,0.000000,0.000000,-1994.000000,5497.000000,3337.000000
100.000000,-100.000000,0.000000,0.000000,-2027.000000,5497.000000,3534.000000
-200.000000,0.000000,0.000000,0.000000,-2055.000000,5497.000000,3926.000000
-100.000000,0.000000,0.000000,0.000000,-2071.000000,5497.000000,3141.000000
-100.000000,0.000000,0.000000,0.000000,-2069.000000,5301.000000,2945.000000
0.000000,0.000000,0.000000,0.000000,-2085.000000,5301.000000,2945.000000
300.000000,0.000000,0.000000,0.000000,-2075.000000,5301.000000,3337.000000
-100.000000,-200.000000,0.000000,0.000000,-2075.000000,5497.000000,3337.000000
200.000000,100.000000,0.000000,0.000000,-2087.000000,5694.000000,3337.000000
0.000000,0.000000,0.000000,0.000000,-2138.000000,5890.000000,3534.000000
-200.000000,-200.000000,0.000000,0.000000,-2119.000000,5890.000000,3534.000000
-100.000000,0.000000,0.000000,0.000000,-2150.000000,5694.000000,3730.000000
-100.000000,100.000000,0.000000,0.000000,-2200.000000,5890.000000,3534.000000
-300.000000,0.000000,0.000000,0.000000,-2164.000000,5890.000000,3534.000000
100.000000,100.000000,0.000000,0.000000,-2120.000000,6086.000000,3534.000000
300.000000,0.000000,0.000000,0.000000,-2166.000000,6086.000000,3337.000000
0.000000,200.000000,0.000000,0.000000,-2231.000000,5890.000000,3337.000000
0.000000,-200.000000,0.000000,0.000000,-2214.000000,6086.000000,3337.000000
-100.000000,-300.000000,0.000000,0.000000,-2204.000000,6086.000000,3337.000000
-100.000000,0.000000,0.000000,0.000000,-2252.000000,6283.000000,3926.000000
100.000000,-200.000000,0.000000,0.000000,-2311.000000,6283.000000,3926.000000
0.000000,100.000000,0.000000,0.000000,-2248.000000,6086.000000,3926.000000
0.000000,0.000000,0.000000,0.000000,-2237.000000,6283.000000,3926.000000
-200.000000,200.000000,0.000000,0.000000,-2236.000000,6086.000000,3730.000000
0.000000,0.000000,0.000000,0.000000,-2235.000000,6086.000000,3730.000000
-100.000000,-200.000000,0.000000,0.000000,-2234.000000,6086.000000,3534.000000
200.000000,0.000000,0.000000,0.000000,-2252.000000,6086.000000,3730.000000
0.000000,0.000000,0.000000,0.000000,-2221.000000,6086.000000,3730.000000
-100.000000,0.000000,0.000000,0.000000,-2160.000000,6086.000000,3730.000000
-100.000000,-100.000000,0.000000,0.000000,-2162.000000,6086.000000,3730.000000
-100.000000,100.000000,0.000000,0.000000,-2141.000000,6086.000000,3337.000000
-100.000000,0.000000,0.000000,0.000000,-2141.000000,6086.000000,3534.000000
0.000000,0.000000,0.000000,0.000000,-2072.000000,5890.000000,3534.000000
-300.000000,100.000000,0.000000,0.000000,-2083.000000,6086.000000,3534.000000
200.000000,300.000000,0.000000,0.000000,-2058.000000,5890.000000,3337.000000
0.000000,0.000000,0.000000,0.000000,-2020.000000,5890.000000,3141.000000
-100.000000,-300.000000,0.000000,0.000000,-2050.000000,5890.000000,3337.000000
0.000000,-100.000000,0.000000,0.000000,-2064.000000,5694.000000,3337.000000
0.000000,-100.000000,0.000000,0.000000,-2042.000000,5694.000000,3534.000000
-200.000000,0.000000,0.000000,0.000000,-2019.000000,5497.000000,3730.000000
0.000000,0.000000,0.000000,0.000000,-1988.000000,5497.000000,3534.000000
-200.000000,0.000000,0.000000,0.000000,-1962.000000,5497.000000,3534.000000
0.000000,100.000000,0.000000,0.000000,-1938.000000,5301.000000,3337.000000
-100.000000,-100.000000,0.000000,0.000000,-1877.000000,5301.000000,3141.000000
-100.000000,0.000000,0.000000,0.000000,-1916.000000,5301.000000,2945.000000
0.000000,-200.000000,0.000000,0.000000,-1906.000000,5105.000000,2552.000000
0.000000,0.000000,0.000000,0.000000,-1899.000000,5301.000000,2552.000000
0.000000,100.000000,31.000000,31.000000,-1952.000000,5105.000000,2356.000000
200.000000,0.000000,0.000000,0.000000,-1971.000000,5105.000000,2552.000000
-200.000000,0.000000,0.000000,0.000000,-1979.000000,5105.000000,2748.000000
0.000000,0.000000,0.000000,0.000000,-1960.000000,5105.000000,3141.000000
0.000000,0.000000,0.000000,0.000000,-1995.000000,4908.000000,2748.000000
-200.000000,200.000000,0.000000,0.000000,-1992.000000,4908.000000,2945.000000
0.000000,0.000000,0.000000,0.000000,-1994.000000,4712.000000,2356.000000
0.000000,0.000000,0.000000,0.000000,-1990.000000,4712.000000,2356.000000
-200.000000,0.000000,0.000000,0.000000,-2010.000000,4712.000000,2159.000000
-100.000000,-100.000000,0.000000,0.000000,-2044.000000,4712.000000,1963.000000
0.000000,-400.000000,0.000000,0.000000,-2005.000000,4516.000000,2159.000000
0.000000,200.000000,0.000000,0.000000,-1972.000000,4712.000000,2159.000000
200.000000,0.000000,0.000000,0.000000,-1976.000000,4516.000000,2356.000000
100.000000,0.000000,0.000000,0.000000,-1967.000000,4516.000000,2356.000000
-200.000000,0.000000,0.000000,0.000000,-1963.000000,4516.000000,2159.000000
-100.000000,0.000000,0.000000,0.000000,-1926.000000,4516.000000,1963.000000
0.000000,0.000000,0.000000,0.000000,-1975.000000,4712.000000,1963.000000
-100.000000,300.000000,0.000000,0.000000,-1930.000000,4516.000000,1963.000000
-100.000000,-100.000000,0.000000,0.000000,-1891.000000,4516.000000,1963.000000
-100.000000,0.000000,0.000000,0.000000,-1966.000000,4516.000000,1963.000000
-200.000000,-100.000000,0.000000,0.000000,-1949.000000,4319.000000,1767.000000
-200.000000,0.000000,0.000000,0.000000,-1919.000000,4319.000000,1963.000000
-200.000000,100.000000,0.000000,0.000000,-1928.000000,4319.000000,1767.000000
100.000000,200.000000,0.000000,0.000000,-1934.000000,4516.000000,1767.000000
0.000000,0.000000,0.000000,0.000000,-1955.000000,4516.000000,1570.000000
0.000000,0.000000,0.000000,0.000000,-1977.000000,4516.000000,1767.000000
0.000000,0.000000,0.000000,0.000000,-2030.000000,4516.000000,1767.000000
-100.000000,0.000000,0.000000,0.000000,-2022.000000,4516.000000,1767.000000
-100.000000,0.000000,0.000000,0.000000,-1995.000000,4516.000000,1963.000000
100.000000,200.000000,0.000000,0.000000,-1986.000000,4319.000000,1963.000000
-100.000000,-100.000000,0.000000,0.000000,-2042.000000,4319.000000,2159.000000
200.000000,200.000000,0.000000,0.000000,-2030.000000,4123.000000,1963.000000
100.000000,200.000000,0.000000,0.000000,-2036.000000,4319.000000,1767.000000
0.000000,-100.000000,0.000000,0.000000,-2100.000000,4516.000000,1963.000000
0.000000,200.000000,0.000000,0.000000,-2105.000000,4516.000000,1963.000000
-100.000000,100.000000,0.000000,0.000000,-2074.000000,4319.000000,2159.000000
-100.000000,0.000000,0.000000,0.000000,-2120.000000,4319.000000,2159.000000
-100.000000,0.000000,0.000000,0.000000,-2116.000000,4123.000000,2159.000000
200.000000,-200.000000,0.000000,0.000000,-2103.000000,4319.000000,2159.000000
-100.000000,200.000000,0.000000,0.000000,-2076.000000,4123.000000,2159.000000
-100.000000,0.000000,0.000000,0.000000,-2083.000000,4319.000000,1963.000000
-100.000000,0.000000,0.000000,0.000000,-2126.000000,4516.000000,1767.000000
200.000000,0.000000,0.000000,0.000000,-2141.000000,4516.000000,1570.000000
100.000000,0.000000,0.000000,0.000000,-2151.000000,4319.000000,1767.000000
-100.000000,-100.000000,0.000000,0.000000,-2169.000000,4319.000000,1963.000000
0.000000,200.000000,0.000000,0.000000,-2166.000000,4123.000000,2159.000000
-100.000000,-100.000000,0.000000,0.000000,-2173.000000,4123.000000,2159.000000
200.000000,100.000000,0.000000,0.000000,-2197.000000,4319.000000,2159.000000
400.000000,0.000000,0.000000,0.000000,-2197.000000,4123.000000,2159.000000
0.000000,0.000000,0.000000,0.000000,-2206.000000,4319.000000,2159.000000
0.000000,-100.000000,0.000000,0.000000,-2243.000000,4319.000000,1963.000000
-100.000000,0.000000,0.000000,0.000000,-2229.000000,4319.000000,2159.000000
-200.000000,0.000000,0.000000,0.000000,-2260.000000,4123.000000,2159.000000
0.000000,0.000000,0.000000,0.000000,-2256.000000,4123.000000,2159.000000
100.000000,200.000000,0.000000,0.000000,-2273.000000,3926.000000,2159.000000
0.000000,-100.000000,0.000000,0.000000,-2263.000000,3730.000000,2159.000000
-100.000000,0.000000,0.000000,0.000000,-2252.000000,3730.000000,2159.000000
-200.000000,-100.000000,0.000000,0.000000,-2272.000000,3926.000000,2356.000000
-200.000000,0.000000,0.000000,0.000000,-2256.000000,3730.000000,1963.000000
-200.000000,0.000000,0.000000,0.000000,-2237.000000,3730.000000,2159.000000
0.000000,0.000000,0.000000,0.000000,-2268.000000,3730.000000,1963.000000
0.000000,100.000000,0.000000,0.000000,-2271.000000,3534.000000,1767.000000
-100.000000,0.000000,0.000000,0.000000,-2296.000000,3534.000000,1570.000000
0.000000,100.000000,0.000000,0.000000,-2313.000000,3534.000000,1570.000000
300.000000,-100.000000,0.000000,0.000000,-2329.000000,3337.000000,1570.000000
0.000000,100.000000,0.000000,0.000000,-2352.000000,3337.000000,1570.000000
0.000000,0.000000,0.000000,0.000000,-2366.000000,3337.000000,1570.000000
0.000000,-100.000000,0.000000,0.000000,-2333.000000,3337.000000,1767.000000
-100.000000,0.000000,0.000000,0.000000,-2341.000000,3337.000000,1963.000000
0.000000,0.000000,62.000000,62.000000,-2360.000000,3141.000000,1963.000000
0.000000,-400.000000,0.000000,0.000000,-2385.000000,3141.000000,1963.000000
-100.000000,0.000000,0.000000,0.000000,-2409.000000,2945.000000,1767.000000
-200.000000,100.000000,0.000000,0.000000,-2452.000000,2945.000000,1767.000000
100.000000,0.000000,0.000000,0.000000,-2463.000000,2945.000000,1570.000000
-200.000000,0.000000,0.000000,0.000000,-2471.000000,2748.000000,1374.000000
-200.000000,0.000000,0.000000,0.000000,-2505.000000,2748.000000,1374.000000
-200.000000,0.000000,0.000000,0.000000,-2553.000000,2945.000000,1178.000000
0.000000,0.000000,0.000000,0.000000,-2565.000000,2945.000000,1178.000000
200.000000,100.000000,0.000000,0.000000,-2544.000000,2945.000000,1178.000000
-200.000000,0.000000,0.000000,0.000000,-2520.000000,2748.000000,1374.000000
200.000000,-100.000000,0.000000,0.000000,-2530.000000,2748.000000,1178.000000
0.000000,0.000000,0.000000,0.000000,-2523.000000,2748.000000,1178.000000
-300.000000,0.000000,0.000000,0.000000,-2557.000000,2552.000000,981.000000
0.000000,0.000000,0.000000,0.000000,-2567.000000,2356.000000,981.000000
-100.000000,-100.000000,0.000000,0.000000,-2565.000000,2356.000000,785.000000
0.000000,0.000000,0.000000,0.000000,-2578.000000,2356.000000,589.000000
-100.000000,100.000000,0.000000,0.000000,-2567.000000,2356.000000,589.000000
-200.000000,0.000000,0.000000,0.000000,-2549.000000,2356.000000,785.000000
-400.000000,0.000000,0.000000,0.000000,-2563.000000,2552.000000,392.000000
-300.000000,0.000000,0.000000,0.000000,-2573.000000,2552.000000,589.000000
0.000000,400.000000,0.000000,0.000000,-2568.000000,2748.000000,392.000000
-300.000000,0.000000,0.000000,0.000000,-2589.000000,2552.000000,589.000000
0.000000,0.000000,0.000000,0.000000,-2588.000000,2552.000000,392.000000
200.000000,0.000000,0.000000,0.000000,-2601.000000,2356.000000,392.000000
-100.000000,-100.000000,0.000000,0.000000,-2606.000000,2356.000000,196.000000
100.000000,0.000000,0.000000,0.000000,-2604.000000,2159.000000,392.000000
-100.000000,-100.000000,0.000000,0.000000,-2576.000000,2159.000000,196.000000
-200.000000,100.000000,0.000000,0.000000,-2609.000000,2159.000000,196.000000
-200.000000,0.000000,0.000000,0.000000,-2635.000000,2159.000000,196.000000
-300.000000,0.000000,0.000000,0.000000,-2635.000000,2552.000000,0.000000
0.000000,0.000000,0.000000,0.000000,-2608.000000,2552.000000,0.000000
0.000000,-100.000000,0.000000,0.000000,-2591.000000,2748.000000,0.000000
0.000000,0.000000,0.000000,0.000000,-2600.000000,2552.000000,0.000000
-100.000000,200.000000,0.000000,0.000000,-2617.000000,2552.000000,0.000000
-300.000000,200.000000,0.000000,0.000000,-2625.000000,2552.000000,0.000000
-200.000000,-100.000000,0.000000,0.000000,-2625.000000,2552.000000,0.000000
0.000000,0.000000,0.000000,0.000000,-2603.000000,2356.000000,0.000000
-100.000000,0.000000,0.000000,0.000000,-2580.000000,2356.000000,0.000000
-100.000000,0.000000,0.000000,0.000000,-2556.000000,2356.000000,0.000000
-100.000000,200.000000,0.000000,0.000000,-2586.000000,2356.000000,0.000000
100.000000,0.000000,0.000000,0.000000,-2575.000000,2552.000000,0.000000
-200.000000,300.000000,0.000000,0.000000,-2593.000000,2552.000000,0.000000
200.000000,0.000000,62.000000,62.000000,-2584.000000,2552.000000,0.000000
100.000000,0.000000,0.000000,0.000000,-2592.000000,2552.000000,0.000000
-100.000000,0.000000,0.000000,0.000000,-2615.000000,2552.000000,0.000000
0.000000,100.000000,0.000000,0.000000,-2617.000000,2552.000000,0.000000
-100.000000,-100.000000,0.000000,0.000000,-2635.000000,2552.000000,0.000000
0.000000,0.000000,0.000000,0.000000,-2653.000000,2748.000000,196.000000
-100.000000,100.000000,0.000000,0.000000,-2643.000000,2552.000000,0.000000
0.000000,100.000000,0.000000,0.000000,-2670.000000,2552.000000,0.000000
0.000000,100.000000,0.000000,0.000000,-2686.000000,2552.000000,196.000000
100.000000,0.000000,0.000000,0.000000,-2701.000000,2552.000000,0.000000
0.000000,0.000000,0.000000,0.000000,-2713.000000,2552.000000,196.000000
0.000000,0.000000,0.000000,0.000000,-2702.000000,2552.000000,0.000000
0.000000,-100.000000,0.000000,0.000000,-2710.000000,2552.000000,196.000000
-100.000000,0.000000,0.000000,0.000000,-2706.000000,2356.000000,196.000000
-100.000000,0.000000,0.000000,0.000000,-2704.000000,2552.000000,0.000000
-200.000000,0.000000,0.000000,0.000000,-2727.000000,2748.000000,196.000000
-300.000000,-100.000000,0.000000,0.000000,-2731.000000,2552.000000,196.000000
100.000000,300.000000,0.000000,0.000000,-2727.000000,2748.000000,0.000000
0.000000,100.000000,0.000000,0.000000,-2728.000000,2552.000000,0.000000
0.000000,0.000000,0.000000,0.000000,-2765.000000,2552.000000,0.000000
0.000000,-100.000000,62.000000,62.000000,-2749.000000,2552.000000,0.000000
-300.000000,200.000000,0.000000,0.000000,-2776.000000,2552.000000,196.000000
-300.000000,0.000000,0.000000,0.000000,-2796.000000,2356.000000,196.000000
-100.000000,100.000000,0.000000,0.000000,-2786.000000,2159.000000,196.000000
-300.000000,0.000000,0.000000,0.000000,-2813.000000,2159.000000,0.000000
-100.000000,0.000000,0.000000,0.000000,-2778.000000,2159.000000,196.000000
-100.000000,0.000000,0.000000,0.000000,-2785.000000,1963.000000,0.000000
-100.000000,-100.000000,0.000000,0.000000,-2773.000000,2159.000000,0.000000
-200.000000,100.000000,0.000000,0.000000,-2755.000000,2159.000000,0.000000
-200.000000,-100.000000,0.000000,0.000000,-2733.000000,2356.000000,196.000000
-200.000000,100.000000,0.000000,0.000000,-2724.000000,2159.000000,0.000000
0.000000,-100.000000,0.000000,0.000000,-2722.000000,2159.000000,0.000000
-100.000000,100.000000,0.000000,0.000000,-2703.000000,2159.000000,0.000000
0.000000,0.000000,0.000000,0.000000,-2720.000000,1963.000000,0.000000
-700.000000,200.000000,0.000000,0.000000,-2708.000000,1963.000000,0.000000
-700.000000,0.000000,0.000000,0.000000,-2736.000000,1767.000000,0.000000
200.000000,0.000000,0.000000,0.000000,-2737.000000,1963.000000,0.000000
-300.000000,100.000000,0.000000,0.000000,-2759.000000,1767.000000,0.000000
-400.000000,100.000000,31.000000,31.000000,-2756.000000,1767.000000,0.000000
-200.000000,-100.000000,0.000000,0.000000,-2753.000000,1570.000000,0.000000
-300.000000,-100.000000,0.000000,0.000000,-2782.000000,1570.000000,0.000000
0.000000,100.000000,0.000000,0.000000,-2758.000000,1570.000000,0.000000
100.000000,100.000000,0.000000,0.000000,-2730.000000,1570.000000,0.000000
-100.000000,0.000000,0.000000,0.000000,-2767.000000,1374.000000,0.000000
-200.000000,0.000000,0.000000,0.000000,-2750.000000,1374.000000,0.000000
-300.000000,-100.000000,0.000000,0.000000,-2776.000000,1178.000000,0.000000
-200.000000,200.000000,0.000000,0.000000,-2776.000000,1374.000000,0.000000
100.000000,0.000000,0.000000,0.000000,-2817.000000,981.000000,-196.000000
0.000000,0.000000,0.000000,0.000000,-2803.000000,1178.000000,0.000000
0.000000,-100.000000,0.000000,0.000000,-2805.000000,981.000000,-196.000000
-100.000000,0.000000,0.000000,0.000000,-2802.000000,981.000000,0.000000
0.000000,0.000000,0.000000,0.000000,-2776.000000,785.000000,0.000000
-100.000000,-100.000000,0.000000,0.000000,-2766.000000,981.000000,0.000000
-300.000000,0.000000,0.000000,0.000000,-2753.000000,589.000000,0.000000
-100.000000,0.000000,0.000000,0.000000,-2740.000000,785.000000,0.000000
-400.000000,-100.000000,0.000000,0.000000,-2718.000000,589.000000,0.000000
100.000000,0.000000,62.000000,62.000000,-2727.000000,589.000000,0.000000
0.000000,-100.000000,0.000000,0.000000,-2750.000000,589.000000,0.000000
0.000000,0.000000,0.000000,0.000000,-2757.000000,589.000000,0.000000
0.000000,0.000000,62.000000,62.000000,-2761.000000,392.000000,-196.000000
-200.000000,0.000000,0.000000,0.000000,-2764.000000,196.000000,0.000000
200.000000,200.000000,0.000000,0.000000,-2758.000000,392.000000,-196.000000
100.000000,-100.000000,0.000000,0.000000,-2742.000000,196.000000,0.000000
300.000000,-200.000000,0.000000,0.000000,-2751.000000,196.000000,0.000000
-200.000000,0.000000,0.000000,0.000000,-2738.000000,196.000000,0.000000
-200.000000,100.000000,0.000000,0.000000,-2704.000000,196.000000,0.000000
0.000000,0.000000,0.000000,0.000000,-2672.000000,196.000000,0.000000
0.000000,0.000000,0.000000,0.000000,-2645.000000,196.000000,0.000000
0.000000,-200.000000,0.000000,0.000000,-2640.000000,0.000000,0.000000
0.000000,-400.000000,0.000000,0.000000,-2630.000000,0.000000,-196.000000
-300.000000,0.000000,0.000000,0.000000,-2627.000000,0.000000,0.000000
-300.000000,-200.000000,0.000000,0.000000,-2633.000000,0.000000,0.000000
0.000000,200.000000,31.000000,31.000000,-2625.000000,0.000000,0.000000
-200.000000,-300.000000,0.000000,0.000000,-2617.000000,0.000000,0.000000
-500.000000,-300.000000,0.000000,0.000000,-2617.000000,0.000000,0.000000
-300.000000,-300.000000,0.000000,0.000000,-2603.000000,0.000000,0.000000
0.000000,100.000000,0.000000,0.000000,-2593.000000,0.000000,0.000000
-200.000000,0.000000,0.000000,0.000000,-2559.000000,0.000000,0.000000
-200.000000,100.000000,0.000000,0.000000,-2544.000000,0.000000,0.000000
-200.000000,-200.000000,0.000000,0.000000,-2539.000000,-196.000000,0.000000
0.000000,0.000000,0.000000,0.000000,-2538.000000,0.000000,0.000000
0.000000,-100.000000,0.000000,0.000000,-2541.000000,0.000000,0.000000
-100.000000,0.000000,0.000000,0.000000,-2540.000000,0.000000,0.000000
0.000000,-200.000000,0.000000,0.000000,-2557.000000,0.000000,0.000000
-600.000000,0.000000,0.000000,0.000000,-2572.000000,0.000000,0.000000
-100.000000,-300.000000,0.000000,0.000000,-2585.000000,0.000000,0.000000
0.000000,0.000000,0.000000,0.000000,-2599.000000,0.000000,0.000000
-300.000000,-300.000000,0.000000,0.000000,-2613.000000,0.000000,0.000000
-100.000000,200.000000,0.000000,0.000000,-2610.000000,0.000000,196.000000
-100.000000,100.000000,0.000000,0.000000,-2596.000000,-196.000000,0.000000
0.000000,0.000000,0.000000,0.000000,-2612.000000,0.000000,196.000000
0.000000,-200.000000,0.000000,0.000000,-2627.000000,0.000000,0.000000
0.000000,-200.000000,0.000000,0.000000,-2632.000000,-196.000000,0.000000
-300.000000,-200.000000,0.000000,0.000000,-2616.000000,0.000000,0.000000
0.000000,-200.000000,0.000000,0.000000,-2597.000000,0.000000,0.000000
-200.000000,-100.000000,0.000000,0.000000,-2568.000000,0.000000,-196.000000
-100.000000,0.000000,0.000000,0.000000,-2557.000000,-196.000000,0.000000
0.000000,0.000000,0.000000,0.000000,-2545.000000,-392.000000,0.000000
100.000000,-200.000000,0.000000,0.000000,-2561.000000,-392.000000,-196.000000
-200.000000,0.000000,31.000000,31.000000,-2576.000000,-589.000000,0.000000
0.000000,-100.000000,0.000000,0.000000,-2576.000000,-589.000000,0.000000
0.000000,200.000000,0.000000,0.000000,-2590.000000,-392.000000,0.000000
-100.000000,0.000000,0.000000,0.000000,-2582.000000,-392.000000,0.000000
-300.000000,400.000000,0.000000,0.000000,-2602.000000,-392.000000,0.000000
300.000000,0.000000,0.000000,0.000000,-2620.000000,-392.000000,-196.000000
0.000000,0.000000,0.000000,0.000000,-2608.000000,-392.000000,-196.000000
200.000000,300.000000,0.000000,0.000000,-2630.000000,-589.000000,-392.000000
200.000000,300.000000,0.000000,0.000000,-2651.000000,-392.000000,-392.000000
100.000000,100.000000,0.000000,0.000000,-2657.000000,-589.000000,-392.000000
0.000000,-200.000000,0.000000,0.000000,-2683.000000,-589.000000,-589.000000
200.000000,100.000000,0.000000,0.000000,-2694.000000,-392.000000,-392.000000
100.000000,0.000000,0.000000,0.000000,-2694.000000,-392.000000,-392.000000
0.000000,-200.000000,0.000000,0.000000,-2729.000000,-589.000000,-392.000000
-100.000000,200.000000,0.000000,0.000000,-2768.000000,-392.000000,-392.000000
-300.000000,0.000000,0.000000,0.000000,-2756.000000,-589.000000,-392.000000
-400.000000,-100.000000,0.000000,0.000000,-2779.000000,-392.000000,-589.000000
0.000000,200.000000,0.000000,0.000000,-2774.000000,-589.000000,-392.000000
200.000000,200.000000,0.000000,0.000000,-2795.000000,-392.000000,-589.000000
200.000000,100.000000,0.000000,0.000000,-2806.000000,-589.000000,-589.000000
0.000000,100.000000,0.000000,0.000000,-2803.000000,-392.000000,-589.000000
0.000000,300.000000,0.000000,0.000000,-2793.000000,-392.000000,-589.000000
0.000000,0.000000,0.000000,0.000000,-2808.000000,-589.000000,-589.000000
0.000000,0.000000,0.000000,0.000000,-2848.000000,-589.000000,-589.000000
300.000000,200.000000,0.000000,0.000000,-2847.000000,-392.000000,-589.000000
200.000000,200.000000,0.000000,0.000000,-2838.000000,-589.000000,-785.000000
0.000000,200.000000,0.000000,0.000000,-2850.000000,-392.000000,-589.000000
100.000000,0.000000,0.000000,0.000000,-2880.000000,-589.000000,-785.000000
300.000000,100.000000,0.000000,0.000000,-2860.000000,-392.000000,-589.000000
200.000000,200.000000,62.000000,62.000000,-2868.000000,-589.000000,-785.000000
0.000000,0.000000,0.000000,0.000000,-2857.000000,-392.000000,-785.000000
-300.000000,200.000000,0.000000,0.000000,-2852.000000,-589.000000,-785.000000
100.000000,0.000000,0.000000,0.000000,-2849.000000,-392.000000,-589.000000
0.000000,-100.000000,0.000000,0.000000,-2870.000000,-589.000000,-785.000000
100.000000,100.000000,0.000000,0.000000,-2898.000000,-392.000000,-785.000000
-100.000000,100.000000,0.000000,0.000000,-2911.000000,-589.000000,-785.000000
0.000000,100.000000,0.000000,0.000000,-2942.000000,-589.000000,-785.000000
100.000000,200.000000,0.000000,0.000000,-2925.000000,-392.000000,-981.000000
100.000000,100.000000,31.000000,31.000000,-2917.000000,-392.000000,-785.000000
200.000000,100.000000,0.000000,0.000000,-2927.000000,-589.000000,-785.000000
100.000000,100.000000,0.000000,0.000000,-2955.000000,-392.000000,-589.000000
-100.000000,-100.000000,0.000000,0.000000,-2967.000000,-589.000000,-785.000000
0.000000,100.000000,0.000000,0.000000,-2976.000000,-392.000000,-785.000000
-100.000000,200.000000,0.000000,0.000000,-2965.000000,-589.000000,-589.000000
200.000000,0.000000,0.000000,0.000000,-2991.000000,-392.000000,-785.000000
-200.000000,0.000000,0.000000,0.000000,-2990.000000,-392.000000,-785.000000
0.000000,0.000000,0.000000,0.000000,-2986.000000,-392.000000,-589.000000
-100.000000,0.000000,0.000000,0.000000,-3018.000000,-392.000000,-589.000000
300.000000,100.000000,0.000000,0.000000,-3033.000000,-589.000000,-589.000000
0.000000,-100.000000,0.000000,0.000000,-3042.000000,-392.000000,-589.000000
-200.000000,0.000000,0.000000,0.000000,-3050.000000,-392.000000,-392.000000
200.000000,100.000000,0.000000,0.000000,-3049.000000,-392.000000,-589.000000
0.000000,0.000000,0.000000,0.000000,-3024.000000,-392.000000,-196.000000
200.000000,0.000000,0.000000,0.000000,-3022.000000,-392.000000,-392.000000
200.000000,0.000000,0.000000,0.000000,-3028.000000,-196.000000,-392.000000
