Channel 1,Channel 2,Channel 3,Channel 4,Channel 5,Channel 6,Channel 7
0.000000,100.000000,0.000000,0.000000,-4244.000000,0.000000,0.000000
-100.000000,200.000000,0.000000,0.000000,-4245.000000,0.000000,0.000000
100.000000,-100.000000,0.000000,0.000000,-4239.000000,0.000000,0.000000
0.000000,-300.000000,0.000000,0.000000,-4228.000000,0.000000,0.000000
100.000000,100.000000,0.000000,0.000000,-4220.000000,0.000000,0.000000
0.000000,200.000000,0.000000,0.000000,-4234.000000,0.000000,0.000000
0.000000,100.000000,0.000000,0.000000,-4224.000000,0.000000,0.000000
-100.000000,0.000000,0.000000,0.000000,-4229.000000,0.000000,0.000000
0.000000,-100.000000,0.000000,0.000000,-4240.000000,0.000000,0.000000
-100.000000,-100.000000,0.000000,0.000000,-4226.000000,0.000000,0.000000
100.000000,100.000000,0.000000,0.000000,-4233.000000,0.000000,0.000000
-200.000000,-100.000000,0.000000,0.000000,-4228.000000,0.000000,0.000000
0.000000,100.000000,0.000000,0.000000,-4245.000000,0.000000,0.000000
200.000000,0.000000,0.000000,0.000000,-4249.000000,0.000000,0.000000
100.000000,100.000000,0.000000,0.000000,-4250.000000,0.000000,0.000000
0.000000,0.000000,0.000000,0.000000,-4248.000000,0.000000,0.000000
-200.000000,0.000000,0.000000,0.000000,-4240.000000,0.000000,0.000000
100.000000,0.000000,0.000000,0.000000,-4247.000000,0.000000,0.000000
0.000000,0.000000,0.000000,0.000000,-4249.000000,0.000000,0.000000
-100.000000,0.000000,0.000000,0.000000,-4240.000000,0.000000,0.000000
0.000000,200.000000,0.000000,0.000000,-4237.000000,0.000000,0.000000
0.000000,200.000000,0.000000,0.000000,-4258.000000,0.000000,0.000000
0.000000,0.000000,0.000000,0.000000,-4255.000000,0.000000,0.000000
300.000000,100.000000,0.000000,0.000000,-4253.000000,0.000000,0.000000
0.000000,200.000000,0.000000,0.000000,-4258.000000,0.000000,0.000000
-200.000000,-100.000000,0.000000,0.000000,-4264.000000,0.000000,0.000000
-100.000000,0.000000,0.000000,0.000000,-4289.000000,0.000000,0.000000
-100.000000,-200.000000,0.000000,0.000000,-4279.000000,0.000000,0.000000
-100.000000,0.000000,0.000000,0.000000,-4295.000000,0.000000,0.000000
100.000000,-200.000000,0.000000,0.000000,-4305.000000,0.000000,0.000000
0.000000,200.000000,0.000000,0.000000,-4318.000000,0.000000,0.000000
0.000000,-300.000000,0.000000,0.000000,-4315.000000,0.000000,0.000000
-100.000000,0.000000,0.000000,0.000000,-4305.000000,0.000000,0.000000
100.000000,-100.000000,0.000000,0.000000,-4318.000000,0.000000,0.000000
100.000000,-100.000000,0.000000,0.000000,-4323.000000,0.000000,0.000000
0.000000,-300.000000,0.000000,0.000000,-4336.000000,0.000000,0.000000
-100.000000,0.000000,0.000000,0.000000,-4336.000000,0.000000,0.000000
0.000000,-200.000000,0.000000,0.000000,-4352.000000,0.000000,0.000000
200.000000,-300.000000,0.000000,0.000000,-4370.000000,0.000000,0.000000
100.000000,-200.000000,0.000000,0.000000,-4377.000000,0.000000,0.000000
0.000000,-400.000000,0.000000,0.000000,-4377.000000,0.000000,0.000000
-100.000000,-200.000000,0.000000,0.000000,-4377.000000,0.000000,0.000000
-100.000000,0.000000,0.000000,0.000000,-4383.000000,0.000000,0.000000
100.000000,0.000000,0.000000,0.000000,-4377.000000,0.000000,0.000000
0.000000,0.000000,0.000000,0.000000,-4381.000000,0.000000,0.000000
0.000000,-100.000000,0.000000,0.000000,-4387.000000,0.000000,0.000000
0.000000,-100.000000,0.000000,0.000000,-4381.000000,0.000000,0.000000
0.000000,100.000000,0.000000,0.000000,-4386.000000,0.000000,0.000000
0.000000,-100.000000,0.000000,0.000000,-4379.000000,0.000000,0.000000
100.000000,-200.000000,0.000000,0.000000,-4390.000000,0.000000,0.000000
0.000000,0.000000,0.000000,0.000000,-4396.000000,0.000000,0.000000
0.000000,0.000000,0.000000,0.000000,-4402.000000,0.000000,0.000000
