Channel 1,Channel 2,Channel 3,Channel 4,Channel 5,Channel 6,Channel 7
-300.000000,0.000000,0.000000,0.000000,-2845.000000,0.000000,0.000000
-300.000000,100.000000,0.000000,0.000000,-2857.000000,0.000000,0.000000
-200.000000,0.000000,0.000000,0.000000,-2869.000000,0.000000,0.000000
0.000000,0.000000,0.000000,0.000000,-2871.000000,0.000000,0.000000
0.000000,-100.000000,0.000000,0.000000,-2888.000000,0.000000,0.000000
-300.000000,-100.000000,0.000000,0.000000,-2899.000000,0.000000,0.000000
0.000000,100.000000,0.000000,0.000000,-2874.000000,0.000000,0.000000
0.000000,-200.000000,0.000000,0.000000,-2863.000000,0.000000,0.000000
0.000000,0.000000,0.000000,0.000000,-2880.000000,0.000000,0.000000
-100.000000,0.000000,0.000000,0.000000,-2891.000000,0.000000,0.000000
-100.000000,0.000000,0.000000,0.000000,-2895.000000,0.000000,0.000000
-100.000000,0.000000,0.000000,0.000000,-2875.000000,0.000000,0.000000
-200.000000,-200.000000,0.000000,0.000000,-2865.000000,0.000000,0.000000
0.000000,100.000000,0.000000,0.000000,-2878.000000,0.000000,0.000000
0.000000,0.000000,0.000000,0.000000,-2901.000000,0.000000,0.000000
100.000000,200.000000,0.000000,0.000000,-2891.000000,0.000000,0.000000
0.000000,-200.000000,0.000000,0.000000,-2874.000000,0.000000,0.000000
-100.000000,0.000000,0.000000,0.000000,-2840.000000,0.000000,0.000000
0.000000,-200.000000,0.000000,0.000000,-2864.000000,0.000000,0.000000
200.000000,100.000000,0.000000,0.000000,-2852.000000,0.000000,0.000000
0.000000,100.000000,156.000000,156.000000,-2848.000000,0.000000,0.000000
100.000000,-100.000000,0.000000,0.000000,-2854.000000,0.000000,0.000000
-300.000000,-100.000000,0.000000,0.000000,-2833.000000,0.000000,0.000000
0.000000,-100.000000,0.000000,0.000000,-2820.000000,0.000000,0.000000
-400.000000,0.000000,78.000000,78.000000,-2791.000000,0.000000,0.000000
0.000000,100.000000,0.000000,0.000000,-2756.000000,0.000000,0.000000
0.000000,-100.000000,0.000000,0.000000,-2731.000000,0.000000,0.000000
-100.000000,200.000000,0.000000,0.000000,-2730.000000,0.000000,0.000000
-100.000000,-100.000000,0.000000,0.000000,-2725.000000,0.000000,0.000000
100.000000,0.000000,0.000000,0.000000,-2739.000000,0.000000,0.000000
0.000000,0.000000,0.000000,0.000000,-2726.000000,0.000000,0.000000
-100.000000,200.000000,0.000000,0.000000,-2730.000000,0.000000,0.000000
200.000000,0.000000,0.000000,0.000000,-2726.000000,0.000000,0.000000
0.000000,-100.000000,0.000000,0.000000,-2718.000000,0.000000,0.000000
0.000000,200.000000,78.000000,78.000000,-2715.000000,0.000000,0.000000
-100.000000,-100.000000,0.000000,0.000000,-2710.000000,0.000000,0.000000
0.000000,-200.000000,0.000000,0.000000,-2705.000000,0.000000,0.000000
300.000000,0.000000,0.000000,0.000000,-2727.000000,0.000000,0.000000
0.000000,-200.000000,0.000000,0.000000,-2737.000000,0.000000,0.000000
-100.000000,0.000000,0.000000,0.000000,-2714.000000,0.000000,0.000000
-200.000000,-100.000000,0.000000,0.000000,-2719.000000,0.000000,0.000000
100.000000,0.000000,0.000000,0.000000,-2710.000000,0.000000,0.000000
-100.000000,-200.000000,0.000000,0.000000,-2710.000000,0.000000,0.000000
-100.000000,-200.000000,0.000000,0.000000,-2690.000000,0.000000,0.000000
100.000000,-100.000000,0.000000,0.000000,-2712.000000,0.000000,0.000000
0.000000,0.000000,0.000000,0.000000,-2700.000000,0.000000,0.000000
0.000000,0.000000,0.000000,0.000000,-2709.000000,196.000000,0.000000
-200.000000,-100.000000,0.000000,0.000000,-2694.000000,0.000000,0.000000
-100.000000,-200.000000,0.000000,0.000000,-2674.000000,0.000000,0.000000
0.000000,0.000000,0.000000,0.000000,-2667.000000,0.000000,0.000000
100.000000,-100.000000,0.000000,0.000000,-2665.000000,0.000000,0.000000
0.000000,100.000000,0.000000,0.000000,-2658.000000,0.000000,0.000000
-100.000000,-200.000000,0.000000,0.000000,-2649.000000,0.000000,0.000000
0.000000,100.000000,0.000000,0.000000,-2687.000000,0.000000,0.000000
-200.000000,0.000000,0.000000,0.000000,-2686.000000,0.000000,0.000000
-100.000000,0.000000,0.000000,0.000000,-2708.000000,0.000000,0.000000
0.000000,100.000000,0.000000,0.000000,-2720.000000,0.000000,0.000000
-100.000000,0.000000,0.000000,0.000000,-2699.000000,0.000000,0.000000
100.000000,-400.000000,0.000000,0.000000,-2732.000000,0.000000,0.000000
-200.000000,-200.000000,0.000000,0.000000,-2718.000000,0.000000,0.000000
-200.000000,0.000000,0.000000,0.000000,-2711.000000,0.000000,0.000000
-100.000000,-200.000000,0.000000,0.000000,-2737.000000,0.000000,0.000000
0.000000,100.000000,0.000000,0.000000,-2744.000000,0.000000,0.000000
100.000000,-200.000000,0.000000,0.000000,-2770.000000,0.000000,0.000000
-300.000000,-100.000000,0.000000,0.000000,-2792.000000,0.000000,0.000000
-200.000000,0.000000,0.000000,0.000000,-2788.000000,0.000000,0.000000
-200.000000,200.000000,0.000000,0.000000,-2776.000000,0.000000,0.000000
0.000000,-100.000000,0.000000,0.000000,-2803.000000,0.000000,0.000000
-100.000000,0.000000,0.000000,0.000000,-2803.000000,0.000000,0.000000
0.000000,0.000000,0.000000,0.000000,-2810.000000,0.000000,0.000000
0.000000,-100.000000,0.000000,0.000000,-2822.000000,0.000000,0.000000
-300.000000,0.000000,0.000000,0.000000,-2836.000000,0.000000,0.000000
100.000000,-100.000000,0.000000,0.000000,-2858.000000,0.000000,0.000000
-200.000000,100.000000,78.000000,78.000000,-2873.000000,0.000000,0.000000
0.000000,100.000000,0.000000,0.000000,-2884.000000,0.000000,0.000000
0.000000,-200.000000,0.000000,0.000000,-2872.000000,0.000000,0.000000
0.000000,0.000000,78.000000,78.000000,-2875.000000,0.000000,0.000000
-200.000000,-100.000000,0.000000,0.000000,-2850.000000,-196.000000,0.000000
200.000000,0.000000,0.000000,0.000000,-2871.000000,0.000000,0.000000
-100.000000,-100.000000,0.000000,0.000000,-2855.000000,0.000000,0.000000
0.000000,-200.000000,0.000000,0.000000,-2877.000000,0.000000,0.000000
-200.000000,0.000000,0.000000,0.000000,-2860.000000,0.000000,0.000000
0.000000,0.000000,0.000000,0.000000,-2855.000000,0.000000,0.000000
-200.000000,-100.000000,0.000000,0.000000,-2841.000000,0.000000,0.000000
200.000000,0.000000,0.000000,0.000000,-2878.000000,0.000000,0.000000
0.000000,100.000000,0.000000,0.000000,-2866.000000,0.000000,0.000000
-200.000000,-200.000000,0.000000,0.000000,-2890.000000,0.000000,0.000000
-500.000000,0.000000,78.000000,78.000000,-2895.000000,0.000000,0.000000
0.000000,-200.000000,0.000000,0.000000,-2910.000000,0.000000,0.000000
-100.000000,200.000000,0.000000,0.000000,-2900.000000,0.000000,0.000000
0.000000,200.000000,0.000000,0.000000,-2916.000000,0.000000,0.000000
-300.000000,100.000000,0.000000,0.000000,-2930.000000,0.000000,0.000000
0.000000,0.000000,0.000000,0.000000,-2917.000000,0.000000,0.000000
0.000000,100.000000,0.000000,0.000000,-2895.000000,0.000000,-196.000000
0.000000,0.000000,0.000000,0.000000,-2895.000000,0.000000,0.000000
0.000000,-200.000000,0.000000,0.000000,-2866.000000,0.000000,0.000000
0.000000,-100.000000,0.000000,0.000000,-2854.000000,0.000000,0.000000
0.000000,-200.000000,0.000000,0.000000,-2849.000000,0.000000,0.000000
0.000000,-100.000000,0.000000,0.000000,-2877.000000,0.000000,0.000000
100.000000,0.000000,0.000000,0.000000,-2907.000000,0.000000,0.000000
0.000000,200.000000,0.000000,0.000000,-2898.000000,0.000000,0.000000
300.000000,-400.000000,0.000000,0.000000,-2914.000000,0.000000,0.000000
0.000000,-200.000000,0.000000,0.000000,-2896.000000,0.000000,-196.000000
300.000000,-100.000000,0.000000,0.000000,-2889.000000,0.000000,0.000000
0.000000,-200.000000,0.000000,0.000000,-2887.000000,0.000000,0.000000
200.000000,100.000000,0.000000,0.000000,-2886.000000,-196.000000,-196.000000
-200.000000,0.000000,0.000000,0.000000,-2859.000000,0.000000,0.000000
0.000000,0.000000,0.000000,0.000000,-2850.000000,0.000000,0.000000
0.000000,-100.000000,0.000000,0.000000,-2849.000000,0.000000,0.000000
-100.000000,0.000000,0.000000,0.000000,-2825.000000,0.000000,0.000000
-100.000000,0.000000,0.000000,0.000000,-2830.000000,0.000000,0.000000
0.000000,100.000000,0.000000,0.000000,-2850.000000,0.000000,0.000000
-100.000000,0.000000,0.000000,0.000000,-2856.000000,0.000000,0.000000
-300.000000,-200.000000,0.000000,0.000000,-2825.000000,0.000000,0.000000
-100.000000,100.000000,0.000000,0.000000,-2825.000000,0.000000,0.000000
-200.000000,100.000000,0.000000,0.000000,-2816.000000,0.000000,0.000000
0.000000,0.000000,0.000000,0.000000,-2820.000000,0.000000,0.000000
0.000000,-200.000000,0.000000,0.000000,-2805.000000,0.000000,0.000000
0.000000,-100.000000,0.000000,0.000000,-2838.000000,0.000000,0.000000
-300.000000,300.000000,0.000000,0.000000,-2846.000000,0.000000,0.000000
100.000000,0.000000,0.000000,0.000000,-2875.000000,0.000000,0.000000
0.000000,0.000000,0.000000,0.000000,-2899.000000,0.000000,0.000000
-200.000000,0.000000,0.000000,0.000000,-2884.000000,0.000000,0.000000
0.000000,-100.000000,0.000000,0.000000,-2873.000000,0.000000,0.000000
-100.000000,-200.000000,0.000000,0.000000,-2893.000000,0.000000,0.000000
300.000000,-200.000000,0.000000,0.000000,-2900.000000,0.000000,0.000000
-700.000000,0.000000,0.000000,0.000000,-2891.000000,0.000000,0.000000
100.000000,-100.000000,0.000000,0.000000,-2898.000000,0.000000,0.000000
0.000000,-200.000000,0.000000,0.000000,-2898.000000,0.000000,0.000000
-100.000000,-100.000000,0.000000,0.000000,-2865.000000,0.000000,196.000000
-100.000000,0.000000,0.000000,0.000000,-2843.000000,0.000000,0.000000
-100.000000,0.000000,0.000000,0.000000,-2836.000000,0.000000,0.000000
-200.000000,-100.000000,0.000000,0.000000,-2811.000000,0.000000,0.000000
0.000000,0.000000,0.000000,0.000000,-2798.000000,0.000000,0.000000
-100.000000,-100.000000,0.000000,0.000000,-2823.000000,0.000000,0.000000
-100.000000,0.000000,0.000000,0.000000,-2820.000000,196.000000,0.000000
-100.000000,0.000000,0.000000,0.000000,-2834.000000,0.000000,0.000000
-200.000000,-400.000000,0.000000,0.000000,-2813.000000,0.000000,0.000000
-100.000000,0.000000,0.000000,0.000000,-2825.000000,0.000000,0.000000
-200.000000,-100.000000,0.000000,0.000000,-2822.000000,196.000000,0.000000
-200.000000,0.000000,0.000000,0.000000,-2853.000000,0.000000,0.000000
-100.000000,-300.000000,0.000000,0.000000,-2850.000000,0.000000,0.000000
0.000000,0.000000,0.000000,0.000000,-2850.000000,0.000000,0.000000
300.000000,200.000000,8000.000000,8000.000000,-2834.000000,0.000000,0.000000
7000.000000,6900.000000,8000.000000,8000.000000,-2823.000000,785.000000,981.000000
6800.000000,8600.000000,8000.000000,8000.000000,-2789.000000,2552.000000,2356.000000
9700.000000,7500.000000,8000.000000,8000.000000,-3014.000000,2356.000000,2159.000000
8400.000000,8000.000000,8000.000000,8000.000000,-3033.000000,785.000000,392.000000
7800.000000,7100.000000,8000.000000,8000.000000,-3129.000000,-392.000000,-785.000000
6700.000000,8200.000000,8000.000000,8000.000000,-3195.000000,-392.000000,0.000000
6800.000000,5500.000000,8000.000000,8000.000000,-3067.000000,589.000000,981.000000
9300.000000,6900.000000,8000.000000,8000.000000,-2933.000000,1374.000000,1570.000000
9400.000000,7300.000000,8000.000000,8000.000000,-2919.000000,2159.000000,1767.000000
8000.000000,7500.000000,8000.000000,8000.000000,-3074.000000,1963.000000,1178.000000
7700.000000,8000.000000,8000.000000,8000.000000,-3111.000000,981.000000,785.000000
7500.000000,8100.000000,8000.000000,8000.000000,-2960.000000,589.000000,589.000000
8300.000000,7400.000000,8000.000000,8000.000000,-2857.000000,785.000000,1374.000000
9300.000000,7300.000000,8000.000000,8000.000000,-2888.000000,1963.000000,2159.000000
9400.000000,9000.000000,8000.000000,8000.000000,-2974.000000,2552.000000,2356.000000
8500.000000,7500.000000,8000.000000,8000.000000,-2859.000000,2356.000000,1767.000000
8500.000000,7200.000000,8000.000000,8000.000000,-2912.000000,1374.000000,1570.000000
7700.000000,8700.000000,8000.000000,8000.000000,-2954.000000,1178.000000,1374.000000
6800.000000,7800.000000,8000.000000,8000.000000,-2906.000000,1374.000000,1767.000000
6700.000000,6400.000000,8000.000000,8000.000000,-2803.000000,1963.000000,2159.000000
7000.000000,6800.000000,8000.000000,8000.000000,-2735.000000,2552.000000,2356.000000
7600.000000,7300.000000,8000.000000,8000.000000,-2820.000000,2356.000000,2159.000000
7600.000000,8000.000000,8000.000000,8000.000000,-2880.000000,1767.000000,1767.000000
7100.000000,8100.000000,8000.000000,8000.000000,-2821.000000,1178.000000,1374.000000
7300.000000,6800.000000,8000.000000,8000.000000,-2736.000000,1570.000000,1767.000000
7900.000000,8200.000000,8000.000000,8000.000000,-2723.000000,2159.000000,1963.000000
7100.000000,7800.000000,8000.000000,8000.000000,-2740.000000,2356.000000,2159.000000
6900.000000,7300.000000,8000.000000,8000.000000,-2700.000000,2159.000000,1963.000000
8000.000000,7300.000000,8000.000000,8000.000000,-2719.000000,1767.000000,1570.000000
8800.000000,7500.000000,8000.000000,8000.000000,-2770.000000,1374.000000,1374.000000
8800.000000,8300.000000,8000.000000,8000.000000,-2771.000000,1374.000000,1570.000000
7700.000000,7400.000000,8000.000000,8000.000000,-2735.000000,1570.000000,1570.000000
7500.000000,7300.000000,8000.000000,8000.000000,-2711.000000,1767.000000,1767.000000
7100.000000,7100.000000,8000.000000,8000.000000,-2717.000000,1767.000000,1767.000000
6800.000000,7100.000000,8000.000000,8000.000000,-2721.000000,1570.000000,1374.000000
8800.000000,9300.000000,8000.000000,8000.000000,-2633.000000,1178.000000,981.000000
7900.000000,7700.000000,8000.000000,8000.000000,-2580.000000,981.000000,1178.000000
6800.000000,8100.000000,8000.000000,8000.000000,-2609.000000,1374.000000,1374.000000
9300.000000,7800.000000,8000.000000,8000.000000,-2601.000000,1374.000000,1374.000000
7500.000000,7800.000000,8000.000000,8000.000000,-2582.000000,1374.000000,1570.000000
7200.000000,7200.000000,8000.000000,8000.000000,-2606.000000,1178.000000,1178.000000
8400.000000,7700.000000,8000.000000,8000.000000,-2651.000000,981.000000,1178.000000
7900.000000,7100.000000,8000.000000,8000.000000,-2591.000000,981.000000,1178.000000
6700.000000,7600.000000,8000.000000,8000.000000,-2534.000000,981.000000,1374.000000
8100.000000,6900.000000,8000.000000,8000.000000,-2566.000000,1178.000000,1178.000000
7600.000000,7600.000000,8000.000000,8000.000000,-2585.000000,1178.000000,1374.000000
8700.000000,7700.000000,8000.000000,8000.000000,-2589.000000,981.000000,1178.000000
7900.000000,7700.000000,8000.000000,8000.000000,-2626.000000,785.000000,981.000000
7600.000000,7500.000000,8000.000000,8000.000000,-2613.000000,981.000000,1178.000000
7700.000000,7900.000000,8000.000000,8000.000000,-2589.000000,981.000000,1178.000000
7600.000000,7200.000000,8000.000000,8000.000000,-2581.000000,1178.000000,981.000000
7800.000000,7500.000000,8000.000000,8000.000000,-2569.000000,1178.000000,1178.000000
7300.000000,7500.000000,8000.000000,8000.000000,-2606.000000,1178.000000,1178.000000
7700.000000,8600.000000,8000.000000,8000.000000,-2639.000000,1178.000000,981.000000
7100.000000,7600.000000,8000.000000,8000.000000,-2621.000000,1178.000000,1178.000000
7400.000000,6800.000000,8000.000000,8000.000000,-2599.000000,1570.000000,981.000000
6600.000000,8400.000000,8000.000000,8000.000000,-2568.000000,1570.000000,1178.000000
7700.000000,8600.000000,8000.000000,8000.000000,-2528.000000,1570.000000,1178.000000
7300.000000,7600.000000,8000.000000,8000.000000,-2551.000000,1570.000000,1178.000000
9000.000000,7600.000000,8000.000000,8000.000000,-2541.000000,1767.000000,1178.000000
7900.000000,7100.000000,8000.000000,8000.000000,-2532.000000,1767.000000,1178.000000
7600.000000,7200.000000,8000.000000,8000.000000,-2524.000000,1963.000000,1374.000000
8100.000000,7300.000000,8000.000000,8000.000000,-2528.000000,2159.000000,1374.000000
7600.000000,7400.000000,8000.000000,8000.000000,-2500.000000,2159.000000,1570.000000
6800.000000,7800.000000,8000.000000,8000.000000,-2495.000000,2159.000000,1767.000000
7600.000000,7200.000000,8000.000000,8000.000000,-2513.000000,2356.000000,1767.000000
9300.000000,0.000000,0.000000,0.000000,-2489.000000,2159.000000,1570.000000
-100.000000,-200.000000,0.000000,0.000000,-2487.000000,981.000000,392.000000
-200.000000,200.000000,0.000000,0.000000,-2470.000000,981.000000,196.000000
300.000000,0.000000,0.000000,0.000000,-2345.000000,785.000000,0.000000
0.000000,200.000000,0.000000,0.000000,-2382.000000,392.000000,196.000000
0.000000,100.000000,0.000000,0.000000,-2383.000000,589.000000,392.000000
-100.000000,-300.000000,0.000000,0.000000,-2384.000000,785.000000,1178.000000
0.000000,0.000000,0.000000,0.000000,-2349.000000,2356.000000,2159.000000
-100.000000,100.000000,0.000000,0.000000,-2334.000000,3534.000000,2748.000000
0.000000,0.000000,0.000000,0.000000,-2285.000000,3730.000000,2748.000000
-100.000000,200.000000,0.000000,0.000000,-2210.000000,3730.000000,2356.000000
0.000000,100.000000,0.000000,0.000000,-2332.000000,3534.000000,2356.000000
-200.000000,200.000000,0.000000,0.000000,-2278.000000,3337.000000,1767.000000
100.000000,0.000000,0.000000,0.000000,-2243.000000,3141.000000,1767.000000
0.000000,-100.000000,0.000000,0.000000,-2170.000000,2945.000000,1570.000000
-300.000000,0.000000,0.000000,0.000000,-2307.000000,2748.000000,1570.000000
0.000000,-100.000000,0.000000,0.000000,-2359.000000,2552.000000,1178.000000
0.000000,200.000000,0.000000,0.000000,-2282.000000,2356.000000,981.000000
0.000000,0.000000,0.000000,0.000000,-2226.000000,2159.000000,785.000000
200.000000,100.000000,0.000000,0.000000,-2310.000000,2159.000000,785.000000
0.000000,200.000000,0.000000,0.000000,-2342.000000,1767.000000,392.000000
-100.000000,0.000000,0.000000,0.000000,-2315.000000,1570.000000,589.000000
100.000000,-100.000000,0.000000,0.000000,-2259.000000,1570.000000,392.000000
100.000000,100.000000,0.000000,0.000000,-2229.000000,1374.000000,981.000000
0.000000,100.000000,0.000000,0.000000,-2222.000000,1570.000000,1767.000000
-100.000000,100.000000,0.000000,0.000000,-2282.000000,2356.000000,2159.000000
0.000000,0.000000,0.000000,0.000000,-2370.000000,3534.000000,1963.000000
-100.000000,0.000000,0.000000,0.000000,-2383.000000,3926.000000,2159.000000
0.000000,0.000000,0.000000,0.000000,-2456.000000,3730.000000,1570.000000
0.000000,-200.000000,0.000000,0.000000,-2337.000000,3534.000000,1767.000000
-100.000000,-100.000000,0.000000,0.000000,-2395.000000,3337.000000,1570.000000
0.000000,0.000000,0.000000,0.000000,-2495.000000,3337.000000,1374.000000
-300.000000,0.000000,0.000000,0.000000,-2449.000000,3141.000000,1178.000000
0.000000,300.000000,0.000000,0.000000,-2392.000000,2748.000000,1178.000000
-100.000000,0.000000,0.000000,0.000000,-2409.000000,2748.000000,981.000000
-100.000000,0.000000,0.000000,0.000000,-2468.000000,2552.000000,981.000000
100.000000,0.000000,0.000000,0.000000,-2366.000000,2356.000000,1178.000000
0.000000,100.000000,0.000000,0.000000,-2304.000000,2159.000000,1767.000000
0.000000,100.000000,0.000000,0.000000,-2382.000000,2159.000000,1963.000000
-200.000000,200.000000,0.000000,0.000000,-2344.000000,2356.000000,1767.000000
-200.000000,0.000000,0.000000,0.000000,-2287.000000,2748.000000,1767.000000
0.000000,100.000000,0.000000,0.000000,-2333.000000,3141.000000,1767.000000
0.000000,300.000000,0.000000,0.000000,-2316.000000,3337.000000,1374.000000
200.000000,0.000000,0.000000,0.000000,-2304.000000,3337.000000,1374.000000
0.000000,0.000000,0.000000,0.000000,-2340.000000,3141.000000,1178.000000
-100.000000,0.000000,0.000000,0.000000,-2350.000000,2945.000000,1178.000000
-100.000000,-100.000000,0.000000,0.000000,-2383.000000,2748.000000,981.000000
200.000000,0.000000,0.000000,0.000000,-2292.000000,2748.000000,981.000000
-100.000000,0.000000,0.000000,0.000000,-2344.000000,2552.000000,1178.000000
300.000000,100.000000,0.000000,0.000000,-2359.000000,2356.000000,1178.000000
0.000000,100.000000,0.000000,0.000000,-2304.000000,2159.000000,1374.000000
100.000000,0.000000,0.000000,0.000000,-2250.000000,2159.000000,1374.000000
0.000000,-100.000000,0.000000,0.000000,-2310.000000,2159.000000,1374.000000
-200.000000,0.000000,0.000000,0.000000,-2359.000000,1963.000000,1178.000000
300.000000,0.000000,0.000000,0.000000,-2318.000000,2159.000000,981.000000
0.000000,200.000000,0.000000,0.000000,-2327.000000,2159.000000,981.000000
100.000000,0.000000,0.000000,0.000000,-2316.000000,2159.000000,785.000000
0.000000,0.000000,0.000000,0.000000,-2311.000000,2159.000000,785.000000
100.000000,0.000000,0.000000,0.000000,-2330.000000,2159.000000,785.000000
100.000000,300.000000,0.000000,0.000000,-2341.000000,1963.000000,392.000000
200.000000,100.000000,0.000000,0.000000,-2362.000000,1963.000000,589.000000
0.000000,-100.000000,0.000000,0.000000,-2323.000000,1767.000000,589.000000
200.000000,200.000000,0.000000,0.000000,-2291.000000,1767.000000,392.000000
-400.000000,200.000000,0.000000,0.000000,-2252.000000,1570.000000,392.000000
-300.000000,0.000000,0.000000,0.000000,-2264.000000,1570.000000,392.000000
0.000000,0.000000,0.000000,0.000000,-2247.000000,1374.000000,589.000000
-200.000000,0.000000,0.000000,0.000000,-2265.000000,1374.000000,196.000000
0.000000,0.000000,0.000000,0.000000,-2236.000000,1178.000000,392.000000
0.000000,0.000000,0.000000,0.000000,-2216.000000,1178.000000,196.000000
0.000000,0.000000,0.000000,0.000000,-2195.000000,1178.000000,196.000000
-300.000000,100.000000,0.000000,0.000000,-2155.000000,1178.000000,196.000000
0.000000,0.000000,0.000000,0.000000,-2201.000000,981.000000,0.000000
-200.000000,0.000000,0.000000,0.000000,-2256.000000,1178.000000,196.000000
-100.000000,0.000000,0.000000,0.000000,-2291.000000,981.000000,0.000000
300.000000,-100.000000,0.000000,0.000000,-2271.000000,981.000000,0.000000
100.000000,0.000000,0.000000,0.000000,-2293.000000,981.000000,0.000000
-100.000000,0.000000,0.000000,0.000000,-2287.000000,981.000000,0.000000
0.000000,300.000000,0.000000,0.000000,-2321.000000,785.000000,0.000000
-300.000000,-200.000000,0.000000,0.000000,-2355.000000,785.000000,0.000000
-100.000000,0.000000,0.000000,0.000000,-2365.000000,785.000000,0.000000
0.000000,0.000000,0.000000,0.000000,-2392.000000,785.000000,0.000000
-200.000000,0.000000,0.000000,0.000000,-2425.000000,785.000000,0.000000
-200.000000,0.000000,0.000000,0.000000,-2400.000000,981.000000,0.000000
0.000000,-600.000000,0.000000,0.000000,-2422.000000,785.000000,0.000000
-200.000000,-400.000000,0.000000,0.000000,-2396.000000,785.000000,0.000000
-100.000000,-100.000000,0.000000,0.000000,-2373.000000,785.000000,0.000000
0.000000,0.000000,0.000000,0.000000,-2360.000000,785.000000,0.000000
0.000000,0.000000,0.000000,0.000000,-2364.000000,785.000000,0.000000
100.000000,0.000000,0.000000,0.000000,-2384.000000,785.000000,0.000000
0.000000,0.000000,0.000000,0.000000,-2377.000000,785.000000,0.000000
0.000000,200.000000,0.000000,0.000000,-2368.000000,981.000000,0.000000
-200.000000,0.000000,0.000000,0.000000,-2420.000000,785.000000,0.000000
-100.000000,0.000000,0.000000,0.000000,-2402.000000,785.000000,0.000000
-100.000000,0.000000,0.000000,0.000000,-2388.000000,785.000000,0.000000
0.000000,200.000000,0.000000,0.000000,-2379.000000,785.000000,0.000000
0.000000,200.000000,0.000000,0.000000,-2385.000000,785.000000,0.000000
300.000000,100.000000,0.000000,0.000000,-2387.000000,981.000000,0.000000
200.000000,-100.000000,0.000000,0.000000,-2388.000000,785.000000,196.000000
0.000000,0.000000,0.000000,0.000000,-2370.000000,785.000000,392.000000
-100.000000,0.000000,0.000000,0.000000,-2390.000000,981.000000,392.000000
-100.000000,0.000000,0.000000,0.000000,-2404.000000,785.000000,392.000000
-100.000000,0.000000,0.000000,0.000000,-2397.000000,785.000000,392.000000
0.000000,-100.000000,0.000000,0.000000,-2384.000000,981.000000,589.000000
0.000000,100.000000,0.000000,0.000000,-2381.000000,785.000000,392.000000
-600.000000,0.000000,0.000000,0.000000,-2389.000000,785.000000,392.000000
0.000000,0.000000,0.000000,0.000000,-2382.000000,785.000000,196.000000
-100.000000,100.000000,0.000000,0.000000,-2398.000000,589.000000,589.000000
-300.000000,-100.000000,0.000000,0.000000,-2414.000000,785.000000,392.000000
-200.000000,300.000000,0.000000,0.000000,-2436.000000,589.000000,589.000000
-300.000000,100.000000,0.000000,0.000000,-2441.000000,785.000000,392.000000
-200.000000,100.000000,0.000000,0.000000,-2427.000000,589.000000,589.000000
-300.000000,0.000000,0.000000,0.000000,-2413.000000,589.000000,589.000000
-200.000000,0.000000,0.000000,0.000000,-2399.000000,589.000000,392.000000
-100.000000,-100.000000,0.000000,0.000000,-2365.000000,785.000000,392.000000
-100.000000,0.000000,0.000000,0.000000,-2357.000000,392.000000,392.000000
0.000000,0.000000,0.000000,0.000000,-2360.000000,392.000000,392.000000
0.000000,0.000000,0.000000,0.000000,-2378.000000,392.000000,589.000000
100.000000,-200.000000,0.000000,0.000000,-2357.000000,392.000000,392.000000
-300.000000,100.000000,0.000000,0.000000,-2339.000000,392.000000,196.000000
-100.000000,300.000000,0.000000,0.000000,-2341.000000,196.000000,392.000000
0.000000,100.000000,0.000000,0.000000,-2337.000000,196.000000,392.000000
100.000000,-100.000000,0.000000,0.000000,-2341.000000,196.000000,392.000000
0.000000,100.000000,0.000000,0.000000,-2324.000000,196.000000,392.000000
0.000000,0.000000,0.000000,0.000000,-2341.000000,0.000000,196.000000
-200.000000,0.000000,0.000000,0.000000,-2341.000000,196.000000,0.000000
-100.000000,-100.000000,0.000000,0.000000,-2334.000000,0.000000,196.000000
0.000000,0.000000,0.000000,0.000000,-2329.000000,196.000000,0.000000
0.000000,0.000000,0.000000,0.000000,-2327.000000,0.000000,196.000000
200.000000,0.000000,0.000000,0.000000,-2307.000000,0.000000,0.000000
0.000000,0.000000,0.000000,0.000000,-2308.000000,0.000000,196.000000
100.000000,100.000000,0.000000,0.000000,-2320.000000,0.000000,0.000000
0.000000,-100.000000,0.000000,0.000000,-2360.000000,0.000000,196.000000
-100.000000,0.000000,0.000000,0.000000,-2335.000000,0.000000,0.000000
0.000000,100.000000,0.000000,0.000000,-2338.000000,0.000000,0.000000
100.000000,-100.000000,0.000000,0.000000,-2347.000000,0.000000,0.000000
0.000000,400.000000,0.000000,0.000000,-2340.000000,0.000000,0.000000
0.000000,0.000000,0.000000,0.000000,-2361.000000,0.000000,0.000000
0.000000,0.000000,0.000000,0.000000,-2351.000000,0.000000,0.000000
200.000000,0.000000,0.000000,0.000000,-2360.000000,0.000000,0.000000
0.000000,0.000000,0.000000,0.000000,-2351.000000,0.000000,-196.000000
100.000000,100.000000,0.000000,0.000000,-2324.000000,0.000000,0.000000
0.000000,0.000000,0.000000,0.000000,-2289.000000,-196.000000,0.000000
-100.000000,0.000000,0.000000,0.000000,-2311.000000,0.000000,0.000000
0.000000,-100.000000,0.000000,0.000000,-2335.000000,0.000000,-196.000000
-100.000000,-100.000000,0.000000,0.000000,-2331.000000,0.000000,0.000000
-200.000000,-200.000000,0.000000,0.000000,-2325.000000,-196.000000,-196.000000
-200.000000,-200.000000,0.000000,0.000000,-2332.000000,-196.000000,-392.000000
0.000000,100.000000,0.000000,0.000000,-2343.000000,-589.000000,-785.000000
600.000000,0.000000,0.000000,0.000000,-2372.000000,-785.000000,-785.000000
-400.000000,0.000000,0.000000,0.000000,-2395.000000,-981.000000,-392.000000
-100.000000,0.000000,0.000000,0.000000,-2325.000000,-785.000000,-589.000000
100.000000,-100.000000,0.000000,0.000000,-2262.000000,-785.000000,-392.000000
-100.000000,0.000000,0.000000,0.000000,-2320.000000,-589.000000,-196.000000
200.000000,0.000000,0.000000,0.000000,-2327.000000,-589.000000,-196.000000
-200.000000,0.000000,0.000000,0.000000,-2336.000000,-392.000000,-196.000000
-200.000000,0.000000,0.000000,0.000000,-2265.000000,-196.000000,-196.000000
100.000000,0.000000,0.000000,0.000000,-2270.000000,-196.000000,-392.000000
0.000000,-100.000000,0.000000,0.000000,-2306.000000,-196.000000,-589.000000
0.000000,0.000000,0.000000,0.000000,-2294.000000,-392.000000,-589.000000
200.000000,-100.000000,0.000000,0.000000,-2295.000000,-589.000000,-392.000000
0.000000,-200.000000,0.000000,0.000000,-2288.000000,-589.000000,-392.000000
100.000000,0.000000,0.000000,0.000000,-2304.000000,-589.000000,-196.000000
0.000000,-200.000000,0.000000,0.000000,-2325.000000,-392.000000,-196.000000
0.000000,100.000000,0.000000,0.000000,-2342.000000,-392.000000,-196.000000
300.000000,0.000000,0.000000,0.000000,-2322.000000,-392.000000,-196.000000
100.000000,-200.000000,0.000000,0.000000,-2327.000000,-196.000000,-392.000000
100.000000,-300.000000,0.000000,0.000000,-2342.000000,0.000000,-196.000000
200.000000,-100.000000,0.000000,0.000000,-2351.000000,-196.000000,-392.000000
0.000000,0.000000,0.000000,0.000000,-2349.000000,-196.000000,-392.000000
-100.000000,100.000000,0.000000,0.000000,-2315.000000,-196.000000,-392.000000
100.000000,0.000000,0.000000,0.000000,-2343.000000,-196.000000,-196.000000
100.000000,0.000000,0.000000,0.000000,-2392.000000,-392.000000,-392.000000
0.000000,-100.000000,0.000000,0.000000,-2398.000000,-392.000000,-196.000000
300.000000,-100.000000,0.000000,0.000000,-2389.000000,-392.000000,0.000000
0.000000,0.000000,0.000000,0.000000,-2400.000000,-196.000000,-196.000000
100.000000,-100.000000,0.000000,0.000000,-2413.000000,0.000000,-196.000000
0.000000,300.000000,0.000000,0.000000,-2395.000000,0.000000,-392.000000
-200.000000,100.000000,0.000000,0.000000,-2402.000000,0.000000,-589.000000
100.000000,-200.000000,0.000000,0.000000,-2433.000000,0.000000,-392.000000
100.000000,100.000000,0.000000,0.000000,-2452.000000,-196.000000,-392.000000
400.000000,0.000000,0.000000,0.000000,-2441.000000,0.000000,-196.000000
-200.000000,0.000000,0.000000,0.000000,-2476.000000,-196.000000,0.000000
0.000000,0.000000,0.000000,0.000000,-2529.000000,-196.000000,-392.000000
-200.000000,0.000000,0.000000,0.000000,-2537.000000,-196.000000,-392.000000
-100.000000,-200.000000,0.000000,0.000000,-2503.000000,-196.000000,-589.000000
0.000000,0.000000,0.000000,0.000000,-2547.000000,0.000000,-392.000000
0.000000,0.000000,0.000000,0.000000,-2554.000000,-196.000000,-392.000000
-100.000000,300.000000,0.000000,0.000000,-2513.000000,-196.000000,-196.000000
100.000000,100.000000,0.000000,0.000000,-2513.000000,0.000000,-392.000000
-200.000000,0.000000,0.000000,0.000000,-2516.000000,0.000000,-589.000000
200.000000,100.000000,0.000000,0.000000,-2557.000000,0.000000,-392.000000
-200.000000,0.000000,0.000000,0.000000,-2523.000000,-196.000000,-589.000000
100.000000,0.000000,0.000000,0.000000,-2547.000000,0.000000,-589.000000
0.000000,0.000000,0.000000,0.000000,-2555.000000,-196.000000,-392.000000
-100.000000,0.000000,0.000000,0.000000,-2557.000000,-196.000000,-589.000000
100.000000,0.000000,0.000000,0.000000,-2529.000000,-196.000000,-392.000000
0.000000,-100.000000,0.000000,0.000000,-2543.000000,0.000000,-785.000000
-100.000000,100.000000,0.000000,0.000000,-2573.000000,-196.000000,-589.000000
0.000000,0.000000,0.000000,0.000000,-2572.000000,0.000000,-589.000000
0.000000,0.000000,0.000000,0.000000,-2564.000000,-392.000000,-785.000000
0.000000,-100.000000,0.000000,0.000000,-2556.000000,-196.000000,-589.000000
0.000000,0.000000,0.000000,0.000000,-2554.000000,-392.000000,-589.000000
0.000000,-200.000000,0.000000,0.000000,-2586.000000,-196.000000,-589.000000
0.000000,200.000000,0.000000,0.000000,-2597.000000,-196.000000,-785.000000
0.000000,0.000000,0.000000,0.000000,-2600.000000,-196.000000,-589.000000
200.000000,-100.000000,0.000000,0.000000,-2585.000000,0.000000,-785.000000
0.000000,100.000000,0.000000,0.000000,-2597.000000,-196.000000,-785.000000
0.000000,0.000000,0.000000,0.000000,-2579.000000,0.000000,-589.000000
0.000000,-100.000000,0.000000,0.000000,-2620.000000,-392.000000,-785.000000
200.000000,-100.000000,0.000000,0.000000,-2647.000000,-392.000000,-589.000000
0.000000,-100.000000,0.000000,0.000000,-2601.000000,-392.000000,-589.000000
100.000000,0.000000,0.000000,0.000000,-2621.000000,-392.000000,-785.000000
100.000000,-100.000000,0.000000,0.000000,-2637.000000,-196.000000,-785.000000
0.000000,0.000000,0.000000,0.000000,-2646.000000,-196.000000,-785.000000
0.000000,-100.000000,0.000000,0.000000,-2669.000000,-196.000000,-589.000000
0.000000,0.000000,0.000000,0.000000,-2702.000000,-196.000000,-785.000000
0.000000,-100.000000,0.000000,0.000000,-2685.000000,-196.000000,-589.000000
-100.000000,0.000000,0.000000,0.000000,-2664.000000,-392.000000,-589.000000
100.000000,-200.000000,0.000000,0.000000,-2653.000000,-392.000000,-785.000000
100.000000,200.000000,0.000000,0.000000,-2636.000000,-392.000000,-589.000000
200.000000,0.000000,0.000000,0.000000,-2647.000000,-392.000000,-785.000000
0.000000,0.000000,0.000000,0.000000,-2663.000000,-196.000000,-589.000000
-300.000000,0.000000,0.000000,0.000000,-2682.000000,-196.000000,-589.000000
-100.000000,-100.000000,0.000000,0.000000,-2689.000000,-392.000000,-785.000000
200.000000,-200.000000,0.000000,0.000000,-2666.000000,-392.000000,-589.000000
0.000000,0.000000,0.000000,0.000000,-2646.000000,-392.000000,-589.000000
200.000000,0.000000,0.000000,0.000000,-2690.000000,-196.000000,-589.000000
100.000000,0.000000,0.000000,0.000000,-2720.000000,-392.000000,-589.000000
300.000000,100.000000,0.000000,0.000000,-2735.000000,-196.000000,-589.000000
100.000000,0.000000,0.000000,0.000000,-2766.000000,-196.000000,-589.000000
100.000000,-300.000000,0.000000,0.000000,-2782.000000,-392.000000,-589.000000
-100.000000,0.000000,0.000000,0.000000,-2757.000000,-392.000000,-589.000000
300.000000,0.000000,0.000000,0.000000,-2781.000000,-392.000000,-392.000000
300.000000,-300.000000,0.000000,0.000000,-2772.000000,-196.000000,-589.000000
0.000000,100.000000,0.000000,0.000000,-2773.000000,-196.000000,-589.000000
0.000000,0.000000,0.000000,0.000000,-2796.000000,-196.000000,-392.000000
0.000000,0.000000,0.000000,0.000000,-2784.000000,-196.000000,-589.000000
0.000000,0.000000,0.000000,0.000000,-2760.000000,-392.000000,-392.000000
0.000000,0.000000,0.000000,0.000000,-2723.000000,-392.000000,-589.000000
-200.000000,100.000000,0.000000,0.000000,-2719.000000,-196.000000,-392.000000
0.000000,0.000000,0.000000,0.000000,-2682.000000,-196.000000,-392.000000
-200.000000,0.000000,0.000000,0.000000,-2669.000000,-196.000000,-392.000000
0.000000,100.000000,0.000000,0.000000,-2683.000000,0.000000,-392.000000
100.000000,100.000000,0.000000,0.000000,-2677.000000,-196.000000,-392.000000
-100.000000,-200.000000,0.000000,0.000000,-2664.000000,-196.000000,-392.000000
-200.000000,100.000000,0.000000,0.000000,-2653.000000,-196.000000,-392.000000
100.000000,0.000000,0.000000,0.000000,-2689.000000,-392.000000,-392.000000
100.000000,0.000000,0.000000,0.000000,-2670.000000,-392.000000,-392.000000
0.000000,-100.000000,0.000000,0.000000,-2706.000000,0.000000,-392.000000
100.000000,0.000000,0.000000,0.000000,-2697.000000,-196.000000,-392.000000
200.000000,0.000000,0.000000,0.000000,-2737.000000,0.000000,-392.000000
0.000000,0.000000,0.000000,0.000000,-2762.000000,0.000000,-392.000000
200.000000,300.000000,78.000000,78.000000,-2724.000000,-196.000000,-392.000000
100.000000,-100.000000,0.000000,0.000000,-2682.000000,0.000000,-392.000000
-100.000000,100.000000,0.000000,0.000000,-2701.000000,-196.000000,-392.000000
200.000000,0.000000,0.000000,0.000000,-2697.000000,-196.000000,-392.000000
300.000000,-200.000000,0.000000,0.000000,-2703.000000,-392.000000,-392.000000
300.000000,0.000000,0.000000,0.000000,-2714.000000,-196.000000,-589.000000
100.000000,0.000000,0.000000,0.000000,-2700.000000,-196.000000,-392.000000
100.000000,0.000000,0.000000,0.000000,-2711.000000,-196.000000,-589.000000
100.000000,100.000000,0.000000,0.000000,-2698.000000,-196.000000,-392.000000
300.000000,0.000000,0.000000,0.000000,-2662.000000,0.000000,-589.000000
0.000000,0.000000,0.000000,0.000000,-2643.000000,-196.000000,-392.000000
200.000000,0.000000,0.000000,0.000000,-2679.000000,-196.000000,-589.000000
200.000000,0.000000,156.000000,156.000000,-2689.000000,-196.000000,-392.000000
-200.000000,200.000000,0.000000,0.000000,-2682.000000,-196.000000,-785.000000
-200.000000,-200.000000,0.000000,0.000000,-2689.000000,-196.000000,-589.000000
-100.000000,0.000000,0.000000,0.000000,-2724.000000,-392.000000,-589.000000
-100.000000,0.000000,0.000000,0.000000,-2707.000000,-392.000000,-589.000000
0.000000,100.000000,0.000000,0.000000,-2727.000000,-392.000000,-589.000000
0.000000,100.000000,0.000000,0.000000,-2713.000000,-196.000000,-785.000000
-300.000000,0.000000,0.000000,0.000000,-2720.000000,-196.000000,-589.000000
0.000000,100.000000,0.000000,0.000000,-2704.000000,-196.000000,-785.000000
0.000000,-100.000000,0.000000,0.000000,-2689.000000,-196.000000,-589.000000
0.000000,100.000000,0.000000,0.000000,-2699.000000,-392.000000,-785.000000
100.000000,100.000000,0.000000,0.000000,-2697.000000,-589.000000,-785.000000
200.000000,100.000000,78.000000,78.000000,-2689.000000,-589.000000,-589.000000
200.000000,0.000000,0.000000,0.000000,-2685.000000,-392.000000,-785.000000
0.000000,0.000000,0.000000,0.000000,-2689.000000,-392.000000,-785.000000
100.000000,100.000000,0.000000,0.000000,-2692.000000,-392.000000,-785.000000
200.000000,100.000000,0.000000,0.000000,-2669.000000,-392.000000,-785.000000
100.000000,0.000000,0.000000,0.000000,-2646.000000,-589.000000,-785.000000
-100.000000,100.000000,0.000000,0.000000,-2650.000000,-392.000000,-785.000000
200.000000,0.000000,0.000000,0.000000,-2686.000000,-589.000000,-785.000000
0.000000,0.000000,0.000000,0.000000,-2664.000000,-785.000000,-981.000000
0.000000,0.000000,0.000000,0.000000,-2676.000000,-589.000000,-785.000000
200.000000,200.000000,0.000000,0.000000,-2677.000000,-589.000000,-785.000000
0.000000,0.000000,0.000000,0.000000,-2666.000000,-589.000000,-785.000000
-100.000000,200.000000,0.000000,0.000000,-2673.000000,-589.000000,-785.000000
0.000000,0.000000,0.000000,0.000000,-2707.000000,-392.000000,-981.000000
-100.000000,-100.000000,0.000000,0.000000,-2734.000000,-785.000000,-785.000000
100.000000,-100.000000,0.000000,0.000000,-2714.000000,-589.000000,-981.000000
200.000000,-100.000000,0.000000,0.000000,-2697.000000,-785.000000,-785.000000
100.000000,0.000000,0.000000,0.000000,-2689.000000,-589.000000,-785.000000
0.000000,-100.000000,0.000000,0.000000,-2683.000000,-785.000000,-981.000000
100.000000,-200.000000,0.000000,0.000000,-2668.000000,-589.000000,-785.000000
200.000000,0.000000,0.000000,0.000000,-2669.000000,-589.000000,-981.000000
100.000000,100.000000,0.000000,0.000000,-2665.000000,-785.000000,-785.000000
200.000000,-100.000000,0.000000,0.000000,-2667.000000,-589.000000,-981.000000
-100.000000,-200.000000,0.000000,0.000000,-2665.000000,-589.000000,-785.000000
0.000000,0.000000,78.000000,78.000000,-2680.000000,-785.000000,-785.000000
200.000000,0.000000,0.000000,0.000000,-2663.000000,-785.000000,-785.000000
0.000000,100.000000,0.000000,0.000000,-2679.000000,-589.000000,-785.000000
0.000000,-400.000000,0.000000,0.000000,-2662.000000,-785.000000,-785.000000
100.000000,-100.000000,0.000000,0.000000,-2666.000000,-589.000000,-589.000000
100.000000,-200.000000,0.000000,0.000000,-2678.000000,-589.000000,-785.000000
-100.000000,0.000000,0.000000,0.000000,-2665.000000,-589.000000,-785.000000
100.000000,0.000000,0.000000,0.000000,-2658.000000,-589.000000,-785.000000
0.000000,-300.000000,0.000000,0.000000,-2682.000000,-589.000000,-785.000000
0.000000,100.000000,0.000000,0.000000,-2691.000000,-785.000000,-785.000000
0.000000,0.000000,0.000000,0.000000,-2717.000000,-589.000000,-785.000000
-100.000000,0.000000,0.000000,0.000000,-2712.000000,-589.000000,-589.000000
200.000000,200.000000,78.000000,78.000000,-2725.000000,-589.000000,-589.000000
100.000000,0.000000,0.000000,0.000000,-2708.000000,-589.000000,-589.000000
100.000000,100.000000,0.000000,0.000000,-2710.000000,-392.000000,-785.000000
100.000000,0.000000,0.000000,0.000000,-2722.000000,-589.000000,-785.000000
100.000000,100.000000,0.000000,0.000000,-2718.000000,-589.000000,-589.000000
0.000000,-200.000000,0.000000,0.000000,-2703.000000,-589.000000,-785.000000
600.000000,0.000000,0.000000,0.000000,-2711.000000,-589.000000,-589.000000
0.000000,-200.000000,0.000000,0.000000,-2699.000000,-589.000000,-785.000000
0.000000,0.000000,0.000000,0.000000,-2691.000000,-589.000000,-589.000000
100.000000,0.000000,0.000000,0.000000,-2698.000000,-392.000000,-785.000000
0.000000,100.000000,0.000000,0.000000,-2684.000000,-589.000000,-589.000000
0.000000,0.000000,0.000000,0.000000,-2693.000000,-589.000000,-785.000000
100.000000,-100.000000,0.000000,0.000000,-2691.000000,-589.000000,-589.000000
100.000000,200.000000,0.000000,0.000000,-2675.000000,-589.000000,-589.000000
100.000000,100.000000,0.000000,0.000000,-2698.000000,-589.000000,-589.000000
200.000000,0.000000,0.000000,0.000000,-2718.000000,-392.000000,-785.000000
0.000000,-100.000000,0.000000,0.000000,-2698.000000,-589.000000,-589.000000
300.000000,0.000000,0.000000,0.000000,-2715.000000,-392.000000,-589.000000
100.000000,100.000000,0.000000,0.000000,-2743.000000,-589.000000,-589.000000
0.000000,0.000000,0.000000,0.000000,-2706.000000,-589.000000,-589.000000
300.000000,0.000000,0.000000,0.000000,-2692.000000,-589.000000,-589.000000
300.000000,-100.000000,0.000000,0.000000,-2716.000000,-589.000000,-589.000000
400.000000,0.000000,0.000000,0.000000,-2693.000000,-589.000000,-589.000000
300.000000,-100.000000,0.000000,0.000000,-2697.000000,-392.000000,-589.000000
300.000000,0.000000,0.000000,0.000000,-2680.000000,-589.000000,-589.000000
400.000000,0.000000,0.000000,0.000000,-2673.000000,-589.000000,-589.000000
200.000000,0.000000,0.000000,0.000000,-2679.000000,-589.000000,-589.000000
200.000000,0.000000,0.000000,0.000000,-2686.000000,-589.000000,-589.000000
200.000000,100.000000,0.000000,0.000000,-2659.000000,-589.000000,-589.000000
300.000000,100.000000,0.000000,0.000000,-2701.000000,-589.000000,-589.000000
100.000000,0.000000,0.000000,0.000000,-2699.000000,-589.000000,-589.000000
200.000000,0.000000,0.000000,0.000000,-2705.000000,-392.000000,-589.000000
100.000000,0.000000,0.000000,0.000000,-2683.000000,-785.000000,-392.000000
100.000000,0.000000,0.000000,0.000000,-2719.000000,-589.000000,-589.000000
200.000000,-300.000000,0.000000,0.000000,-2712.000000,-589.000000,-589.000000
200.000000,0.000000,156.000000,156.000000,-2719.000000,-589.000000,-589.000000
200.000000,0.000000,0.000000,0.000000,-2709.000000,-589.000000,-589.000000
100.000000,200.000000,0.000000,0.000000,-2735.000000,-589.000000,-589.000000
0.000000,0.000000,0.000000,0.000000,-2729.000000,-589.000000,-589.000000
200.000000,200.000000,0.000000,0.000000,-2722.000000,-785.000000,-589.000000
200.000000,0.000000,0.000000,0.000000,-2741.000000,-589.000000,-589.000000
0.000000,-200.000000,0.000000,0.000000,-2739.000000,-589.000000,-589.000000
0.000000,0.000000,0.000000,0.000000,-2761.000000,-785.000000,-589.000000
300.000000,200.000000,0.000000,0.000000,-2752.000000,-589.000000,-589.000000
200.000000,100.000000,0.000000,0.000000,-2742.000000,-589.000000,-392.000000
0.000000,-100.000000,78.000000,78.000000,-2740.000000,-785.000000,-785.000000
0.000000,100.000000,0.000000,0.000000,-2777.000000,-589.000000,-589.000000
0.000000,0.000000,0.000000,0.000000,-2771.000000,-785.000000,-589.000000
0.000000,0.000000,0.000000,0.000000,-2787.000000,-785.000000,-589.000000
100.000000,100.000000,0.000000,0.000000,-2789.000000,-589.000000,-785.000000
100.000000,0.000000,0.000000,0.000000,-2785.000000,-785.000000,-589.000000
0.000000,100.000000,0.000000,0.000000,-2799.000000,-589.000000,-589.000000
0.000000,0.000000,0.000000,0.000000,-2814.000000,-785.000000,-589.000000
200.000000,0.000000,0.000000,0.000000,-2819.000000,-589.000000,-589.000000
-100.000000,-100.000000,0.000000,0.000000,-2810.000000,-785.000000,-589.000000
0.000000,-100.000000,0.000000,0.000000,-2809.000000,-589.000000,-785.000000
200.000000,-100.000000,0.000000,0.000000,-2776.000000,-785.000000,-589.000000
100.000000,-100.000000,0.000000,0.000000,-2795.000000,-589.000000,-589.000000
0.000000,0.000000,0.000000,0.000000,-2807.000000,-785.000000,-785.000000
-200.000000,100.000000,0.000000,0.000000,-2772.000000,-785.000000,-785.000000
0.000000,0.000000,0.000000,0.000000,-2768.000000,-589.000000,-589.000000
-100.000000,100.000000,78.000000,78.000000,-2748.000000,-589.000000,-589.000000
100.000000,-100.000000,0.000000,0.000000,-2766.000000,-785.000000,-785.000000
0.000000,0.000000,0.000000,0.000000,-2755.000000,-589.000000,-785.000000
100.000000,100.000000,0.000000,0.000000,-2759.000000,-785.000000,-589.000000
-100.000000,0.000000,0.000000,0.000000,-2733.000000,-785.000000,-785.000000
100.000000,100.000000,0.000000,0.000000,-2746.000000,-589.000000,-589.000000
-300.000000,100.000000,0.000000,0.000000,-2762.000000,-785.000000,-785.000000
100.000000,0.000000,0.000000,0.000000,-2725.000000,-589.000000,-785.000000
-100.000000,-100.000000,0.000000,0.000000,-2710.000000,-785.000000,-589.000000
-100.000000,200.000000,0.000000,0.000000,-2727.000000,-589.000000,-785.000000
100.000000,0.000000,0.000000,0.000000,-2701.000000,-785.000000,-785.000000
200.000000,0.000000,0.000000,0.000000,-2721.000000,-589.000000,-589.000000
0.000000,-100.000000,0.000000,0.000000,-2749.000000,-589.000000,-785.000000
0.000000,100.000000,0.000000,0.000000,-2775.000000,-785.000000,-589.000000
100.000000,100.000000,0.000000,0.000000,-2783.000000,-589.000000,-785.000000
100.000000,0.000000,0.000000,0.000000,-2778.000000,-785.000000,-785.000000
100.000000,0.000000,0.000000,0.000000,-2747.000000,-589.000000,-589.000000
-100.000000,-100.000000,0.000000,0.000000,-2757.000000,-589.000000,-785.000000
-300.000000,0.000000,0.000000,0.000000,-2774.000000,-589.000000,-589.000000
-300.000000,-100.000000,0.000000,0.000000,-2772.000000,-589.000000,-785.000000
-300.000000,0.000000,0.000000,0.000000,-2758.000000,-589.000000,-589.000000
100.000000,0.000000,0.000000,0.000000,-2771.000000,-589.000000,-589.000000
200.000000,0.000000,0.000000,0.000000,-2741.000000,-589.000000,-785.000000
200.000000,0.000000,0.000000,0.000000,-2754.000000,-589.000000,-589.000000
200.000000,0.000000,0.000000,0.000000,-2790.000000,-589.000000,-589.000000
100.000000,0.000000,0.000000,0.000000,-2807.000000,-589.000000,-589.000000
100.000000,300.000000,0.000000,0.000000,-2798.000000,-589.000000,-589.000000
200.000000,100.000000,0.000000,0.000000,-2814.000000,-392.000000,-589.000000
0.000000,0.000000,0.000000,0.000000,-2797.000000,-589.000000,-589.000000
100.000000,0.000000,0.000000,0.000000,-2808.000000,-392.000000,-589.000000
0.000000,-100.000000,0.000000,0.000000,-2825.000000,-589.000000,-589.000000
0.000000,-100.000000,0.000000,0.000000,-2806.000000,-392.000000,-392.000000
0.000000,-200.000000,0.000000,0.000000,-2809.000000,-392.000000,-392.000000
0.000000,0.000000,0.000000,0.000000,-2807.000000,-392.000000,-589.000000
100.000000,100.000000,0.000000,0.000000,-2841.000000,-392.000000,-392.000000
100.000000,100.000000,0.000000,0.000000,-2833.000000,-589.000000,-589.000000
200.000000,-100.000000,0.000000,0.000000,-2847.000000,-392.000000,-392.000000
0.000000,200.000000,0.000000,0.000000,-2868.000000,-196.000000,-392.000000
-200.000000,-100.000000,0.000000,0.000000,-2869.000000,-392.000000,-392.000000
100.000000,0.000000,0.000000,0.000000,-2880.000000,-392.000000,-392.000000
0.000000,0.000000,0.000000,0.000000,-2873.000000,-392.000000,-392.000000
-100.000000,100.000000,0.000000,0.000000,-2855.000000,-392.000000,-196.000000
100.000000,-100.000000,0.000000,0.000000,-2851.000000,-196.000000,-196.000000
-100.000000,0.000000,0.000000,0.000000,-2862.000000,-196.000000,-392.000000
-100.000000,0.000000,0.000000,0.000000,-2857.000000,-392.000000,-392.000000
