Channel 1,Channel 2,Channel 3,Channel 4,Channel 5,Channel 6,Channel 7
-100.000000,-100.000000,0.000000,0.000000,-2805.000000,0.000000,0.000000
-100.000000,-200.000000,0.000000,0.000000,-2818.000000,0.000000,0.000000
400.000000,0.000000,0.000000,0.000000,-2824.000000,0.000000,0.000000
-100.000000,100.000000,0.000000,0.000000,-2831.000000,0.000000,0.000000
0.000000,-100.000000,0.000000,0.000000,-2825.000000,0.000000,0.000000
200.000000,-100.000000,0.000000,0.000000,-2836.000000,0.000000,0.000000
-100.000000,-100.000000,0.000000,0.000000,-2825.000000,0.000000,0.000000
-100.000000,0.000000,0.000000,0.000000,-2815.000000,0.000000,0.000000
-100.000000,-200.000000,0.000000,0.000000,-2814.000000,0.000000,0.000000
-200.000000,0.000000,0.000000,0.000000,-2822.000000,0.000000,0.000000
200.000000,-100.000000,0.000000,0.000000,-2833.000000,0.000000,0.000000
0.000000,0.000000,0.000000,0.000000,-2836.000000,0.000000,0.000000
300.000000,0.000000,0.000000,0.000000,-2833.000000,0.000000,0.000000
-100.000000,100.000000,0.000000,0.000000,-2823.000000,0.000000,0.000000
-100.000000,200.000000,0.000000,0.000000,-2817.000000,0.000000,0.000000
0.000000,-100.000000,0.000000,0.000000,-2821.000000,0.000000,0.000000
-300.000000,0.000000,0.000000,0.000000,-2807.000000,0.000000,0.000000
0.000000,0.000000,0.000000,0.000000,-2785.000000,0.000000,0.000000
-200.000000,0.000000,0.000000,0.000000,-2784.000000,0.000000,0.000000
-200.000000,0.000000,0.000000,0.000000,-2791.000000,0.000000,0.000000
-100.000000,-200.000000,0.000000,0.000000,-2801.000000,0.000000,0.000000
0.000000,0.000000,0.000000,0.000000,-2806.000000,0.000000,0.000000
-200.000000,-100.000000,0.000000,0.000000,-2830.000000,0.000000,0.000000
-200.000000,100.000000,0.000000,0.000000,-2807.000000,0.000000,0.000000
-100.000000,-300.000000,0.000000,0.000000,-2791.000000,0.000000,0.000000
-100.000000,-100.000000,0.000000,0.000000,-2774.000000,0.000000,0.000000
-100.000000,-200.000000,0.000000,0.000000,-2795.000000,0.000000,0.000000
0.000000,-100.000000,0.000000,0.000000,-2800.000000,0.000000,0.000000
-100.000000,-200.000000,0.000000,0.000000,-2791.000000,0.000000,0.000000
0.000000,-200.000000,0.000000,0.000000,-2777.000000,0.000000,0.000000
0.000000,-200.000000,0.000000,0.000000,-2775.000000,0.000000,0.000000
-100.000000,0.000000,0.000000,0.000000,-2772.000000,0.000000,0.000000
0.000000,-200.000000,0.000000,0.000000,-2767.000000,0.000000,0.000000
0.000000,0.000000,0.000000,0.000000,-2784.000000,0.000000,0.000000
-200.000000,0.000000,0.000000,0.000000,-2797.000000,0.000000,0.000000
-300.000000,-100.000000,0.000000,0.000000,-2776.000000,0.000000,0.000000
200.000000,-100.000000,0.000000,0.000000,-2775.000000,0.000000,0.000000
100.000000,0.000000,0.000000,0.000000,-2766.000000,0.000000,0.000000
-200.000000,-200.000000,0.000000,0.000000,-2767.000000,0.000000,0.000000
0.000000,200.000000,0.000000,0.000000,-2779.000000,0.000000,0.000000
200.000000,-100.000000,0.000000,0.000000,-2786.000000,0.000000,0.000000
0.000000,100.000000,0.000000,0.000000,-2765.000000,0.000000,0.000000
-100.000000,-100.000000,0.000000,0.000000,-2753.000000,0.000000,0.000000
0.000000,0.000000,0.000000,0.000000,-2742.000000,0.000000,0.000000
-100.000000,0.000000,0.000000,0.000000,-2725.000000,0.000000,0.000000
100.000000,0.000000,0.000000,0.000000,-2740.000000,0.000000,0.000000
100.000000,-300.000000,0.000000,0.000000,-2752.000000,0.000000,0.000000
0.000000,-100.000000,0.000000,0.000000,-2735.000000,0.000000,0.000000
0.000000,-300.000000,0.000000,0.000000,-2737.000000,0.000000,0.000000
-300.000000,-200.000000,0.000000,0.000000,-2735.000000,0.000000,0.000000
-100.000000,-100.000000,0.000000,0.000000,-2739.000000,0.000000,0.000000
-200.000000,0.000000,0.000000,0.000000,-2739.000000,0.000000,0.000000
-200.000000,100.000000,0.000000,0.000000,-2718.000000,0.000000,0.000000
-200.000000,-300.000000,0.000000,0.000000,-2737.000000,0.000000,0.000000
0.000000,0.000000,0.000000,0.000000,-2713.000000,0.000000,0.000000
-100.000000,-100.000000,0.000000,0.000000,-2707.000000,0.000000,0.000000
0.000000,-100.000000,0.000000,0.000000,-2710.000000,0.000000,0.000000
-100.000000,-300.000000,0.000000,0.000000,-2733.000000,0.000000,0.000000
0.000000,0.000000,0.000000,0.000000,-2756.000000,0.000000,0.000000
-100.000000,0.000000,0.000000,0.000000,-2770.000000,0.000000,0.000000
200.000000,0.000000,0.000000,0.000000,-2779.000000,0.000000,0.000000
0.000000,200.000000,0.000000,0.000000,-2792.000000,0.000000,0.000000
-200.000000,-100.000000,0.000000,0.000000,-2802.000000,0.000000,0.000000
-200.000000,0.000000,0.000000,0.000000,-2819.000000,0.000000,0.000000
100.000000,-100.000000,0.000000,0.000000,-2801.000000,0.000000,0.000000
0.000000,100.000000,0.000000,0.000000,-2801.000000,0.000000,0.000000
100.000000,100.000000,0.000000,0.000000,-2818.000000,0.000000,0.000000
0.000000,0.000000,0.000000,0.000000,-2830.000000,0.000000,0.000000
-100.000000,-100.000000,0.000000,0.000000,-2838.000000,0.000000,0.000000
-100.000000,0.000000,0.000000,0.000000,-2857.000000,0.000000,0.000000
-100.000000,100.000000,0.000000,0.000000,-2853.000000,0.000000,0.000000
-200.000000,-100.000000,0.000000,0.000000,-2873.000000,0.000000,0.000000
0.000000,-300.000000,0.000000,0.000000,-2856.000000,0.000000,0.000000
0.000000,0.000000,0.000000,0.000000,-2845.000000,0.000000,0.000000
-200.000000,-100.000000,0.000000,0.000000,-2835.000000,0.000000,-196.000000
-200.000000,-100.000000,0.000000,0.000000,-2813.000000,0.000000,0.000000
-200.000000,-100.000000,0.000000,0.000000,-2803.000000,0.000000,0.000000
-200.000000,-300.000000,0.000000,0.000000,-2823.000000,0.000000,0.000000
0.000000,100.000000,0.000000,0.000000,-2816.000000,0.000000,0.000000
0.000000,0.000000,0.000000,0.000000,-2843.000000,0.000000,-196.000000
0.000000,0.000000,0.000000,0.000000,-2853.000000,0.000000,0.000000
-200.000000,0.000000,0.000000,0.000000,-2855.000000,0.000000,0.000000
0.000000,-100.000000,0.000000,0.000000,-2858.000000,0.000000,0.000000
0.000000,0.000000,0.000000,0.000000,-2852.000000,0.000000,0.000000
-100.000000,0.000000,0.000000,0.000000,-2836.000000,0.000000,0.000000
-200.000000,200.000000,0.000000,0.000000,-2832.000000,0.000000,0.000000
-100.000000,-200.000000,0.000000,0.000000,-2854.000000,0.000000,0.000000
0.000000,-300.000000,0.000000,0.000000,-2847.000000,0.000000,0.000000
-200.000000,-200.000000,0.000000,0.000000,-2834.000000,0.000000,0.000000
100.000000,-100.000000,0.000000,0.000000,-2838.000000,0.000000,0.000000
-200.000000,0.000000,0.000000,0.000000,-2806.000000,0.000000,0.000000
0.000000,-200.000000,0.000000,0.000000,-2829.000000,0.000000,0.000000
-200.000000,0.000000,0.000000,0.000000,-2847.000000,0.000000,0.000000
0.000000,-100.000000,0.000000,0.000000,-2853.000000,0.000000,0.000000
0.000000,0.000000,0.000000,0.000000,-2830.000000,0.000000,0.000000
0.000000,0.000000,0.000000,0.000000,-2821.000000,0.000000,0.000000
0.000000,100.000000,0.000000,0.000000,-2834.000000,0.000000,0.000000
-200.000000,0.000000,0.000000,0.000000,-2824.000000,0.000000,0.000000
0.000000,-100.000000,0.000000,0.000000,-2833.000000,0.000000,0.000000
-200.000000,0.000000,0.000000,0.000000,-2820.000000,0.000000,0.000000
-100.000000,-100.000000,0.000000,0.000000,-2812.000000,0.000000,0.000000
0.000000,0.000000,0.000000,0.000000,-2805.000000,0.000000,0.000000
-200.000000,-100.000000,0.000000,0.000000,-2807.000000,0.000000,0.000000
-200.000000,-400.000000,0.000000,0.000000,-2820.000000,0.000000,0.000000
-200.000000,100.000000,0.000000,0.000000,-2829.000000,0.000000,0.000000
200.000000,-300.000000,0.000000,0.000000,-2850.000000,0.000000,0.000000
0.000000,-100.000000,0.000000,0.000000,-2823.000000,0.000000,0.000000
-100.000000,-300.000000,0.000000,0.000000,-2828.000000,0.000000,0.000000
-100.000000,-100.000000,0.000000,0.000000,-2810.000000,0.000000,0.000000
-100.000000,-200.000000,0.000000,0.000000,-2818.000000,0.000000,196.000000
-100.000000,100.000000,0.000000,0.000000,-2821.000000,0.000000,0.000000
200.000000,100.000000,0.000000,0.000000,-2840.000000,0.000000,0.000000
-100.000000,-100.000000,0.000000,0.000000,-2845.000000,0.000000,0.000000
0.000000,-100.000000,0.000000,0.000000,-2853.000000,0.000000,0.000000
0.000000,-200.000000,0.000000,0.000000,-2879.000000,0.000000,0.000000
100.000000,-400.000000,0.000000,0.000000,-2883.000000,0.000000,-196.000000
-100.000000,0.000000,0.000000,0.000000,-2890.000000,0.000000,0.000000
0.000000,-200.000000,0.000000,0.000000,-2872.000000,0.000000,0.000000
-400.000000,200.000000,0.000000,0.000000,-2872.000000,0.000000,0.000000
-100.000000,0.000000,0.000000,0.000000,-2843.000000,0.000000,0.000000
-200.000000,0.000000,0.000000,0.000000,-2857.000000,0.000000,0.000000
-100.000000,0.000000,0.000000,0.000000,-2855.000000,0.000000,0.000000
0.000000,-200.000000,0.000000,0.000000,-2846.000000,0.000000,0.000000
-100.000000,-200.000000,0.000000,0.000000,-2849.000000,0.000000,0.000000
100.000000,200.000000,0.000000,0.000000,-2834.000000,0.000000,0.000000
100.000000,0.000000,0.000000,0.000000,-2829.000000,0.000000,0.000000
-200.000000,0.000000,0.000000,0.000000,-2827.000000,0.000000,0.000000
100.000000,-300.000000,0.000000,0.000000,-2830.000000,0.000000,0.000000
-100.000000,-200.000000,0.000000,0.000000,-2808.000000,0.000000,0.000000
-100.000000,100.000000,0.000000,0.000000,-2811.000000,0.000000,0.000000
-100.000000,0.000000,0.000000,0.000000,-2811.000000,0.000000,0.000000
-200.000000,0.000000,0.000000,0.000000,-2826.000000,0.000000,0.000000
-100.000000,0.000000,0.000000,0.000000,-2809.000000,0.000000,0.000000
-100.000000,200.000000,0.000000,0.000000,-2810.000000,0.000000,0.000000
300.000000,0.000000,0.000000,0.000000,-2819.000000,0.000000,0.000000
-100.000000,0.000000,0.000000,0.000000,-2812.000000,0.000000,0.000000
0.000000,0.000000,0.000000,0.000000,-2806.000000,0.000000,0.000000
-200.000000,0.000000,0.000000,0.000000,-2797.000000,0.000000,0.000000
200.000000,-100.000000,0.000000,0.000000,-2794.000000,0.000000,0.000000
0.000000,0.000000,0.000000,0.000000,-2803.000000,0.000000,0.000000
0.000000,300.000000,0.000000,0.000000,-2815.000000,0.000000,0.000000
0.000000,-100.000000,0.000000,0.000000,-2815.000000,0.000000,0.000000
100.000000,-100.000000,0.000000,0.000000,-2824.000000,0.000000,0.000000
-100.000000,-300.000000,0.000000,0.000000,-2823.000000,0.000000,0.000000
100.000000,100.000000,0.000000,0.000000,-2822.000000,0.000000,0.000000
-100.000000,100.000000,0.000000,0.000000,-2831.000000,0.000000,0.000000
0.000000,-100.000000,0.000000,0.000000,-2823.000000,0.000000,0.000000
0.000000,100.000000,0.000000,0.000000,-2832.000000,0.000000,0.000000
-100.000000,-100.000000,0.000000,0.000000,-2815.000000,0.000000,0.000000
-200.000000,-200.000000,0.000000,0.000000,-2805.000000,0.000000,0.000000
0.000000,0.000000,0.000000,0.000000,-2793.000000,0.000000,0.000000
0.000000,0.000000,0.000000,0.000000,-2809.000000,0.000000,0.000000
-100.000000,-100.000000,0.000000,0.000000,-2788.000000,0.000000,0.000000
100.000000,0.000000,0.000000,0.000000,-2789.000000,0.000000,0.000000
-100.000000,-100.000000,0.000000,0.000000,-2775.000000,0.000000,0.000000
100.000000,-100.000000,0.000000,0.000000,-2788.000000,0.000000,0.000000
0.000000,-200.000000,0.000000,0.000000,-2776.000000,0.000000,0.000000
0.000000,-100.000000,0.000000,0.000000,-2781.000000,0.000000,0.000000
-100.000000,0.000000,0.000000,0.000000,-2781.000000,0.000000,0.000000
-300.000000,0.000000,0.000000,0.000000,-2787.000000,0.000000,0.000000
100.000000,-100.000000,0.000000,0.000000,-2780.000000,0.000000,0.000000
-100.000000,0.000000,0.000000,0.000000,-2765.000000,0.000000,0.000000
100.000000,200.000000,0.000000,0.000000,-2764.000000,0.000000,0.000000
-200.000000,-200.000000,0.000000,0.000000,-2773.000000,0.000000,0.000000
0.000000,100.000000,0.000000,0.000000,-2775.000000,0.000000,0.000000
-100.000000,200.000000,0.000000,0.000000,-2783.000000,0.000000,0.000000
-200.000000,-200.000000,0.000000,0.000000,-2764.000000,0.000000,0.000000
-200.000000,0.000000,0.000000,0.000000,-2792.000000,0.000000,0.000000
-200.000000,-200.000000,0.000000,0.000000,-2777.000000,0.000000,0.000000
-200.000000,400.000000,0.000000,0.000000,-2776.000000,0.000000,0.000000
-100.000000,0.000000,0.000000,0.000000,-2774.000000,0.000000,0.000000
-100.000000,100.000000,0.000000,0.000000,-2774.000000,0.000000,0.000000
-100.000000,100.000000,0.000000,0.000000,-2752.000000,0.000000,0.000000
-200.000000,0.000000,0.000000,0.000000,-2742.000000,0.000000,0.000000
-100.000000,0.000000,0.000000,0.000000,-2743.000000,0.000000,0.000000
-100.000000,-100.000000,0.000000,0.000000,-2725.000000,0.000000,0.000000
-100.000000,-200.000000,0.000000,0.000000,-2733.000000,0.000000,0.000000
0.000000,0.000000,0.000000,0.000000,-2714.000000,0.000000,0.000000
-100.000000,0.000000,0.000000,0.000000,-2703.000000,0.000000,0.000000
-100.000000,-100.000000,0.000000,0.000000,-2702.000000,0.000000,0.000000
300.000000,0.000000,0.000000,0.000000,-2701.000000,0.000000,0.000000
100.000000,0.000000,0.000000,0.000000,-2709.000000,0.000000,0.000000
100.000000,0.000000,0.000000,0.000000,-2716.000000,0.000000,0.000000
0.000000,0.000000,0.000000,0.000000,-2720.000000,0.000000,0.000000
0.000000,-100.000000,0.000000,0.000000,-2708.000000,0.000000,0.000000
200.000000,0.000000,0.000000,0.000000,-2731.000000,0.000000,0.000000
-200.000000,-100.000000,0.000000,0.000000,-2739.000000,0.000000,0.000000
0.000000,0.000000,0.000000,0.000000,-2733.000000,0.000000,0.000000
-200.000000,-100.000000,0.000000,0.000000,-2717.000000,0.000000,0.000000
-100.000000,0.000000,0.000000,0.000000,-2704.000000,0.000000,0.000000
0.000000,0.000000,0.000000,0.000000,-2713.000000,0.000000,0.000000
-300.000000,0.000000,0.000000,0.000000,-2703.000000,0.000000,0.000000
-100.000000,-200.000000,0.000000,0.000000,-2722.000000,0.000000,0.000000
-100.000000,0.000000,0.000000,0.000000,-2728.000000,0.000000,0.000000
300.000000,-300.000000,0.000000,0.000000,-2718.000000,0.000000,0.000000
0.000000,100.000000,0.000000,0.000000,-2708.000000,0.000000,0.000000
0.000000,0.000000,0.000000,0.000000,-2702.000000,0.000000,196.000000
-100.000000,-100.000000,0.000000,0.000000,-2695.000000,0.000000,0.000000
0.000000,-100.000000,0.000000,0.000000,-2680.000000,0.000000,0.000000
0.000000,-100.000000,0.000000,0.000000,-2681.000000,0.000000,0.000000
0.000000,-100.000000,0.000000,0.000000,-2699.000000,0.000000,0.000000
-200.000000,-200.000000,0.000000,0.000000,-2709.000000,0.000000,0.000000
0.000000,100.000000,0.000000,0.000000,-2700.000000,0.000000,0.000000
0.000000,-100.000000,0.000000,0.000000,-2676.000000,0.000000,0.000000
0.000000,0.000000,0.000000,0.000000,-2676.000000,0.000000,0.000000
-200.000000,-300.000000,0.000000,0.000000,-2687.000000,0.000000,0.000000
-100.000000,-100.000000,0.000000,0.000000,-2661.000000,0.000000,0.000000
-100.000000,-200.000000,0.000000,0.000000,-2650.000000,0.000000,0.000000
-200.000000,0.000000,0.000000,0.000000,-2670.000000,0.000000,0.000000
0.000000,-200.000000,0.000000,0.000000,-2675.000000,0.000000,0.000000
-100.000000,0.000000,0.000000,0.000000,-2664.000000,0.000000,0.000000
0.000000,-100.000000,0.000000,0.000000,-2650.000000,0.000000,0.000000
0.000000,-100.000000,0.000000,0.000000,-2633.000000,0.000000,0.000000
-100.000000,100.000000,0.000000,0.000000,-2629.000000,0.000000,0.000000
-200.000000,0.000000,0.000000,0.000000,-2641.000000,0.000000,0.000000
-300.000000,0.000000,0.000000,0.000000,-2650.000000,0.000000,-196.000000
0.000000,200.000000,0.000000,0.000000,-2651.000000,0.000000,0.000000
-100.000000,-100.000000,0.000000,0.000000,-2650.000000,0.000000,0.000000
-100.000000,-100.000000,0.000000,0.000000,-2664.000000,0.000000,0.000000
-100.000000,100.000000,0.000000,0.000000,-2686.000000,0.000000,0.000000
-200.000000,100.000000,0.000000,0.000000,-2666.000000,0.000000,0.000000
-100.000000,-200.000000,0.000000,0.000000,-2651.000000,0.000000,0.000000
0.000000,-100.000000,0.000000,0.000000,-2657.000000,0.000000,0.000000
0.000000,-200.000000,0.000000,0.000000,-2675.000000,0.000000,0.000000
300.000000,0.000000,0.000000,0.000000,-2690.000000,0.000000,0.000000
100.000000,0.000000,0.000000,0.000000,-2677.000000,0.000000,0.000000
0.000000,-200.000000,0.000000,0.000000,-2670.000000,0.000000,0.000000
-100.000000,100.000000,0.000000,0.000000,-2697.000000,0.000000,0.000000
100.000000,-200.000000,0.000000,0.000000,-2700.000000,0.000000,0.000000
-400.000000,-200.000000,0.000000,0.000000,-2724.000000,0.000000,0.000000
0.000000,-100.000000,0.000000,0.000000,-2730.000000,0.000000,0.000000
0.000000,0.000000,0.000000,0.000000,-2720.000000,0.000000,0.000000
-100.000000,0.000000,0.000000,0.000000,-2721.000000,0.000000,0.000000
0.000000,-100.000000,0.000000,0.000000,-2745.000000,0.000000,0.000000
300.000000,0.000000,0.000000,0.000000,-2764.000000,0.000000,0.000000
0.000000,0.000000,0.000000,0.000000,-2757.000000,0.000000,0.000000
0.000000,100.000000,0.000000,0.000000,-2759.000000,0.000000,0.000000
-200.000000,-200.000000,0.000000,0.000000,-2782.000000,0.000000,0.000000
-200.000000,-200.000000,0.000000,0.000000,-2793.000000,0.000000,0.000000
-200.000000,0.000000,0.000000,0.000000,-2801.000000,0.000000,0.000000
-100.000000,200.000000,0.000000,0.000000,-2814.000000,0.000000,0.000000
300.000000,200.000000,0.000000,0.000000,-2815.000000,0.000000,0.000000
-100.000000,-200.000000,0.000000,0.000000,-2832.000000,0.000000,0.000000
-200.000000,0.000000,0.000000,0.000000,-2822.000000,0.000000,0.000000
100.000000,-200.000000,0.000000,0.000000,-2823.000000,0.000000,0.000000
0.000000,0.000000,0.000000,0.000000,-2813.000000,0.000000,0.000000
-100.000000,-200.000000,0.000000,0.000000,-2798.000000,0.000000,0.000000
-100.000000,100.000000,0.000000,0.000000,-2820.000000,0.000000,0.000000
-100.000000,100.000000,0.000000,0.000000,-2821.000000,0.000000,0.000000
0.000000,0.000000,0.000000,0.000000,-2841.000000,0.000000,0.000000
-200.000000,-200.000000,0.000000,0.000000,-2830.000000,0.000000,0.000000
0.000000,-300.000000,0.000000,0.000000,-2820.000000,0.000000,0.000000
-200.000000,0.000000,0.000000,0.000000,-2814.000000,0.000000,0.000000
-200.000000,0.000000,0.000000,0.000000,-2833.000000,0.000000,0.000000
-100.000000,0.000000,0.000000,0.000000,-2849.000000,0.000000,0.000000
0.000000,-100.000000,0.000000,0.000000,-2854.000000,0.000000,0.000000
-300.000000,200.000000,0.000000,0.000000,-2845.000000,0.000000,0.000000
-100.000000,300.000000,0.000000,0.000000,-2824.000000,0.000000,0.000000
-200.000000,-100.000000,0.000000,0.000000,-2827.000000,0.000000,0.000000
-200.000000,-100.000000,0.000000,0.000000,-2830.000000,0.000000,0.000000
0.000000,0.000000,0.000000,0.000000,-2846.000000,0.000000,0.000000
-200.000000,-200.000000,0.000000,0.000000,-2839.000000,0.000000,0.000000
100.000000,-100.000000,0.000000,0.000000,-2827.000000,0.000000,0.000000
-100.000000,0.000000,0.000000,0.000000,-2819.000000,0.000000,0.000000
0.000000,0.000000,0.000000,0.000000,-2797.000000,0.000000,0.000000
0.000000,0.000000,0.000000,0.000000,-2819.000000,0.000000,0.000000
0.000000,-100.000000,0.000000,0.000000,-2813.000000,0.000000,0.000000
0.000000,0.000000,0.000000,0.000000,-2816.000000,0.000000,0.000000
-100.000000,-100.000000,0.000000,0.000000,-2832.000000,0.000000,0.000000
0.000000,-200.000000,0.000000,0.000000,-2835.000000,0.000000,0.000000
-300.000000,-100.000000,0.000000,0.000000,-2877.000000,0.000000,0.000000
100.000000,0.000000,0.000000,0.000000,-2882.000000,0.000000,0.000000
-100.000000,0.000000,0.000000,0.000000,-2881.000000,0.000000,196.000000
0.000000,-200.000000,0.000000,0.000000,-2877.000000,0.000000,0.000000
0.000000,0.000000,0.000000,0.000000,-2875.000000,0.000000,0.000000
200.000000,-100.000000,0.000000,0.000000,-2878.000000,0.000000,196.000000
-200.000000,-200.000000,0.000000,0.000000,-2858.000000,0.000000,0.000000
0.000000,0.000000,0.000000,0.000000,-2855.000000,0.000000,0.000000
200.000000,0.000000,0.000000,0.000000,-2841.000000,0.000000,0.000000
200.000000,-400.000000,0.000000,0.000000,-2846.000000,0.000000,0.000000
0.000000,-200.000000,0.000000,0.000000,-2852.000000,0.000000,0.000000
-100.000000,-300.000000,0.000000,0.000000,-2857.000000,0.000000,0.000000
-100.000000,-200.000000,0.000000,0.000000,-2847.000000,0.000000,0.000000
-100.000000,-100.000000,0.000000,0.000000,-2839.000000,0.000000,0.000000
100.000000,0.000000,0.000000,0.000000,-2831.000000,0.000000,0.000000
0.000000,0.000000,0.000000,0.000000,-2813.000000,0.000000,0.000000
-200.000000,0.000000,0.000000,0.000000,-2797.000000,0.000000,0.000000
-100.000000,0.000000,0.000000,0.000000,-2782.000000,0.000000,0.000000
0.000000,-200.000000,0.000000,0.000000,-2780.000000,0.000000,0.000000
0.000000,0.000000,0.000000,0.000000,-2773.000000,0.000000,0.000000
-100.000000,-200.000000,0.000000,0.000000,-2808.000000,0.000000,0.000000
0.000000,-100.000000,0.000000,0.000000,-2848.000000,0.000000,0.000000
-200.000000,-100.000000,0.000000,0.000000,-2876.000000,0.000000,0.000000
0.000000,-200.000000,0.000000,0.000000,-2861.000000,0.000000,0.000000
0.000000,200.000000,0.000000,0.000000,-2891.000000,0.000000,0.000000
0.000000,0.000000,0.000000,0.000000,-2903.000000,0.000000,0.000000
0.000000,0.000000,0.000000,0.000000,-2880.000000,0.000000,0.000000
0.000000,0.000000,0.000000,0.000000,-2874.000000,0.000000,0.000000
0.000000,-100.000000,0.000000,0.000000,-2833.000000,0.000000,0.000000
-200.000000,0.000000,0.000000,0.000000,-2812.000000,0.000000,-196.000000
0.000000,-100.000000,0.000000,0.000000,-2793.000000,0.000000,0.000000
-300.000000,-100.000000,0.000000,0.000000,-2781.000000,0.000000,0.000000
0.000000,-200.000000,0.000000,0.000000,-2766.000000,0.000000,0.000000
100.000000,200.000000,0.000000,0.000000,-2740.000000,0.000000,0.000000
100.000000,0.000000,0.000000,0.000000,-2723.000000,0.000000,-196.000000
-200.000000,-100.000000,0.000000,0.000000,-2731.000000,0.000000,0.000000
-100.000000,0.000000,0.000000,0.000000,-2728.000000,0.000000,196.000000
100.000000,-200.000000,0.000000,0.000000,-2712.000000,0.000000,0.000000
100.000000,-100.000000,0.000000,0.000000,-2743.000000,0.000000,0.000000
-200.000000,-200.000000,0.000000,0.000000,-2753.000000,0.000000,0.000000
100.000000,-200.000000,0.000000,0.000000,-2813.000000,0.000000,0.000000
-200.000000,-200.000000,0.000000,0.000000,-2850.000000,0.000000,0.000000
0.000000,0.000000,0.000000,0.000000,-2865.000000,0.000000,0.000000
100.000000,-100.000000,0.000000,0.000000,-2912.000000,0.000000,196.000000
-200.000000,-100.000000,0.000000,0.000000,-2906.000000,0.000000,0.000000
0.000000,-100.000000,0.000000,0.000000,-2920.000000,0.000000,0.000000
0.000000,-100.000000,0.000000,0.000000,-2934.000000,0.000000,0.000000
-100.000000,0.000000,0.000000,0.000000,-2956.000000,0.000000,0.000000
-200.000000,0.000000,0.000000,0.000000,-2950.000000,0.000000,0.000000
200.000000,-100.000000,0.000000,0.000000,-2942.000000,0.000000,0.000000
0.000000,-200.000000,0.000000,0.000000,-2941.000000,0.000000,0.000000
0.000000,0.000000,0.000000,0.000000,-2912.000000,0.000000,0.000000
-100.000000,0.000000,0.000000,0.000000,-2908.000000,0.000000,0.000000
0.000000,0.000000,0.000000,0.000000,-2923.000000,0.000000,0.000000
-200.000000,-100.000000,0.000000,0.000000,-2907.000000,0.000000,0.000000
0.000000,200.000000,0.000000,0.000000,-2880.000000,0.000000,0.000000
-100.000000,200.000000,0.000000,0.000000,-2863.000000,0.000000,0.000000
100.000000,0.000000,0.000000,0.000000,-2855.000000,0.000000,0.000000
-200.000000,0.000000,0.000000,0.000000,-2833.000000,0.000000,0.000000
100.000000,-100.000000,0.000000,0.000000,-2830.000000,0.000000,0.000000
-100.000000,0.000000,0.000000,0.000000,-2855.000000,0.000000,0.000000
0.000000,200.000000,0.000000,0.000000,-2869.000000,0.000000,0.000000
0.000000,0.000000,0.000000,0.000000,-2872.000000,0.000000,0.000000
-200.000000,-200.000000,0.000000,0.000000,-2888.000000,0.000000,0.000000
-200.000000,-200.000000,0.000000,0.000000,-2915.000000,0.000000,0.000000
-100.000000,-100.000000,0.000000,0.000000,-2908.000000,0.000000,0.000000
-200.000000,-100.000000,0.000000,0.000000,-2919.000000,0.000000,0.000000
-200.000000,-100.000000,0.000000,0.000000,-2919.000000,0.000000,0.000000
-400.000000,-100.000000,0.000000,0.000000,-2895.000000,0.000000,0.000000
-200.000000,-200.000000,0.000000,0.000000,-2891.000000,0.000000,0.000000
0.000000,0.000000,0.000000,0.000000,-2905.000000,0.000000,0.000000
0.000000,0.000000,0.000000,0.000000,-2885.000000,0.000000,0.000000
-100.000000,0.000000,0.000000,0.000000,-2883.000000,0.000000,0.000000
-200.000000,-300.000000,0.000000,0.000000,-2887.000000,0.000000,0.000000
-200.000000,-300.000000,0.000000,0.000000,-2881.000000,0.000000,0.000000
100.000000,0.000000,0.000000,0.000000,-2857.000000,0.000000,0.000000
-200.000000,-200.000000,0.000000,0.000000,-2856.000000,0.000000,0.000000
-500.000000,-200.000000,0.000000,0.000000,-2852.000000,0.000000,0.000000
-200.000000,-100.000000,0.000000,0.000000,-2875.000000,0.000000,0.000000
100.000000,-200.000000,0.000000,0.000000,-2876.000000,0.000000,0.000000
-100.000000,-200.000000,0.000000,0.000000,-2839.000000,0.000000,0.000000
0.000000,-100.000000,0.000000,0.000000,-2834.000000,0.000000,0.000000
0.000000,-200.000000,0.000000,0.000000,-2824.000000,0.000000,0.000000
-200.000000,-100.000000,0.000000,0.000000,-2829.000000,0.000000,0.000000
100.000000,100.000000,0.000000,0.000000,-2806.000000,0.000000,0.000000
200.000000,0.000000,0.000000,0.000000,-2808.000000,0.000000,0.000000
-200.000000,100.000000,0.000000,0.000000,-2822.000000,0.000000,0.000000
100.000000,0.000000,0.000000,0.000000,-2844.000000,0.000000,0.000000
0.000000,-100.000000,0.000000,0.000000,-2820.000000,0.000000,0.000000
100.000000,0.000000,0.000000,0.000000,-2810.000000,0.000000,0.000000
200.000000,0.000000,0.000000,0.000000,-2810.000000,0.000000,0.000000
-100.000000,0.000000,0.000000,0.000000,-2794.000000,0.000000,0.000000
-100.000000,-100.000000,0.000000,0.000000,-2784.000000,0.000000,0.000000
0.000000,100.000000,0.000000,0.000000,-2799.000000,0.000000,0.000000
-100.000000,-200.000000,0.000000,0.000000,-2807.000000,0.000000,0.000000
-100.000000,0.000000,0.000000,0.000000,-2804.000000,0.000000,0.000000
-200.000000,-100.000000,0.000000,0.000000,-2812.000000,0.000000,0.000000
0.000000,-200.000000,0.000000,0.000000,-2808.000000,0.000000,0.000000
0.000000,0.000000,0.000000,0.000000,-2813.000000,0.000000,0.000000
0.000000,0.000000,0.000000,0.000000,-2813.000000,0.000000,0.000000
-200.000000,-200.000000,0.000000,0.000000,-2788.000000,0.000000,0.000000
0.000000,-200.000000,0.000000,0.000000,-2759.000000,0.000000,0.000000
-100.000000,-100.000000,0.000000,0.000000,-2765.000000,0.000000,0.000000
0.000000,0.000000,0.000000,0.000000,-2767.000000,0.000000,0.000000
-200.000000,-300.000000,0.000000,0.000000,-2791.000000,0.000000,0.000000
0.000000,-100.000000,0.000000,0.000000,-2801.000000,0.000000,0.000000
100.000000,-300.000000,0.000000,0.000000,-2798.000000,0.000000,0.000000
0.000000,0.000000,0.000000,0.000000,-2817.000000,0.000000,0.000000
0.000000,0.000000,0.000000,0.000000,-2818.000000,0.000000,0.000000
0.000000,200.000000,0.000000,0.000000,-2843.000000,0.000000,0.000000
0.000000,-100.000000,0.000000,0.000000,-2862.000000,0.000000,0.000000
0.000000,200.000000,0.000000,0.000000,-2889.000000,0.000000,0.000000
0.000000,-200.000000,0.000000,0.000000,-2897.000000,0.000000,0.000000
0.000000,-400.000000,0.000000,0.000000,-2906.000000,0.000000,0.000000
0.000000,100.000000,0.000000,0.000000,-2889.000000,0.000000,0.000000
-300.000000,-100.000000,0.000000,0.000000,-2891.000000,0.000000,0.000000
-100.000000,-300.000000,0.000000,0.000000,-2890.000000,0.000000,0.000000
-300.000000,-200.000000,0.000000,0.000000,-2887.000000,0.000000,0.000000
-100.000000,-200.000000,0.000000,0.000000,-2882.000000,0.000000,0.000000
-100.000000,-200.000000,0.000000,0.000000,-2872.000000,0.000000,0.000000
-100.000000,-100.000000,0.000000,0.000000,-2898.000000,0.000000,0.000000
-200.000000,0.000000,0.000000,0.000000,-2884.000000,0.000000,0.000000
-100.000000,-100.000000,0.000000,0.000000,-2891.000000,0.000000,0.000000
-100.000000,-100.000000,0.000000,0.000000,-2875.000000,0.000000,0.000000
-200.000000,-100.000000,0.000000,0.000000,-2866.000000,0.000000,0.000000
-100.000000,0.000000,0.000000,0.000000,-2841.000000,0.000000,0.000000
-200.000000,0.000000,0.000000,0.000000,-2815.000000,0.000000,0.000000
-100.000000,-100.000000,0.000000,0.000000,-2802.000000,0.000000,0.000000
0.000000,0.000000,0.000000,0.000000,-2830.000000,0.000000,0.000000
0.000000,-100.000000,0.000000,0.000000,-2831.000000,0.000000,0.000000
-200.000000,-200.000000,0.000000,0.000000,-2842.000000,0.000000,0.000000
0.000000,100.000000,0.000000,0.000000,-2848.000000,0.000000,0.000000
-100.000000,0.000000,0.000000,0.000000,-2845.000000,0.000000,0.000000
0.000000,0.000000,0.000000,0.000000,-2847.000000,0.000000,0.000000
0.000000,0.000000,0.000000,0.000000,-2837.000000,0.000000,0.000000
0.000000,0.000000,0.000000,0.000000,-2847.000000,0.000000,0.000000
0.000000,0.000000,0.000000,0.000000,-2844.000000,0.000000,0.000000
0.000000,0.000000,0.000000,0.000000,-2828.000000,0.000000,0.000000
-300.000000,-100.000000,0.000000,0.000000,-2830.000000,0.000000,0.000000
-100.000000,0.000000,0.000000,0.000000,-2831.000000,0.000000,0.000000
-100.000000,200.000000,0.000000,0.000000,-2820.000000,0.000000,0.000000
0.000000,200.000000,0.000000,0.000000,-2817.000000,0.000000,0.000000
-100.000000,100.000000,0.000000,0.000000,-2807.000000,0.000000,0.000000
0.000000,0.000000,0.000000,0.000000,-2814.000000,0.000000,0.000000
0.000000,-200.000000,0.000000,0.000000,-1734.000000,0.000000,0.000000
100.000000,0.000000,0.000000,0.000000,-1776.000000,0.000000,0.000000
-200.000000,0.000000,0.000000,0.000000,-1822.000000,0.000000,0.000000
0.000000,0.000000,0.000000,0.000000,-1848.000000,0.000000,0.000000
-200.000000,300.000000,0.000000,0.000000,-1896.000000,0.000000,0.000000
-200.000000,100.000000,0.000000,0.000000,-1943.000000,0.000000,-196.000000
-200.000000,0.000000,0.000000,0.000000,-1968.000000,0.000000,0.000000
0.000000,0.000000,0.000000,0.000000,-2009.000000,0.000000,0.000000
0.000000,0.000000,0.000000,0.000000,-2045.000000,0.000000,0.000000
0.000000,0.000000,0.000000,0.000000,-2077.000000,0.000000,0.000000
0.000000,0.000000,156.000000,156.000000,-2111.000000,0.000000,0.000000
-200.000000,100.000000,0.000000,0.000000,-2151.000000,0.000000,0.000000
-200.000000,0.000000,0.000000,0.000000,-2200.000000,0.000000,0.000000
-200.000000,-100.000000,0.000000,0.000000,-2239.000000,0.000000,0.000000
-200.000000,-100.000000,0.000000,0.000000,-2267.000000,0.000000,0.000000
0.000000,200.000000,0.000000,0.000000,-2310.000000,0.000000,0.000000
0.000000,0.000000,0.000000,0.000000,-2339.000000,0.000000,0.000000
-200.000000,-100.000000,0.000000,0.000000,-2363.000000,0.000000,0.000000
-100.000000,-100.000000,78.000000,78.000000,-2400.000000,0.000000,196.000000
0.000000,0.000000,0.000000,0.000000,-2434.000000,0.000000,0.000000
-300.000000,-100.000000,0.000000,0.000000,-2467.000000,0.000000,0.000000
100.000000,-100.000000,0.000000,0.000000,-2497.000000,0.000000,0.000000
-100.000000,0.000000,0.000000,0.000000,-2520.000000,0.000000,0.000000
0.000000,0.000000,0.000000,0.000000,-2546.000000,0.000000,0.000000
0.000000,-100.000000,0.000000,0.000000,-2579.000000,0.000000,0.000000
-100.000000,0.000000,0.000000,0.000000,-2598.000000,0.000000,0.000000
200.000000,0.000000,0.000000,0.000000,-2607.000000,0.000000,0.000000
-300.000000,0.000000,0.000000,0.000000,-2638.000000,0.000000,0.000000
0.000000,-300.000000,0.000000,0.000000,-2645.000000,0.000000,0.000000
-300.000000,-100.000000,0.000000,0.000000,-2659.000000,0.000000,0.000000
0.000000,-100.000000,0.000000,0.000000,-2673.000000,0.000000,0.000000
100.000000,0.000000,0.000000,0.000000,-2692.000000,0.000000,0.000000
0.000000,-400.000000,0.000000,0.000000,-2698.000000,0.000000,0.000000
0.000000,-200.000000,0.000000,0.000000,-2719.000000,0.000000,0.000000
0.000000,-200.000000,0.000000,0.000000,-2752.000000,0.000000,0.000000
0.000000,-200.000000,0.000000,0.000000,-2784.000000,0.000000,0.000000
-300.000000,-200.000000,0.000000,0.000000,-2810.000000,0.000000,0.000000
0.000000,-100.000000,0.000000,0.000000,-2835.000000,0.000000,0.000000
0.000000,0.000000,0.000000,0.000000,-2848.000000,0.000000,0.000000
0.000000,-100.000000,0.000000,0.000000,-2893.000000,0.000000,0.000000
0.000000,-100.000000,0.000000,0.000000,-2887.000000,0.000000,0.000000
-100.000000,-100.000000,0.000000,0.000000,-2905.000000,0.000000,0.000000
-100.000000,-300.000000,0.000000,0.000000,-2911.000000,0.000000,0.000000
0.000000,-100.000000,0.000000,0.000000,-2918.000000,0.000000,0.000000
0.000000,-200.000000,0.000000,0.000000,-2933.000000,0.000000,0.000000
-100.000000,-100.000000,0.000000,0.000000,-2926.000000,0.000000,0.000000
-200.000000,0.000000,0.000000,0.000000,-2943.000000,0.000000,0.000000
-100.000000,0.000000,0.000000,0.000000,-2938.000000,0.000000,0.000000
400.000000,-200.000000,0.000000,0.000000,-2913.000000,0.000000,0.000000
0.000000,-300.000000,0.000000,0.000000,-2913.000000,0.000000,0.000000
0.000000,-200.000000,0.000000,0.000000,-2928.000000,0.000000,0.000000
-100.000000,-200.000000,0.000000,0.000000,-2927.000000,0.000000,0.000000
-100.000000,-300.000000,0.000000,0.000000,-2954.000000,0.000000,0.000000
-400.000000,-200.000000,0.000000,0.000000,-2990.000000,0.000000,0.000000
300.000000,0.000000,0.000000,0.000000,-3024.000000,0.000000,0.000000
0.000000,-100.000000,0.000000,0.000000,-3039.000000,0.000000,0.000000
0.000000,-100.000000,0.000000,0.000000,-3064.000000,0.000000,0.000000
-100.000000,100.000000,0.000000,0.000000,-3088.000000,0.000000,0.000000
0.000000,-100.000000,0.000000,0.000000,-3098.000000,0.000000,0.000000
0.000000,-300.000000,0.000000,0.000000,-3120.000000,0.000000,0.000000
0.000000,-100.000000,0.000000,0.000000,-3153.000000,0.000000,0.000000
-100.000000,-100.000000,0.000000,0.000000,-3167.000000,0.000000,0.000000
-300.000000,0.000000,0.000000,0.000000,-3175.000000,0.000000,-196.000000
0.000000,-200.000000,0.000000,0.000000,-3164.000000,0.000000,0.000000
100.000000,0.000000,0.000000,0.000000,-3151.000000,0.000000,0.000000
-200.000000,-100.000000,0.000000,0.000000,-3154.000000,0.000000,0.000000
0.000000,0.000000,0.000000,0.000000,-3164.000000,0.000000,0.000000
-200.000000,-100.000000,0.000000,0.000000,-3158.000000,0.000000,0.000000
-400.000000,-200.000000,0.000000,0.000000,-3161.000000,0.000000,-196.000000
-100.000000,-100.000000,0.000000,0.000000,-3166.000000,0.000000,0.000000
0.000000,0.000000,0.000000,0.000000,-3175.000000,0.000000,0.000000
0.000000,-200.000000,0.000000,0.000000,-3198.000000,0.000000,0.000000
0.000000,100.000000,0.000000,0.000000,-3214.000000,0.000000,0.000000
300.000000,-400.000000,0.000000,0.000000,-3205.000000,0.000000,0.000000
0.000000,0.000000,0.000000,0.000000,-3212.000000,0.000000,0.000000
-300.000000,-100.000000,0.000000,0.000000,-3204.000000,0.000000,0.000000
-300.000000,-100.000000,0.000000,0.000000,-3220.000000,0.000000,0.000000
0.000000,0.000000,0.000000,0.000000,-3229.000000,0.000000,0.000000
-100.000000,-200.000000,0.000000,0.000000,-3228.000000,0.000000,0.000000
0.000000,100.000000,0.000000,0.000000,-3220.000000,0.000000,0.000000
0.000000,0.000000,0.000000,0.000000,-3240.000000,0.000000,196.000000
0.000000,-300.000000,0.000000,0.000000,-3245.000000,0.000000,0.000000
-100.000000,-100.000000,0.000000,0.000000,-3251.000000,0.000000,0.000000
200.000000,-300.000000,0.000000,0.000000,-3246.000000,0.000000,0.000000
200.000000,0.000000,0.000000,0.000000,-3228.000000,0.000000,196.000000
0.000000,-400.000000,0.000000,0.000000,-3217.000000,0.000000,0.000000
0.000000,-100.000000,0.000000,0.000000,-3228.000000,0.000000,0.000000
0.000000,0.000000,0.000000,0.000000,-3223.000000,0.000000,0.000000
0.000000,100.000000,0.000000,0.000000,-3206.000000,0.000000,0.000000
-100.000000,0.000000,0.000000,0.000000,-3175.000000,0.000000,0.000000
-100.000000,100.000000,0.000000,0.000000,-3185.000000,0.000000,0.000000
0.000000,100.000000,0.000000,0.000000,-3212.000000,0.000000,0.000000
100.000000,0.000000,0.000000,0.000000,-3205.000000,0.000000,0.000000
-300.000000,0.000000,0.000000,0.000000,-3198.000000,0.000000,0.000000
0.000000,-200.000000,0.000000,0.000000,-3203.000000,0.000000,0.000000
0.000000,0.000000,0.000000,0.000000,-3211.000000,0.000000,0.000000
0.000000,-200.000000,0.000000,0.000000,-3202.000000,0.000000,0.000000
0.000000,-100.000000,0.000000,0.000000,-3219.000000,0.000000,0.000000
100.000000,-200.000000,0.000000,0.000000,-3219.000000,0.000000,0.000000
-200.000000,-100.000000,0.000000,0.000000,-3205.000000,0.000000,0.000000
-400.000000,-100.000000,0.000000,0.000000,-3193.000000,0.000000,0.000000
-100.000000,0.000000,0.000000,0.000000,-3207.000000,0.000000,0.000000
-100.000000,100.000000,0.000000,0.000000,-3186.000000,0.000000,0.000000
0.000000,-300.000000,0.000000,0.000000,-3177.000000,0.000000,0.000000
0.000000,-100.000000,0.000000,0.000000,-3169.000000,0.000000,0.000000
-100.000000,0.000000,0.000000,0.000000,-3153.000000,0.000000,0.000000
-200.000000,0.000000,0.000000,0.000000,-3135.000000,0.000000,0.000000
0.000000,-100.000000,0.000000,0.000000,-3110.000000,0.000000,0.000000
0.000000,-100.000000,0.000000,0.000000,-3087.000000,0.000000,0.000000
0.000000,0.000000,0.000000,0.000000,-3095.000000,0.000000,0.000000
0.000000,-100.000000,0.000000,0.000000,-3083.000000,0.000000,0.000000
200.000000,-300.000000,0.000000,0.000000,-3082.000000,0.000000,0.000000
200.000000,-200.000000,0.000000,0.000000,-3081.000000,0.000000,0.000000
100.000000,100.000000,0.000000,0.000000,-3087.000000,0.000000,0.000000
-100.000000,-200.000000,0.000000,0.000000,-3103.000000,0.000000,0.000000
200.000000,-100.000000,0.000000,0.000000,-3099.000000,0.000000,-196.000000
-100.000000,0.000000,0.000000,0.000000,-3116.000000,0.000000,0.000000
100.000000,-500.000000,0.000000,0.000000,-3135.000000,0.000000,0.000000
100.000000,200.000000,156.000000,156.000000,-3140.000000,0.000000,-196.000000
100.000000,-100.000000,0.000000,0.000000,-3159.000000,0.000000,0.000000
-100.000000,0.000000,0.000000,0.000000,-3160.000000,0.000000,0.000000
0.000000,-200.000000,0.000000,0.000000,-3151.000000,-196.000000,0.000000
-100.000000,0.000000,0.000000,0.000000,-3158.000000,0.000000,0.000000
0.000000,0.000000,0.000000,0.000000,-3161.000000,0.000000,0.000000
0.000000,-100.000000,0.000000,0.000000,-3128.000000,0.000000,196.000000
0.000000,-100.000000,0.000000,0.000000,-3116.000000,0.000000,0.000000
-100.000000,-200.000000,0.000000,0.000000,-3114.000000,0.000000,0.000000
0.000000,-200.000000,0.000000,0.000000,-3116.000000,0.000000,196.000000
-100.000000,0.000000,0.000000,0.000000,-3092.000000,0.000000,0.000000
200.000000,100.000000,0.000000,0.000000,-3078.000000,0.000000,0.000000
0.000000,-100.000000,0.000000,0.000000,-3092.000000,0.000000,0.000000
100.000000,-200.000000,0.000000,0.000000,-3072.000000,0.000000,0.000000
0.000000,-100.000000,0.000000,0.000000,-3062.000000,196.000000,0.000000
-200.000000,0.000000,0.000000,0.000000,-3077.000000,0.000000,0.000000
0.000000,0.000000,0.000000,0.000000,-3095.000000,0.000000,0.000000
-100.000000,-100.000000,0.000000,0.000000,-3077.000000,0.000000,0.000000
-100.000000,-100.000000,0.000000,0.000000,-3096.000000,0.000000,0.000000
-200.000000,0.000000,0.000000,0.000000,-3110.000000,0.000000,0.000000
-100.000000,-100.000000,0.000000,0.000000,-3115.000000,0.000000,0.000000
0.000000,-100.000000,0.000000,0.000000,-3092.000000,0.000000,0.000000
-100.000000,100.000000,0.000000,0.000000,-3078.000000,0.000000,0.000000
0.000000,100.000000,0.000000,0.000000,-3081.000000,0.000000,0.000000
0.000000,-200.000000,0.000000,0.000000,-3082.000000,0.000000,0.000000
-200.000000,0.000000,0.000000,0.000000,-3070.000000,0.000000,0.000000
-100.000000,0.000000,0.000000,0.000000,-3045.000000,0.000000,0.000000
0.000000,0.000000,0.000000,0.000000,-3043.000000,0.000000,0.000000
-100.000000,-200.000000,0.000000,0.000000,-3031.000000,0.000000,0.000000
-100.000000,0.000000,0.000000,0.000000,-3014.000000,0.000000,0.000000
-200.000000,-100.000000,0.000000,0.000000,-3023.000000,0.000000,0.000000
-300.000000,0.000000,0.000000,0.000000,-3006.000000,0.000000,0.000000
-100.000000,0.000000,0.000000,0.000000,-2984.000000,0.000000,0.000000
-200.000000,0.000000,0.000000,0.000000,-2954.000000,0.000000,0.000000
-100.000000,0.000000,0.000000,0.000000,-2960.000000,0.000000,0.000000
-100.000000,0.000000,0.000000,0.000000,-2962.000000,0.000000,0.000000
200.000000,-100.000000,0.000000,0.000000,-2947.000000,0.000000,0.000000
100.000000,-100.000000,0.000000,0.000000,-2951.000000,0.000000,0.000000
-100.000000,0.000000,0.000000,0.000000,-2948.000000,0.000000,0.000000
0.000000,0.000000,0.000000,0.000000,-2936.000000,0.000000,0.000000
-200.000000,-100.000000,78.000000,78.000000,-2938.000000,0.000000,0.000000
200.000000,300.000000,0.000000,0.000000,-2961.000000,0.000000,0.000000
-100.000000,0.000000,0.000000,0.000000,-2943.000000,0.000000,0.000000
0.000000,0.000000,0.000000,0.000000,-2959.000000,0.000000,0.000000
-200.000000,0.000000,0.000000,0.000000,-2933.000000,0.000000,0.000000
-200.000000,0.000000,0.000000,0.000000,-2910.000000,0.000000,0.000000
