Channel 1,Channel 2,Channel 3,Channel 4,Channel 5,Channel 6,Channel 7
0.000000,0.000000,0.000000,0.000000,-3065.000000,0.000000,0.000000
0.000000,-100.000000,0.000000,0.000000,-3039.000000,0.000000,0.000000
0.000000,0.000000,0.000000,0.000000,-3014.000000,0.000000,0.000000
-300.000000,0.000000,0.000000,0.000000,-3007.000000,0.000000,0.000000
0.000000,0.000000,0.000000,0.000000,-2981.000000,0.000000,0.000000
-200.000000,0.000000,0.000000,0.000000,-2968.000000,0.000000,0.000000
0.000000,0.000000,0.000000,0.000000,-2943.000000,0.000000,0.000000
0.000000,100.000000,0.000000,0.000000,-2972.000000,0.000000,0.000000
0.000000,-200.000000,0.000000,0.000000,-3001.000000,0.000000,0.000000
0.000000,-200.000000,0.000000,0.000000,-3003.000000,0.000000,0.000000
0.000000,-200.000000,0.000000,0.000000,-3007.000000,0.000000,0.000000
100.000000,100.000000,0.000000,0.000000,-2995.000000,0.000000,0.000000
0.000000,-100.000000,0.000000,0.000000,-2984.000000,0.000000,0.000000
200.000000,0.000000,0.000000,0.000000,-2988.000000,0.000000,0.000000
100.000000,-100.000000,0.000000,0.000000,-2972.000000,0.000000,0.000000
100.000000,0.000000,0.000000,0.000000,-2994.000000,0.000000,0.000000
-200.000000,0.000000,0.000000,0.000000,-2982.000000,0.000000,0.000000
0.000000,-100.000000,0.000000,0.000000,-2990.000000,0.000000,0.000000
-100.000000,0.000000,0.000000,0.000000,-2996.000000,0.000000,0.000000
0.000000,0.000000,0.000000,0.000000,-2987.000000,0.000000,0.000000
0.000000,0.000000,0.000000,0.000000,-2989.000000,0.000000,0.000000
200.000000,-100.000000,0.000000,0.000000,-2979.000000,0.000000,0.000000
-100.000000,-100.000000,0.000000,0.000000,-2986.000000,0.000000,0.000000
0.000000,0.000000,0.000000,0.000000,-2985.000000,0.000000,0.000000
0.000000,0.000000,0.000000,0.000000,-2989.000000,0.000000,0.000000
0.000000,0.000000,0.000000,0.000000,-3014.000000,0.000000,0.000000
-100.000000,0.000000,0.000000,0.000000,-3045.000000,0.000000,0.000000
-200.000000,0.000000,0.000000,0.000000,-3059.000000,0.000000,0.000000
100.000000,0.000000,0.000000,0.000000,-3074.000000,0.000000,0.000000
0.000000,0.000000,0.000000,0.000000,-3079.000000,0.000000,0.000000
-200.000000,-200.000000,0.000000,0.000000,-3074.000000,0.000000,0.000000
-200.000000,0.000000,0.000000,0.000000,-3063.000000,0.000000,0.000000
300.000000,0.000000,0.000000,0.000000,-3060.000000,0.000000,0.000000
0.000000,0.000000,0.000000,0.000000,-3082.000000,0.000000,0.000000
-200.000000,0.000000,0.000000,0.000000,-3076.000000,0.000000,0.000000
0.000000,0.000000,0.000000,0.000000,-3069.000000,0.000000,0.000000
100.000000,0.000000,0.000000,0.000000,-3074.000000,0.000000,0.000000
-100.000000,0.000000,0.000000,0.000000,-3063.000000,0.000000,0.000000
-100.000000,0.000000,0.000000,0.000000,-3062.000000,0.000000,0.000000
100.000000,100.000000,0.000000,0.000000,-3069.000000,0.000000,0.000000
0.000000,100.000000,0.000000,0.000000,-3063.000000,0.000000,0.000000
0.000000,0.000000,0.000000,0.000000,-3057.000000,0.000000,0.000000
0.000000,0.000000,0.000000,0.000000,-3063.000000,0.000000,0.000000
0.000000,0.000000,0.000000,0.000000,-3084.000000,0.000000,0.000000
-200.000000,-400.000000,0.000000,0.000000,-3073.000000,0.000000,0.000000
300.000000,-200.000000,0.000000,0.000000,-3064.000000,0.000000,0.000000
0.000000,0.000000,0.000000,0.000000,-3063.000000,0.000000,0.000000
300.000000,-100.000000,0.000000,0.000000,-3090.000000,0.000000,0.000000
0.000000,100.000000,0.000000,0.000000,-3086.000000,0.000000,0.000000
-200.000000,0.000000,0.000000,0.000000,-3100.000000,0.000000,-196.000000
200.000000,0.000000,0.000000,0.000000,-3104.000000,0.000000,0.000000
0.000000,-100.000000,0.000000,0.000000,-3061.000000,0.000000,0.000000
300.000000,-100.000000,0.000000,0.000000,-3039.000000,0.000000,0.000000
-100.000000,0.000000,0.000000,0.000000,-3014.000000,0.000000,0.000000
0.000000,100.000000,0.000000,0.000000,-2981.000000,0.000000,0.000000
0.000000,0.000000,0.000000,0.000000,-2958.000000,0.000000,0.000000
0.000000,0.000000,0.000000,0.000000,-2922.000000,0.000000,0.000000
-100.000000,-100.000000,0.000000,0.000000,-2928.000000,0.000000,0.000000
0.000000,-100.000000,0.000000,0.000000,-2978.000000,0.000000,0.000000
-100.000000,0.000000,0.000000,0.000000,-3003.000000,0.000000,0.000000
-200.000000,0.000000,0.000000,0.000000,-3037.000000,0.000000,0.000000
0.000000,-100.000000,0.000000,0.000000,-3083.000000,0.000000,0.000000
-100.000000,0.000000,0.000000,0.000000,-3102.000000,0.000000,0.000000
0.000000,100.000000,0.000000,0.000000,-3127.000000,0.000000,0.000000
-200.000000,100.000000,0.000000,0.000000,-3078.000000,0.000000,0.000000
0.000000,0.000000,0.000000,0.000000,-3050.000000,0.000000,0.000000
-200.000000,-200.000000,0.000000,0.000000,-2996.000000,0.000000,-196.000000
0.000000,-100.000000,0.000000,0.000000,-2940.000000,0.000000,0.000000
0.000000,200.000000,0.000000,0.000000,-2944.000000,-196.000000,0.000000
200.000000,-100.000000,0.000000,0.000000,-2907.000000,0.000000,0.000000
0.000000,0.000000,0.000000,0.000000,-2867.000000,0.000000,0.000000
0.000000,100.000000,0.000000,0.000000,-2860.000000,0.000000,0.000000
-100.000000,100.000000,78.000000,78.000000,-2892.000000,0.000000,0.000000
-100.000000,100.000000,0.000000,0.000000,-2906.000000,196.000000,0.000000
0.000000,0.000000,0.000000,0.000000,-2899.000000,0.000000,0.000000
200.000000,-100.000000,0.000000,0.000000,-2919.000000,0.000000,0.000000
-200.000000,-100.000000,0.000000,0.000000,-2917.000000,0.000000,0.000000
-100.000000,100.000000,0.000000,0.000000,-2957.000000,0.000000,0.000000
100.000000,-100.000000,0.000000,0.000000,-2996.000000,0.000000,0.000000
-100.000000,-100.000000,0.000000,0.000000,-3033.000000,0.000000,0.000000
-200.000000,-100.000000,0.000000,0.000000,-3048.000000,0.000000,0.000000
100.000000,-100.000000,0.000000,0.000000,-3085.000000,0.000000,0.000000
-100.000000,-100.000000,0.000000,0.000000,-3109.000000,0.000000,196.000000
-200.000000,0.000000,0.000000,0.000000,-3090.000000,0.000000,0.000000
0.000000,-300.000000,0.000000,0.000000,-3068.000000,0.000000,0.000000
0.000000,-200.000000,156.000000,156.000000,-3049.000000,0.000000,196.000000
0.000000,0.000000,0.000000,0.000000,-3048.000000,0.000000,0.000000
-100.000000,-100.000000,0.000000,0.000000,-3020.000000,0.000000,0.000000
0.000000,0.000000,0.000000,0.000000,-2987.000000,0.000000,0.000000
0.000000,-100.000000,0.000000,0.000000,-2992.000000,0.000000,0.000000
0.000000,-200.000000,0.000000,0.000000,-3005.000000,0.000000,0.000000
0.000000,-200.000000,0.000000,0.000000,-3015.000000,0.000000,0.000000
-100.000000,-100.000000,0.000000,0.000000,-3018.000000,0.000000,0.000000
-100.000000,0.000000,0.000000,0.000000,-3023.000000,0.000000,0.000000
0.000000,-100.000000,0.000000,0.000000,-3031.000000,0.000000,0.000000
0.000000,0.000000,0.000000,0.000000,-3037.000000,0.000000,0.000000
100.000000,-100.000000,0.000000,0.000000,-3034.000000,0.000000,0.000000
0.000000,0.000000,0.000000,0.000000,-3031.000000,0.000000,0.000000
0.000000,-100.000000,0.000000,0.000000,-3033.000000,196.000000,0.000000
-600.000000,-300.000000,0.000000,0.000000,-3051.000000,392.000000,196.000000
0.000000,-200.000000,0.000000,0.000000,-3047.000000,392.000000,0.000000
200.000000,0.000000,0.000000,0.000000,-3070.000000,196.000000,196.000000
-300.000000,-100.000000,0.000000,0.000000,-3067.000000,196.000000,0.000000
0.000000,0.000000,0.000000,0.000000,-3090.000000,196.000000,392.000000
-200.000000,200.000000,0.000000,0.000000,-3090.000000,196.000000,196.000000
0.000000,-100.000000,0.000000,0.000000,-3052.000000,196.000000,392.000000
0.000000,0.000000,0.000000,0.000000,-3050.000000,196.000000,196.000000
100.000000,-100.000000,0.000000,0.000000,-3042.000000,196.000000,196.000000
0.000000,-100.000000,0.000000,0.000000,-3105.000000,196.000000,196.000000
0.000000,-100.000000,0.000000,0.000000,-3087.000000,196.000000,0.000000
-100.000000,-100.000000,0.000000,0.000000,-3096.000000,0.000000,0.000000
200.000000,-100.000000,0.000000,0.000000,-3083.000000,0.000000,0.000000
-100.000000,0.000000,0.000000,0.000000,-3095.000000,0.000000,0.000000
-100.000000,-100.000000,0.000000,0.000000,-3091.000000,0.000000,0.000000
0.000000,0.000000,0.000000,0.000000,-3093.000000,0.000000,0.000000
-100.000000,0.000000,0.000000,0.000000,-3039.000000,0.000000,0.000000
0.000000,300.000000,156.000000,156.000000,-3020.000000,0.000000,0.000000
0.000000,100.000000,0.000000,0.000000,-2992.000000,0.000000,0.000000
300.000000,0.000000,0.000000,0.000000,-3017.000000,0.000000,0.000000
0.000000,100.000000,0.000000,0.000000,-3044.000000,0.000000,0.000000
100.000000,-300.000000,0.000000,0.000000,-3060.000000,0.000000,0.000000
0.000000,0.000000,0.000000,0.000000,-3103.000000,0.000000,0.000000
0.000000,0.000000,0.000000,0.000000,-3135.000000,0.000000,0.000000
0.000000,0.000000,0.000000,0.000000,-3127.000000,0.000000,0.000000
0.000000,0.000000,0.000000,0.000000,-3118.000000,0.000000,0.000000
0.000000,0.000000,0.000000,0.000000,-3112.000000,0.000000,0.000000
100.000000,0.000000,0.000000,0.000000,-3114.000000,0.000000,0.000000
0.000000,-100.000000,0.000000,0.000000,-3147.000000,0.000000,0.000000
100.000000,0.000000,0.000000,0.000000,-3170.000000,0.000000,0.000000
-100.000000,0.000000,0.000000,0.000000,-3165.000000,0.000000,0.000000
0.000000,100.000000,0.000000,0.000000,-3139.000000,0.000000,0.000000
0.000000,100.000000,0.000000,0.000000,-3076.000000,0.000000,0.000000
100.000000,-200.000000,0.000000,0.000000,-3064.000000,0.000000,0.000000
200.000000,-100.000000,0.000000,0.000000,-3098.000000,0.000000,0.000000
0.000000,0.000000,0.000000,0.000000,-3104.000000,0.000000,0.000000
-200.000000,100.000000,78.000000,78.000000,-3104.000000,0.000000,0.000000
100.000000,0.000000,0.000000,0.000000,-3010.000000,0.000000,0.000000
-200.000000,0.000000,0.000000,0.000000,-3000.000000,0.000000,0.000000
0.000000,0.000000,0.000000,0.000000,-3069.000000,0.000000,0.000000
-200.000000,100.000000,0.000000,0.000000,-3100.000000,0.000000,0.000000
-200.000000,0.000000,0.000000,0.000000,-3077.000000,0.000000,0.000000
-300.000000,-200.000000,0.000000,0.000000,-3015.000000,0.000000,0.000000
0.000000,-100.000000,0.000000,0.000000,-3057.000000,0.000000,0.000000
0.000000,-100.000000,0.000000,0.000000,-3151.000000,0.000000,0.000000
-200.000000,-100.000000,0.000000,0.000000,-3118.000000,0.000000,0.000000
-300.000000,-100.000000,78.000000,78.000000,-3068.000000,0.000000,-196.000000
0.000000,0.000000,0.000000,0.000000,-3027.000000,0.000000,0.000000
0.000000,0.000000,0.000000,0.000000,-3053.000000,0.000000,0.000000
-100.000000,-100.000000,0.000000,0.000000,-3090.000000,0.000000,0.000000
100.000000,0.000000,0.000000,0.000000,-3110.000000,0.000000,0.000000
100.000000,0.000000,0.000000,0.000000,-3093.000000,0.000000,0.000000
-200.000000,0.000000,0.000000,0.000000,-3061.000000,0.000000,-196.000000
-300.000000,0.000000,0.000000,0.000000,-3056.000000,0.000000,0.000000
-200.000000,-100.000000,0.000000,0.000000,-3093.000000,0.000000,0.000000
-300.000000,-100.000000,0.000000,0.000000,-3105.000000,0.000000,0.000000
-100.000000,0.000000,0.000000,0.000000,-3092.000000,0.000000,-196.000000
0.000000,0.000000,0.000000,0.000000,-3039.000000,0.000000,0.000000
0.000000,0.000000,0.000000,0.000000,-3068.000000,0.000000,-196.000000
-500.000000,0.000000,0.000000,0.000000,-3103.000000,0.000000,0.000000
100.000000,-100.000000,0.000000,0.000000,-3135.000000,0.000000,0.000000
0.000000,0.000000,0.000000,0.000000,-3111.000000,0.000000,0.000000
0.000000,0.000000,0.000000,0.000000,-3081.000000,0.000000,0.000000
-100.000000,0.000000,0.000000,0.000000,-3103.000000,0.000000,0.000000
100.000000,0.000000,0.000000,0.000000,-3124.000000,0.000000,0.000000
-200.000000,-100.000000,0.000000,0.000000,-3103.000000,0.000000,0.000000
0.000000,0.000000,0.000000,0.000000,-3068.000000,0.000000,0.000000
-200.000000,-100.000000,0.000000,0.000000,-3059.000000,0.000000,0.000000
-100.000000,0.000000,20000.000000,20000.000000,-3010.000000,392.000000,785.000000
18900.000000,20000.000000,20000.000000,20000.000000,-2819.000000,4319.000000,3534.000000
18400.000000,17400.000000,20000.000000,20000.000000,-3111.000000,5301.000000,3730.000000
19300.000000,20000.000000,20000.000000,20000.000000,-3024.000000,2159.000000,785.000000
20900.000000,21300.000000,20000.000000,20000.000000,-3212.000000,-392.000000,-196.000000
19700.000000,20600.000000,20000.000000,20000.000000,-3460.000000,196.000000,981.000000
18400.000000,17800.000000,20000.000000,20000.000000,-3040.000000,1963.000000,2552.000000
17200.000000,17400.000000,20000.000000,20000.000000,-2550.000000,4319.000000,3534.000000
19000.000000,18100.000000,20000.000000,20000.000000,-2808.000000,5497.000000,3730.000000
20200.000000,19400.000000,20000.000000,20000.000000,-3389.000000,4123.000000,3337.000000
22500.000000,19400.000000,20000.000000,20000.000000,-3333.000000,1767.000000,2748.000000
17400.000000,19600.000000,20000.000000,20000.000000,-3049.000000,2159.000000,2748.000000
21400.000000,17700.000000,20000.000000,20000.000000,-2840.000000,4123.000000,3730.000000
21000.000000,18100.000000,20000.000000,20000.000000,-2729.000000,6086.000000,4319.000000
20200.000000,18400.000000,20000.000000,20000.000000,-2972.000000,6479.000000,4123.000000
19200.000000,21200.000000,20000.000000,20000.000000,-3011.000000,5301.000000,3926.000000
20000.000000,19100.000000,20000.000000,20000.000000,-2655.000000,3926.000000,4123.000000
19500.000000,18400.000000,20000.000000,20000.000000,-2423.000000,3926.000000,4712.000000
18000.000000,18200.000000,20000.000000,20000.000000,-2486.000000,5497.000000,5890.000000
18100.000000,18800.000000,20000.000000,20000.000000,-2324.000000,6479.000000,6086.000000
18300.000000,18900.000000,20000.000000,20000.000000,-2250.000000,6479.000000,5694.000000
18600.000000,18700.000000,20000.000000,20000.000000,-2371.000000,5497.000000,4712.000000
20200.000000,19100.000000,20000.000000,20000.000000,-2435.000000,4712.000000,4319.000000
21700.000000,19700.000000,20000.000000,20000.000000,-2331.000000,5105.000000,5105.000000
17700.000000,18700.000000,20000.000000,20000.000000,-2243.000000,5890.000000,5890.000000
18100.000000,18900.000000,20000.000000,20000.000000,-2334.000000,6479.000000,6283.000000
19700.000000,19000.000000,20000.000000,20000.000000,-2336.000000,5890.000000,5694.000000
18600.000000,19000.000000,20000.000000,20000.000000,-2236.000000,5301.000000,3730.000000
21900.000000,20400.000000,20000.000000,20000.000000,-2177.000000,5301.000000,3534.000000
22100.000000,18800.000000,20000.000000,20000.000000,-2080.000000,5497.000000,4908.000000
18100.000000,18500.000000,20000.000000,20000.000000,-2097.000000,5890.000000,5301.000000
21500.000000,18700.000000,20000.000000,20000.000000,-2020.000000,5497.000000,5694.000000
21600.000000,19400.000000,20000.000000,20000.000000,-2019.000000,5105.000000,5694.000000
18100.000000,18900.000000,20000.000000,20000.000000,-2018.000000,4908.000000,4712.000000
22400.000000,20200.000000,20000.000000,20000.000000,-2036.000000,5105.000000,3926.000000
20800.000000,18400.000000,20000.000000,20000.000000,-1940.000000,5301.000000,3926.000000
18300.000000,19300.000000,20000.000000,20000.000000,-1944.000000,5105.000000,4319.000000
21000.000000,20800.000000,20000.000000,20000.000000,-1959.000000,4712.000000,4712.000000
19100.000000,20600.000000,20000.000000,20000.000000,-1906.000000,3926.000000,3926.000000
18200.000000,20600.000000,20000.000000,20000.000000,-1860.000000,3926.000000,3730.000000
17800.000000,22200.000000,20000.000000,20000.000000,-1905.000000,4123.000000,3926.000000
18100.000000,19700.000000,20000.000000,20000.000000,-1942.000000,4712.000000,3534.000000
18300.000000,18600.000000,20000.000000,20000.000000,-1992.000000,4516.000000,3534.000000
22300.000000,18900.000000,20000.000000,20000.000000,-2062.000000,3926.000000,3534.000000
20700.000000,18700.000000,20000.000000,20000.000000,-2185.000000,3534.000000,3534.000000
17900.000000,18100.000000,20000.000000,20000.000000,-2181.000000,3337.000000,3534.000000
17700.000000,22200.000000,20000.000000,20000.000000,-2097.000000,3337.000000,3337.000000
22600.000000,18800.000000,20000.000000,20000.000000,-2159.000000,3730.000000,3141.000000
17800.000000,18500.000000,20000.000000,20000.000000,-2389.000000,3926.000000,3141.000000
20000.000000,18300.000000,20000.000000,20000.000000,-2349.000000,3534.000000,3534.000000
21500.000000,18800.000000,20000.000000,20000.000000,-2481.000000,3337.000000,3730.000000
18000.000000,21600.000000,20000.000000,20000.000000,-2471.000000,3337.000000,4908.000000
17900.000000,18500.000000,20000.000000,20000.000000,-2456.000000,3730.000000,3337.000000
22700.000000,18700.000000,20000.000000,20000.000000,-2504.000000,3730.000000,2945.000000
17800.000000,18700.000000,20000.000000,20000.000000,-2548.000000,3730.000000,3337.000000
22400.000000,18900.000000,20000.000000,20000.000000,-2579.000000,3337.000000,3534.000000
21400.000000,21600.000000,20000.000000,20000.000000,-2489.000000,3534.000000,3926.000000
21700.000000,18200.000000,20000.000000,20000.000000,-2414.000000,3534.000000,4123.000000
22000.000000,18200.000000,20000.000000,20000.000000,-2541.000000,4123.000000,3926.000000
19900.000000,18300.000000,20000.000000,20000.000000,-2686.000000,4319.000000,3730.000000
18800.000000,20900.000000,20000.000000,20000.000000,-2781.000000,4516.000000,4319.000000
21400.000000,20200.000000,20000.000000,20000.000000,-2754.000000,4319.000000,4712.000000
18700.000000,18500.000000,20000.000000,20000.000000,-2821.000000,4712.000000,4908.000000
19400.000000,19600.000000,20000.000000,20000.000000,-2874.000000,4908.000000,4712.000000
21400.000000,18600.000000,20000.000000,20000.000000,-2842.000000,5301.000000,4712.000000
17600.000000,21600.000000,20000.000000,20000.000000,-2877.000000,5301.000000,5105.000000
20400.000000,18600.000000,20000.000000,20000.000000,-2912.000000,5694.000000,5301.000000
20000.000000,18100.000000,20000.000000,20000.000000,-2825.000000,6086.000000,6872.000000
18200.000000,20000.000000,20000.000000,20000.000000,-2797.000000,6675.000000,7264.000000
20900.000000,19000.000000,20000.000000,20000.000000,-2766.000000,6675.000000,6479.000000
21900.000000,18700.000000,20000.000000,20000.000000,-2892.000000,6675.000000,6283.000000
20300.000000,21700.000000,20000.000000,20000.000000,-2956.000000,6872.000000,6872.000000
18900.000000,18500.000000,20000.000000,20000.000000,-2979.000000,7461.000000,7853.000000
20400.000000,18400.000000,20000.000000,20000.000000,-2991.000000,8443.000000,9032.000000
20600.000000,21000.000000,20000.000000,20000.000000,-3072.000000,8835.000000,7853.000000
20600.000000,19200.000000,20000.000000,20000.000000,-3144.000000,8639.000000,7461.000000
20400.000000,19000.000000,20000.000000,20000.000000,-3275.000000,8639.000000,8050.000000
18300.000000,20800.000000,20000.000000,20000.000000,-3169.000000,9032.000000,9228.000000
18800.000000,19100.000000,20000.000000,20000.000000,-3087.000000,9817.000000,9621.000000
19100.000000,19600.000000,0.000000,0.000000,-2952.000000,9621.000000,8835.000000
0.000000,-100.000000,0.000000,0.000000,-2980.000000,7264.000000,5694.000000
100.000000,0.000000,0.000000,0.000000,-3104.000000,6675.000000,5301.000000
0.000000,-400.000000,0.000000,0.000000,-2807.000000,6086.000000,6086.000000
0.000000,0.000000,0.000000,0.000000,-2698.000000,6675.000000,8639.000000
0.000000,0.000000,0.000000,0.000000,-2301.000000,8443.000000,11191.000000
0.000000,0.000000,0.000000,0.000000,-2432.000000,11191.000000,10406.000000
0.000000,0.000000,0.000000,0.000000,-2349.000000,12370.000000,10602.000000
-100.000000,900.000000,156.000000,156.000000,-2224.000000,11780.000000,9621.000000
-300.000000,-100.000000,0.000000,0.000000,-2201.000000,11977.000000,7657.000000
-300.000000,-100.000000,0.000000,0.000000,-2132.000000,11191.000000,6872.000000
-200.000000,0.000000,0.000000,0.000000,-2427.000000,10013.000000,6872.000000
-300.000000,0.000000,0.000000,0.000000,-2329.000000,7657.000000,6086.000000
-500.000000,-100.000000,0.000000,0.000000,-1984.000000,7264.000000,6283.000000
-400.000000,-200.000000,0.000000,0.000000,-2002.000000,6283.000000,7657.000000
-500.000000,0.000000,0.000000,0.000000,-2104.000000,6675.000000,9032.000000
-100.000000,0.000000,0.000000,0.000000,-2104.000000,6283.000000,9228.000000
-300.000000,-300.000000,0.000000,0.000000,-2261.000000,7068.000000,9424.000000
-500.000000,-100.000000,0.000000,0.000000,-2177.000000,8835.000000,9424.000000
0.000000,-200.000000,0.000000,0.000000,-2190.000000,9621.000000,11780.000000
-400.000000,0.000000,0.000000,0.000000,-2392.000000,9817.000000,7853.000000
-500.000000,-200.000000,0.000000,0.000000,-2518.000000,9424.000000,6675.000000
-300.000000,100.000000,0.000000,0.000000,-2434.000000,9032.000000,5694.000000
-300.000000,-200.000000,0.000000,0.000000,-2413.000000,9032.000000,5694.000000
-500.000000,-100.000000,0.000000,0.000000,-2261.000000,8246.000000,5301.000000
-400.000000,0.000000,0.000000,0.000000,-2411.000000,7461.000000,5105.000000
-200.000000,0.000000,0.000000,0.000000,-2402.000000,6872.000000,5105.000000
-300.000000,0.000000,0.000000,0.000000,-2392.000000,6283.000000,5890.000000
-100.000000,200.000000,0.000000,0.000000,-2312.000000,6479.000000,6479.000000
-100.000000,-600.000000,0.000000,0.000000,-2014.000000,5890.000000,7853.000000
-500.000000,-200.000000,0.000000,0.000000,-2104.000000,5694.000000,8246.000000
-500.000000,0.000000,0.000000,0.000000,-2281.000000,5694.000000,7853.000000
-500.000000,-300.000000,0.000000,0.000000,-2026.000000,5890.000000,7461.000000
-500.000000,-700.000000,78.000000,78.000000,-2194.000000,6479.000000,6872.000000
400.000000,0.000000,0.000000,0.000000,-2205.000000,7853.000000,6872.000000
0.000000,-300.000000,0.000000,0.000000,-2302.000000,8639.000000,5890.000000
200.000000,0.000000,0.000000,0.000000,-2291.000000,8639.000000,6086.000000
0.000000,-200.000000,0.000000,0.000000,-2156.000000,8639.000000,5890.000000
100.000000,-100.000000,0.000000,0.000000,-2317.000000,8246.000000,5694.000000
0.000000,-200.000000,0.000000,0.000000,-2343.000000,8246.000000,5694.000000
-100.000000,-500.000000,0.000000,0.000000,-2228.000000,7853.000000,6086.000000
-100.000000,0.000000,0.000000,0.000000,-2142.000000,7461.000000,7461.000000
-100.000000,-400.000000,0.000000,0.000000,-2280.000000,7853.000000,7853.000000
100.000000,-200.000000,0.000000,0.000000,-2293.000000,7264.000000,7264.000000
-100.000000,-300.000000,0.000000,0.000000,-2219.000000,7264.000000,7461.000000
0.000000,-100.000000,0.000000,0.000000,-2236.000000,7264.000000,7461.000000
-100.000000,-200.000000,0.000000,0.000000,-2385.000000,8050.000000,7264.000000
-100.000000,-400.000000,0.000000,0.000000,-2475.000000,8835.000000,7264.000000
-200.000000,100.000000,0.000000,0.000000,-2447.000000,9228.000000,6872.000000
-100.000000,-300.000000,0.000000,0.000000,-2345.000000,9032.000000,6479.000000
-200.000000,-100.000000,0.000000,0.000000,-2355.000000,9032.000000,5890.000000
100.000000,-300.000000,0.000000,0.000000,-2330.000000,8835.000000,6479.000000
300.000000,-100.000000,0.000000,0.000000,-2216.000000,8639.000000,8246.000000
-100.000000,-300.000000,0.000000,0.000000,-2127.000000,8639.000000,8246.000000
-200.000000,-200.000000,0.000000,0.000000,-2123.000000,8835.000000,8050.000000
0.000000,-200.000000,0.000000,0.000000,-2082.000000,9228.000000,7657.000000
0.000000,-100.000000,0.000000,0.000000,-2059.000000,9621.000000,7657.000000
100.000000,0.000000,0.000000,0.000000,-1871.000000,9817.000000,7657.000000
-100.000000,-200.000000,0.000000,0.000000,-1919.000000,9621.000000,7657.000000
-200.000000,-200.000000,0.000000,0.000000,-1856.000000,9424.000000,8050.000000
0.000000,-200.000000,0.000000,0.000000,-1841.000000,9424.000000,8835.000000
0.000000,-100.000000,0.000000,0.000000,-1817.000000,9228.000000,9228.000000
0.000000,-100.000000,0.000000,0.000000,-1879.000000,9228.000000,10210.000000
300.000000,-100.000000,0.000000,0.000000,-1833.000000,9032.000000,8639.000000
0.000000,0.000000,0.000000,0.000000,-1840.000000,9424.000000,8443.000000
-100.000000,-100.000000,0.000000,0.000000,-1932.000000,9817.000000,8050.000000
-100.000000,-100.000000,0.000000,0.000000,-1949.000000,9817.000000,8050.000000
100.000000,-300.000000,0.000000,0.000000,-1915.000000,9817.000000,8246.000000
300.000000,-100.000000,0.000000,0.000000,-1934.000000,9228.000000,8246.000000
0.000000,-300.000000,0.000000,0.000000,-1908.000000,9424.000000,7853.000000
200.000000,-100.000000,0.000000,0.000000,-1960.000000,9621.000000,7068.000000
-200.000000,-200.000000,0.000000,0.000000,-2068.000000,9032.000000,8050.000000
-200.000000,0.000000,0.000000,0.000000,-1889.000000,9032.000000,8050.000000
-100.000000,-300.000000,0.000000,0.000000,-1932.000000,8835.000000,7657.000000
-200.000000,-200.000000,0.000000,0.000000,-1979.000000,8639.000000,7461.000000
0.000000,0.000000,0.000000,0.000000,-1921.000000,9032.000000,7264.000000
-200.000000,-400.000000,0.000000,0.000000,-1902.000000,9228.000000,6872.000000
200.000000,-100.000000,0.000000,0.000000,-1704.000000,9424.000000,6872.000000
100.000000,-100.000000,0.000000,0.000000,-1879.000000,9424.000000,7264.000000
0.000000,-100.000000,0.000000,0.000000,-1709.000000,8639.000000,7264.000000
0.000000,-100.000000,0.000000,0.000000,-1588.000000,8835.000000,6872.000000
-200.000000,-400.000000,0.000000,0.000000,-1695.000000,8443.000000,6675.000000
-100.000000,-300.000000,0.000000,0.000000,-1543.000000,8246.000000,6675.000000
-100.000000,-100.000000,0.000000,0.000000,-1435.000000,8050.000000,6675.000000
-300.000000,-100.000000,0.000000,0.000000,-1465.000000,7853.000000,5694.000000
0.000000,-200.000000,0.000000,0.000000,-1434.000000,7657.000000,5301.000000
0.000000,0.000000,0.000000,0.000000,-1326.000000,7264.000000,5694.000000
0.000000,-100.000000,0.000000,0.000000,-1303.000000,7264.000000,5694.000000
0.000000,0.000000,0.000000,0.000000,-1248.000000,7068.000000,5694.000000
-100.000000,-100.000000,0.000000,0.000000,-1255.000000,7264.000000,5694.000000
200.000000,-100.000000,0.000000,0.000000,-1182.000000,7461.000000,5694.000000
0.000000,-100.000000,0.000000,0.000000,-1120.000000,7264.000000,5497.000000
-100.000000,0.000000,0.000000,0.000000,-1119.000000,7264.000000,5105.000000
100.000000,-400.000000,0.000000,0.000000,-1122.000000,7068.000000,4516.000000
-100.000000,-100.000000,0.000000,0.000000,-1218.000000,6872.000000,4123.000000
100.000000,0.000000,0.000000,0.000000,-1219.000000,6872.000000,4712.000000
-300.000000,-100.000000,0.000000,0.000000,-1166.000000,6675.000000,4712.000000
400.000000,-100.000000,78.000000,78.000000,-1193.000000,6479.000000,4516.000000
600.000000,300.000000,0.000000,0.000000,-1210.000000,6283.000000,4516.000000
100.000000,0.000000,0.000000,0.000000,-1192.000000,6086.000000,4516.000000
200.000000,100.000000,0.000000,0.000000,-1174.000000,6086.000000,4516.000000
0.000000,400.000000,0.000000,0.000000,-1155.000000,6086.000000,4516.000000
0.000000,0.000000,0.000000,0.000000,-1129.000000,6283.000000,4319.000000
-100.000000,0.000000,0.000000,0.000000,-1111.000000,6479.000000,4516.000000
200.000000,-100.000000,0.000000,0.000000,-1112.000000,6675.000000,4319.000000
300.000000,0.000000,0.000000,0.000000,-1062.000000,6675.000000,4319.000000
0.000000,0.000000,0.000000,0.000000,-1141.000000,6479.000000,4123.000000
0.000000,200.000000,0.000000,0.000000,-1087.000000,6479.000000,3926.000000
0.000000,0.000000,0.000000,0.000000,-1097.000000,6283.000000,4123.000000
-100.000000,0.000000,156.000000,156.000000,-1074.000000,6283.000000,4319.000000
200.000000,-600.000000,0.000000,0.000000,-1006.000000,6283.000000,4712.000000
-200.000000,0.000000,0.000000,0.000000,-1072.000000,6479.000000,4712.000000
-200.000000,100.000000,0.000000,0.000000,-1044.000000,6479.000000,4516.000000
200.000000,0.000000,0.000000,0.000000,-1006.000000,6872.000000,4712.000000
-100.000000,0.000000,0.000000,0.000000,-1116.000000,6872.000000,4712.000000
0.000000,100.000000,0.000000,0.000000,-1159.000000,7068.000000,5694.000000
0.000000,-100.000000,0.000000,0.000000,-1095.000000,6872.000000,4516.000000
100.000000,0.000000,0.000000,0.000000,-1094.000000,6872.000000,4908.000000
0.000000,0.000000,0.000000,0.000000,-1129.000000,6675.000000,4908.000000
0.000000,0.000000,0.000000,0.000000,-1275.000000,6479.000000,4712.000000
0.000000,0.000000,0.000000,0.000000,-1329.000000,6675.000000,4908.000000
300.000000,100.000000,0.000000,0.000000,-1391.000000,6872.000000,4712.000000
100.000000,-100.000000,0.000000,0.000000,-1409.000000,7068.000000,4908.000000
0.000000,-200.000000,0.000000,0.000000,-1548.000000,7264.000000,5105.000000
0.000000,-200.000000,78.000000,78.000000,-1693.000000,7068.000000,5301.000000
500.000000,0.000000,0.000000,0.000000,-1621.000000,7264.000000,5301.000000
100.000000,0.000000,0.000000,0.000000,-1582.000000,7264.000000,5105.000000
0.000000,-200.000000,0.000000,0.000000,-1529.000000,7264.000000,4712.000000
300.000000,-200.000000,0.000000,0.000000,-1575.000000,7068.000000,4516.000000
300.000000,0.000000,0.000000,0.000000,-1532.000000,7264.000000,4712.000000
0.000000,-200.000000,0.000000,0.000000,-1476.000000,7264.000000,5497.000000
-200.000000,-200.000000,0.000000,0.000000,-1438.000000,7461.000000,6479.000000
0.000000,-100.000000,0.000000,0.000000,-1346.000000,7264.000000,5890.000000
200.000000,-400.000000,0.000000,0.000000,-1321.000000,7461.000000,5694.000000
-100.000000,-200.000000,0.000000,0.000000,-1342.000000,7068.000000,5497.000000
0.000000,-100.000000,0.000000,0.000000,-1263.000000,7068.000000,5301.000000
100.000000,-300.000000,0.000000,0.000000,-1254.000000,7264.000000,5301.000000
0.000000,0.000000,0.000000,0.000000,-1258.000000,7264.000000,4908.000000
0.000000,-900.000000,156.000000,156.000000,-1231.000000,7264.000000,5694.000000
-500.000000,-200.000000,0.000000,0.000000,-1287.000000,7264.000000,5890.000000
200.000000,-200.000000,0.000000,0.000000,-1341.000000,7264.000000,5694.000000
0.000000,-100.000000,0.000000,0.000000,-1360.000000,7461.000000,5694.000000
0.000000,100.000000,0.000000,0.000000,-1370.000000,7264.000000,5694.000000
-100.000000,0.000000,0.000000,0.000000,-1355.000000,7068.000000,5694.000000
-100.000000,-200.000000,0.000000,0.000000,-1458.000000,7068.000000,5497.000000
0.000000,-100.000000,0.000000,0.000000,-1485.000000,6872.000000,5694.000000
0.000000,0.000000,0.000000,0.000000,-1524.000000,6872.000000,5301.000000
200.000000,-100.000000,0.000000,0.000000,-1495.000000,6872.000000,4516.000000
-100.000000,100.000000,0.000000,0.000000,-1540.000000,6675.000000,5105.000000
200.000000,0.000000,0.000000,0.000000,-1547.000000,6872.000000,5105.000000
0.000000,-200.000000,0.000000,0.000000,-1522.000000,7068.000000,5105.000000
0.000000,-400.000000,0.000000,0.000000,-1461.000000,6872.000000,4908.000000
0.000000,0.000000,0.000000,0.000000,-1511.000000,6872.000000,5105.000000
0.000000,-200.000000,0.000000,0.000000,-1544.000000,6675.000000,4712.000000
300.000000,-300.000000,0.000000,0.000000,-1532.000000,6675.000000,4712.000000
200.000000,0.000000,0.000000,0.000000,-1575.000000,6283.000000,4712.000000
0.000000,-200.000000,0.000000,0.000000,-1602.000000,6283.000000,4123.000000
100.000000,-100.000000,0.000000,0.000000,-1644.000000,6283.000000,3730.000000
400.000000,-200.000000,0.000000,0.000000,-1588.000000,5890.000000,3730.000000
0.000000,0.000000,0.000000,0.000000,-1621.000000,6086.000000,3926.000000
-100.000000,-200.000000,0.000000,0.000000,-1657.000000,5890.000000,4123.000000
0.000000,-200.000000,0.000000,0.000000,-1555.000000,5890.000000,4123.000000
200.000000,-200.000000,0.000000,0.000000,-1545.000000,5890.000000,3730.000000
0.000000,0.000000,0.000000,0.000000,-1595.000000,5890.000000,3926.000000
0.000000,-100.000000,0.000000,0.000000,-1587.000000,5890.000000,3730.000000
200.000000,-300.000000,0.000000,0.000000,-1673.000000,5890.000000,3534.000000
0.000000,0.000000,0.000000,0.000000,-1638.000000,5694.000000,3730.000000
0.000000,-400.000000,0.000000,0.000000,-1596.000000,5694.000000,3730.000000
-100.000000,-100.000000,0.000000,0.000000,-1628.000000,5694.000000,3534.000000
-100.000000,0.000000,0.000000,0.000000,-1625.000000,5497.000000,3534.000000
0.000000,0.000000,0.000000,0.000000,-1654.000000,5497.000000,3534.000000
0.000000,-500.000000,0.000000,0.000000,-1614.000000,5301.000000,3337.000000
0.000000,-100.000000,0.000000,0.000000,-1605.000000,5497.000000,3337.000000
0.000000,-200.000000,0.000000,0.000000,-1610.000000,5301.000000,3337.000000
-100.000000,-100.000000,0.000000,0.000000,-1578.000000,5301.000000,3534.000000
100.000000,-200.000000,0.000000,0.000000,-1650.000000,5301.000000,3534.000000
0.000000,-900.000000,0.000000,0.000000,-1707.000000,5497.000000,3534.000000
0.000000,-200.000000,0.000000,0.000000,-1670.000000,5301.000000,3534.000000
0.000000,-200.000000,0.000000,0.000000,-1693.000000,5105.000000,3534.000000
0.000000,-100.000000,0.000000,0.000000,-1754.000000,5301.000000,3534.000000
100.000000,-300.000000,0.000000,0.000000,-1781.000000,5105.000000,3337.000000
-100.000000,0.000000,0.000000,0.000000,-1726.000000,5105.000000,3534.000000
0.000000,0.000000,0.000000,0.000000,-1738.000000,5105.000000,3337.000000
0.000000,-100.000000,0.000000,0.000000,-1786.000000,5105.000000,3730.000000
0.000000,-100.000000,0.000000,0.000000,-1831.000000,5105.000000,3926.000000
-100.000000,-300.000000,0.000000,0.000000,-1858.000000,5301.000000,4319.000000
200.000000,0.000000,0.000000,0.000000,-1908.000000,5301.000000,4319.000000
-100.000000,-300.000000,0.000000,0.000000,-1947.000000,5105.000000,3534.000000
-200.000000,-100.000000,0.000000,0.000000,-1940.000000,5105.000000,3534.000000
0.000000,-400.000000,0.000000,0.000000,-1919.000000,5105.000000,3141.000000
300.000000,0.000000,0.000000,0.000000,-1965.000000,4908.000000,3141.000000
-100.000000,-100.000000,0.000000,0.000000,-1938.000000,4908.000000,2945.000000
0.000000,-200.000000,156.000000,156.000000,-1931.000000,5105.000000,3141.000000
0.000000,100.000000,0.000000,0.000000,-1949.000000,5105.000000,3337.000000
100.000000,0.000000,0.000000,0.000000,-1949.000000,5301.000000,3534.000000
0.000000,-100.000000,0.000000,0.000000,-1970.000000,5105.000000,3730.000000
0.000000,100.000000,0.000000,0.000000,-1957.000000,4908.000000,3730.000000
100.000000,0.000000,0.000000,0.000000,-1986.000000,5105.000000,3337.000000
0.000000,-100.000000,0.000000,0.000000,-2004.000000,4908.000000,3337.000000
100.000000,0.000000,0.000000,0.000000,-2007.000000,4908.000000,3141.000000
0.000000,-100.000000,0.000000,0.000000,-1999.000000,5105.000000,3141.000000
0.000000,-100.000000,0.000000,0.000000,-2023.000000,5105.000000,2748.000000
0.000000,-100.000000,0.000000,0.000000,-2019.000000,5301.000000,2748.000000
0.000000,100.000000,0.000000,0.000000,-2043.000000,5301.000000,2748.000000
-100.000000,100.000000,0.000000,0.000000,-2069.000000,5301.000000,2945.000000
0.000000,0.000000,0.000000,0.000000,-2070.000000,5301.000000,3337.000000
200.000000,0.000000,0.000000,0.000000,-2062.000000,5301.000000,3730.000000
0.000000,0.000000,0.000000,0.000000,-2043.000000,5301.000000,3926.000000
0.000000,0.000000,0.000000,0.000000,-2029.000000,5301.000000,3730.000000
0.000000,0.000000,0.000000,0.000000,-2065.000000,5105.000000,3337.000000
100.000000,0.000000,0.000000,0.000000,-2068.000000,5105.000000,3141.000000
0.000000,-200.000000,0.000000,0.000000,-2049.000000,5105.000000,3141.000000
200.000000,0.000000,0.000000,0.000000,-2074.000000,5301.000000,2748.000000
-100.000000,0.000000,0.000000,0.000000,-1996.000000,5301.000000,2748.000000
100.000000,100.000000,0.000000,0.000000,-2049.000000,5301.000000,2748.000000
100.000000,100.000000,0.000000,0.000000,-2050.000000,5105.000000,2945.000000
-100.000000,0.000000,78.000000,78.000000,-2066.000000,5105.000000,3337.000000
0.000000,0.000000,0.000000,0.000000,-2052.000000,4908.000000,3337.000000
-100.000000,0.000000,0.000000,0.000000,-2100.000000,4908.000000,2748.000000
0.000000,0.000000,0.000000,0.000000,-2130.000000,4712.000000,2945.000000
400.000000,0.000000,0.000000,0.000000,-2102.000000,4712.000000,3141.000000
-100.000000,0.000000,0.000000,0.000000,-2051.000000,4712.000000,2945.000000
200.000000,0.000000,0.000000,0.000000,-2069.000000,4516.000000,2945.000000
0.000000,-100.000000,0.000000,0.000000,-2037.000000,4712.000000,2552.000000
0.000000,0.000000,0.000000,0.000000,-1990.000000,4516.000000,2552.000000
200.000000,0.000000,0.000000,0.000000,-1996.000000,4712.000000,2356.000000
0.000000,0.000000,0.000000,0.000000,-2036.000000,4516.000000,2552.000000
-100.000000,-100.000000,0.000000,0.000000,-2043.000000,4516.000000,2356.000000
-200.000000,-100.000000,0.000000,0.000000,-2075.000000,4516.000000,2945.000000
0.000000,0.000000,0.000000,0.000000,-2088.000000,4319.000000,2945.000000
-200.000000,0.000000,0.000000,0.000000,-2066.000000,4319.000000,2748.000000
0.000000,100.000000,0.000000,0.000000,-2118.000000,4123.000000,2945.000000
100.000000,0.000000,0.000000,0.000000,-2149.000000,4123.000000,2552.000000
0.000000,-100.000000,0.000000,0.000000,-2142.000000,3926.000000,2552.000000
0.000000,-100.000000,0.000000,0.000000,-2189.000000,3730.000000,2356.000000
200.000000,-100.000000,0.000000,0.000000,-2206.000000,3730.000000,2356.000000
300.000000,0.000000,156.000000,156.000000,-2149.000000,3534.000000,2159.000000
-100.000000,0.000000,0.000000,0.000000,-2122.000000,3534.000000,1767.000000
0.000000,0.000000,0.000000,0.000000,-2153.000000,3730.000000,1963.000000
0.000000,-100.000000,0.000000,0.000000,-2143.000000,3534.000000,1767.000000
0.000000,-100.000000,0.000000,0.000000,-2138.000000,3534.000000,1963.000000
0.000000,-100.000000,0.000000,0.000000,-2156.000000,3730.000000,1963.000000
0.000000,-100.000000,0.000000,0.000000,-2091.000000,3534.000000,2159.000000
300.000000,-100.000000,0.000000,0.000000,-2094.000000,3534.000000,2159.000000
0.000000,0.000000,0.000000,0.000000,-2142.000000,3534.000000,2159.000000
-100.000000,0.000000,0.000000,0.000000,-2174.000000,3730.000000,2159.000000
-100.000000,-100.000000,0.000000,0.000000,-2176.000000,3534.000000,1767.000000
100.000000,0.000000,0.000000,0.000000,-2089.000000,3534.000000,1767.000000
0.000000,0.000000,0.000000,0.000000,-2108.000000,3534.000000,1767.000000
0.000000,-100.000000,0.000000,0.000000,-2139.000000,3337.000000,1570.000000
300.000000,200.000000,0.000000,0.000000,-2125.000000,3337.000000,1374.000000
100.000000,0.000000,0.000000,0.000000,-2147.000000,3337.000000,1570.000000
0.000000,0.000000,0.000000,0.000000,-2127.000000,3337.000000,1570.000000
0.000000,0.000000,0.000000,0.000000,-2159.000000,3534.000000,1570.000000
100.000000,0.000000,0.000000,0.000000,-2145.000000,3730.000000,1570.000000
300.000000,-200.000000,0.000000,0.000000,-2166.000000,3534.000000,1570.000000
300.000000,-100.000000,156.000000,156.000000,-2181.000000,3534.000000,1570.000000
0.000000,0.000000,0.000000,0.000000,-2164.000000,3534.000000,1374.000000
-100.000000,0.000000,0.000000,0.000000,-2235.000000,3337.000000,1374.000000
200.000000,0.000000,0.000000,0.000000,-2296.000000,3141.000000,1374.000000
0.000000,0.000000,0.000000,0.000000,-2300.000000,3141.000000,1178.000000
200.000000,-100.000000,0.000000,0.000000,-2338.000000,2945.000000,981.000000
0.000000,100.000000,0.000000,0.000000,-2359.000000,2748.000000,1178.000000
-200.000000,-100.000000,0.000000,0.000000,-2366.000000,2945.000000,1178.000000
-100.000000,-400.000000,0.000000,0.000000,-2401.000000,2748.000000,1178.000000
0.000000,0.000000,0.000000,0.000000,-2430.000000,2748.000000,1178.000000
-100.000000,-100.000000,0.000000,0.000000,-2408.000000,2748.000000,1178.000000
0.000000,0.000000,0.000000,0.000000,-2417.000000,2748.000000,1178.000000
0.000000,0.000000,0.000000,0.000000,-2440.000000,2748.000000,981.000000
0.000000,0.000000,0.000000,0.000000,-2420.000000,2552.000000,981.000000
200.000000,-100.000000,0.000000,0.000000,-2424.000000,2356.000000,785.000000
100.000000,0.000000,0.000000,0.000000,-2425.000000,2356.000000,981.000000
-100.000000,0.000000,0.000000,0.000000,-2452.000000,2159.000000,785.000000
100.000000,-100.000000,0.000000,0.000000,-2433.000000,1963.000000,785.000000
100.000000,0.000000,0.000000,0.000000,-2459.000000,1963.000000,785.000000
300.000000,0.000000,0.000000,0.000000,-2468.000000,1570.000000,589.000000
0.000000,0.000000,0.000000,0.000000,-2467.000000,1570.000000,589.000000
0.000000,0.000000,0.000000,0.000000,-2463.000000,1570.000000,589.000000
0.000000,-100.000000,0.000000,0.000000,-2482.000000,1178.000000,589.000000
200.000000,-200.000000,0.000000,0.000000,-2474.000000,1178.000000,392.000000
300.000000,0.000000,0.000000,0.000000,-2478.000000,981.000000,392.000000
100.000000,0.000000,0.000000,0.000000,-2493.000000,785.000000,196.000000
-100.000000,-200.000000,0.000000,0.000000,-2508.000000,589.000000,196.000000
0.000000,-100.000000,0.000000,0.000000,-2513.000000,589.000000,196.000000
0.000000,0.000000,0.000000,0.000000,-2510.000000,589.000000,0.000000
100.000000,-200.000000,0.000000,0.000000,-2526.000000,392.000000,0.000000
0.000000,0.000000,0.000000,0.000000,-2549.000000,196.000000,0.000000
0.000000,0.000000,0.000000,0.000000,-2578.000000,0.000000,0.000000
-100.000000,0.000000,0.000000,0.000000,-2626.000000,0.000000,0.000000
0.000000,0.000000,0.000000,0.000000,-2643.000000,0.000000,0.000000
-200.000000,0.000000,0.000000,0.000000,-2637.000000,0.000000,196.000000
-100.000000,0.000000,0.000000,0.000000,-2609.000000,0.000000,0.000000
0.000000,0.000000,0.000000,0.000000,-2618.000000,0.000000,0.000000
0.000000,0.000000,0.000000,0.000000,-2638.000000,0.000000,0.000000
100.000000,0.000000,0.000000,0.000000,-2639.000000,0.000000,0.000000
300.000000,0.000000,0.000000,0.000000,-2643.000000,0.000000,0.000000
0.000000,100.000000,0.000000,0.000000,-2664.000000,0.000000,0.000000
100.000000,-100.000000,0.000000,0.000000,-2675.000000,0.000000,0.000000
-200.000000,200.000000,0.000000,0.000000,-2681.000000,0.000000,0.000000
0.000000,-200.000000,0.000000,0.000000,-2688.000000,0.000000,-196.000000
-100.000000,0.000000,0.000000,0.000000,-2671.000000,-196.000000,0.000000
300.000000,100.000000,0.000000,0.000000,-2654.000000,0.000000,0.000000
100.000000,-100.000000,0.000000,0.000000,-2653.000000,-196.000000,0.000000
0.000000,200.000000,0.000000,0.000000,-2654.000000,0.000000,196.000000
0.000000,0.000000,0.000000,0.000000,-2640.000000,-196.000000,0.000000
0.000000,100.000000,0.000000,0.000000,-2655.000000,0.000000,0.000000
100.000000,100.000000,0.000000,0.000000,-2683.000000,-196.000000,-196.000000
-200.000000,200.000000,0.000000,0.000000,-2694.000000,-589.000000,0.000000
200.000000,0.000000,0.000000,0.000000,-2728.000000,-589.000000,-196.000000
-100.000000,100.000000,0.000000,0.000000,-2733.000000,-589.000000,-196.000000
-100.000000,0.000000,0.000000,0.000000,-2732.000000,-589.000000,0.000000
0.000000,200.000000,0.000000,0.000000,-2725.000000,-392.000000,0.000000
0.000000,-200.000000,0.000000,0.000000,-2757.000000,-392.000000,0.000000
100.000000,0.000000,0.000000,0.000000,-2717.000000,-392.000000,196.000000
100.000000,100.000000,0.000000,0.000000,-2746.000000,-196.000000,0.000000
-100.000000,100.000000,0.000000,0.000000,-2716.000000,-196.000000,0.000000
0.000000,-100.000000,0.000000,0.000000,-2706.000000,-196.000000,196.000000
0.000000,0.000000,0.000000,0.000000,-2734.000000,-196.000000,0.000000
0.000000,100.000000,0.000000,0.000000,-2747.000000,-196.000000,0.000000
0.000000,-100.000000,0.000000,0.000000,-2721.000000,-196.000000,0.000000
