Channel 1,Channel 2,Channel 3,Channel 4,Channel 5,Channel 6,Channel 7
-300.000000,0.000000,0.000000,0.000000,-2197.000000,0.000000,0.000000
0.000000,100.000000,0.000000,0.000000,-2205.000000,0.000000,0.000000
0.000000,-200.000000,0.000000,0.000000,-2211.000000,0.000000,0.000000
0.000000,0.000000,0.000000,0.000000,-2214.000000,0.000000,0.000000
-100.000000,0.000000,0.000000,0.000000,-2217.000000,0.000000,0.000000
-100.000000,0.000000,0.000000,0.000000,-2229.000000,0.000000,0.000000
0.000000,0.000000,0.000000,0.000000,-2218.000000,0.000000,0.000000
-200.000000,-200.000000,0.000000,0.000000,-2200.000000,0.000000,0.000000
0.000000,-100.000000,0.000000,0.000000,-2190.000000,0.000000,0.000000
100.000000,100.000000,0.000000,0.000000,-2187.000000,0.000000,0.000000
0.000000,0.000000,0.000000,0.000000,-2180.000000,0.000000,0.000000
0.000000,200.000000,0.000000,0.000000,-2198.000000,0.000000,0.000000
100.000000,0.000000,0.000000,0.000000,-2202.000000,0.000000,0.000000
0.000000,-300.000000,0.000000,0.000000,-2206.000000,0.000000,0.000000
0.000000,-200.000000,0.000000,0.000000,-2202.000000,0.000000,0.000000
-100.000000,-100.000000,0.000000,0.000000,-2199.000000,0.000000,0.000000
-100.000000,0.000000,0.000000,0.000000,-2190.000000,0.000000,0.000000
-100.000000,0.000000,0.000000,0.000000,-2205.000000,0.000000,0.000000
-200.000000,-200.000000,0.000000,0.000000,-2206.000000,0.000000,0.000000
-100.000000,0.000000,0.000000,0.000000,-2190.000000,0.000000,0.000000
0.000000,0.000000,0.000000,0.000000,-2191.000000,0.000000,0.000000
-100.000000,0.000000,0.000000,0.000000,-2194.000000,0.000000,0.000000
0.000000,-200.000000,0.000000,0.000000,-2177.000000,0.000000,0.000000
-300.000000,100.000000,0.000000,0.000000,-2184.000000,0.000000,0.000000
-100.000000,100.000000,0.000000,0.000000,-2208.000000,0.000000,0.000000
-100.000000,-200.000000,0.000000,0.000000,-2195.000000,0.000000,0.000000
-100.000000,-200.000000,0.000000,0.000000,-2187.000000,0.000000,0.000000
0.000000,-200.000000,0.000000,0.000000,-2192.000000,0.000000,0.000000
0.000000,0.000000,0.000000,0.000000,-2197.000000,0.000000,0.000000
-200.000000,-200.000000,0.000000,0.000000,-2197.000000,0.000000,0.000000
-200.000000,-100.000000,0.000000,0.000000,-2219.000000,0.000000,0.000000
-200.000000,-100.000000,0.000000,0.000000,-2233.000000,0.000000,0.000000
0.000000,-100.000000,0.000000,0.000000,-2245.000000,0.000000,0.000000
-100.000000,0.000000,0.000000,0.000000,-2251.000000,0.000000,0.000000
0.000000,0.000000,0.000000,0.000000,-2245.000000,0.000000,0.000000
-200.000000,-100.000000,0.000000,0.000000,-2251.000000,0.000000,0.000000
-200.000000,-300.000000,0.000000,0.000000,-2254.000000,0.000000,0.000000
0.000000,0.000000,0.000000,0.000000,-2264.000000,0.000000,0.000000
-100.000000,-100.000000,0.000000,0.000000,-2269.000000,0.000000,0.000000
0.000000,300.000000,0.000000,0.000000,-2273.000000,0.000000,0.000000
-200.000000,0.000000,0.000000,0.000000,-2268.000000,0.000000,0.000000
0.000000,0.000000,0.000000,0.000000,-2279.000000,0.000000,0.000000
-200.000000,-200.000000,0.000000,0.000000,-2275.000000,0.000000,0.000000
0.000000,0.000000,0.000000,0.000000,-2296.000000,0.000000,0.000000
0.000000,200.000000,0.000000,0.000000,-2293.000000,0.000000,0.000000
0.000000,0.000000,0.000000,0.000000,-2283.000000,0.000000,0.000000
0.000000,0.000000,0.000000,0.000000,-2268.000000,0.000000,0.000000
-200.000000,0.000000,0.000000,0.000000,-2268.000000,0.000000,0.000000
0.000000,100.000000,0.000000,0.000000,-2264.000000,0.000000,0.000000
-200.000000,-100.000000,0.000000,0.000000,-2265.000000,0.000000,0.000000
0.000000,-200.000000,0.000000,0.000000,-2253.000000,0.000000,0.000000
-200.000000,-300.000000,0.000000,0.000000,-2259.000000,0.000000,0.000000
0.000000,0.000000,0.000000,0.000000,-2254.000000,0.000000,0.000000
-100.000000,0.000000,0.000000,0.000000,-2253.000000,0.000000,0.000000
100.000000,-200.000000,0.000000,0.000000,-2247.000000,0.000000,0.000000
100.000000,-100.000000,0.000000,0.000000,-2240.000000,0.000000,0.000000
-100.000000,-100.000000,0.000000,0.000000,-2230.000000,0.000000,0.000000
0.000000,-100.000000,0.000000,0.000000,-2237.000000,0.000000,0.000000
200.000000,0.000000,0.000000,0.000000,-2250.000000,0.000000,0.000000
-200.000000,0.000000,0.000000,0.000000,-2238.000000,0.000000,0.000000
-100.000000,-100.000000,0.000000,0.000000,-2236.000000,0.000000,0.000000
-300.000000,-100.000000,0.000000,0.000000,-2241.000000,0.000000,0.000000
0.000000,0.000000,0.000000,0.000000,-2237.000000,0.000000,0.000000
0.000000,-600.000000,0.000000,0.000000,-2249.000000,0.000000,0.000000
-200.000000,-100.000000,0.000000,0.000000,-2260.000000,0.000000,0.000000
-100.000000,100.000000,0.000000,0.000000,-2268.000000,0.000000,0.000000
-100.000000,-200.000000,0.000000,0.000000,-2269.000000,0.000000,0.000000
-100.000000,-300.000000,0.000000,0.000000,-2270.000000,0.000000,0.000000
100.000000,-200.000000,0.000000,0.000000,-2270.000000,0.000000,0.000000
0.000000,0.000000,0.000000,0.000000,-2281.000000,0.000000,0.000000
0.000000,100.000000,0.000000,0.000000,-2320.000000,0.000000,0.000000
100.000000,-100.000000,0.000000,0.000000,-2313.000000,0.000000,0.000000
0.000000,200.000000,0.000000,0.000000,-2327.000000,0.000000,0.000000
-100.000000,-200.000000,0.000000,0.000000,-2297.000000,0.000000,0.000000
0.000000,0.000000,0.000000,0.000000,-2283.000000,0.000000,0.000000
0.000000,-100.000000,0.000000,0.000000,-2287.000000,0.000000,0.000000
0.000000,-100.000000,0.000000,0.000000,-2275.000000,0.000000,0.000000
100.000000,0.000000,0.000000,0.000000,-2292.000000,0.000000,0.000000
0.000000,100.000000,0.000000,0.000000,-2288.000000,0.000000,0.000000
-100.000000,-100.000000,0.000000,0.000000,-2300.000000,0.000000,0.000000
0.000000,0.000000,0.000000,0.000000,-2299.000000,0.000000,0.000000
0.000000,0.000000,0.000000,0.000000,-2283.000000,0.000000,0.000000
-200.000000,200.000000,0.000000,0.000000,-2310.000000,0.000000,0.000000
0.000000,0.000000,0.000000,0.000000,-2299.000000,0.000000,0.000000
-300.000000,-200.000000,0.000000,0.000000,-2298.000000,0.000000,0.000000
-300.000000,-100.000000,0.000000,0.000000,-2300.000000,0.000000,0.000000
-200.000000,0.000000,0.000000,0.000000,-2293.000000,0.000000,0.000000
-100.000000,-200.000000,0.000000,0.000000,-2296.000000,0.000000,0.000000
-300.000000,-100.000000,0.000000,0.000000,-2274.000000,0.000000,0.000000
0.000000,-100.000000,0.000000,0.000000,-2300.000000,0.000000,0.000000
0.000000,0.000000,0.000000,0.000000,-2303.000000,0.000000,0.000000
-100.000000,0.000000,0.000000,0.000000,-2307.000000,0.000000,0.000000
0.000000,-200.000000,0.000000,0.000000,-2330.000000,0.000000,0.000000
-100.000000,-100.000000,0.000000,0.000000,-2332.000000,0.000000,0.000000
-200.000000,0.000000,0.000000,0.000000,-2334.000000,0.000000,0.000000
-100.000000,100.000000,0.000000,0.000000,-2327.000000,0.000000,0.000000
-100.000000,-100.000000,0.000000,0.000000,-2311.000000,0.000000,0.000000
0.000000,0.000000,0.000000,0.000000,-2314.000000,0.000000,0.000000
-200.000000,0.000000,0.000000,0.000000,-2316.000000,0.000000,0.000000
-100.000000,0.000000,0.000000,0.000000,-2335.000000,0.000000,0.000000
-100.000000,-100.000000,0.000000,0.000000,-2331.000000,0.000000,0.000000
0.000000,-100.000000,0.000000,0.000000,-2334.000000,0.000000,0.000000
100.000000,-100.000000,0.000000,0.000000,-2337.000000,0.000000,0.000000
0.000000,100.000000,0.000000,0.000000,-2322.000000,0.000000,0.000000
-200.000000,0.000000,0.000000,0.000000,-2317.000000,0.000000,0.000000
0.000000,-300.000000,0.000000,0.000000,-2311.000000,0.000000,0.000000
0.000000,0.000000,0.000000,0.000000,-2300.000000,0.000000,0.000000
0.000000,-100.000000,0.000000,0.000000,-2292.000000,0.000000,0.000000
0.000000,0.000000,0.000000,0.000000,-2293.000000,0.000000,0.000000
-200.000000,0.000000,0.000000,0.000000,-2289.000000,0.000000,0.000000
0.000000,0.000000,0.000000,0.000000,-2299.000000,0.000000,0.000000
-200.000000,-100.000000,0.000000,0.000000,-2305.000000,0.000000,0.000000
-100.000000,0.000000,0.000000,0.000000,-2298.000000,0.000000,0.000000
0.000000,-100.000000,0.000000,0.000000,-2294.000000,0.000000,0.000000
-100.000000,-200.000000,0.000000,0.000000,-2308.000000,0.000000,0.000000
0.000000,-600.000000,0.000000,0.000000,-2295.000000,0.000000,0.000000
0.000000,100.000000,0.000000,0.000000,-2280.000000,0.000000,0.000000
-100.000000,0.000000,0.000000,0.000000,-2283.000000,0.000000,0.000000
-200.000000,-100.000000,0.000000,0.000000,-2280.000000,0.000000,0.000000
-200.000000,0.000000,0.000000,0.000000,-2279.000000,0.000000,0.000000
-200.000000,0.000000,0.000000,0.000000,-2271.000000,0.000000,0.000000
-400.000000,-100.000000,0.000000,0.000000,-2282.000000,0.000000,0.000000
0.000000,-100.000000,0.000000,0.000000,-2285.000000,0.000000,0.000000
100.000000,0.000000,0.000000,0.000000,-2291.000000,0.000000,0.000000
0.000000,0.000000,0.000000,0.000000,-2290.000000,0.000000,0.000000
0.000000,-200.000000,0.000000,0.000000,-2281.000000,0.000000,0.000000
0.000000,0.000000,0.000000,0.000000,-2274.000000,0.000000,0.000000
-100.000000,0.000000,0.000000,0.000000,-2285.000000,0.000000,0.000000
-100.000000,0.000000,0.000000,0.000000,-2281.000000,0.000000,0.000000
-100.000000,200.000000,0.000000,0.000000,-2284.000000,0.000000,0.000000
0.000000,0.000000,0.000000,0.000000,-2274.000000,0.000000,0.000000
-100.000000,0.000000,0.000000,0.000000,-2271.000000,0.000000,0.000000
0.000000,-200.000000,0.000000,0.000000,-2268.000000,0.000000,0.000000
-100.000000,200.000000,0.000000,0.000000,-2270.000000,0.000000,0.000000
-100.000000,0.000000,0.000000,0.000000,-2270.000000,0.000000,0.000000
-100.000000,-200.000000,0.000000,0.000000,-2278.000000,0.000000,0.000000
-100.000000,100.000000,0.000000,0.000000,-2287.000000,0.000000,0.000000
0.000000,0.000000,0.000000,0.000000,-2294.000000,0.000000,0.000000
100.000000,0.000000,0.000000,0.000000,-2288.000000,0.000000,0.000000
0.000000,100.000000,0.000000,0.000000,-2281.000000,0.000000,0.000000
0.000000,0.000000,0.000000,0.000000,-2273.000000,0.000000,0.000000
0.000000,-100.000000,0.000000,0.000000,-2277.000000,0.000000,0.000000
100.000000,-300.000000,0.000000,0.000000,-2267.000000,0.000000,0.000000
0.000000,0.000000,0.000000,0.000000,-2258.000000,0.000000,0.000000
-200.000000,0.000000,0.000000,0.000000,-2262.000000,0.000000,0.000000
0.000000,-100.000000,0.000000,0.000000,-2256.000000,0.000000,0.000000
-100.000000,0.000000,0.000000,0.000000,-2262.000000,0.000000,0.000000
200.000000,-100.000000,0.000000,0.000000,-2262.000000,0.000000,0.000000
0.000000,-200.000000,0.000000,0.000000,-2259.000000,0.000000,0.000000
-100.000000,0.000000,0.000000,0.000000,-2263.000000,0.000000,0.000000
-100.000000,0.000000,0.000000,0.000000,-2270.000000,0.000000,0.000000
0.000000,0.000000,0.000000,0.000000,-2272.000000,0.000000,0.000000
-100.000000,0.000000,0.000000,0.000000,-2275.000000,0.000000,0.000000
200.000000,-100.000000,0.000000,0.000000,-2273.000000,0.000000,0.000000
0.000000,-200.000000,0.000000,0.000000,-2262.000000,0.000000,0.000000
-200.000000,0.000000,0.000000,0.000000,-2264.000000,0.000000,0.000000
-100.000000,-100.000000,0.000000,0.000000,-2259.000000,0.000000,0.000000
-100.000000,0.000000,0.000000,0.000000,-2257.000000,0.000000,0.000000
0.000000,-100.000000,0.000000,0.000000,-2255.000000,0.000000,0.000000
-100.000000,-200.000000,0.000000,0.000000,-2241.000000,0.000000,0.000000
-100.000000,-100.000000,0.000000,0.000000,-2228.000000,0.000000,0.000000
0.000000,0.000000,0.000000,0.000000,-2218.000000,0.000000,0.000000
0.000000,100.000000,0.000000,0.000000,-2225.000000,0.000000,0.000000
-100.000000,0.000000,0.000000,0.000000,-2225.000000,0.000000,0.000000
0.000000,0.000000,0.000000,0.000000,-2207.000000,0.000000,0.000000
0.000000,-300.000000,0.000000,0.000000,-2209.000000,0.000000,0.000000
0.000000,-200.000000,0.000000,0.000000,-2203.000000,0.000000,0.000000
-100.000000,0.000000,0.000000,0.000000,-2192.000000,0.000000,0.000000
0.000000,100.000000,0.000000,0.000000,-2198.000000,0.000000,0.000000
0.000000,-200.000000,0.000000,0.000000,-2206.000000,0.000000,0.000000
0.000000,-100.000000,0.000000,0.000000,-2210.000000,0.000000,0.000000
-200.000000,-100.000000,0.000000,0.000000,-2205.000000,0.000000,0.000000
-200.000000,-300.000000,0.000000,0.000000,-2214.000000,0.000000,0.000000
-100.000000,0.000000,0.000000,0.000000,-2214.000000,0.000000,0.000000
-100.000000,-100.000000,0.000000,0.000000,-2222.000000,0.000000,0.000000
-100.000000,-100.000000,0.000000,0.000000,-2220.000000,0.000000,0.000000
-100.000000,100.000000,0.000000,0.000000,-2233.000000,0.000000,0.000000
-100.000000,0.000000,0.000000,0.000000,-2243.000000,0.000000,0.000000
0.000000,-300.000000,0.000000,0.000000,-2243.000000,0.000000,0.000000
0.000000,-100.000000,0.000000,0.000000,-2244.000000,0.000000,0.000000
0.000000,-100.000000,0.000000,0.000000,-2246.000000,0.000000,0.000000
-100.000000,-200.000000,0.000000,0.000000,-2241.000000,0.000000,0.000000
-100.000000,0.000000,0.000000,0.000000,-2255.000000,0.000000,0.000000
0.000000,-300.000000,0.000000,0.000000,-2263.000000,0.000000,0.000000
0.000000,-100.000000,0.000000,0.000000,-2275.000000,0.000000,0.000000
-100.000000,-100.000000,0.000000,0.000000,-2271.000000,0.000000,0.000000
-100.000000,0.000000,0.000000,0.000000,-2265.000000,0.000000,0.000000
0.000000,-200.000000,0.000000,0.000000,-2247.000000,0.000000,0.000000
0.000000,0.000000,0.000000,0.000000,-2246.000000,0.000000,0.000000
0.000000,0.000000,0.000000,0.000000,-2256.000000,0.000000,0.000000
0.000000,-200.000000,0.000000,0.000000,-2260.000000,0.000000,0.000000
0.000000,-100.000000,0.000000,0.000000,-2252.000000,0.000000,0.000000
0.000000,0.000000,0.000000,0.000000,-2256.000000,0.000000,0.000000
-100.000000,0.000000,0.000000,0.000000,-2266.000000,0.000000,0.000000
-200.000000,-200.000000,0.000000,0.000000,-2255.000000,0.000000,0.000000
-200.000000,-100.000000,0.000000,0.000000,-2255.000000,0.000000,0.000000
0.000000,300.000000,0.000000,0.000000,-2256.000000,0.000000,0.000000
0.000000,-100.000000,0.000000,0.000000,-2261.000000,0.000000,0.000000
-200.000000,0.000000,0.000000,0.000000,-2255.000000,0.000000,0.000000
100.000000,0.000000,0.000000,0.000000,-2246.000000,0.000000,0.000000
0.000000,-100.000000,0.000000,0.000000,-2238.000000,0.000000,0.000000
-100.000000,0.000000,0.000000,0.000000,-2241.000000,0.000000,0.000000
0.000000,0.000000,0.000000,0.000000,-2252.000000,0.000000,0.000000
-100.000000,0.000000,0.000000,0.000000,-2237.000000,0.000000,0.000000
-100.000000,0.000000,0.000000,0.000000,-2227.000000,0.000000,0.000000
200.000000,-200.000000,0.000000,0.000000,-2215.000000,0.000000,0.000000
0.000000,-100.000000,0.000000,0.000000,-2207.000000,0.000000,0.000000
-100.000000,100.000000,0.000000,0.000000,-2199.000000,0.000000,0.000000
0.000000,0.000000,0.000000,0.000000,-2211.000000,0.000000,0.000000
-200.000000,-200.000000,0.000000,0.000000,-2227.000000,0.000000,0.000000
-200.000000,0.000000,0.000000,0.000000,-2226.000000,0.000000,0.000000
0.000000,-400.000000,0.000000,0.000000,-2219.000000,0.000000,0.000000
0.000000,-200.000000,0.000000,0.000000,-2228.000000,0.000000,0.000000
-100.000000,-100.000000,0.000000,0.000000,-2249.000000,0.000000,0.000000
-200.000000,-100.000000,0.000000,0.000000,-2241.000000,0.000000,0.000000
-200.000000,100.000000,0.000000,0.000000,-2240.000000,0.000000,0.000000
-100.000000,0.000000,0.000000,0.000000,-2239.000000,0.000000,0.000000
-200.000000,-200.000000,0.000000,0.000000,-2232.000000,0.000000,0.000000
-200.000000,0.000000,0.000000,0.000000,-2227.000000,0.000000,0.000000
100.000000,-100.000000,0.000000,0.000000,-2224.000000,0.000000,0.000000
-100.000000,0.000000,0.000000,0.000000,-2216.000000,0.000000,0.000000
-200.000000,300.000000,0.000000,0.000000,-2219.000000,0.000000,0.000000
-200.000000,-200.000000,0.000000,0.000000,-2213.000000,0.000000,0.000000
-200.000000,-100.000000,0.000000,0.000000,-2222.000000,0.000000,0.000000
200.000000,0.000000,0.000000,0.000000,-2217.000000,0.000000,0.000000
0.000000,0.000000,0.000000,0.000000,-2229.000000,0.000000,0.000000
200.000000,0.000000,0.000000,0.000000,-2232.000000,0.000000,0.000000
0.000000,0.000000,0.000000,0.000000,-2242.000000,0.000000,0.000000
-100.000000,0.000000,0.000000,0.000000,-2228.000000,0.000000,0.000000
0.000000,-100.000000,0.000000,0.000000,-2227.000000,0.000000,0.000000
-200.000000,0.000000,0.000000,0.000000,-2237.000000,0.000000,0.000000
-100.000000,100.000000,0.000000,0.000000,-2239.000000,0.000000,0.000000
-100.000000,0.000000,0.000000,0.000000,-2232.000000,0.000000,0.000000
100.000000,100.000000,0.000000,0.000000,-2236.000000,0.000000,0.000000
-100.000000,-200.000000,0.000000,0.000000,-2232.000000,0.000000,0.000000
-200.000000,-100.000000,0.000000,0.000000,-2243.000000,0.000000,0.000000
-100.000000,0.000000,0.000000,0.000000,-2233.000000,0.000000,0.000000
0.000000,-300.000000,0.000000,0.000000,-2237.000000,0.000000,0.000000
100.000000,100.000000,0.000000,0.000000,-2232.000000,0.000000,0.000000
-100.000000,-100.000000,0.000000,0.000000,-2242.000000,0.000000,0.000000
-200.000000,0.000000,0.000000,0.000000,-2239.000000,0.000000,0.000000
-200.000000,0.000000,0.000000,0.000000,-2246.000000,0.000000,0.000000
100.000000,0.000000,0.000000,0.000000,-2239.000000,0.000000,0.000000
0.000000,-400.000000,0.000000,0.000000,-2238.000000,0.000000,0.000000
-100.000000,0.000000,0.000000,0.000000,-2253.000000,0.000000,0.000000
-100.000000,0.000000,0.000000,0.000000,-2268.000000,0.000000,0.000000
-200.000000,0.000000,0.000000,0.000000,-2266.000000,0.000000,0.000000
-100.000000,-200.000000,0.000000,0.000000,-2265.000000,0.000000,0.000000
0.000000,-300.000000,0.000000,0.000000,-2248.000000,0.000000,0.000000
-100.000000,-100.000000,0.000000,0.000000,-2249.000000,0.000000,0.000000
-200.000000,-200.000000,0.000000,0.000000,-2251.000000,0.000000,0.000000
0.000000,0.000000,0.000000,0.000000,-2248.000000,0.000000,0.000000
0.000000,-100.000000,0.000000,0.000000,-2241.000000,0.000000,0.000000
-100.000000,-200.000000,0.000000,0.000000,-2245.000000,0.000000,0.000000
0.000000,-100.000000,0.000000,0.000000,-2240.000000,0.000000,0.000000
100.000000,0.000000,0.000000,0.000000,-2244.000000,0.000000,0.000000
-100.000000,-100.000000,0.000000,0.000000,-2241.000000,0.000000,0.000000
-100.000000,-200.000000,0.000000,0.000000,-2236.000000,0.000000,0.000000
0.000000,0.000000,0.000000,0.000000,-2228.000000,0.000000,0.000000
0.000000,-100.000000,0.000000,0.000000,-2226.000000,0.000000,0.000000
100.000000,0.000000,0.000000,0.000000,-2228.000000,0.000000,0.000000
-100.000000,0.000000,0.000000,0.000000,-2238.000000,0.000000,0.000000
0.000000,0.000000,0.000000,0.000000,-2243.000000,0.000000,0.000000
0.000000,0.000000,0.000000,0.000000,-2243.000000,0.000000,0.000000
100.000000,-100.000000,0.000000,0.000000,-2239.000000,0.000000,0.000000
0.000000,-200.000000,0.000000,0.000000,-2232.000000,0.000000,0.000000
-100.000000,0.000000,0.000000,0.000000,-2233.000000,0.000000,0.000000
-200.000000,-200.000000,0.000000,0.000000,-2233.000000,0.000000,0.000000
-100.000000,-200.000000,0.000000,0.000000,-2225.000000,0.000000,0.000000
0.000000,0.000000,0.000000,0.000000,-2226.000000,0.000000,0.000000
-100.000000,0.000000,0.000000,0.000000,-2229.000000,0.000000,0.000000
-100.000000,0.000000,0.000000,0.000000,-2228.000000,0.000000,0.000000
100.000000,0.000000,0.000000,0.000000,-2222.000000,0.000000,0.000000
200.000000,-100.000000,0.000000,0.000000,-2223.000000,0.000000,0.000000
200.000000,-100.000000,0.000000,0.000000,-2219.000000,0.000000,0.000000
0.000000,100.000000,0.000000,0.000000,-2216.000000,0.000000,0.000000
-100.000000,0.000000,0.000000,0.000000,-2213.000000,0.000000,0.000000
0.000000,-200.000000,0.000000,0.000000,-2209.000000,0.000000,0.000000
0.000000,0.000000,0.000000,0.000000,-2221.000000,0.000000,0.000000
-100.000000,-100.000000,0.000000,0.000000,-2230.000000,0.000000,0.000000
0.000000,-100.000000,0.000000,0.000000,-2226.000000,0.000000,0.000000
100.000000,0.000000,0.000000,0.000000,-2230.000000,0.000000,0.000000
-200.000000,0.000000,0.000000,0.000000,-2233.000000,0.000000,0.000000
0.000000,-100.000000,0.000000,0.000000,-2234.000000,0.000000,0.000000
0.000000,0.000000,0.000000,0.000000,-2250.000000,0.000000,0.000000
-100.000000,0.000000,0.000000,0.000000,-2240.000000,0.000000,0.000000
0.000000,-200.000000,0.000000,0.000000,-2248.000000,0.000000,0.000000
0.000000,0.000000,0.000000,0.000000,-2257.000000,0.000000,0.000000
0.000000,0.000000,0.000000,0.000000,-2263.000000,0.000000,0.000000
-200.000000,0.000000,0.000000,0.000000,-2264.000000,0.000000,0.000000
100.000000,0.000000,0.000000,0.000000,-2259.000000,0.000000,0.000000
0.000000,0.000000,0.000000,0.000000,-2254.000000,0.000000,0.000000
100.000000,0.000000,0.000000,0.000000,-2266.000000,0.000000,0.000000
0.000000,0.000000,0.000000,0.000000,-2272.000000,0.000000,0.000000
-200.000000,-100.000000,0.000000,0.000000,-2274.000000,0.000000,0.000000
-100.000000,0.000000,0.000000,0.000000,-2275.000000,0.000000,0.000000
-100.000000,-200.000000,0.000000,0.000000,-2268.000000,0.000000,0.000000
-100.000000,0.000000,0.000000,0.000000,-2260.000000,0.000000,0.000000
0.000000,0.000000,0.000000,0.000000,-2257.000000,0.000000,0.000000
-100.000000,-200.000000,0.000000,0.000000,-2257.000000,0.000000,0.000000
100.000000,100.000000,0.000000,0.000000,-2259.000000,0.000000,0.000000
-200.000000,-200.000000,0.000000,0.000000,-2267.000000,0.000000,0.000000
0.000000,-100.000000,0.000000,0.000000,-2279.000000,0.000000,0.000000
0.000000,0.000000,0.000000,0.000000,-2291.000000,0.000000,0.000000
-200.000000,-100.000000,0.000000,0.000000,-2303.000000,0.000000,0.000000
0.000000,-100.000000,0.000000,0.000000,-2302.000000,0.000000,0.000000
0.000000,0.000000,0.000000,0.000000,-2303.000000,0.000000,0.000000
100.000000,200.000000,0.000000,0.000000,-2301.000000,0.000000,0.000000
0.000000,0.000000,0.000000,0.000000,-2295.000000,0.000000,0.000000
0.000000,100.000000,0.000000,0.000000,-2298.000000,0.000000,0.000000
-200.000000,0.000000,0.000000,0.000000,-2305.000000,0.000000,0.000000
0.000000,100.000000,0.000000,0.000000,-2294.000000,0.000000,0.000000
100.000000,0.000000,0.000000,0.000000,-2305.000000,0.000000,0.000000
-100.000000,0.000000,0.000000,0.000000,-2309.000000,0.000000,0.000000
0.000000,-100.000000,0.000000,0.000000,-2296.000000,0.000000,0.000000
-500.000000,-200.000000,0.000000,0.000000,-2294.000000,0.000000,0.000000
-100.000000,0.000000,0.000000,0.000000,-2291.000000,0.000000,0.000000
0.000000,0.000000,0.000000,0.000000,-2300.000000,0.000000,0.000000
200.000000,-100.000000,0.000000,0.000000,-2287.000000,0.000000,0.000000
0.000000,0.000000,0.000000,0.000000,-2294.000000,0.000000,0.000000
-100.000000,-300.000000,0.000000,0.000000,-2296.000000,0.000000,0.000000
-200.000000,-100.000000,0.000000,0.000000,-2286.000000,0.000000,0.000000
0.000000,100.000000,0.000000,0.000000,-2262.000000,0.000000,0.000000
-100.000000,-100.000000,0.000000,0.000000,-2261.000000,0.000000,0.000000
-100.000000,-100.000000,0.000000,0.000000,-2260.000000,0.000000,0.000000
0.000000,-300.000000,0.000000,0.000000,-2258.000000,0.000000,0.000000
-100.000000,-200.000000,0.000000,0.000000,-2252.000000,0.000000,0.000000
100.000000,0.000000,0.000000,0.000000,-2261.000000,0.000000,0.000000
0.000000,0.000000,0.000000,0.000000,-2256.000000,0.000000,0.000000
0.000000,-100.000000,0.000000,0.000000,-2248.000000,0.000000,0.000000
0.000000,-300.000000,0.000000,0.000000,-2255.000000,0.000000,0.000000
-300.000000,0.000000,0.000000,0.000000,-2259.000000,0.000000,0.000000
0.000000,0.000000,0.000000,0.000000,-2254.000000,0.000000,0.000000
100.000000,-300.000000,0.000000,0.000000,-2238.000000,0.000000,0.000000
-200.000000,-200.000000,0.000000,0.000000,-2245.000000,0.000000,0.000000
-100.000000,0.000000,0.000000,0.000000,-2241.000000,0.000000,0.000000
0.000000,-100.000000,0.000000,0.000000,-2250.000000,0.000000,0.000000
0.000000,0.000000,0.000000,0.000000,-2250.000000,0.000000,0.000000
-200.000000,300.000000,0.000000,0.000000,-2241.000000,0.000000,0.000000
100.000000,-100.000000,0.000000,0.000000,-2219.000000,0.000000,0.000000
0.000000,-100.000000,0.000000,0.000000,-2207.000000,0.000000,0.000000
0.000000,0.000000,0.000000,0.000000,-2204.000000,0.000000,0.000000
0.000000,0.000000,0.000000,0.000000,-2209.000000,0.000000,0.000000
0.000000,-100.000000,0.000000,0.000000,-2221.000000,0.000000,0.000000
-200.000000,0.000000,0.000000,0.000000,-2248.000000,0.000000,0.000000
-100.000000,0.000000,0.000000,0.000000,-2253.000000,0.000000,0.000000
0.000000,-200.000000,0.000000,0.000000,-2253.000000,0.000000,0.000000
-100.000000,-100.000000,0.000000,0.000000,-2231.000000,0.000000,0.000000
-100.000000,-500.000000,0.000000,0.000000,-2217.000000,0.000000,0.000000
-200.000000,-100.000000,0.000000,0.000000,-2206.000000,0.000000,0.000000
100.000000,0.000000,0.000000,0.000000,-2196.000000,0.000000,0.000000
-100.000000,0.000000,0.000000,0.000000,-2204.000000,0.000000,0.000000
0.000000,200.000000,0.000000,0.000000,-2228.000000,0.000000,0.000000
0.000000,0.000000,0.000000,0.000000,-2228.000000,0.000000,0.000000
-300.000000,-100.000000,0.000000,0.000000,-2232.000000,0.000000,0.000000
-100.000000,100.000000,0.000000,0.000000,-2227.000000,0.000000,0.000000
-100.000000,100.000000,0.000000,0.000000,-2214.000000,0.000000,0.000000
-200.000000,100.000000,0.000000,0.000000,-2221.000000,0.000000,0.000000
0.000000,0.000000,0.000000,0.000000,-2231.000000,0.000000,0.000000
-100.000000,-200.000000,0.000000,0.000000,-2243.000000,0.000000,0.000000
-200.000000,0.000000,0.000000,0.000000,-2239.000000,0.000000,0.000000
0.000000,100.000000,0.000000,0.000000,-2230.000000,0.000000,0.000000
0.000000,-200.000000,0.000000,0.000000,-2235.000000,0.000000,0.000000
-200.000000,-100.000000,0.000000,0.000000,-2233.000000,0.000000,0.000000
0.000000,0.000000,0.000000,0.000000,-2242.000000,0.000000,0.000000
-200.000000,-100.000000,0.000000,0.000000,-2238.000000,0.000000,0.000000
-200.000000,-200.000000,0.000000,0.000000,-2239.000000,0.000000,0.000000
0.000000,0.000000,0.000000,0.000000,-2250.000000,0.000000,0.000000
-100.000000,0.000000,0.000000,0.000000,-2264.000000,0.000000,0.000000
100.000000,0.000000,0.000000,0.000000,-2271.000000,0.000000,0.000000
0.000000,0.000000,0.000000,0.000000,-2272.000000,0.000000,0.000000
0.000000,0.000000,0.000000,0.000000,-2271.000000,0.000000,0.000000
0.000000,-200.000000,0.000000,0.000000,-2275.000000,0.000000,0.000000
0.000000,-100.000000,0.000000,0.000000,-2275.000000,0.000000,0.000000
0.000000,0.000000,0.000000,0.000000,-2278.000000,0.000000,0.000000
0.000000,0.000000,0.000000,0.000000,-2268.000000,0.000000,0.000000
-200.000000,0.000000,0.000000,0.000000,-2280.000000,0.000000,0.000000
-100.000000,-100.000000,0.000000,0.000000,-2292.000000,0.000000,0.000000
0.000000,0.000000,0.000000,0.000000,-2311.000000,0.000000,0.000000
0.000000,300.000000,0.000000,0.000000,-2313.000000,0.000000,0.000000
0.000000,-100.000000,0.000000,0.000000,-2301.000000,0.000000,0.000000
100.000000,-200.000000,0.000000,0.000000,-2298.000000,0.000000,0.000000
0.000000,0.000000,0.000000,0.000000,-2298.000000,0.000000,0.000000
0.000000,-200.000000,0.000000,0.000000,-2298.000000,0.000000,0.000000
-100.000000,100.000000,0.000000,0.000000,-2295.000000,0.000000,0.000000
-100.000000,-100.000000,0.000000,0.000000,-2292.000000,0.000000,0.000000
0.000000,300.000000,0.000000,0.000000,-2283.000000,0.000000,0.000000
-200.000000,-200.000000,0.000000,0.000000,-2282.000000,0.000000,0.000000
0.000000,-100.000000,0.000000,0.000000,-2282.000000,0.000000,0.000000
-100.000000,200.000000,0.000000,0.000000,-2285.000000,0.000000,0.000000
-100.000000,-100.000000,0.000000,0.000000,-2287.000000,0.000000,0.000000
-100.000000,0.000000,0.000000,0.000000,-2268.000000,0.000000,0.000000
0.000000,-100.000000,0.000000,0.000000,-2264.000000,0.000000,0.000000
0.000000,0.000000,0.000000,0.000000,-2256.000000,0.000000,0.000000
-100.000000,-100.000000,0.000000,0.000000,-2247.000000,0.000000,0.000000
0.000000,0.000000,0.000000,0.000000,-2227.000000,0.000000,0.000000
-100.000000,-100.000000,0.000000,0.000000,-2243.000000,0.000000,0.000000
0.000000,-100.000000,0.000000,0.000000,-2248.000000,0.000000,0.000000
100.000000,-200.000000,0.000000,0.000000,-2251.000000,0.000000,0.000000
0.000000,0.000000,0.000000,0.000000,-2252.000000,0.000000,0.000000
0.000000,0.000000,0.000000,0.000000,-2260.000000,0.000000,0.000000
0.000000,-200.000000,0.000000,0.000000,-2264.000000,0.000000,0.000000
-100.000000,200.000000,0.000000,0.000000,-2276.000000,0.000000,0.000000
0.000000,0.000000,0.000000,0.000000,-2276.000000,0.000000,0.000000
0.000000,0.000000,0.000000,0.000000,-2290.000000,0.000000,0.000000
0.000000,0.000000,0.000000,0.000000,-2263.000000,0.000000,0.000000
-200.000000,100.000000,0.000000,0.000000,-2247.000000,0.000000,0.000000
100.000000,-100.000000,0.000000,0.000000,-2234.000000,0.000000,0.000000
0.000000,0.000000,0.000000,0.000000,-2238.000000,0.000000,0.000000
-200.000000,-100.000000,0.000000,0.000000,-2230.000000,0.000000,0.000000
0.000000,0.000000,0.000000,0.000000,-2227.000000,0.000000,0.000000
0.000000,0.000000,0.000000,0.000000,-2231.000000,0.000000,0.000000
0.000000,0.000000,0.000000,0.000000,-2238.000000,0.000000,0.000000
0.000000,0.000000,0.000000,0.000000,-2249.000000,0.000000,0.000000
0.000000,0.000000,0.000000,0.000000,-2249.000000,0.000000,0.000000
-200.000000,-100.000000,0.000000,0.000000,-2249.000000,0.000000,0.000000
100.000000,0.000000,0.000000,0.000000,-2262.000000,0.000000,0.000000
0.000000,0.000000,0.000000,0.000000,-2270.000000,0.000000,0.000000
-200.000000,0.000000,0.000000,0.000000,-2284.000000,0.000000,0.000000
-200.000000,-100.000000,0.000000,0.000000,-2281.000000,0.000000,0.000000
0.000000,-300.000000,0.000000,0.000000,-2268.000000,0.000000,0.000000
-100.000000,-300.000000,0.000000,0.000000,-2277.000000,0.000000,0.000000
-200.000000,0.000000,0.000000,0.000000,-2274.000000,0.000000,0.000000
-200.000000,0.000000,0.000000,0.000000,-2263.000000,0.000000,0.000000
-100.000000,-200.000000,0.000000,0.000000,-2273.000000,0.000000,0.000000
0.000000,0.000000,0.000000,0.000000,-2267.000000,0.000000,0.000000
0.000000,-100.000000,0.000000,0.000000,-2257.000000,0.000000,0.000000
0.000000,0.000000,0.000000,0.000000,-2269.000000,0.000000,0.000000
100.000000,-200.000000,0.000000,0.000000,-2281.000000,0.000000,0.000000
0.000000,0.000000,0.000000,0.000000,-2290.000000,0.000000,0.000000
100.000000,-100.000000,0.000000,0.000000,-2291.000000,0.000000,0.000000
0.000000,100.000000,0.000000,0.000000,-2279.000000,0.000000,0.000000
-200.000000,0.000000,0.000000,0.000000,-2274.000000,0.000000,0.000000
0.000000,0.000000,0.000000,0.000000,-2287.000000,0.000000,0.000000
0.000000,0.000000,0.000000,0.000000,-2298.000000,0.000000,0.000000
0.000000,0.000000,0.000000,0.000000,-2298.000000,0.000000,0.000000
-100.000000,-100.000000,0.000000,0.000000,-2292.000000,0.000000,0.000000
-100.000000,-100.000000,0.000000,0.000000,-2294.000000,0.000000,0.000000
0.000000,-100.000000,0.000000,0.000000,-2299.000000,0.000000,0.000000
0.000000,-100.000000,0.000000,0.000000,-2297.000000,0.000000,0.000000
-100.000000,-100.000000,0.000000,0.000000,-2295.000000,0.000000,0.000000
-100.000000,-200.000000,0.000000,0.000000,-2305.000000,0.000000,0.000000
0.000000,-100.000000,0.000000,0.000000,-2291.000000,0.000000,0.000000
200.000000,0.000000,0.000000,0.000000,-2285.000000,0.000000,0.000000
-100.000000,0.000000,0.000000,0.000000,-2285.000000,0.000000,0.000000
-100.000000,-100.000000,0.000000,0.000000,-2285.000000,0.000000,0.000000
-100.000000,-100.000000,0.000000,0.000000,-2284.000000,0.000000,0.000000
-100.000000,-100.000000,0.000000,0.000000,-2279.000000,0.000000,0.000000
0.000000,0.000000,0.000000,0.000000,-2282.000000,0.000000,0.000000
100.000000,100.000000,0.000000,0.000000,-2271.000000,0.000000,0.000000
-300.000000,-200.000000,0.000000,0.000000,-2278.000000,0.000000,0.000000
-100.000000,0.000000,0.000000,0.000000,-2288.000000,0.000000,0.000000
100.000000,0.000000,0.000000,0.000000,-2280.000000,0.000000,0.000000
-100.000000,0.000000,0.000000,0.000000,-2263.000000,0.000000,0.000000
0.000000,-100.000000,0.000000,0.000000,-2265.000000,0.000000,0.000000
0.000000,-100.000000,0.000000,0.000000,-2274.000000,0.000000,0.000000
100.000000,0.000000,0.000000,0.000000,-2294.000000,0.000000,0.000000
-100.000000,100.000000,0.000000,0.000000,-2289.000000,0.000000,0.000000
-100.000000,-100.000000,0.000000,0.000000,-2296.000000,0.000000,0.000000
0.000000,-100.000000,0.000000,0.000000,-2301.000000,0.000000,0.000000
-300.000000,0.000000,0.000000,0.000000,-2292.000000,0.000000,0.000000
0.000000,0.000000,0.000000,0.000000,-2305.000000,0.000000,0.000000
-100.000000,0.000000,0.000000,0.000000,-2306.000000,0.000000,0.000000
-100.000000,-100.000000,0.000000,0.000000,-2318.000000,0.000000,0.000000
0.000000,-200.000000,0.000000,0.000000,-2298.000000,0.000000,0.000000
-200.000000,0.000000,0.000000,0.000000,-2308.000000,0.000000,0.000000
0.000000,-100.000000,0.000000,0.000000,-2318.000000,0.000000,0.000000
-100.000000,0.000000,0.000000,0.000000,-2320.000000,0.000000,0.000000
100.000000,0.000000,0.000000,0.000000,-2330.000000,0.000000,0.000000
0.000000,0.000000,0.000000,0.000000,-2337.000000,0.000000,0.000000
0.000000,200.000000,0.000000,0.000000,-2332.000000,0.000000,0.000000
0.000000,0.000000,0.000000,0.000000,-2332.000000,0.000000,0.000000
-100.000000,0.000000,0.000000,0.000000,-2343.000000,0.000000,0.000000
-100.000000,0.000000,0.000000,0.000000,-2355.000000,0.000000,0.000000
0.000000,-200.000000,0.000000,0.000000,-2349.000000,0.000000,0.000000
0.000000,-300.000000,0.000000,0.000000,-2333.000000,0.000000,0.000000
200.000000,0.000000,0.000000,0.000000,-2306.000000,0.000000,0.000000
0.000000,0.000000,0.000000,0.000000,-2353.000000,0.000000,0.000000
0.000000,100.000000,0.000000,0.000000,-2377.000000,0.000000,0.000000
-200.000000,100.000000,0.000000,0.000000,-2356.000000,0.000000,0.000000
0.000000,-100.000000,0.000000,0.000000,-2413.000000,0.000000,0.000000
0.000000,-200.000000,0.000000,0.000000,-2368.000000,0.000000,0.000000
-100.000000,0.000000,0.000000,0.000000,-2354.000000,0.000000,0.000000
0.000000,0.000000,0.000000,0.000000,-2390.000000,0.000000,0.000000
0.000000,200.000000,0.000000,0.000000,-2354.000000,0.000000,0.000000
0.000000,0.000000,0.000000,0.000000,-2382.000000,0.000000,0.000000
-100.000000,-300.000000,0.000000,0.000000,-2351.000000,0.000000,0.000000
-300.000000,-100.000000,0.000000,0.000000,-2333.000000,0.000000,0.000000
0.000000,100.000000,0.000000,0.000000,-2348.000000,0.000000,0.000000
0.000000,200.000000,0.000000,0.000000,-2342.000000,0.000000,0.000000
0.000000,0.000000,0.000000,0.000000,-2364.000000,0.000000,0.000000
200.000000,0.000000,0.000000,0.000000,-2375.000000,0.000000,0.000000
-100.000000,100.000000,0.000000,0.000000,-2330.000000,0.000000,0.000000
0.000000,-100.000000,0.000000,0.000000,-2319.000000,0.000000,0.000000
-100.000000,0.000000,0.000000,0.000000,-2301.000000,0.000000,0.000000
100.000000,200.000000,0.000000,0.000000,-2279.000000,0.000000,0.000000
-200.000000,-200.000000,0.000000,0.000000,-2257.000000,0.000000,0.000000
-100.000000,100.000000,0.000000,0.000000,-2232.000000,0.000000,0.000000
0.000000,0.000000,0.000000,0.000000,-2238.000000,0.000000,0.000000
100.000000,0.000000,0.000000,0.000000,-2289.000000,0.000000,0.000000
100.000000,100.000000,0.000000,0.000000,-2291.000000,0.000000,0.000000
0.000000,0.000000,0.000000,0.000000,-2278.000000,0.000000,0.000000
0.000000,100.000000,0.000000,0.000000,-2253.000000,0.000000,0.000000
0.000000,200.000000,0.000000,0.000000,-2241.000000,0.000000,0.000000
100.000000,-200.000000,0.000000,0.000000,-2247.000000,0.000000,0.000000
0.000000,-100.000000,0.000000,0.000000,-2256.000000,0.000000,0.000000
-100.000000,-100.000000,0.000000,0.000000,-2239.000000,0.000000,0.000000
-100.000000,-200.000000,0.000000,0.000000,-2236.000000,0.000000,0.000000
-100.000000,-200.000000,0.000000,0.000000,-2213.000000,0.000000,0.000000
-200.000000,0.000000,0.000000,0.000000,-2212.000000,0.000000,0.000000
0.000000,0.000000,0.000000,0.000000,-2205.000000,0.000000,0.000000
0.000000,-100.000000,0.000000,0.000000,-2213.000000,0.000000,0.000000
0.000000,-100.000000,0.000000,0.000000,-2213.000000,0.000000,0.000000
0.000000,-100.000000,0.000000,0.000000,-2197.000000,0.000000,0.000000
-100.000000,0.000000,0.000000,0.000000,-2193.000000,0.000000,0.000000
-100.000000,-100.000000,0.000000,0.000000,-2177.000000,0.000000,0.000000
0.000000,0.000000,0.000000,0.000000,-2169.000000,0.000000,0.000000
200.000000,0.000000,0.000000,0.000000,-2167.000000,0.000000,0.000000
0.000000,0.000000,0.000000,0.000000,-2169.000000,0.000000,0.000000
-200.000000,100.000000,0.000000,0.000000,-2163.000000,0.000000,0.000000
0.000000,-100.000000,0.000000,0.000000,-2177.000000,0.000000,0.000000
100.000000,-100.000000,0.000000,0.000000,-2195.000000,0.000000,0.000000
-300.000000,100.000000,0.000000,0.000000,-2178.000000,0.000000,0.000000
-100.000000,0.000000,0.000000,0.000000,-2173.000000,0.000000,0.000000
0.000000,0.000000,0.000000,0.000000,-2187.000000,0.000000,0.000000
0.000000,0.000000,0.000000,0.000000,-2198.000000,0.000000,0.000000
0.000000,-100.000000,0.000000,0.000000,-2199.000000,0.000000,0.000000
-100.000000,-200.000000,0.000000,0.000000,-2193.000000,0.000000,0.000000
-200.000000,0.000000,0.000000,0.000000,-2185.000000,0.000000,0.000000
0.000000,-600.000000,0.000000,0.000000,-2180.000000,0.000000,0.000000
0.000000,0.000000,0.000000,0.000000,-2196.000000,0.000000,0.000000
-100.000000,0.000000,0.000000,0.000000,-2214.000000,0.000000,0.000000
-100.000000,0.000000,0.000000,0.000000,-2231.000000,0.000000,0.000000
0.000000,-200.000000,0.000000,0.000000,-2221.000000,0.000000,0.000000
-100.000000,-100.000000,0.000000,0.000000,-2222.000000,0.000000,0.000000
0.000000,100.000000,0.000000,0.000000,-2237.000000,0.000000,0.000000
-100.000000,-100.000000,0.000000,0.000000,-2227.000000,0.000000,0.000000
0.000000,-200.000000,0.000000,0.000000,-2242.000000,0.000000,0.000000
0.000000,100.000000,0.000000,0.000000,-2239.000000,0.000000,0.000000
-100.000000,0.000000,0.000000,0.000000,-2237.000000,0.000000,0.000000
100.000000,-100.000000,0.000000,0.000000,-2245.000000,0.000000,0.000000
0.000000,0.000000,0.000000,0.000000,-2246.000000,0.000000,0.000000
300.000000,-200.000000,0.000000,0.000000,-2250.000000,0.000000,0.000000
-100.000000,0.000000,0.000000,0.000000,-2225.000000,0.000000,0.000000
-100.000000,-100.000000,0.000000,0.000000,-2213.000000,0.000000,0.000000
-100.000000,0.000000,0.000000,0.000000,-2206.000000,0.000000,0.000000
-100.000000,0.000000,0.000000,0.000000,-2226.000000,0.000000,0.000000
0.000000,0.000000,0.000000,0.000000,-2241.000000,0.000000,0.000000
-100.000000,0.000000,0.000000,0.000000,-2238.000000,0.000000,0.000000
-100.000000,-100.000000,0.000000,0.000000,-2237.000000,0.000000,0.000000
-200.000000,-200.000000,0.000000,0.000000,-2240.000000,0.000000,0.000000
-100.000000,0.000000,0.000000,0.000000,-2255.000000,0.000000,0.000000
0.000000,-100.000000,0.000000,0.000000,-2252.000000,0.000000,0.000000
-100.000000,0.000000,0.000000,0.000000,-2252.000000,0.000000,0.000000
-100.000000,0.000000,0.000000,0.000000,-2246.000000,0.000000,0.000000
0.000000,-300.000000,0.000000,0.000000,-2225.000000,0.000000,0.000000
0.000000,0.000000,0.000000,0.000000,-2235.000000,0.000000,0.000000
0.000000,-100.000000,0.000000,0.000000,-2236.000000,0.000000,0.000000
-200.000000,0.000000,0.000000,0.000000,-2229.000000,0.000000,0.000000
0.000000,0.000000,0.000000,0.000000,-2230.000000,0.000000,0.000000
0.000000,-100.000000,0.000000,0.000000,-2219.000000,0.000000,0.000000
100.000000,100.000000,0.000000,0.000000,-2206.000000,0.000000,0.000000
200.000000,-100.000000,0.000000,0.000000,-2216.000000,0.000000,0.000000
100.000000,0.000000,0.000000,0.000000,-2221.000000,0.000000,0.000000
0.000000,-100.000000,0.000000,0.000000,-2195.000000,0.000000,0.000000
0.000000,100.000000,0.000000,0.000000,-2192.000000,0.000000,0.000000
-100.000000,0.000000,0.000000,0.000000,-2185.000000,0.000000,0.000000
-200.000000,-300.000000,0.000000,0.000000,-2188.000000,0.000000,0.000000
100.000000,0.000000,0.000000,0.000000,-2190.000000,0.000000,0.000000
-100.000000,0.000000,0.000000,0.000000,-2188.000000,0.000000,0.000000
-100.000000,-200.000000,0.000000,0.000000,-2173.000000,0.000000,0.000000
-200.000000,0.000000,0.000000,0.000000,-2171.000000,0.000000,0.000000
-200.000000,100.000000,0.000000,0.000000,-2174.000000,0.000000,0.000000
-100.000000,100.000000,0.000000,0.000000,-2193.000000,0.000000,0.000000
-100.000000,-100.000000,0.000000,0.000000,-2212.000000,0.000000,0.000000
0.000000,0.000000,0.000000,0.000000,-2195.000000,0.000000,0.000000
-100.000000,200.000000,0.000000,0.000000,-2188.000000,0.000000,0.000000
-200.000000,-100.000000,0.000000,0.000000,-2199.000000,0.000000,0.000000
100.000000,0.000000,0.000000,0.000000,-2206.000000,0.000000,0.000000
-100.000000,100.000000,0.000000,0.000000,-2212.000000,0.000000,0.000000
0.000000,100.000000,0.000000,0.000000,-2223.000000,0.000000,0.000000
-200.000000,-200.000000,0.000000,0.000000,-2214.000000,0.000000,0.000000
-100.000000,-100.000000,0.000000,0.000000,-2212.000000,0.000000,0.000000
-200.000000,100.000000,0.000000,0.000000,-2226.000000,0.000000,0.000000
0.000000,-100.000000,0.000000,0.000000,-2232.000000,0.000000,0.000000
-200.000000,0.000000,0.000000,0.000000,-2233.000000,0.000000,0.000000
-200.000000,-100.000000,0.000000,0.000000,-2240.000000,0.000000,0.000000
-100.000000,100.000000,0.000000,0.000000,-2248.000000,0.000000,0.000000
0.000000,-100.000000,0.000000,0.000000,-2272.000000,0.000000,0.000000
0.000000,0.000000,0.000000,0.000000,-2268.000000,0.000000,0.000000
100.000000,100.000000,0.000000,0.000000,-2261.000000,0.000000,0.000000
200.000000,-300.000000,0.000000,0.000000,-2273.000000,0.000000,0.000000
-200.000000,100.000000,0.000000,0.000000,-2271.000000,0.000000,0.000000
-100.000000,-100.000000,0.000000,0.000000,-2267.000000,0.000000,0.000000
100.000000,-100.000000,0.000000,0.000000,-2277.000000,0.000000,0.000000
0.000000,-100.000000,0.000000,0.000000,-2269.000000,0.000000,0.000000
100.000000,-200.000000,0.000000,0.000000,-2257.000000,0.000000,0.000000
0.000000,0.000000,0.000000,0.000000,-2267.000000,0.000000,0.000000
-300.000000,0.000000,0.000000,0.000000,-2298.000000,0.000000,0.000000
-100.000000,-200.000000,0.000000,0.000000,-2305.000000,0.000000,0.000000
-200.000000,-100.000000,0.000000,0.000000,-2325.000000,0.000000,0.000000
100.000000,0.000000,0.000000,0.000000,-2331.000000,0.000000,0.000000
0.000000,0.000000,0.000000,0.000000,-2333.000000,0.000000,0.000000
0.000000,0.000000,0.000000,0.000000,-2341.000000,0.000000,0.000000
0.000000,-100.000000,0.000000,0.000000,-2330.000000,0.000000,0.000000
-100.000000,-100.000000,0.000000,0.000000,-2314.000000,0.000000,0.000000
0.000000,-200.000000,0.000000,0.000000,-2301.000000,0.000000,0.000000
-100.000000,-100.000000,0.000000,0.000000,-2278.000000,0.000000,0.000000
-100.000000,0.000000,0.000000,0.000000,-2272.000000,0.000000,0.000000
200.000000,-100.000000,0.000000,0.000000,-2264.000000,0.000000,0.000000
0.000000,0.000000,0.000000,0.000000,-2278.000000,0.000000,0.000000
0.000000,0.000000,0.000000,0.000000,-2279.000000,0.000000,0.000000
-100.000000,-100.000000,0.000000,0.000000,-2286.000000,0.000000,0.000000
100.000000,0.000000,0.000000,0.000000,-2294.000000,0.000000,0.000000
0.000000,-100.000000,0.000000,0.000000,-2317.000000,0.000000,0.000000
0.000000,100.000000,0.000000,0.000000,-2323.000000,0.000000,0.000000
-100.000000,0.000000,0.000000,0.000000,-2318.000000,0.000000,0.000000
-200.000000,-200.000000,0.000000,0.000000,-2298.000000,0.000000,0.000000
100.000000,-100.000000,0.000000,0.000000,-2290.000000,0.000000,0.000000
200.000000,-100.000000,0.000000,0.000000,-728.000000,0.000000,0.000000
0.000000,-200.000000,0.000000,0.000000,-759.000000,0.000000,0.000000
0.000000,0.000000,0.000000,0.000000,-796.000000,0.000000,0.000000
-100.000000,0.000000,0.000000,0.000000,-816.000000,0.000000,0.000000
-200.000000,-300.000000,0.000000,0.000000,-847.000000,0.000000,0.000000
100.000000,0.000000,0.000000,0.000000,-882.000000,0.000000,0.000000
0.000000,0.000000,0.000000,0.000000,-925.000000,0.000000,0.000000
0.000000,-200.000000,0.000000,0.000000,-972.000000,0.000000,0.000000
-200.000000,0.000000,0.000000,0.000000,-1023.000000,0.000000,0.000000
-100.000000,0.000000,0.000000,0.000000,-1073.000000,0.000000,0.000000
0.000000,0.000000,0.000000,0.000000,-1109.000000,0.000000,0.000000
100.000000,-100.000000,0.000000,0.000000,-1146.000000,0.000000,0.000000
100.000000,-100.000000,0.000000,0.000000,-1161.000000,0.000000,0.000000
-200.000000,0.000000,0.000000,0.000000,-1191.000000,0.000000,0.000000
0.000000,0.000000,0.000000,0.000000,-1229.000000,0.000000,0.000000
0.000000,0.000000,0.000000,0.000000,-1258.000000,0.000000,0.000000
-100.000000,-100.000000,0.000000,0.000000,-1303.000000,0.000000,0.000000
-100.000000,300.000000,0.000000,0.000000,-1343.000000,0.000000,0.000000
300.000000,100.000000,0.000000,0.000000,-1384.000000,0.000000,0.000000
0.000000,-200.000000,0.000000,0.000000,-1420.000000,0.000000,0.000000
100.000000,-100.000000,0.000000,0.000000,-1452.000000,0.000000,0.000000
200.000000,0.000000,0.000000,0.000000,-1468.000000,0.000000,0.000000
-200.000000,0.000000,0.000000,0.000000,-1493.000000,0.000000,0.000000
0.000000,0.000000,0.000000,0.000000,-1531.000000,0.000000,0.000000
-100.000000,0.000000,0.000000,0.000000,-1569.000000,0.000000,0.000000
-100.000000,0.000000,0.000000,0.000000,-1603.000000,0.000000,0.000000
-200.000000,-400.000000,0.000000,0.000000,-1637.000000,0.000000,0.000000
-200.000000,-300.000000,0.000000,0.000000,-1682.000000,0.000000,0.000000
-200.000000,0.000000,0.000000,0.000000,-1718.000000,0.000000,0.000000
0.000000,0.000000,0.000000,0.000000,-1742.000000,0.000000,0.000000
100.000000,-100.000000,0.000000,0.000000,-1773.000000,0.000000,0.000000
-200.000000,0.000000,0.000000,0.000000,-1802.000000,0.000000,0.000000
0.000000,-400.000000,0.000000,0.000000,-1836.000000,0.000000,0.000000
-100.000000,0.000000,0.000000,0.000000,-1865.000000,0.000000,0.000000
-100.000000,0.000000,0.000000,0.000000,-1894.000000,0.000000,0.000000
0.000000,0.000000,0.000000,0.000000,-1922.000000,0.000000,0.000000
-300.000000,0.000000,0.000000,0.000000,-1940.000000,0.000000,0.000000
0.000000,0.000000,0.000000,0.000000,-1970.000000,0.000000,0.000000
-200.000000,100.000000,0.000000,0.000000,-1996.000000,0.000000,0.000000
-200.000000,0.000000,0.000000,0.000000,-2017.000000,0.000000,0.000000
-100.000000,0.000000,0.000000,0.000000,-2036.000000,0.000000,0.000000
-200.000000,0.000000,0.000000,0.000000,-2050.000000,0.000000,0.000000
-100.000000,0.000000,0.000000,0.000000,-2072.000000,0.000000,0.000000
-100.000000,200.000000,0.000000,0.000000,-2086.000000,0.000000,0.000000
-100.000000,0.000000,0.000000,0.000000,-2103.000000,0.000000,0.000000
-100.000000,0.000000,0.000000,0.000000,-2120.000000,0.000000,0.000000
0.000000,-100.000000,0.000000,0.000000,-2137.000000,0.000000,0.000000
-100.000000,-100.000000,0.000000,0.000000,-2135.000000,0.000000,0.000000
-100.000000,0.000000,0.000000,0.000000,-2160.000000,0.000000,0.000000
0.000000,0.000000,0.000000,0.000000,-2195.000000,0.000000,0.000000
0.000000,0.000000,0.000000,0.000000,-2220.000000,0.000000,0.000000
-100.000000,0.000000,0.000000,0.000000,-2238.000000,0.000000,0.000000
200.000000,-200.000000,0.000000,0.000000,-2246.000000,0.000000,0.000000
0.000000,-100.000000,0.000000,0.000000,-2269.000000,0.000000,0.000000
-300.000000,0.000000,0.000000,0.000000,-2283.000000,0.000000,0.000000
-200.000000,300.000000,0.000000,0.000000,-2313.000000,0.000000,0.000000
0.000000,0.000000,0.000000,0.000000,-2352.000000,0.000000,0.000000
-100.000000,100.000000,0.000000,0.000000,-2363.000000,0.000000,0.000000
0.000000,-100.000000,0.000000,0.000000,-2366.000000,0.000000,0.000000
0.000000,100.000000,0.000000,0.000000,-2388.000000,0.000000,0.000000
-200.000000,0.000000,0.000000,0.000000,-2403.000000,0.000000,0.000000
0.000000,0.000000,0.000000,0.000000,-2402.000000,0.000000,0.000000
0.000000,-300.000000,0.000000,0.000000,-2402.000000,0.000000,0.000000
-200.000000,0.000000,0.000000,0.000000,-2402.000000,0.000000,0.000000
-100.000000,-100.000000,0.000000,0.000000,-2416.000000,0.000000,0.000000
0.000000,0.000000,0.000000,0.000000,-2415.000000,0.000000,0.000000
0.000000,0.000000,0.000000,0.000000,-2429.000000,0.000000,0.000000
100.000000,0.000000,0.000000,0.000000,-2446.000000,0.000000,0.000000
0.000000,-100.000000,0.000000,0.000000,-2440.000000,0.000000,0.000000
-100.000000,0.000000,0.000000,0.000000,-2442.000000,0.000000,0.000000
-100.000000,-100.000000,0.000000,0.000000,-2462.000000,0.000000,0.000000
-100.000000,0.000000,30.000000,31.000000,-2468.000000,0.000000,0.000000
0.000000,-200.000000,0.000000,0.000000,-2461.000000,0.000000,0.000000
-200.000000,-200.000000,0.000000,0.000000,-2452.000000,0.000000,0.000000
0.000000,-200.000000,0.000000,0.000000,-2477.000000,0.000000,0.000000
-200.000000,-100.000000,0.000000,0.000000,-2485.000000,0.000000,0.000000
-100.000000,-200.000000,0.000000,0.000000,-2490.000000,0.000000,0.000000
-100.000000,100.000000,0.000000,0.000000,-2480.000000,0.000000,0.000000
0.000000,100.000000,0.000000,0.000000,-2504.000000,0.000000,0.000000
-100.000000,-100.000000,0.000000,0.000000,-2504.000000,0.000000,0.000000
0.000000,0.000000,0.000000,0.000000,-2514.000000,0.000000,0.000000
-100.000000,-300.000000,0.000000,0.000000,-2526.000000,0.000000,0.000000
-100.000000,0.000000,0.000000,0.000000,-2519.000000,0.000000,0.000000
0.000000,100.000000,0.000000,0.000000,-2536.000000,0.000000,0.000000
200.000000,0.000000,0.000000,0.000000,-2531.000000,0.000000,0.000000
0.000000,-100.000000,0.000000,0.000000,-2524.000000,0.000000,0.000000
300.000000,-100.000000,0.000000,0.000000,-2528.000000,0.000000,0.000000
-100.000000,0.000000,0.000000,0.000000,-2516.000000,0.000000,0.000000
-100.000000,0.000000,0.000000,0.000000,-2521.000000,0.000000,0.000000
200.000000,100.000000,0.000000,0.000000,-2516.000000,0.000000,0.000000
100.000000,-400.000000,0.000000,0.000000,-2510.000000,0.000000,0.000000
0.000000,100.000000,0.000000,0.000000,-2520.000000,0.000000,0.000000
-100.000000,-200.000000,0.000000,0.000000,-2506.000000,0.000000,0.000000
0.000000,0.000000,0.000000,0.000000,-2501.000000,0.000000,0.000000
0.000000,0.000000,0.000000,0.000000,-2499.000000,0.000000,0.000000
-200.000000,-200.000000,0.000000,0.000000,-2513.000000,0.000000,0.000000
-200.000000,0.000000,0.000000,0.000000,-2513.000000,0.000000,0.000000
-100.000000,-100.000000,0.000000,0.000000,-2513.000000,0.000000,0.000000
200.000000,200.000000,0.000000,0.000000,-2522.000000,0.000000,0.000000
-200.000000,-100.000000,0.000000,0.000000,-2512.000000,0.000000,0.000000
-100.000000,-200.000000,0.000000,0.000000,-2520.000000,0.000000,0.000000
-100.000000,100.000000,0.000000,0.000000,-2522.000000,0.000000,0.000000
-200.000000,-200.000000,0.000000,0.000000,-2511.000000,0.000000,0.000000
0.000000,0.000000,0.000000,0.000000,-2509.000000,0.000000,0.000000
0.000000,0.000000,0.000000,0.000000,-2507.000000,0.000000,0.000000
0.000000,-100.000000,0.000000,0.000000,-2491.000000,0.000000,0.000000
0.000000,-200.000000,0.000000,0.000000,-2274.000000,0.000000,0.000000
0.000000,100.000000,0.000000,0.000000,-2290.000000,0.000000,0.000000
0.000000,-200.000000,0.000000,0.000000,-2289.000000,0.000000,0.000000
0.000000,0.000000,0.000000,0.000000,-2285.000000,0.000000,0.000000
0.000000,-100.000000,0.000000,0.000000,-2285.000000,0.000000,0.000000
-100.000000,200.000000,0.000000,0.000000,-2282.000000,0.000000,0.000000
-200.000000,100.000000,0.000000,0.000000,-2294.000000,0.000000,0.000000
-100.000000,-200.000000,0.000000,0.000000,-2288.000000,0.000000,0.000000
-100.000000,-100.000000,0.000000,0.000000,-2296.000000,0.000000,0.000000
0.000000,-200.000000,0.000000,0.000000,-2297.000000,0.000000,0.000000
-100.000000,-100.000000,0.000000,0.000000,-2289.000000,0.000000,0.000000
0.000000,-200.000000,0.000000,0.000000,-2287.000000,0.000000,0.000000
0.000000,-100.000000,0.000000,0.000000,-2292.000000,0.000000,0.000000
0.000000,0.000000,0.000000,0.000000,-2292.000000,0.000000,0.000000
0.000000,-100.000000,0.000000,0.000000,-2297.000000,0.000000,0.000000
-200.000000,0.000000,0.000000,0.000000,-2305.000000,0.000000,0.000000
-100.000000,-100.000000,0.000000,0.000000,-2296.000000,0.000000,0.000000
0.000000,0.000000,0.000000,0.000000,-2295.000000,0.000000,0.000000
-200.000000,-200.000000,0.000000,0.000000,-2289.000000,0.000000,0.000000
-100.000000,-100.000000,0.000000,0.000000,-2282.000000,0.000000,0.000000
100.000000,0.000000,0.000000,0.000000,-2295.000000,0.000000,0.000000
0.000000,0.000000,15.000000,15.000000,-2301.000000,0.000000,0.000000
-100.000000,-200.000000,0.000000,0.000000,-2294.000000,0.000000,0.000000
-200.000000,-100.000000,0.000000,0.000000,-2298.000000,0.000000,0.000000
0.000000,-200.000000,0.000000,0.000000,-2319.000000,0.000000,0.000000
0.000000,-300.000000,0.000000,0.000000,-2311.000000,0.000000,0.000000
-100.000000,0.000000,0.000000,0.000000,-2313.000000,0.000000,0.000000
-100.000000,-200.000000,0.000000,0.000000,-2308.000000,0.000000,0.000000
0.000000,-300.000000,0.000000,0.000000,-2317.000000,0.000000,0.000000
-100.000000,0.000000,0.000000,0.000000,-2311.000000,0.000000,0.000000
0.000000,-300.000000,0.000000,0.000000,-2309.000000,0.000000,0.000000
-100.000000,0.000000,0.000000,0.000000,-2312.000000,0.000000,0.000000
300.000000,100.000000,0.000000,0.000000,-2298.000000,0.000000,0.000000
0.000000,-100.000000,0.000000,0.000000,-2296.000000,0.000000,0.000000
0.000000,0.000000,0.000000,0.000000,-2294.000000,0.000000,0.000000
100.000000,-100.000000,0.000000,0.000000,-2276.000000,0.000000,0.000000
100.000000,300.000000,0.000000,0.000000,-2285.000000,0.000000,0.000000
0.000000,0.000000,0.000000,0.000000,-2250.000000,0.000000,0.000000
0.000000,-100.000000,0.000000,0.000000,-2278.000000,0.000000,0.000000
0.000000,-100.000000,0.000000,0.000000,-2273.000000,0.000000,0.000000
0.000000,0.000000,0.000000,0.000000,-2250.000000,0.000000,0.000000
-100.000000,-100.000000,0.000000,0.000000,-2257.000000,0.000000,0.000000
0.000000,100.000000,0.000000,0.000000,-2271.000000,0.000000,0.000000
0.000000,-100.000000,0.000000,0.000000,-2273.000000,0.000000,0.000000
-100.000000,-100.000000,0.000000,0.000000,-2268.000000,0.000000,0.000000
0.000000,-100.000000,0.000000,0.000000,-2263.000000,0.000000,0.000000
0.000000,-100.000000,0.000000,0.000000,-2248.000000,0.000000,0.000000
0.000000,-200.000000,0.000000,0.000000,-2254.000000,0.000000,0.000000
-100.000000,-300.000000,0.000000,0.000000,-2258.000000,0.000000,0.000000
0.000000,0.000000,0.000000,0.000000,-2245.000000,0.000000,0.000000
0.000000,0.000000,0.000000,0.000000,-2236.000000,0.000000,0.000000
-100.000000,0.000000,0.000000,0.000000,-2227.000000,0.000000,0.000000
0.000000,100.000000,0.000000,0.000000,-2223.000000,0.000000,0.000000
-200.000000,-200.000000,0.000000,0.000000,-2236.000000,0.000000,0.000000
0.000000,0.000000,0.000000,0.000000,-2246.000000,0.000000,0.000000
-100.000000,100.000000,0.000000,0.000000,-2256.000000,0.000000,0.000000
0.000000,100.000000,0.000000,0.000000,-2256.000000,0.000000,0.000000
-100.000000,0.000000,0.000000,0.000000,-2254.000000,0.000000,0.000000
0.000000,-100.000000,0.000000,0.000000,-2244.000000,0.000000,0.000000
0.000000,0.000000,0.000000,0.000000,-2243.000000,0.000000,0.000000
0.000000,0.000000,0.000000,0.000000,-2235.000000,0.000000,0.000000
-200.000000,-100.000000,0.000000,0.000000,-2225.000000,0.000000,0.000000
100.000000,0.000000,0.000000,0.000000,-2225.000000,0.000000,0.000000
-100.000000,0.000000,0.000000,0.000000,-2237.000000,0.000000,0.000000
0.000000,0.000000,0.000000,0.000000,-2250.000000,0.000000,0.000000
-100.000000,100.000000,15.000000,15.000000,-2244.000000,0.000000,0.000000
-100.000000,-200.000000,0.000000,0.000000,-2246.000000,0.000000,0.000000
-200.000000,0.000000,0.000000,0.000000,-2225.000000,0.000000,0.000000
0.000000,-100.000000,0.000000,0.000000,-2236.000000,0.000000,0.000000
