Channel 1,Channel 2,Channel 3,Channel 4,Channel 5,Channel 6,Channel 7
0.000000,0.000000,0.000000,0.000000,-2286.000000,0.000000,0.000000
0.000000,-200.000000,0.000000,0.000000,-2267.000000,0.000000,0.000000
100.000000,-300.000000,0.000000,0.000000,-2255.000000,0.000000,0.000000
0.000000,0.000000,0.000000,0.000000,-2240.000000,0.000000,0.000000
0.000000,0.000000,0.000000,0.000000,-2243.000000,0.000000,0.000000
-100.000000,-100.000000,0.000000,0.000000,-2252.000000,0.000000,0.000000
0.000000,-100.000000,0.000000,0.000000,-2262.000000,0.000000,0.000000
0.000000,200.000000,0.000000,0.000000,-2273.000000,0.000000,0.000000
100.000000,0.000000,0.000000,0.000000,-2281.000000,0.000000,0.000000
100.000000,100.000000,0.000000,0.000000,-2266.000000,0.000000,0.000000
-100.000000,-100.000000,0.000000,0.000000,-2275.000000,0.000000,0.000000
0.000000,100.000000,0.000000,0.000000,-2265.000000,0.000000,0.000000
0.000000,-100.000000,0.000000,0.000000,-2267.000000,0.000000,0.000000
100.000000,-100.000000,0.000000,0.000000,-2256.000000,0.000000,0.000000
100.000000,-200.000000,0.000000,0.000000,-2267.000000,0.000000,0.000000
-200.000000,0.000000,0.000000,0.000000,-2281.000000,0.000000,0.000000
-100.000000,0.000000,0.000000,0.000000,-2284.000000,0.000000,0.000000
-100.000000,200.000000,0.000000,0.000000,-2274.000000,0.000000,0.000000
0.000000,-200.000000,0.000000,0.000000,-2260.000000,0.000000,0.000000
-100.000000,100.000000,0.000000,0.000000,-2253.000000,0.000000,0.000000
0.000000,-200.000000,0.000000,0.000000,-2246.000000,0.000000,0.000000
-100.000000,0.000000,0.000000,0.000000,-2231.000000,0.000000,0.000000
100.000000,-200.000000,0.000000,0.000000,-2224.000000,0.000000,0.000000
0.000000,0.000000,0.000000,0.000000,-2237.000000,0.000000,0.000000
0.000000,0.000000,15.000000,15.000000,-2214.000000,0.000000,0.000000
0.000000,-200.000000,0.000000,0.000000,-2226.000000,0.000000,0.000000
-100.000000,0.000000,0.000000,0.000000,-2213.000000,0.000000,0.000000
0.000000,0.000000,0.000000,0.000000,-2192.000000,0.000000,0.000000
-200.000000,-300.000000,0.000000,0.000000,-2177.000000,0.000000,0.000000
-100.000000,100.000000,0.000000,0.000000,-2178.000000,0.000000,0.000000
0.000000,-100.000000,0.000000,0.000000,-2188.000000,0.000000,0.000000
0.000000,-100.000000,0.000000,0.000000,-2188.000000,0.000000,0.000000
0.000000,200.000000,0.000000,0.000000,-2173.000000,0.000000,0.000000
0.000000,0.000000,0.000000,0.000000,-2176.000000,0.000000,0.000000
0.000000,100.000000,0.000000,0.000000,-2174.000000,0.000000,0.000000
-100.000000,-100.000000,0.000000,0.000000,-2187.000000,0.000000,0.000000
100.000000,100.000000,0.000000,0.000000,-2194.000000,0.000000,0.000000
-100.000000,0.000000,0.000000,0.000000,-2190.000000,0.000000,0.000000
200.000000,-500.000000,0.000000,0.000000,-2211.000000,0.000000,0.000000
0.000000,-100.000000,0.000000,0.000000,-2225.000000,0.000000,0.000000
0.000000,0.000000,0.000000,0.000000,-2247.000000,0.000000,0.000000
0.000000,-200.000000,0.000000,0.000000,-2271.000000,0.000000,0.000000
-100.000000,0.000000,0.000000,0.000000,-2261.000000,0.000000,0.000000
-100.000000,0.000000,0.000000,0.000000,-2245.000000,0.000000,0.000000
300.000000,0.000000,0.000000,0.000000,-2249.000000,0.000000,0.000000
100.000000,0.000000,0.000000,0.000000,-2246.000000,0.000000,0.000000
-100.000000,0.000000,0.000000,0.000000,-2248.000000,0.000000,0.000000
0.000000,0.000000,0.000000,0.000000,-2245.000000,0.000000,0.000000
0.000000,0.000000,0.000000,0.000000,-2246.000000,0.000000,0.000000
0.000000,0.000000,0.000000,0.000000,-2256.000000,0.000000,0.000000
0.000000,-100.000000,0.000000,0.000000,-2277.000000,0.000000,0.000000
-200.000000,-100.000000,0.000000,0.000000,-2293.000000,0.000000,0.000000
-100.000000,-100.000000,0.000000,0.000000,-2308.000000,0.000000,0.000000
-200.000000,-300.000000,0.000000,0.000000,-2284.000000,0.000000,0.000000
0.000000,0.000000,15.000000,15.000000,-2261.000000,0.000000,0.000000
200.000000,0.000000,0.000000,0.000000,-2260.000000,0.000000,0.000000
0.000000,0.000000,0.000000,0.000000,-2265.000000,0.000000,0.000000
0.000000,0.000000,0.000000,0.000000,-2270.000000,0.000000,0.000000
100.000000,0.000000,0.000000,0.000000,-2275.000000,0.000000,0.000000
100.000000,-200.000000,0.000000,0.000000,-2284.000000,0.000000,0.000000
0.000000,0.000000,0.000000,0.000000,-2283.000000,0.000000,0.000000
-100.000000,-200.000000,0.000000,0.000000,-2289.000000,0.000000,0.000000
-100.000000,-100.000000,0.000000,0.000000,-2263.000000,0.000000,0.000000
-500.000000,0.000000,0.000000,0.000000,-2253.000000,0.000000,0.000000
0.000000,0.000000,0.000000,0.000000,-2248.000000,0.000000,0.000000
-200.000000,-100.000000,0.000000,0.000000,-2264.000000,0.000000,0.000000
-100.000000,0.000000,15.000000,15.000000,-2270.000000,0.000000,0.000000
-200.000000,-100.000000,0.000000,0.000000,-2265.000000,0.000000,0.000000
-200.000000,0.000000,0.000000,0.000000,-2264.000000,0.000000,0.000000
-100.000000,-200.000000,0.000000,0.000000,-2248.000000,0.000000,0.000000
0.000000,-100.000000,0.000000,0.000000,-2232.000000,0.000000,0.000000
0.000000,0.000000,0.000000,0.000000,-2245.000000,0.000000,0.000000
-300.000000,-100.000000,0.000000,0.000000,-2248.000000,0.000000,0.000000
0.000000,0.000000,0.000000,0.000000,-2253.000000,0.000000,0.000000
0.000000,-200.000000,0.000000,0.000000,-2263.000000,0.000000,0.000000
-100.000000,0.000000,0.000000,0.000000,-2290.000000,0.000000,0.000000
-200.000000,0.000000,0.000000,0.000000,-2282.000000,0.000000,0.000000
0.000000,100.000000,0.000000,0.000000,-2262.000000,0.000000,0.000000
-100.000000,-100.000000,30.000000,31.000000,-2268.000000,0.000000,0.000000
-100.000000,0.000000,0.000000,0.000000,-2260.000000,0.000000,0.000000
0.000000,100.000000,0.000000,0.000000,-2254.000000,0.000000,0.000000
-100.000000,0.000000,0.000000,0.000000,-2262.000000,0.000000,0.000000
-100.000000,0.000000,0.000000,0.000000,-2273.000000,0.000000,0.000000
0.000000,0.000000,0.000000,0.000000,-2286.000000,0.000000,0.000000
0.000000,200.000000,0.000000,0.000000,-2288.000000,0.000000,0.000000
0.000000,0.000000,0.000000,0.000000,-2282.000000,0.000000,0.000000
200.000000,0.000000,0.000000,0.000000,-2254.000000,0.000000,0.000000
0.000000,0.000000,0.000000,0.000000,-2236.000000,0.000000,0.000000
0.000000,300.000000,0.000000,0.000000,-2225.000000,0.000000,0.000000
-200.000000,-300.000000,0.000000,0.000000,-2247.000000,0.000000,0.000000
-100.000000,-200.000000,0.000000,0.000000,-2239.000000,0.000000,0.000000
-100.000000,0.000000,0.000000,0.000000,-2240.000000,0.000000,0.000000
-100.000000,300.000000,0.000000,0.000000,-2260.000000,0.000000,0.000000
0.000000,100.000000,0.000000,0.000000,-2251.000000,0.000000,0.000000
100.000000,-100.000000,0.000000,0.000000,-2258.000000,0.000000,0.000000
-200.000000,0.000000,0.000000,0.000000,-2251.000000,0.000000,0.000000
0.000000,0.000000,0.000000,0.000000,-2261.000000,0.000000,0.000000
-100.000000,-200.000000,0.000000,0.000000,-2237.000000,0.000000,0.000000
100.000000,0.000000,0.000000,0.000000,-2241.000000,0.000000,0.000000
-300.000000,200.000000,0.000000,0.000000,-2264.000000,0.000000,0.000000
-100.000000,0.000000,0.000000,0.000000,-2261.000000,0.000000,0.000000
0.000000,-200.000000,0.000000,0.000000,-2252.000000,0.000000,0.000000
0.000000,0.000000,0.000000,0.000000,-2226.000000,0.000000,0.000000
-200.000000,100.000000,0.000000,0.000000,-2204.000000,0.000000,0.000000
-200.000000,-100.000000,0.000000,0.000000,-2216.000000,0.000000,0.000000
-200.000000,0.000000,0.000000,0.000000,-2226.000000,0.000000,0.000000
0.000000,0.000000,0.000000,0.000000,-2231.000000,0.000000,0.000000
-100.000000,0.000000,0.000000,0.000000,-2256.000000,0.000000,0.000000
-200.000000,0.000000,0.000000,0.000000,-2264.000000,0.000000,0.000000
-100.000000,-100.000000,0.000000,0.000000,-2276.000000,0.000000,0.000000
-200.000000,-100.000000,0.000000,0.000000,-2276.000000,0.000000,0.000000
-200.000000,-100.000000,0.000000,0.000000,-2243.000000,0.000000,0.000000
0.000000,-200.000000,0.000000,0.000000,-2208.000000,0.000000,0.000000
-100.000000,0.000000,0.000000,0.000000,-2193.000000,0.000000,0.000000
0.000000,0.000000,0.000000,0.000000,-2196.000000,0.000000,0.000000
-100.000000,200.000000,0.000000,0.000000,-2206.000000,0.000000,0.000000
0.000000,0.000000,0.000000,0.000000,-2209.000000,0.000000,0.000000
-100.000000,0.000000,0.000000,0.000000,-2218.000000,0.000000,0.000000
0.000000,-200.000000,0.000000,0.000000,-2200.000000,0.000000,0.000000
-100.000000,-100.000000,30.000000,31.000000,-2207.000000,0.000000,0.000000
0.000000,0.000000,0.000000,0.000000,-2201.000000,0.000000,0.000000
-100.000000,200.000000,0.000000,0.000000,-2206.000000,0.000000,0.000000
0.000000,-100.000000,0.000000,0.000000,-2200.000000,0.000000,0.000000
-200.000000,-100.000000,0.000000,0.000000,-2205.000000,0.000000,0.000000
-100.000000,0.000000,0.000000,0.000000,-2206.000000,0.000000,0.000000
0.000000,0.000000,0.000000,0.000000,-2221.000000,0.000000,0.000000
0.000000,0.000000,0.000000,0.000000,-2237.000000,0.000000,0.000000
-100.000000,0.000000,0.000000,0.000000,-2247.000000,0.000000,0.000000
-100.000000,100.000000,0.000000,0.000000,-2253.000000,0.000000,0.000000
-200.000000,100.000000,0.000000,0.000000,-2267.000000,0.000000,0.000000
0.000000,0.000000,0.000000,0.000000,-2280.000000,0.000000,0.000000
0.000000,100.000000,0.000000,0.000000,-2282.000000,0.000000,0.000000
0.000000,-100.000000,0.000000,0.000000,-2267.000000,0.000000,0.000000
-200.000000,0.000000,0.000000,0.000000,-2269.000000,0.000000,0.000000
100.000000,0.000000,0.000000,0.000000,-2275.000000,0.000000,0.000000
-100.000000,-200.000000,0.000000,0.000000,-2267.000000,0.000000,0.000000
0.000000,100.000000,0.000000,0.000000,-2266.000000,0.000000,0.000000
0.000000,-200.000000,0.000000,0.000000,-2277.000000,0.000000,0.000000
-200.000000,-100.000000,0.000000,0.000000,-2297.000000,0.000000,0.000000
-100.000000,-200.000000,0.000000,0.000000,-2317.000000,0.000000,0.000000
-100.000000,-100.000000,0.000000,0.000000,-2296.000000,0.000000,0.000000
-200.000000,-100.000000,0.000000,0.000000,-2300.000000,0.000000,0.000000
-100.000000,100.000000,0.000000,0.000000,-2286.000000,0.000000,0.000000
0.000000,0.000000,0.000000,0.000000,-2304.000000,0.000000,0.000000
200.000000,0.000000,0.000000,0.000000,-2315.000000,0.000000,0.000000
-100.000000,0.000000,15.000000,15.000000,-2322.000000,0.000000,0.000000
-100.000000,0.000000,0.000000,0.000000,-2335.000000,0.000000,0.000000
-100.000000,-300.000000,0.000000,0.000000,-2346.000000,0.000000,0.000000
0.000000,-100.000000,0.000000,0.000000,-2334.000000,0.000000,0.000000
0.000000,0.000000,0.000000,0.000000,-2336.000000,0.000000,0.000000
200.000000,-200.000000,0.000000,0.000000,-2324.000000,0.000000,0.000000
-100.000000,-300.000000,0.000000,0.000000,-2314.000000,0.000000,0.000000
-100.000000,0.000000,0.000000,0.000000,-2307.000000,0.000000,0.000000
0.000000,0.000000,0.000000,0.000000,-2295.000000,0.000000,0.000000
-100.000000,100.000000,0.000000,0.000000,-2279.000000,0.000000,0.000000
-100.000000,-100.000000,0.000000,0.000000,-2278.000000,0.000000,0.000000
0.000000,-200.000000,0.000000,0.000000,-2266.000000,0.000000,0.000000
100.000000,0.000000,0.000000,0.000000,-2265.000000,0.000000,0.000000
-100.000000,0.000000,0.000000,0.000000,-2263.000000,0.000000,0.000000
-100.000000,-200.000000,0.000000,0.000000,-2255.000000,0.000000,0.000000
0.000000,-200.000000,0.000000,0.000000,-2247.000000,0.000000,0.000000
-200.000000,0.000000,0.000000,0.000000,-2236.000000,0.000000,0.000000
0.000000,-100.000000,0.000000,0.000000,-2217.000000,0.000000,0.000000
-100.000000,200.000000,0.000000,0.000000,-2214.000000,0.000000,0.000000
-200.000000,-200.000000,0.000000,0.000000,-2211.000000,0.000000,0.000000
0.000000,-200.000000,0.000000,0.000000,-2211.000000,0.000000,0.000000
-200.000000,200.000000,0.000000,0.000000,-2227.000000,0.000000,0.000000
-100.000000,-100.000000,0.000000,0.000000,-2241.000000,0.000000,0.000000
0.000000,-200.000000,0.000000,0.000000,-2216.000000,0.000000,0.000000
0.000000,-100.000000,0.000000,0.000000,-2236.000000,0.000000,0.000000
100.000000,-300.000000,0.000000,0.000000,-2248.000000,0.000000,0.000000
0.000000,-200.000000,0.000000,0.000000,-2234.000000,0.000000,0.000000
-300.000000,0.000000,0.000000,0.000000,-2220.000000,0.000000,0.000000
-200.000000,-300.000000,0.000000,0.000000,-2232.000000,0.000000,0.000000
0.000000,200.000000,0.000000,0.000000,-2249.000000,0.000000,0.000000
-100.000000,-100.000000,0.000000,0.000000,-2251.000000,0.000000,0.000000
0.000000,-100.000000,0.000000,0.000000,-2233.000000,0.000000,0.000000
100.000000,-100.000000,15.000000,15.000000,-2223.000000,0.000000,0.000000
0.000000,0.000000,0.000000,0.000000,-2217.000000,0.000000,0.000000
-100.000000,0.000000,0.000000,0.000000,-2235.000000,0.000000,0.000000
-100.000000,-300.000000,0.000000,0.000000,-2227.000000,0.000000,0.000000
0.000000,100.000000,0.000000,0.000000,-2252.000000,0.000000,0.000000
-100.000000,-100.000000,0.000000,0.000000,-2252.000000,0.000000,0.000000
-100.000000,0.000000,0.000000,0.000000,-2229.000000,0.000000,0.000000
0.000000,-200.000000,0.000000,0.000000,-2242.000000,0.000000,0.000000
-100.000000,100.000000,0.000000,0.000000,-2276.000000,0.000000,0.000000
100.000000,-300.000000,0.000000,0.000000,-2290.000000,0.000000,0.000000
-100.000000,-300.000000,0.000000,0.000000,-2300.000000,0.000000,0.000000
-200.000000,-200.000000,0.000000,0.000000,-2282.000000,0.000000,0.000000
100.000000,0.000000,0.000000,0.000000,-2257.000000,0.000000,0.000000
-100.000000,-200.000000,0.000000,0.000000,-2257.000000,0.000000,0.000000
0.000000,-100.000000,0.000000,0.000000,-2271.000000,0.000000,0.000000
100.000000,0.000000,0.000000,0.000000,-2260.000000,0.000000,0.000000
0.000000,100.000000,0.000000,0.000000,-2233.000000,0.000000,0.000000
0.000000,200.000000,0.000000,0.000000,-2244.000000,0.000000,0.000000
-200.000000,-100.000000,0.000000,0.000000,-2228.000000,0.000000,0.000000
0.000000,0.000000,0.000000,0.000000,-2212.000000,0.000000,0.000000
200.000000,0.000000,0.000000,0.000000,-2241.000000,0.000000,0.000000
-100.000000,-100.000000,0.000000,0.000000,-2234.000000,0.000000,0.000000
0.000000,-100.000000,0.000000,0.000000,-2217.000000,0.000000,0.000000
-100.000000,0.000000,0.000000,0.000000,-2234.000000,0.000000,0.000000
0.000000,0.000000,0.000000,0.000000,-2244.000000,0.000000,0.000000
100.000000,-200.000000,0.000000,0.000000,-2242.000000,0.000000,0.000000
-100.000000,0.000000,0.000000,0.000000,-2255.000000,0.000000,0.000000
-100.000000,-100.000000,0.000000,0.000000,-2265.000000,0.000000,0.000000
0.000000,0.000000,0.000000,0.000000,-2265.000000,0.000000,0.000000
-100.000000,-100.000000,0.000000,0.000000,-2258.000000,0.000000,0.000000
-100.000000,-300.000000,0.000000,0.000000,-2243.000000,0.000000,0.000000
-100.000000,-100.000000,0.000000,0.000000,-2246.000000,0.000000,0.000000
100.000000,-200.000000,0.000000,0.000000,-2234.000000,0.000000,0.000000
0.000000,0.000000,0.000000,0.000000,-2248.000000,0.000000,0.000000
-100.000000,0.000000,0.000000,0.000000,-2243.000000,0.000000,0.000000
0.000000,0.000000,0.000000,0.000000,-2251.000000,0.000000,0.000000
-100.000000,-100.000000,0.000000,0.000000,-2226.000000,0.000000,0.000000
0.000000,200.000000,0.000000,0.000000,-2223.000000,0.000000,0.000000
-100.000000,-100.000000,0.000000,0.000000,-2208.000000,0.000000,0.000000
-200.000000,-100.000000,0.000000,0.000000,-2206.000000,0.000000,0.000000
-200.000000,100.000000,0.000000,0.000000,-2206.000000,0.000000,0.000000
0.000000,-200.000000,0.000000,0.000000,-2205.000000,0.000000,0.000000
0.000000,0.000000,0.000000,0.000000,-2234.000000,0.000000,0.000000
-100.000000,-200.000000,0.000000,0.000000,-2234.000000,0.000000,0.000000
-100.000000,-200.000000,0.000000,0.000000,-2235.000000,0.000000,0.000000
-100.000000,0.000000,0.000000,0.000000,-2236.000000,0.000000,0.000000
0.000000,0.000000,0.000000,0.000000,-2242.000000,0.000000,0.000000
0.000000,0.000000,0.000000,0.000000,-2243.000000,0.000000,0.000000
-100.000000,-100.000000,0.000000,0.000000,-2232.000000,0.000000,0.000000
-200.000000,-200.000000,0.000000,0.000000,-2235.000000,0.000000,0.000000
0.000000,0.000000,0.000000,0.000000,-2230.000000,0.000000,0.000000
-200.000000,300.000000,0.000000,0.000000,-2247.000000,0.000000,0.000000
-100.000000,-100.000000,0.000000,0.000000,-2240.000000,0.000000,0.000000
0.000000,-100.000000,0.000000,0.000000,-2246.000000,0.000000,0.000000
0.000000,0.000000,0.000000,0.000000,-2255.000000,0.000000,0.000000
-100.000000,0.000000,0.000000,0.000000,-2254.000000,0.000000,0.000000
0.000000,-200.000000,0.000000,0.000000,-2245.000000,0.000000,0.000000
0.000000,0.000000,0.000000,0.000000,-2245.000000,0.000000,0.000000
0.000000,0.000000,0.000000,0.000000,-2249.000000,0.000000,0.000000
0.000000,100.000000,0.000000,0.000000,-2243.000000,0.000000,0.000000
0.000000,-100.000000,0.000000,0.000000,-2245.000000,0.000000,0.000000
0.000000,-100.000000,0.000000,0.000000,-2245.000000,0.000000,0.000000
0.000000,0.000000,0.000000,0.000000,-2248.000000,0.000000,0.000000
0.000000,100.000000,0.000000,0.000000,-2251.000000,0.000000,0.000000
-200.000000,-100.000000,0.000000,0.000000,-2247.000000,0.000000,0.000000
0.000000,0.000000,0.000000,0.000000,-2245.000000,0.000000,0.000000
0.000000,0.000000,0.000000,0.000000,-2247.000000,0.000000,0.000000
0.000000,-100.000000,0.000000,0.000000,-2251.000000,0.000000,0.000000
0.000000,0.000000,0.000000,0.000000,-2231.000000,0.000000,0.000000
0.000000,100.000000,0.000000,0.000000,-2230.000000,0.000000,0.000000
0.000000,0.000000,0.000000,0.000000,-2241.000000,0.000000,0.000000
0.000000,-100.000000,0.000000,0.000000,-2232.000000,0.000000,0.000000
-200.000000,0.000000,0.000000,0.000000,-2240.000000,0.000000,0.000000
100.000000,0.000000,0.000000,0.000000,-2237.000000,0.000000,0.000000
-200.000000,-100.000000,0.000000,0.000000,-2242.000000,0.000000,0.000000
0.000000,0.000000,0.000000,0.000000,-2223.000000,0.000000,0.000000
0.000000,-200.000000,0.000000,0.000000,-2217.000000,0.000000,0.000000
0.000000,0.000000,0.000000,0.000000,-2209.000000,0.000000,0.000000
-100.000000,0.000000,0.000000,0.000000,-2198.000000,0.000000,0.000000
-100.000000,-300.000000,0.000000,0.000000,-2213.000000,0.000000,0.000000
0.000000,100.000000,30.000000,31.000000,-2227.000000,0.000000,0.000000
-100.000000,100.000000,0.000000,0.000000,-2243.000000,0.000000,0.000000
-200.000000,0.000000,0.000000,0.000000,-2247.000000,0.000000,0.000000
0.000000,-200.000000,0.000000,0.000000,-2244.000000,0.000000,0.000000
-100.000000,-300.000000,0.000000,0.000000,-2256.000000,0.000000,0.000000
0.000000,0.000000,0.000000,0.000000,-2273.000000,0.000000,0.000000
0.000000,-100.000000,0.000000,0.000000,-2265.000000,0.000000,0.000000
0.000000,-200.000000,0.000000,0.000000,-2252.000000,0.000000,0.000000
0.000000,100.000000,0.000000,0.000000,-2240.000000,0.000000,0.000000
-200.000000,0.000000,0.000000,0.000000,-2252.000000,0.000000,0.000000
-100.000000,0.000000,0.000000,0.000000,-2256.000000,0.000000,0.000000
0.000000,-200.000000,0.000000,0.000000,-2257.000000,0.000000,0.000000
-100.000000,0.000000,0.000000,0.000000,-2250.000000,0.000000,0.000000
0.000000,-100.000000,0.000000,0.000000,-2257.000000,0.000000,0.000000
0.000000,0.000000,0.000000,0.000000,-2227.000000,0.000000,0.000000
0.000000,0.000000,0.000000,0.000000,-2232.000000,0.000000,0.000000
-200.000000,-100.000000,0.000000,0.000000,-2218.000000,0.000000,0.000000
0.000000,0.000000,0.000000,0.000000,-2199.000000,0.000000,0.000000
0.000000,-100.000000,0.000000,0.000000,-2209.000000,0.000000,0.000000
-200.000000,-100.000000,0.000000,0.000000,-2189.000000,0.000000,0.000000
0.000000,-100.000000,0.000000,0.000000,-2200.000000,0.000000,0.000000
0.000000,0.000000,0.000000,0.000000,-2178.000000,0.000000,0.000000
0.000000,-200.000000,0.000000,0.000000,-2167.000000,0.000000,0.000000
0.000000,-100.000000,0.000000,0.000000,-2184.000000,0.000000,0.000000
0.000000,-200.000000,0.000000,0.000000,-2167.000000,0.000000,0.000000
0.000000,-100.000000,0.000000,0.000000,-2151.000000,0.000000,0.000000
0.000000,-100.000000,0.000000,0.000000,-2156.000000,0.000000,0.000000
-200.000000,-200.000000,0.000000,0.000000,-2162.000000,0.000000,0.000000
100.000000,100.000000,0.000000,0.000000,-2161.000000,0.000000,0.000000
0.000000,200.000000,0.000000,0.000000,-2150.000000,0.000000,0.000000
-100.000000,0.000000,0.000000,0.000000,-2168.000000,0.000000,0.000000
0.000000,100.000000,0.000000,0.000000,-2190.000000,0.000000,0.000000
100.000000,-100.000000,0.000000,0.000000,-2197.000000,0.000000,0.000000
-100.000000,-200.000000,0.000000,0.000000,-2200.000000,0.000000,0.000000
0.000000,-100.000000,0.000000,0.000000,-2211.000000,0.000000,0.000000
0.000000,0.000000,0.000000,0.000000,-2214.000000,0.000000,0.000000
0.000000,-100.000000,0.000000,0.000000,-2206.000000,0.000000,0.000000
0.000000,0.000000,0.000000,0.000000,-2199.000000,0.000000,0.000000
100.000000,-100.000000,0.000000,0.000000,-2191.000000,0.000000,0.000000
0.000000,0.000000,0.000000,0.000000,-2202.000000,0.000000,0.000000
-200.000000,0.000000,0.000000,0.000000,-2213.000000,0.000000,0.000000
0.000000,0.000000,0.000000,0.000000,-2214.000000,0.000000,0.000000
100.000000,-100.000000,0.000000,0.000000,-2193.000000,0.000000,0.000000
0.000000,0.000000,0.000000,0.000000,-2208.000000,0.000000,0.000000
100.000000,0.000000,0.000000,0.000000,-2218.000000,0.000000,0.000000
-100.000000,-100.000000,0.000000,0.000000,-2234.000000,0.000000,0.000000
-100.000000,100.000000,0.000000,0.000000,-2235.000000,0.000000,0.000000
0.000000,100.000000,0.000000,0.000000,-2233.000000,0.000000,0.000000
0.000000,-200.000000,0.000000,0.000000,-2236.000000,0.000000,0.000000
-100.000000,-100.000000,0.000000,0.000000,-2241.000000,0.000000,0.000000
0.000000,0.000000,0.000000,0.000000,-2234.000000,0.000000,0.000000
0.000000,0.000000,0.000000,0.000000,-2232.000000,0.000000,0.000000
100.000000,-300.000000,0.000000,0.000000,-2226.000000,0.000000,0.000000
0.000000,0.000000,0.000000,0.000000,-2230.000000,0.000000,0.000000
0.000000,-300.000000,0.000000,0.000000,-2251.000000,0.000000,0.000000
0.000000,100.000000,0.000000,0.000000,-2241.000000,0.000000,0.000000
-100.000000,0.000000,0.000000,0.000000,-2235.000000,0.000000,0.000000
-100.000000,-200.000000,0.000000,0.000000,-2221.000000,0.000000,0.000000
-200.000000,100.000000,15.000000,15.000000,-2230.000000,0.000000,0.000000
-200.000000,0.000000,0.000000,0.000000,-2229.000000,0.000000,0.000000
-200.000000,0.000000,0.000000,0.000000,-2230.000000,0.000000,0.000000
100.000000,-100.000000,0.000000,0.000000,-2243.000000,0.000000,0.000000
0.000000,-100.000000,0.000000,0.000000,-2247.000000,0.000000,0.000000
0.000000,0.000000,0.000000,0.000000,-2234.000000,0.000000,0.000000
0.000000,-200.000000,0.000000,0.000000,-2246.000000,0.000000,0.000000
0.000000,-100.000000,0.000000,0.000000,-2239.000000,0.000000,0.000000
100.000000,0.000000,0.000000,0.000000,-2246.000000,0.000000,0.000000
-100.000000,200.000000,0.000000,0.000000,-2239.000000,0.000000,0.000000
100.000000,0.000000,0.000000,0.000000,-2235.000000,0.000000,0.000000
-100.000000,0.000000,0.000000,0.000000,-2225.000000,0.000000,0.000000
0.000000,-100.000000,0.000000,0.000000,-2211.000000,0.000000,0.000000
-100.000000,-300.000000,0.000000,0.000000,-2221.000000,0.000000,0.000000
-200.000000,0.000000,0.000000,0.000000,-2233.000000,0.000000,0.000000
0.000000,100.000000,0.000000,0.000000,-2219.000000,0.000000,0.000000
0.000000,-100.000000,0.000000,0.000000,-2217.000000,0.000000,0.000000
0.000000,0.000000,0.000000,0.000000,-2230.000000,0.000000,0.000000
-100.000000,0.000000,0.000000,0.000000,-2225.000000,0.000000,0.000000
0.000000,-100.000000,0.000000,0.000000,-2220.000000,0.000000,0.000000
0.000000,-100.000000,0.000000,0.000000,-2205.000000,0.000000,0.000000
0.000000,100.000000,0.000000,0.000000,-2224.000000,0.000000,0.000000
100.000000,-100.000000,0.000000,0.000000,-2221.000000,0.000000,0.000000
-100.000000,-100.000000,0.000000,0.000000,-2232.000000,0.000000,0.000000
-200.000000,-100.000000,0.000000,0.000000,-2213.000000,0.000000,0.000000
0.000000,-200.000000,0.000000,0.000000,-2216.000000,0.000000,0.000000
-100.000000,0.000000,0.000000,0.000000,-2220.000000,0.000000,0.000000
100.000000,0.000000,0.000000,0.000000,-2232.000000,0.000000,0.000000
-200.000000,0.000000,0.000000,0.000000,-2230.000000,0.000000,0.000000
100.000000,-300.000000,0.000000,0.000000,-2230.000000,0.000000,0.000000
0.000000,100.000000,0.000000,0.000000,-2231.000000,0.000000,0.000000
0.000000,0.000000,0.000000,0.000000,-2257.000000,0.000000,0.000000
100.000000,0.000000,0.000000,0.000000,-2263.000000,0.000000,0.000000
-100.000000,-200.000000,0.000000,0.000000,-2245.000000,0.000000,0.000000
100.000000,-200.000000,15.000000,15.000000,-2250.000000,0.000000,0.000000
-100.000000,-100.000000,0.000000,0.000000,-2269.000000,0.000000,0.000000
-200.000000,-100.000000,0.000000,0.000000,-2262.000000,0.000000,0.000000
0.000000,0.000000,0.000000,0.000000,-2276.000000,0.000000,0.000000
0.000000,-100.000000,0.000000,0.000000,-2247.000000,0.000000,0.000000
-100.000000,-300.000000,0.000000,0.000000,-2231.000000,0.000000,0.000000
0.000000,-100.000000,15.000000,15.000000,-2237.000000,0.000000,0.000000
0.000000,-100.000000,0.000000,0.000000,-2222.000000,0.000000,0.000000
-200.000000,-200.000000,0.000000,0.000000,-2220.000000,0.000000,0.000000
0.000000,0.000000,0.000000,0.000000,-2238.000000,0.000000,0.000000
0.000000,-200.000000,0.000000,0.000000,-2242.000000,0.000000,0.000000
-200.000000,-200.000000,0.000000,0.000000,-2249.000000,0.000000,0.000000
0.000000,-200.000000,0.000000,0.000000,-2227.000000,0.000000,0.000000
200.000000,100.000000,0.000000,0.000000,-2216.000000,0.000000,0.000000
-100.000000,0.000000,0.000000,0.000000,-2224.000000,0.000000,0.000000
0.000000,-200.000000,0.000000,0.000000,-2237.000000,0.000000,0.000000
0.000000,0.000000,15.000000,15.000000,-2256.000000,0.000000,0.000000
0.000000,0.000000,0.000000,0.000000,-2245.000000,0.000000,0.000000
200.000000,0.000000,0.000000,0.000000,-2244.000000,0.000000,0.000000
0.000000,-100.000000,0.000000,0.000000,-2244.000000,0.000000,0.000000
-100.000000,0.000000,0.000000,0.000000,-2256.000000,0.000000,0.000000
0.000000,-100.000000,0.000000,0.000000,-2256.000000,0.000000,0.000000
0.000000,0.000000,0.000000,0.000000,-2253.000000,0.000000,0.000000
0.000000,-200.000000,0.000000,0.000000,-2271.000000,0.000000,0.000000
0.000000,0.000000,0.000000,0.000000,-2275.000000,0.000000,0.000000
100.000000,-100.000000,0.000000,0.000000,-2280.000000,0.000000,0.000000
-100.000000,0.000000,0.000000,0.000000,-2266.000000,0.000000,0.000000
0.000000,100.000000,0.000000,0.000000,-2270.000000,0.000000,0.000000
-200.000000,100.000000,0.000000,0.000000,-2263.000000,0.000000,0.000000
0.000000,-100.000000,0.000000,0.000000,-2248.000000,0.000000,0.000000
0.000000,100.000000,0.000000,0.000000,-2247.000000,0.000000,0.000000
-200.000000,100.000000,0.000000,0.000000,-2267.000000,0.000000,0.000000
0.000000,0.000000,0.000000,0.000000,-2246.000000,0.000000,0.000000
0.000000,0.000000,0.000000,0.000000,-2260.000000,0.000000,0.000000
-100.000000,-100.000000,15.000000,15.000000,-2261.000000,0.000000,0.000000
200.000000,-200.000000,0.000000,0.000000,-2271.000000,0.000000,0.000000
-100.000000,-200.000000,0.000000,0.000000,-2258.000000,0.000000,0.000000
0.000000,-100.000000,0.000000,0.000000,-2271.000000,0.000000,0.000000
0.000000,0.000000,30.000000,31.000000,-2280.000000,0.000000,0.000000
0.000000,0.000000,0.000000,0.000000,-2290.000000,0.000000,0.000000
-200.000000,200.000000,0.000000,0.000000,-2298.000000,0.000000,0.000000
-100.000000,0.000000,0.000000,0.000000,-2300.000000,0.000000,0.000000
-100.000000,0.000000,0.000000,0.000000,-2286.000000,0.000000,0.000000
100.000000,0.000000,0.000000,0.000000,-2272.000000,0.000000,0.000000
-100.000000,0.000000,0.000000,0.000000,-2253.000000,0.000000,0.000000
-100.000000,-100.000000,0.000000,0.000000,-2252.000000,0.000000,0.000000
0.000000,0.000000,0.000000,0.000000,-2243.000000,0.000000,0.000000
-100.000000,-100.000000,0.000000,0.000000,-2257.000000,0.000000,0.000000
-100.000000,100.000000,0.000000,0.000000,-2266.000000,0.000000,0.000000
100.000000,-200.000000,0.000000,0.000000,-2260.000000,0.000000,0.000000
0.000000,0.000000,0.000000,0.000000,-2242.000000,0.000000,0.000000
-500.000000,0.000000,0.000000,0.000000,-2230.000000,0.000000,0.000000
-100.000000,0.000000,0.000000,0.000000,-2245.000000,0.000000,0.000000
100.000000,0.000000,15.000000,15.000000,-2237.000000,0.000000,0.000000
0.000000,-300.000000,0.000000,0.000000,-2232.000000,0.000000,0.000000
0.000000,0.000000,0.000000,0.000000,-2242.000000,0.000000,0.000000
0.000000,-200.000000,0.000000,0.000000,-2226.000000,0.000000,0.000000
0.000000,-200.000000,0.000000,0.000000,-2226.000000,0.000000,0.000000
0.000000,100.000000,0.000000,0.000000,-2214.000000,0.000000,0.000000
-200.000000,100.000000,0.000000,0.000000,-2227.000000,0.000000,0.000000
-100.000000,100.000000,0.000000,0.000000,-2228.000000,0.000000,0.000000
0.000000,0.000000,0.000000,0.000000,-2227.000000,0.000000,0.000000
-100.000000,0.000000,0.000000,0.000000,-2226.000000,0.000000,0.000000
-200.000000,100.000000,0.000000,0.000000,-2218.000000,0.000000,0.000000
0.000000,0.000000,0.000000,0.000000,-2235.000000,0.000000,0.000000
0.000000,-200.000000,0.000000,0.000000,-2228.000000,0.000000,0.000000
-100.000000,-100.000000,0.000000,0.000000,-2236.000000,0.000000,0.000000
-100.000000,0.000000,0.000000,0.000000,-2248.000000,0.000000,0.000000
-200.000000,-200.000000,0.000000,0.000000,-2243.000000,0.000000,0.000000
-100.000000,100.000000,0.000000,0.000000,-2247.000000,0.000000,0.000000
0.000000,-100.000000,0.000000,0.000000,-2231.000000,0.000000,0.000000
-100.000000,0.000000,0.000000,0.000000,-2206.000000,0.000000,0.000000
-100.000000,-100.000000,0.000000,0.000000,-2198.000000,0.000000,0.000000
-100.000000,-100.000000,0.000000,0.000000,-2197.000000,0.000000,0.000000
0.000000,0.000000,0.000000,0.000000,-2177.000000,0.000000,0.000000
0.000000,0.000000,0.000000,0.000000,-2173.000000,0.000000,0.000000
0.000000,-100.000000,0.000000,0.000000,-2183.000000,0.000000,0.000000
-100.000000,0.000000,0.000000,0.000000,-2180.000000,0.000000,0.000000
-100.000000,-100.000000,0.000000,0.000000,-2180.000000,0.000000,0.000000
0.000000,-100.000000,0.000000,0.000000,-2207.000000,0.000000,0.000000
-100.000000,-100.000000,0.000000,0.000000,-2199.000000,0.000000,0.000000
-100.000000,0.000000,0.000000,0.000000,-2203.000000,0.000000,0.000000
-100.000000,100.000000,0.000000,0.000000,-2216.000000,0.000000,0.000000
0.000000,100.000000,0.000000,0.000000,-2203.000000,0.000000,0.000000
-200.000000,0.000000,0.000000,0.000000,-2214.000000,0.000000,0.000000
0.000000,0.000000,0.000000,0.000000,-2219.000000,0.000000,0.000000
0.000000,100.000000,0.000000,0.000000,-2233.000000,0.000000,0.000000
-100.000000,-100.000000,0.000000,0.000000,-2236.000000,0.000000,0.000000
100.000000,0.000000,0.000000,0.000000,-2218.000000,0.000000,0.000000
-100.000000,0.000000,0.000000,0.000000,-2223.000000,0.000000,0.000000
0.000000,-100.000000,0.000000,0.000000,-2229.000000,0.000000,0.000000
0.000000,0.000000,0.000000,0.000000,-2242.000000,0.000000,0.000000
100.000000,0.000000,0.000000,0.000000,-2229.000000,0.000000,0.000000
0.000000,-300.000000,0.000000,0.000000,-2234.000000,0.000000,0.000000
-100.000000,-200.000000,0.000000,0.000000,-2237.000000,0.000000,0.000000
0.000000,0.000000,0.000000,0.000000,-2245.000000,0.000000,0.000000
0.000000,200.000000,0.000000,0.000000,-2233.000000,0.000000,0.000000
-100.000000,-200.000000,0.000000,0.000000,-2243.000000,0.000000,0.000000
-100.000000,0.000000,0.000000,0.000000,-2254.000000,0.000000,0.000000
-100.000000,-200.000000,0.000000,0.000000,-2273.000000,0.000000,0.000000
0.000000,0.000000,0.000000,0.000000,-2258.000000,0.000000,0.000000
0.000000,0.000000,0.000000,0.000000,-2256.000000,0.000000,0.000000
0.000000,-100.000000,0.000000,0.000000,-2261.000000,0.000000,0.000000
0.000000,200.000000,0.000000,0.000000,-2254.000000,0.000000,0.000000
-200.000000,-200.000000,0.000000,0.000000,-2236.000000,0.000000,0.000000
0.000000,0.000000,0.000000,0.000000,-2216.000000,0.000000,0.000000
-100.000000,0.000000,0.000000,0.000000,-2234.000000,0.000000,0.000000
100.000000,-200.000000,0.000000,0.000000,-2229.000000,0.000000,0.000000
0.000000,100.000000,0.000000,0.000000,-2233.000000,0.000000,0.000000
0.000000,200.000000,0.000000,0.000000,-2233.000000,0.000000,0.000000
100.000000,0.000000,0.000000,0.000000,-2231.000000,0.000000,0.000000
0.000000,-100.000000,0.000000,0.000000,-2227.000000,0.000000,0.000000
-200.000000,0.000000,0.000000,0.000000,-2214.000000,0.000000,0.000000
0.000000,0.000000,0.000000,0.000000,-2206.000000,0.000000,0.000000
-400.000000,-100.000000,0.000000,0.000000,-2204.000000,0.000000,0.000000
-400.000000,300.000000,0.000000,0.000000,-2187.000000,0.000000,0.000000
-100.000000,-100.000000,0.000000,0.000000,-2156.000000,0.000000,0.000000
-200.000000,-100.000000,0.000000,0.000000,-2147.000000,0.000000,0.000000
-200.000000,0.000000,0.000000,0.000000,-2145.000000,0.000000,0.000000
0.000000,-300.000000,0.000000,0.000000,-2147.000000,0.000000,0.000000
-200.000000,0.000000,0.000000,0.000000,-2155.000000,0.000000,0.000000
0.000000,0.000000,0.000000,0.000000,-2152.000000,0.000000,0.000000
-100.000000,0.000000,0.000000,0.000000,-2172.000000,0.000000,0.000000
-100.000000,200.000000,0.000000,0.000000,-2151.000000,0.000000,0.000000
100.000000,-100.000000,0.000000,0.000000,-2140.000000,0.000000,0.000000
200.000000,-200.000000,0.000000,0.000000,-2151.000000,0.000000,0.000000
100.000000,-100.000000,0.000000,0.000000,-2171.000000,0.000000,0.000000
-100.000000,0.000000,0.000000,0.000000,-2164.000000,0.000000,0.000000
100.000000,100.000000,0.000000,0.000000,-2184.000000,0.000000,0.000000
0.000000,-200.000000,0.000000,0.000000,-2213.000000,0.000000,0.000000
0.000000,0.000000,0.000000,0.000000,-2213.000000,0.000000,0.000000
-200.000000,100.000000,0.000000,0.000000,-2213.000000,0.000000,0.000000
100.000000,200.000000,0.000000,0.000000,-2207.000000,0.000000,0.000000
-300.000000,100.000000,0.000000,0.000000,-2208.000000,0.000000,0.000000
-300.000000,0.000000,0.000000,0.000000,-2194.000000,0.000000,0.000000
-100.000000,0.000000,0.000000,0.000000,-2192.000000,0.000000,0.000000
-100.000000,-200.000000,0.000000,0.000000,-2195.000000,0.000000,0.000000
-200.000000,-200.000000,0.000000,0.000000,-2226.000000,0.000000,0.000000
100.000000,-100.000000,0.000000,0.000000,-2220.000000,0.000000,0.000000
0.000000,-100.000000,0.000000,0.000000,-2222.000000,0.000000,0.000000
-100.000000,0.000000,0.000000,0.000000,-2224.000000,0.000000,0.000000
-100.000000,0.000000,0.000000,0.000000,-2243.000000,0.000000,0.000000
-100.000000,-200.000000,0.000000,0.000000,-2214.000000,0.000000,0.000000
-200.000000,-100.000000,0.000000,0.000000,-2198.000000,0.000000,0.000000
-100.000000,-200.000000,0.000000,0.000000,-2205.000000,0.000000,0.000000
-100.000000,0.000000,0.000000,0.000000,-2216.000000,0.000000,0.000000
-200.000000,100.000000,0.000000,0.000000,-2248.000000,0.000000,0.000000
100.000000,-200.000000,0.000000,0.000000,-2248.000000,0.000000,0.000000
0.000000,-200.000000,0.000000,0.000000,-2236.000000,0.000000,0.000000
-200.000000,-100.000000,0.000000,0.000000,-2238.000000,0.000000,0.000000
0.000000,0.000000,0.000000,0.000000,-2222.000000,0.000000,0.000000
-200.000000,-200.000000,0.000000,0.000000,-2193.000000,0.000000,0.000000
-100.000000,-100.000000,0.000000,0.000000,-2190.000000,0.000000,0.000000
0.000000,0.000000,0.000000,0.000000,-2200.000000,0.000000,0.000000
-200.000000,-200.000000,0.000000,0.000000,-2209.000000,0.000000,0.000000
0.000000,0.000000,0.000000,0.000000,-2236.000000,0.000000,0.000000
-100.000000,-100.000000,0.000000,0.000000,-2226.000000,0.000000,0.000000
0.000000,-100.000000,0.000000,0.000000,-2232.000000,0.000000,0.000000
200.000000,-200.000000,0.000000,0.000000,-2250.000000,0.000000,0.000000
-100.000000,0.000000,0.000000,0.000000,-2267.000000,0.000000,0.000000
-200.000000,0.000000,0.000000,0.000000,-2275.000000,0.000000,0.000000
-100.000000,0.000000,0.000000,0.000000,-2280.000000,0.000000,0.000000
100.000000,-200.000000,0.000000,0.000000,-2293.000000,0.000000,0.000000
-100.000000,-100.000000,0.000000,0.000000,-2311.000000,0.000000,0.000000
0.000000,0.000000,0.000000,0.000000,-2294.000000,0.000000,0.000000
0.000000,-200.000000,0.000000,0.000000,-2269.000000,0.000000,0.000000
200.000000,-100.000000,0.000000,0.000000,-2284.000000,0.000000,0.000000
100.000000,0.000000,0.000000,0.000000,-2279.000000,0.000000,0.000000
0.000000,-100.000000,0.000000,0.000000,-2294.000000,0.000000,0.000000
-200.000000,-200.000000,0.000000,0.000000,-2272.000000,0.000000,0.000000
100.000000,0.000000,0.000000,0.000000,-2266.000000,0.000000,0.000000
0.000000,0.000000,0.000000,0.000000,-2262.000000,0.000000,0.000000
0.000000,0.000000,0.000000,0.000000,-2270.000000,0.000000,0.000000
0.000000,0.000000,0.000000,0.000000,-2276.000000,0.000000,0.000000
0.000000,0.000000,0.000000,0.000000,-2257.000000,0.000000,0.000000
-300.000000,0.000000,0.000000,0.000000,-2259.000000,0.000000,0.000000
-100.000000,0.000000,0.000000,0.000000,-2268.000000,0.000000,0.000000
0.000000,100.000000,0.000000,0.000000,-2278.000000,0.000000,0.000000
0.000000,0.000000,0.000000,0.000000,-2284.000000,0.000000,0.000000
0.000000,100.000000,0.000000,0.000000,-2296.000000,0.000000,0.000000
-100.000000,200.000000,0.000000,0.000000,-2292.000000,0.000000,0.000000
0.000000,-100.000000,0.000000,0.000000,-2284.000000,0.000000,0.000000
-100.000000,-400.000000,0.000000,0.000000,-2292.000000,0.000000,0.000000
-200.000000,0.000000,0.000000,0.000000,-2303.000000,0.000000,0.000000
-200.000000,-200.000000,0.000000,0.000000,-2317.000000,0.000000,0.000000
-100.000000,-100.000000,0.000000,0.000000,-2304.000000,0.000000,0.000000
0.000000,-100.000000,0.000000,0.000000,-2295.000000,0.000000,0.000000
-100.000000,0.000000,0.000000,0.000000,-2296.000000,0.000000,0.000000
-100.000000,-500.000000,0.000000,0.000000,-2295.000000,0.000000,0.000000
200.000000,-100.000000,0.000000,0.000000,-2279.000000,0.000000,0.000000
100.000000,0.000000,0.000000,0.000000,-2270.000000,0.000000,0.000000
0.000000,0.000000,0.000000,0.000000,-2268.000000,0.000000,0.000000
-100.000000,0.000000,0.000000,0.000000,-2267.000000,0.000000,0.000000
-100.000000,0.000000,0.000000,0.000000,-2267.000000,0.000000,0.000000
0.000000,100.000000,0.000000,0.000000,-2270.000000,0.000000,0.000000
100.000000,100.000000,0.000000,0.000000,-2261.000000,0.000000,0.000000
-300.000000,100.000000,0.000000,0.000000,-2261.000000,0.000000,0.000000
0.000000,-200.000000,0.000000,0.000000,-2238.000000,0.000000,0.000000
0.000000,-200.000000,0.000000,0.000000,-2236.000000,0.000000,0.000000
-100.000000,0.000000,0.000000,0.000000,-2240.000000,0.000000,0.000000
0.000000,-300.000000,0.000000,0.000000,-2242.000000,0.000000,0.000000
100.000000,100.000000,0.000000,0.000000,-2239.000000,0.000000,0.000000
-100.000000,0.000000,0.000000,0.000000,-2253.000000,0.000000,0.000000
0.000000,-200.000000,0.000000,0.000000,-2256.000000,0.000000,0.000000
-100.000000,100.000000,0.000000,0.000000,-2255.000000,0.000000,0.000000
0.000000,-100.000000,0.000000,0.000000,-2267.000000,0.000000,0.000000
0.000000,0.000000,0.000000,0.000000,-2265.000000,0.000000,0.000000
-100.000000,-300.000000,0.000000,0.000000,-2250.000000,0.000000,0.000000
200.000000,-200.000000,0.000000,0.000000,-2252.000000,0.000000,0.000000
-100.000000,0.000000,0.000000,0.000000,-2258.000000,0.000000,0.000000
-100.000000,-100.000000,0.000000,0.000000,-2263.000000,0.000000,0.000000
-100.000000,0.000000,0.000000,0.000000,-2256.000000,0.000000,0.000000
0.000000,-100.000000,0.000000,0.000000,-2245.000000,0.000000,0.000000
-200.000000,-400.000000,0.000000,0.000000,-2241.000000,0.000000,0.000000
-100.000000,-100.000000,0.000000,0.000000,-2258.000000,0.000000,0.000000
-200.000000,0.000000,0.000000,0.000000,-2255.000000,0.000000,0.000000
