Channel 1,Channel 2,Channel 3,Channel 4,Channel 5,Channel 6,Channel 7
0.000000,-100.000000,0.000000,0.000000,-2346.000000,0.000000,0.000000
-100.000000,0.000000,0.000000,0.000000,-2339.000000,0.000000,0.000000
0.000000,-100.000000,0.000000,0.000000,-2328.000000,0.000000,0.000000
-300.000000,-100.000000,0.000000,0.000000,-2316.000000,0.000000,0.000000
0.000000,100.000000,0.000000,0.000000,-2306.000000,0.000000,0.000000
0.000000,0.000000,0.000000,0.000000,-2300.000000,0.000000,0.000000
-200.000000,0.000000,0.000000,0.000000,-2301.000000,0.000000,0.000000
0.000000,-100.000000,0.000000,0.000000,-2301.000000,0.000000,0.000000
-200.000000,200.000000,0.000000,0.000000,-2296.000000,0.000000,0.000000
0.000000,0.000000,0.000000,0.000000,-2286.000000,0.000000,0.000000
0.000000,100.000000,0.000000,0.000000,-2276.000000,0.000000,0.000000
-100.000000,100.000000,0.000000,0.000000,-2277.000000,0.000000,0.000000
0.000000,-100.000000,0.000000,0.000000,-2263.000000,0.000000,0.000000
-100.000000,100.000000,0.000000,0.000000,-2257.000000,0.000000,0.000000
0.000000,-100.000000,0.000000,0.000000,-2252.000000,0.000000,0.000000
0.000000,-300.000000,0.000000,0.000000,-2258.000000,0.000000,0.000000
-200.000000,-100.000000,0.000000,0.000000,-2253.000000,0.000000,0.000000
-100.000000,0.000000,0.000000,0.000000,-2252.000000,0.000000,0.000000
0.000000,0.000000,0.000000,0.000000,-2251.000000,0.000000,0.000000
-100.000000,0.000000,0.000000,0.000000,-2253.000000,0.000000,0.000000
0.000000,100.000000,0.000000,0.000000,-2240.000000,0.000000,0.000000
0.000000,0.000000,0.000000,0.000000,-2251.000000,0.000000,0.000000
0.000000,100.000000,0.000000,0.000000,-2262.000000,0.000000,0.000000
0.000000,100.000000,0.000000,0.000000,-2259.000000,0.000000,0.000000
0.000000,0.000000,0.000000,0.000000,-2265.000000,0.000000,0.000000
0.000000,-200.000000,0.000000,0.000000,-2251.000000,0.000000,0.000000
0.000000,0.000000,0.000000,0.000000,-2276.000000,0.000000,0.000000
-100.000000,200.000000,0.000000,0.000000,-2272.000000,0.000000,0.000000
-200.000000,0.000000,0.000000,0.000000,-2264.000000,0.000000,0.000000
0.000000,0.000000,0.000000,0.000000,-2265.000000,0.000000,0.000000
0.000000,0.000000,0.000000,0.000000,-2251.000000,0.000000,0.000000
0.000000,-400.000000,0.000000,0.000000,-2260.000000,0.000000,0.000000
0.000000,0.000000,0.000000,0.000000,-2267.000000,0.000000,0.000000
-100.000000,100.000000,0.000000,0.000000,-2263.000000,0.000000,0.000000
-100.000000,-100.000000,0.000000,0.000000,-2270.000000,0.000000,0.000000
-200.000000,0.000000,0.000000,0.000000,-2273.000000,0.000000,0.000000
0.000000,-200.000000,0.000000,0.000000,-2265.000000,0.000000,0.000000
0.000000,100.000000,0.000000,0.000000,-2253.000000,0.000000,0.000000
0.000000,-200.000000,0.000000,0.000000,-2256.000000,0.000000,0.000000
-100.000000,0.000000,0.000000,0.000000,-2245.000000,0.000000,0.000000
0.000000,0.000000,0.000000,0.000000,-2254.000000,0.000000,0.000000
0.000000,0.000000,0.000000,0.000000,-2272.000000,0.000000,0.000000
0.000000,0.000000,0.000000,0.000000,-2276.000000,0.000000,0.000000
0.000000,0.000000,0.000000,0.000000,-2278.000000,0.000000,0.000000
-100.000000,-100.000000,0.000000,0.000000,-2276.000000,0.000000,0.000000
-100.000000,200.000000,0.000000,0.000000,-2276.000000,0.000000,0.000000
-100.000000,-200.000000,0.000000,0.000000,-2268.000000,0.000000,0.000000
0.000000,0.000000,0.000000,0.000000,-2261.000000,0.000000,0.000000
200.000000,0.000000,0.000000,0.000000,-2283.000000,0.000000,0.000000
0.000000,0.000000,0.000000,0.000000,-2301.000000,0.000000,0.000000
0.000000,0.000000,0.000000,0.000000,-2294.000000,0.000000,0.000000
-100.000000,0.000000,0.000000,0.000000,-2323.000000,0.000000,0.000000
0.000000,200.000000,0.000000,0.000000,-2325.000000,0.000000,0.000000
-100.000000,-100.000000,0.000000,0.000000,-2318.000000,0.000000,0.000000
-200.000000,0.000000,0.000000,0.000000,-2297.000000,0.000000,0.000000
-200.000000,0.000000,0.000000,0.000000,-2301.000000,0.000000,0.000000
-100.000000,-200.000000,0.000000,0.000000,-2285.000000,0.000000,0.000000
-100.000000,-400.000000,0.000000,0.000000,-2294.000000,0.000000,0.000000
100.000000,-100.000000,0.000000,0.000000,-2305.000000,0.000000,0.000000
-100.000000,0.000000,0.000000,0.000000,-2315.000000,0.000000,0.000000
0.000000,-100.000000,30.000000,31.000000,-2321.000000,0.000000,0.000000
0.000000,-100.000000,0.000000,0.000000,-2322.000000,0.000000,0.000000
-200.000000,-100.000000,0.000000,0.000000,-2303.000000,0.000000,0.000000
0.000000,0.000000,0.000000,0.000000,-2309.000000,0.000000,0.000000
-100.000000,0.000000,0.000000,0.000000,-2292.000000,0.000000,0.000000
-200.000000,0.000000,30.000000,31.000000,-2292.000000,0.000000,0.000000
-100.000000,0.000000,0.000000,0.000000,-2269.000000,0.000000,0.000000
100.000000,0.000000,0.000000,0.000000,-2269.000000,0.000000,0.000000
0.000000,0.000000,0.000000,0.000000,-2287.000000,0.000000,0.000000
0.000000,0.000000,0.000000,0.000000,-2277.000000,0.000000,0.000000
-100.000000,0.000000,1.000000,1.000000,-2263.000000,0.000000,0.000000
100.000000,0.000000,1.000000,1.000000,-2237.000000,0.000000,0.000000
-200.000000,-600.000000,1.000000,1.000000,-2253.000000,0.000000,0.000000
-200.000000,-100.000000,1.000000,1.000000,-2249.000000,0.000000,0.000000
0.000000,200.000000,1.000000,1.000000,-2237.000000,0.000000,0.000000
-100.000000,0.000000,1.000000,1.000000,-2239.000000,0.000000,0.000000
0.000000,0.000000,1.000000,1.000000,-2235.000000,0.000000,0.000000
0.000000,100.000000,1.000000,1.000000,-2236.000000,0.000000,0.000000
0.000000,0.000000,1.000000,1.000000,-2240.000000,0.000000,0.000000
0.000000,-200.000000,1.000000,1.000000,-2246.000000,0.000000,0.000000
-200.000000,0.000000,1.000000,1.000000,-2259.000000,0.000000,0.000000
-100.000000,0.000000,2.000000,2.000000,-2241.000000,0.000000,0.000000
-100.000000,-200.000000,3.000000,3.000000,-2245.000000,0.000000,0.000000
100.000000,0.000000,4.000000,4.000000,-2254.000000,0.000000,0.000000
0.000000,100.000000,5.000000,5.000000,-2258.000000,0.000000,0.000000
-200.000000,0.000000,6.000000,6.000000,-2244.000000,0.000000,0.000000
-100.000000,-100.000000,7.000000,7.000000,-2254.000000,0.000000,0.000000
-100.000000,200.000000,8.000000,8.000000,-2236.000000,0.000000,0.000000
-100.000000,100.000000,9.000000,9.000000,-2227.000000,0.000000,0.000000
-200.000000,-100.000000,10.000000,10.000000,-2220.000000,0.000000,0.000000
-100.000000,0.000000,11.000000,11.000000,-2219.000000,0.000000,0.000000
100.000000,-100.000000,12.000000,12.000000,-2222.000000,0.000000,0.000000
200.000000,0.000000,13.000000,13.000000,-2221.000000,0.000000,0.000000
0.000000,0.000000,14.000000,14.000000,-2229.000000,0.000000,0.000000
-200.000000,0.000000,16.000000,16.000000,-2221.000000,0.000000,0.000000
100.000000,-100.000000,17.000000,17.000000,-2208.000000,0.000000,0.000000
-200.000000,-100.000000,18.000000,18.000000,-2201.000000,0.000000,0.000000
100.000000,0.000000,19.000000,19.000000,-2197.000000,0.000000,0.000000
-200.000000,0.000000,20.000000,20.000000,-2206.000000,0.000000,0.000000
0.000000,-100.000000,21.000000,21.000000,-2202.000000,0.000000,0.000000
0.000000,0.000000,22.000000,22.000000,-2191.000000,0.000000,0.000000
-200.000000,0.000000,23.000000,23.000000,-2190.000000,0.000000,0.000000
-200.000000,0.000000,24.000000,24.000000,-2184.000000,0.000000,0.000000
100.000000,-100.000000,25.000000,25.000000,-2177.000000,0.000000,0.000000
0.000000,0.000000,26.000000,26.000000,-2174.000000,0.000000,0.000000
-200.000000,0.000000,27.000000,27.000000,-2169.000000,0.000000,0.000000
0.000000,-200.000000,28.000000,28.000000,-2168.000000,0.000000,0.000000
-200.000000,0.000000,29.000000,29.000000,-2175.000000,0.000000,0.000000
0.000000,0.000000,30.000000,30.000000,-2176.000000,0.000000,0.000000
0.000000,0.000000,32.000000,32.000000,-2189.000000,0.000000,0.000000
0.000000,-200.000000,33.000000,33.000000,-2194.000000,0.000000,0.000000
0.000000,0.000000,34.000000,34.000000,-2186.000000,0.000000,0.000000
-200.000000,0.000000,35.000000,35.000000,-2181.000000,0.000000,0.000000
0.000000,200.000000,36.000000,36.000000,-2172.000000,0.000000,0.000000
0.000000,-100.000000,37.000000,37.000000,-2172.000000,0.000000,0.000000
0.000000,0.000000,38.000000,38.000000,-2155.000000,0.000000,0.000000
0.000000,-100.000000,39.000000,39.000000,-2142.000000,0.000000,0.000000
0.000000,-100.000000,40.000000,40.000000,-2149.000000,0.000000,0.000000
0.000000,0.000000,41.000000,41.000000,-2149.000000,0.000000,0.000000
100.000000,-100.000000,42.000000,42.000000,-2159.000000,0.000000,0.000000
0.000000,0.000000,43.000000,43.000000,-2157.000000,0.000000,0.000000
-100.000000,0.000000,44.000000,44.000000,-2164.000000,0.000000,0.000000
-200.000000,0.000000,45.000000,45.000000,-2153.000000,0.000000,0.000000
0.000000,-400.000000,46.000000,46.000000,-2148.000000,0.000000,0.000000
100.000000,0.000000,48.000000,48.000000,-2133.000000,0.000000,0.000000
-200.000000,0.000000,49.000000,49.000000,-2147.000000,0.000000,0.000000
-200.000000,-200.000000,50.000000,50.000000,-2143.000000,0.000000,0.000000
-100.000000,100.000000,51.000000,51.000000,-2144.000000,0.000000,0.000000
0.000000,-100.000000,52.000000,52.000000,-2141.000000,0.000000,196.000000
0.000000,400.000000,53.000000,53.000000,-2128.000000,0.000000,0.000000
0.000000,300.000000,54.000000,54.000000,-2122.000000,0.000000,0.000000
100.000000,0.000000,55.000000,55.000000,-2123.000000,0.000000,0.000000
100.000000,0.000000,56.000000,56.000000,-2133.000000,0.000000,0.000000
0.000000,0.000000,57.000000,57.000000,-2135.000000,0.000000,0.000000
0.000000,200.000000,58.000000,58.000000,-2138.000000,0.000000,0.000000
