Channel 1,Channel 2,Channel 3,Channel 4,Channel 5,Channel 6,Channel 7
0.000000,200.000000,0.000000,0.000000,-2021.000000,0.000000,0.000000
0.000000,0.000000,38.000000,39.000000,-2014.000000,0.000000,0.000000
0.000000,0.000000,0.000000,0.000000,-2008.000000,0.000000,0.000000
100.000000,300.000000,0.000000,0.000000,-1989.000000,0.000000,0.000000
0.000000,-100.000000,0.000000,0.000000,-1968.000000,0.000000,0.000000
-100.000000,-300.000000,0.000000,0.000000,-1993.000000,0.000000,0.000000
-100.000000,100.000000,0.000000,0.000000,-1981.000000,0.000000,0.000000
-200.000000,200.000000,0.000000,0.000000,-1973.000000,0.000000,0.000000
0.000000,100.000000,0.000000,0.000000,-1953.000000,0.000000,0.000000
0.000000,0.000000,0.000000,0.000000,-1958.000000,0.000000,0.000000
0.000000,200.000000,0.000000,0.000000,-1969.000000,0.000000,0.000000
100.000000,-100.000000,0.000000,0.000000,-1976.000000,0.000000,0.000000
0.000000,0.000000,0.000000,0.000000,-1995.000000,0.000000,0.000000
0.000000,-100.000000,0.000000,0.000000,-2000.000000,0.000000,0.000000
0.000000,-100.000000,0.000000,0.000000,-2003.000000,0.000000,0.000000
-300.000000,-100.000000,0.000000,0.000000,-2001.000000,0.000000,0.000000
-300.000000,0.000000,0.000000,0.000000,-2001.000000,0.000000,0.000000
0.000000,200.000000,0.000000,0.000000,-1982.000000,0.000000,0.000000
-100.000000,100.000000,0.000000,0.000000,-1991.000000,0.000000,0.000000
100.000000,-200.000000,0.000000,0.000000,-1996.000000,0.000000,0.000000
0.000000,0.000000,0.000000,0.000000,-1994.000000,0.000000,0.000000
0.000000,0.000000,0.000000,0.000000,-2010.000000,0.000000,0.000000
100.000000,0.000000,0.000000,0.000000,-2017.000000,0.000000,0.000000
0.000000,0.000000,0.000000,0.000000,-2007.000000,0.000000,0.000000
0.000000,0.000000,0.000000,0.000000,-2001.000000,0.000000,0.000000
0.000000,0.000000,0.000000,0.000000,-2014.000000,0.000000,0.000000
0.000000,0.000000,0.000000,0.000000,-2025.000000,0.000000,0.000000
-100.000000,-200.000000,0.000000,0.000000,-2030.000000,0.000000,0.000000
-100.000000,100.000000,0.000000,0.000000,-2022.000000,0.000000,0.000000
-100.000000,100.000000,0.000000,0.000000,-2034.000000,0.000000,0.000000
-100.000000,-100.000000,0.000000,0.000000,-2037.000000,0.000000,0.000000
100.000000,100.000000,0.000000,0.000000,-2036.000000,0.000000,0.000000
100.000000,0.000000,0.000000,0.000000,-2036.000000,0.000000,0.000000
-200.000000,-100.000000,0.000000,0.000000,-2045.000000,0.000000,0.000000
-600.000000,-200.000000,0.000000,0.000000,-2053.000000,0.000000,0.000000
-100.000000,0.000000,0.000000,0.000000,-2057.000000,0.000000,0.000000
100.000000,300.000000,0.000000,0.000000,-2052.000000,0.000000,0.000000
-100.000000,300.000000,0.000000,0.000000,-2055.000000,0.000000,0.000000
-500.000000,0.000000,0.000000,0.000000,-2052.000000,0.000000,0.000000
-100.000000,300.000000,0.000000,0.000000,-2050.000000,0.000000,0.000000
-100.000000,200.000000,0.000000,0.000000,-2050.000000,0.000000,0.000000
0.000000,-200.000000,0.000000,0.000000,-2065.000000,0.000000,0.000000
0.000000,-100.000000,0.000000,0.000000,-2073.000000,0.000000,0.000000
0.000000,0.000000,0.000000,0.000000,-2056.000000,0.000000,0.000000
0.000000,200.000000,0.000000,0.000000,-2056.000000,0.000000,0.000000
-100.000000,-100.000000,0.000000,0.000000,-2052.000000,0.000000,0.000000
-100.000000,100.000000,0.000000,0.000000,-2051.000000,0.000000,0.000000
-100.000000,0.000000,0.000000,0.000000,-2036.000000,0.000000,0.000000
-100.000000,200.000000,0.000000,0.000000,-2048.000000,0.000000,0.000000
0.000000,0.000000,0.000000,0.000000,-2054.000000,0.000000,0.000000
-200.000000,0.000000,0.000000,0.000000,-2041.000000,0.000000,0.000000
0.000000,-100.000000,0.000000,0.000000,-2048.000000,0.000000,0.000000
0.000000,300.000000,0.000000,0.000000,-2052.000000,0.000000,0.000000
0.000000,0.000000,0.000000,0.000000,-2049.000000,0.000000,0.000000
0.000000,-100.000000,0.000000,0.000000,-2057.000000,0.000000,0.000000
-100.000000,-100.000000,0.000000,0.000000,-2062.000000,0.000000,0.000000
-100.000000,0.000000,0.000000,0.000000,-2065.000000,0.000000,0.000000
-200.000000,0.000000,0.000000,0.000000,-2084.000000,0.000000,0.000000
0.000000,100.000000,0.000000,0.000000,-2070.000000,0.000000,0.000000
0.000000,0.000000,0.000000,0.000000,-2078.000000,0.000000,0.000000
-200.000000,0.000000,0.000000,0.000000,-2060.000000,0.000000,0.000000
0.000000,0.000000,0.000000,0.000000,-2065.000000,0.000000,0.000000
-200.000000,100.000000,0.000000,0.000000,-2041.000000,0.000000,0.000000
0.000000,100.000000,0.000000,0.000000,-2044.000000,0.000000,0.000000
-300.000000,0.000000,0.000000,0.000000,-2042.000000,0.000000,0.000000
0.000000,0.000000,0.000000,0.000000,-2042.000000,0.000000,0.000000
-200.000000,0.000000,0.000000,0.000000,-2039.000000,0.000000,0.000000
0.000000,0.000000,0.000000,0.000000,-2036.000000,0.000000,0.000000
-200.000000,0.000000,0.000000,0.000000,-2029.000000,0.000000,0.000000
0.000000,0.000000,0.000000,0.000000,-2026.000000,0.000000,0.000000
0.000000,0.000000,0.000000,0.000000,-2038.000000,0.000000,0.000000
-100.000000,0.000000,0.000000,0.000000,-2040.000000,0.000000,0.000000
0.000000,200.000000,0.000000,0.000000,-2039.000000,0.000000,0.000000
-200.000000,-200.000000,0.000000,0.000000,-2040.000000,0.000000,0.000000
-200.000000,0.000000,0.000000,0.000000,-2034.000000,0.000000,0.000000
0.000000,100.000000,0.000000,0.000000,-2024.000000,0.000000,0.000000
-200.000000,-100.000000,0.000000,0.000000,-2030.000000,0.000000,0.000000
0.000000,0.000000,0.000000,0.000000,-2029.000000,0.000000,0.000000
-100.000000,200.000000,0.000000,0.000000,-2037.000000,0.000000,0.000000
-100.000000,0.000000,5000.000000,5000.000000,-2038.000000,0.000000,0.000000
-100.000000,100.000000,5000.000000,5000.000000,-2042.000000,196.000000,196.000000
4300.000000,4000.000000,5000.000000,5000.000000,-2040.000000,981.000000,981.000000
4800.000000,5200.000000,5000.000000,5000.000000,-2022.000000,1178.000000,1374.000000
5000.000000,5500.000000,5000.000000,5000.000000,-2017.000000,785.000000,1374.000000
5400.000000,4700.000000,5000.000000,5000.000000,-1982.000000,785.000000,1178.000000
4900.000000,4300.000000,5000.000000,5000.000000,-2026.000000,1178.000000,1374.000000
4400.000000,5300.000000,5000.000000,5000.000000,-2002.000000,1963.000000,1374.000000
5400.000000,5800.000000,5000.000000,5000.000000,-2053.000000,2159.000000,1963.000000
5500.000000,5300.000000,5000.000000,5000.000000,-2033.000000,2552.000000,2159.000000
6300.000000,4500.000000,5000.000000,5000.000000,-1945.000000,2159.000000,2552.000000
4200.000000,3500.000000,5000.000000,5000.000000,-1960.000000,2356.000000,2748.000000
4000.000000,3200.000000,5000.000000,5000.000000,-1955.000000,2945.000000,2748.000000
6100.000000,6400.000000,5000.000000,5000.000000,-1993.000000,3534.000000,3141.000000
4600.000000,3800.000000,5000.000000,5000.000000,-1983.000000,3730.000000,3534.000000
4800.000000,3900.000000,5000.000000,5000.000000,-1985.000000,3926.000000,3926.000000
5300.000000,3100.000000,5000.000000,5000.000000,-1950.000000,4123.000000,4123.000000
5000.000000,4000.000000,5000.000000,5000.000000,-1934.000000,4319.000000,4319.000000
4300.000000,3500.000000,5000.000000,5000.000000,-1946.000000,4712.000000,4516.000000
4100.000000,6100.000000,5000.000000,5000.000000,-1962.000000,5105.000000,4712.000000
5800.000000,4000.000000,5000.000000,5000.000000,-1938.000000,5301.000000,4712.000000
4600.000000,5800.000000,5000.000000,5000.000000,-1911.000000,5301.000000,5105.000000
4900.000000,3800.000000,5000.000000,5000.000000,-1930.000000,5301.000000,5497.000000
4000.000000,5500.000000,5000.000000,5000.000000,-1969.000000,6086.000000,6086.000000
3900.000000,5800.000000,5000.000000,5000.000000,-2009.000000,6283.000000,6283.000000
3700.000000,4700.000000,5000.000000,5000.000000,-1986.000000,6675.000000,5890.000000
3800.000000,4100.000000,5000.000000,5000.000000,-1940.000000,6479.000000,5890.000000
4000.000000,4500.000000,5000.000000,5000.000000,-1930.000000,6675.000000,5890.000000
4300.000000,5400.000000,5000.000000,5000.000000,-1995.000000,6872.000000,6675.000000
5100.000000,3700.000000,5000.000000,5000.000000,-2017.000000,7657.000000,7461.000000
4800.000000,4800.000000,5000.000000,5000.000000,-1997.000000,7853.000000,7657.000000
4200.000000,5500.000000,5000.000000,5000.000000,-1945.000000,8050.000000,7264.000000
5500.000000,5900.000000,5000.000000,5000.000000,-1908.000000,7853.000000,7657.000000
4700.000000,5300.000000,5000.000000,5000.000000,-1958.000000,8050.000000,7461.000000
4000.000000,5500.000000,5000.000000,5000.000000,-2016.000000,8835.000000,8050.000000
5000.000000,5000.000000,5000.000000,5000.000000,-1987.000000,9032.000000,8443.000000
5400.000000,5200.000000,5000.000000,5000.000000,-1967.000000,9032.000000,8246.000000
4800.000000,4600.000000,5000.000000,5000.000000,-1923.000000,9032.000000,8443.000000
3600.000000,5200.000000,5000.000000,5000.000000,-1909.000000,9424.000000,9032.000000
5800.000000,3800.000000,5000.000000,5000.000000,-2151.000000,9817.000000,9424.000000
4200.000000,4400.000000,5000.000000,5000.000000,-2151.000000,10013.000000,9621.000000
4600.000000,4700.000000,5000.000000,5000.000000,-2054.000000,10210.000000,9817.000000
5000.000000,3900.000000,5000.000000,5000.000000,-2047.000000,10602.000000,9817.000000
5300.000000,4700.000000,5000.000000,5000.000000,-2077.000000,10602.000000,10013.000000
5300.000000,5500.000000,5000.000000,5000.000000,-2221.000000,10602.000000,10210.000000
5300.000000,4700.000000,5000.000000,5000.000000,-2177.000000,11388.000000,10406.000000
3700.000000,5800.000000,5000.000000,5000.000000,-2174.000000,11388.000000,10995.000000
5600.000000,3600.000000,5000.000000,5000.000000,-2176.000000,11584.000000,10995.000000
3600.000000,4300.000000,5000.000000,5000.000000,-2132.000000,11977.000000,11388.000000
5400.000000,4100.000000,5000.000000,5000.000000,-2155.000000,12173.000000,11780.000000
5300.000000,3900.000000,5000.000000,5000.000000,-2365.000000,12370.000000,11388.000000
4100.000000,4100.000000,5000.000000,5000.000000,-2330.000000,12762.000000,11584.000000
3900.000000,5700.000000,5000.000000,5000.000000,-2235.000000,12959.000000,12173.000000
4100.000000,4000.000000,5000.000000,5000.000000,-2223.000000,13351.000000,12566.000000
5300.000000,5400.000000,5000.000000,5000.000000,-2164.000000,13548.000000,12762.000000
5200.000000,5700.000000,5000.000000,5000.000000,-2300.000000,13744.000000,12762.000000
4100.000000,4000.000000,5000.000000,5000.000000,-2266.000000,13940.000000,12762.000000
5100.000000,4000.000000,5000.000000,5000.000000,-2215.000000,14137.000000,13155.000000
4700.000000,5000.000000,5000.000000,5000.000000,-2385.000000,14726.000000,12566.000000
5400.000000,6000.000000,5000.000000,5000.000000,-2301.000000,14922.000000,13155.000000
4400.000000,4400.000000,5000.000000,5000.000000,-2337.000000,14922.000000,13548.000000
4100.000000,5100.000000,5000.000000,5000.000000,-2404.000000,15315.000000,13548.000000
4900.000000,4500.000000,5000.000000,5000.000000,-2201.000000,15118.000000,13155.000000
5100.000000,5500.000000,5000.000000,5000.000000,-2304.000000,15511.000000,13548.000000
5400.000000,5300.000000,5000.000000,5000.000000,-2270.000000,15904.000000,14137.000000
4200.000000,5000.000000,5000.000000,5000.000000,-2241.000000,16100.000000,14922.000000
4900.000000,4900.000000,5000.000000,5000.000000,-2384.000000,16100.000000,14922.000000
5000.000000,4800.000000,5000.000000,5000.000000,-2295.000000,16297.000000,15118.000000
5000.000000,5300.000000,5000.000000,5000.000000,-2321.000000,16493.000000,15315.000000
4400.000000,4700.000000,5000.000000,5000.000000,-2200.000000,17082.000000,15315.000000
5400.000000,4900.000000,5000.000000,5000.000000,-2227.000000,17475.000000,15707.000000
5600.000000,4000.000000,5000.000000,5000.000000,-2330.000000,17475.000000,16297.000000
5100.000000,5000.000000,5000.000000,5000.000000,-2236.000000,17475.000000,16493.000000
4000.000000,6000.000000,5000.000000,5000.000000,-2210.000000,17867.000000,16297.000000
4500.000000,5200.000000,5000.000000,5000.000000,-2046.000000,18456.000000,16493.000000
5700.000000,4400.000000,5000.000000,5000.000000,-2177.000000,18849.000000,16689.000000
4200.000000,5100.000000,5000.000000,5000.000000,-2168.000000,19242.000000,17082.000000
5400.000000,5400.000000,5000.000000,5000.000000,-2214.000000,19045.000000,17475.000000
3700.000000,4000.000000,5000.000000,5000.000000,-2169.000000,18849.000000,17475.000000
4700.000000,5400.000000,5000.000000,5000.000000,-2066.000000,19242.000000,16886.000000
5600.000000,3900.000000,5000.000000,5000.000000,-2164.000000,19634.000000,17278.000000
5600.000000,4000.000000,5000.000000,5000.000000,-2145.000000,20224.000000,17671.000000
5100.000000,4000.000000,5000.000000,5000.000000,-2242.000000,20027.000000,17278.000000
5200.000000,4400.000000,5000.000000,5000.000000,-2183.000000,19831.000000,18064.000000
5500.000000,5200.000000,5000.000000,5000.000000,-1949.000000,19634.000000,18456.000000
5200.000000,5300.000000,5000.000000,5000.000000,-2037.000000,20224.000000,18849.000000
3700.000000,3300.000000,5000.000000,5000.000000,-2044.000000,20616.000000,18849.000000
5600.000000,5300.000000,5000.000000,5000.000000,-2185.000000,21009.000000,19242.000000
4300.000000,5000.000000,5000.000000,5000.000000,-2136.000000,21009.000000,19242.000000
4100.000000,3800.000000,5000.000000,5000.000000,-2118.000000,21205.000000,19831.000000
4100.000000,4600.000000,5000.000000,5000.000000,-2050.000000,21598.000000,19634.000000
4200.000000,5400.000000,5000.000000,5000.000000,-2129.000000,21991.000000,20224.000000
4000.000000,5500.000000,5000.000000,5000.000000,-2195.000000,22383.000000,20224.000000
4500.000000,5100.000000,5000.000000,5000.000000,-2071.000000,22383.000000,20813.000000
5400.000000,4100.000000,5000.000000,5000.000000,-2169.000000,22383.000000,20813.000000
4600.000000,4100.000000,5000.000000,5000.000000,-2172.000000,22776.000000,20224.000000
4400.000000,5800.000000,5000.000000,5000.000000,-2138.000000,22776.000000,20616.000000
5300.000000,3900.000000,5000.000000,5000.000000,-2268.000000,22972.000000,20813.000000
4600.000000,5800.000000,5000.000000,5000.000000,-2151.000000,22972.000000,20420.000000
4600.000000,3500.000000,5000.000000,5000.000000,-2175.000000,22972.000000,20813.000000
5400.000000,5100.000000,5000.000000,5000.000000,-2193.000000,23169.000000,21598.000000
4700.000000,5500.000000,5000.000000,5000.000000,-2102.000000,23365.000000,21794.000000
4700.000000,5200.000000,5000.000000,5000.000000,-2180.000000,23758.000000,22187.000000
5500.000000,4600.000000,5000.000000,5000.000000,-2260.000000,24150.000000,22383.000000
4600.000000,4600.000000,5000.000000,5000.000000,-2212.000000,24740.000000,22972.000000
4900.000000,5500.000000,5000.000000,5000.000000,-2205.000000,25132.000000,22580.000000
4900.000000,3600.000000,5000.000000,5000.000000,-2185.000000,25132.000000,22972.000000
5100.000000,5400.000000,5000.000000,5000.000000,-2323.000000,24936.000000,23169.000000
4600.000000,5300.000000,5000.000000,5000.000000,-2298.000000,25329.000000,23365.000000
5600.000000,4700.000000,5000.000000,5000.000000,-2317.000000,25721.000000,23365.000000
4900.000000,3800.000000,5000.000000,5000.000000,-2293.000000,25721.000000,23169.000000
4900.000000,4200.000000,5000.000000,5000.000000,-2202.000000,25721.000000,23561.000000
4300.000000,4300.000000,5000.000000,5000.000000,-2147.000000,25721.000000,22972.000000
4100.000000,3800.000000,5000.000000,5000.000000,-2169.000000,26114.000000,23561.000000
4200.000000,5500.000000,5000.000000,5000.000000,-2236.000000,26507.000000,24347.000000
3900.000000,3700.000000,5000.000000,5000.000000,-2178.000000,26703.000000,24347.000000
5500.000000,5100.000000,5000.000000,5000.000000,-2126.000000,27292.000000,24936.000000
3600.000000,5700.000000,5000.000000,5000.000000,-2235.000000,27881.000000,25132.000000
5100.000000,5700.000000,5000.000000,5000.000000,-2269.000000,27881.000000,25329.000000
5700.000000,5500.000000,5000.000000,5000.000000,-2353.000000,28077.000000,25525.000000
4900.000000,5600.000000,5000.000000,5000.000000,-2319.000000,28274.000000,25918.000000
4000.000000,5200.000000,5000.000000,5000.000000,-2286.000000,28470.000000,25918.000000
4200.000000,3700.000000,5000.000000,5000.000000,-2184.000000,28667.000000,25132.000000
4700.000000,5700.000000,5000.000000,5000.000000,-2098.000000,28470.000000,25132.000000
5100.000000,4200.000000,5000.000000,5000.000000,-2172.000000,28470.000000,25525.000000
4700.000000,5400.000000,5000.000000,5000.000000,-2120.000000,28863.000000,25721.000000
3900.000000,5400.000000,5000.000000,5000.000000,-2043.000000,29452.000000,26507.000000
4600.000000,5900.000000,5000.000000,5000.000000,-2044.000000,30237.000000,26703.000000
5500.000000,4300.000000,5000.000000,5000.000000,-2062.000000,31023.000000,26899.000000
3900.000000,5000.000000,5000.000000,5000.000000,-2103.000000,30826.000000,26899.000000
4600.000000,5400.000000,5000.000000,5000.000000,-2158.000000,30630.000000,27685.000000
4800.000000,4000.000000,5000.000000,5000.000000,-2233.000000,30826.000000,27881.000000
4000.000000,5500.000000,5000.000000,5000.000000,-2456.000000,31023.000000,28470.000000
4100.000000,4400.000000,5000.000000,5000.000000,-2496.000000,31219.000000,28077.000000
5100.000000,4000.000000,5000.000000,5000.000000,-2403.000000,31219.000000,27096.000000
5400.000000,3500.000000,5000.000000,5000.000000,-2351.000000,31612.000000,27292.000000
5700.000000,3500.000000,5000.000000,5000.000000,-2307.000000,31612.000000,27096.000000
5400.000000,5200.000000,5000.000000,5000.000000,-2253.000000,32397.000000,28077.000000
3900.000000,4100.000000,5000.000000,5000.000000,-2187.000000,33379.000000,29059.000000
5500.000000,4100.000000,5000.000000,5000.000000,-2166.000000,33379.000000,29059.000000
3900.000000,6000.000000,5000.000000,5000.000000,-2341.000000,33183.000000,29059.000000
5500.000000,5100.000000,5000.000000,5000.000000,-2533.000000,32986.000000,29256.000000
5800.000000,5100.000000,5000.000000,5000.000000,-2599.000000,32986.000000,29648.000000
5500.000000,5000.000000,5000.000000,5000.000000,-2765.000000,33183.000000,30434.000000
5500.000000,3900.000000,5000.000000,5000.000000,-2852.000000,33575.000000,30434.000000
5100.000000,4000.000000,5000.000000,5000.000000,-2880.000000,33968.000000,29452.000000
5300.000000,3800.000000,5000.000000,5000.000000,-3006.000000,33968.000000,29452.000000
5700.000000,5000.000000,5000.000000,5000.000000,-3384.000000,34753.000000,29059.000000
5400.000000,4500.000000,5000.000000,5000.000000,-3498.000000,34753.000000,30237.000000
3900.000000,3100.000000,5000.000000,5000.000000,-3630.000000,34950.000000,30826.000000
5600.000000,4800.000000,5000.000000,5000.000000,-3646.000000,34753.000000,31219.000000
4000.000000,3200.000000,5000.000000,5000.000000,-3653.000000,34753.000000,31612.000000
3900.000000,4100.000000,5000.000000,5000.000000,-3753.000000,34557.000000,31415.000000
3800.000000,4300.000000,5000.000000,5000.000000,-3795.000000,34164.000000,32004.000000
3800.000000,3000.000000,5000.000000,5000.000000,-3676.000000,34557.000000,32201.000000
4100.000000,4400.000000,5000.000000,5000.000000,-3715.000000,34950.000000,31415.000000
5200.000000,3800.000000,5000.000000,5000.000000,-3635.000000,35931.000000,31219.000000
5600.000000,2800.000000,5000.000000,5000.000000,-3511.000000,36128.000000,30630.000000
5600.000000,3200.000000,5000.000000,5000.000000,-3531.000000,36324.000000,32004.000000
5000.000000,3300.000000,5000.000000,5000.000000,-3702.000000,36324.000000,32397.000000
4200.000000,3500.000000,5000.000000,5000.000000,-3861.000000,35735.000000,32790.000000
4500.000000,4100.000000,5000.000000,5000.000000,-4043.000000,35342.000000,33379.000000
5100.000000,3000.000000,5000.000000,5000.000000,-4109.000000,35146.000000,33772.000000
5600.000000,1600.000000,5000.000000,5000.000000,-4142.000000,35735.000000,33968.000000
5800.000000,1800.000000,5000.000000,5000.000000,-4080.000000,35931.000000,33575.000000
4000.000000,2200.000000,5000.000000,5000.000000,-4083.000000,36521.000000,32397.000000
5400.000000,3200.000000,5000.000000,5000.000000,-3998.000000,36913.000000,32397.000000
5300.000000,1100.000000,5000.000000,5000.000000,-3981.000000,36913.000000,32986.000000
5200.000000,2900.000000,5000.000000,5000.000000,-3978.000000,36913.000000,34164.000000
5500.000000,800.000000,5000.000000,5000.000000,-3701.000000,36521.000000,34361.000000
3800.000000,2900.000000,5000.000000,5000.000000,-3532.000000,35931.000000,35146.000000
5300.000000,3600.000000,5000.000000,5000.000000,-3478.000000,36128.000000,34753.000000
5100.000000,3000.000000,5000.000000,5000.000000,-3393.000000,36128.000000,35342.000000
4200.000000,900.000000,5000.000000,5000.000000,-3445.000000,36717.000000,35539.000000
5600.000000,3000.000000,5000.000000,5000.000000,-3563.000000,36913.000000,34361.000000
4100.000000,1000.000000,5000.000000,5000.000000,-3454.000000,37306.000000,34164.000000
5500.000000,2500.000000,5000.000000,5000.000000,-3296.000000,37110.000000,34557.000000
4200.000000,1300.000000,5000.000000,5000.000000,-3217.000000,37110.000000,35539.000000
4100.000000,1300.000000,5000.000000,5000.000000,-3207.000000,37110.000000,35931.000000
4200.000000,2400.000000,5000.000000,5000.000000,-3132.000000,37110.000000,36521.000000
4700.000000,1200.000000,5000.000000,5000.000000,-3161.000000,36717.000000,36521.000000
3200.000000,900.000000,5000.000000,5000.000000,-3103.000000,37110.000000,36913.000000
5000.000000,2400.000000,5000.000000,5000.000000,-3000.000000,37699.000000,37110.000000
4500.000000,2300.000000,5000.000000,5000.000000,-2908.000000,37502.000000,35735.000000
4000.000000,800.000000,5000.000000,5000.000000,-2801.000000,37502.000000,35342.000000
4000.000000,1000.000000,5000.000000,5000.000000,-2774.000000,37306.000000,36128.000000
3300.000000,2800.000000,5000.000000,5000.000000,-2624.000000,37110.000000,36717.000000
4300.000000,900.000000,5000.000000,5000.000000,-2420.000000,36717.000000,36913.000000
3300.000000,2800.000000,5000.000000,5000.000000,-2290.000000,36324.000000,37110.000000
4400.000000,1100.000000,5000.000000,5000.000000,-2105.000000,36128.000000,37895.000000
2800.000000,3100.000000,5000.000000,5000.000000,-2095.000000,36913.000000,37699.000000
2400.000000,1700.000000,5000.000000,5000.000000,-2091.000000,37502.000000,37502.000000
2100.000000,2700.000000,5000.000000,5000.000000,-1864.000000,37110.000000,37306.000000
1800.000000,600.000000,5000.000000,5000.000000,-1918.000000,37306.000000,36717.000000
3400.000000,2200.000000,5000.000000,5000.000000,-2045.000000,37306.000000,37110.000000
3700.000000,1900.000000,5000.000000,5000.000000,-2069.000000,37110.000000,37110.000000
3300.000000,700.000000,5000.000000,5000.000000,-2165.000000,36717.000000,37699.000000
3900.000000,2600.000000,5000.000000,5000.000000,-2218.000000,36521.000000,37502.000000
3600.000000,2000.000000,5000.000000,5000.000000,-2159.000000,36717.000000,37895.000000
3300.000000,2000.000000,5000.000000,5000.000000,-2090.000000,37502.000000,37699.000000
3100.000000,2000.000000,5000.000000,5000.000000,-2170.000000,37306.000000,37699.000000
3600.000000,1200.000000,5000.000000,5000.000000,-2106.000000,37306.000000,37306.000000
3400.000000,2800.000000,5000.000000,5000.000000,-2019.000000,37306.000000,38091.000000
3200.000000,1000.000000,5000.000000,5000.000000,-2040.000000,37110.000000,38288.000000
3500.000000,1300.000000,5000.000000,5000.000000,-1860.000000,36913.000000,37895.000000
3200.000000,3100.000000,5000.000000,5000.000000,-1898.000000,37110.000000,37895.000000
3100.000000,1200.000000,5000.000000,5000.000000,-2095.000000,36913.000000,38091.000000
3000.000000,700.000000,5000.000000,5000.000000,-1981.000000,37502.000000,38680.000000
2400.000000,2300.000000,5000.000000,5000.000000,-2062.000000,37502.000000,37306.000000
1700.000000,2500.000000,5000.000000,5000.000000,-2024.000000,37502.000000,37306.000000
1800.000000,1300.000000,5000.000000,5000.000000,-1929.000000,37699.000000,37895.000000
2500.000000,700.000000,5000.000000,5000.000000,-1923.000000,37699.000000,37895.000000
2100.000000,500.000000,5000.000000,5000.000000,-1883.000000,37110.000000,37895.000000
2000.000000,2300.000000,5000.000000,5000.000000,-2121.000000,36717.000000,37895.000000
1900.000000,1800.000000,5000.000000,5000.000000,-2093.000000,36717.000000,38288.000000
2100.000000,1200.000000,5000.000000,5000.000000,-2025.000000,37306.000000,38288.000000
2400.000000,2300.000000,5000.000000,5000.000000,-2129.000000,37699.000000,37699.000000
3100.000000,2300.000000,5000.000000,5000.000000,-2214.000000,37502.000000,37699.000000
3300.000000,1300.000000,5000.000000,5000.000000,-2106.000000,37502.000000,37895.000000
2100.000000,300.000000,5000.000000,5000.000000,-2049.000000,37699.000000,38484.000000
1700.000000,1000.000000,5000.000000,5000.000000,-2055.000000,37699.000000,38680.000000
2700.000000,1300.000000,5000.000000,5000.000000,-2051.000000,37110.000000,38484.000000
3100.000000,2000.000000,5000.000000,5000.000000,-2084.000000,37306.000000,38288.000000
2000.000000,2000.000000,5000.000000,5000.000000,-2103.000000,37110.000000,38680.000000
1800.000000,2700.000000,5000.000000,5000.000000,-2136.000000,38091.000000,38288.000000
2600.000000,2500.000000,5000.000000,5000.000000,-2149.000000,38091.000000,37895.000000
3400.000000,2300.000000,5000.000000,5000.000000,-2216.000000,37502.000000,37306.000000
2400.000000,1500.000000,5000.000000,5000.000000,-2155.000000,37895.000000,38484.000000
1900.000000,1100.000000,5000.000000,5000.000000,-2141.000000,37895.000000,38091.000000
1700.000000,700.000000,5000.000000,5000.000000,-2137.000000,37306.000000,38288.000000
2200.000000,400.000000,5000.000000,5000.000000,-2063.000000,37306.000000,38091.000000
2100.000000,500.000000,5000.000000,5000.000000,-2023.000000,37110.000000,38680.000000
3000.000000,1000.000000,5000.000000,5000.000000,-1923.000000,37699.000000,38091.000000
3200.000000,1300.000000,5000.000000,5000.000000,-1892.000000,37895.000000,37895.000000
1700.000000,2200.000000,5000.000000,5000.000000,-1761.000000,37699.000000,37502.000000
1900.000000,2500.000000,5000.000000,5000.000000,-1812.000000,37699.000000,38484.000000
2700.000000,2300.000000,5000.000000,5000.000000,-1787.000000,37502.000000,38680.000000
3000.000000,1000.000000,5000.000000,5000.000000,-1850.000000,36913.000000,38288.000000
1500.000000,2900.000000,5000.000000,5000.000000,-1958.000000,36521.000000,38091.000000
2100.000000,1700.000000,5000.000000,5000.000000,-1897.000000,36521.000000,38484.000000
3200.000000,2600.000000,5000.000000,5000.000000,-1919.000000,36913.000000,39269.000000
2000.000000,1000.000000,5000.000000,5000.000000,-1916.000000,37699.000000,37502.000000
1600.000000,2400.000000,5000.000000,5000.000000,-1792.000000,37502.000000,37699.000000
3000.000000,2100.000000,5000.000000,5000.000000,-1726.000000,37502.000000,38484.000000
3000.000000,1000.000000,5000.000000,5000.000000,-1604.000000,37895.000000,38484.000000
1300.000000,300.000000,5000.000000,5000.000000,-1524.000000,37699.000000,38680.000000
2000.000000,200.000000,5000.000000,5000.000000,-1595.000000,37502.000000,38288.000000
3300.000000,600.000000,5000.000000,5000.000000,-1653.000000,37110.000000,38484.000000
2200.000000,1200.000000,5000.000000,5000.000000,-1789.000000,37306.000000,38680.000000
1800.000000,2300.000000,5000.000000,5000.000000,-1816.000000,37699.000000,37699.000000
2700.000000,2400.000000,5000.000000,5000.000000,-1837.000000,37895.000000,37502.000000
3200.000000,700.000000,5000.000000,5000.000000,-1856.000000,37306.000000,38091.000000
2700.000000,600.000000,5000.000000,5000.000000,-1897.000000,37699.000000,38484.000000
1900.000000,2100.000000,5000.000000,5000.000000,-1911.000000,37502.000000,38288.000000
1600.000000,2400.000000,5000.000000,5000.000000,-1939.000000,37306.000000,38288.000000
2300.000000,1500.000000,5000.000000,5000.000000,-2024.000000,37110.000000,38484.000000
3300.000000,900.000000,5000.000000,5000.000000,-2007.000000,37306.000000,38484.000000
2500.000000,1400.000000,5000.000000,5000.000000,-1933.000000,37306.000000,38091.000000
1400.000000,2000.000000,5000.000000,5000.000000,-1901.000000,37699.000000,37895.000000
2400.000000,2500.000000,5000.000000,5000.000000,-1989.000000,37306.000000,37895.000000
2700.000000,2100.000000,5000.000000,5000.000000,-1926.000000,37699.000000,38877.000000
1400.000000,1100.000000,5000.000000,5000.000000,-1816.000000,37502.000000,38680.000000
2200.000000,500.000000,5000.000000,5000.000000,-1753.000000,37699.000000,38877.000000
2900.000000,1400.000000,5000.000000,5000.000000,-1686.000000,37110.000000,38288.000000
1400.000000,1700.000000,5000.000000,5000.000000,-1655.000000,37110.000000,38484.000000
2400.000000,2300.000000,5000.000000,5000.000000,-1572.000000,37306.000000,38484.000000
3100.000000,1900.000000,5000.000000,5000.000000,-1641.000000,37895.000000,38091.000000
1600.000000,1200.000000,5000.000000,5000.000000,-1742.000000,37502.000000,37699.000000
2100.000000,500.000000,5000.000000,5000.000000,-1676.000000,37502.000000,38680.000000
3500.000000,1600.000000,5000.000000,5000.000000,-1668.000000,37895.000000,38484.000000
2000.000000,2200.000000,5000.000000,5000.000000,-1638.000000,37306.000000,38877.000000
1600.000000,2300.000000,5000.000000,5000.000000,-1629.000000,36913.000000,38288.000000
2800.000000,1300.000000,5000.000000,5000.000000,-1733.000000,37110.000000,38484.000000
3000.000000,1000.000000,5000.000000,5000.000000,-1639.000000,37110.000000,38484.000000
1500.000000,1500.000000,5000.000000,5000.000000,-1762.000000,37306.000000,37895.000000
1900.000000,2500.000000,5000.000000,5000.000000,-1715.000000,37699.000000,37502.000000
3300.000000,2200.000000,5000.000000,5000.000000,-1768.000000,37502.000000,38484.000000
2800.000000,1200.000000,5000.000000,5000.000000,-1848.000000,37502.000000,38680.000000
1500.000000,600.000000,5000.000000,5000.000000,-1852.000000,37502.000000,38484.000000
2600.000000,2200.000000,5000.000000,5000.000000,-1904.000000,37110.000000,38288.000000
2600.000000,2600.000000,5000.000000,5000.000000,-1890.000000,36913.000000,38680.000000
1300.000000,1100.000000,5000.000000,5000.000000,-1975.000000,36717.000000,38877.000000
2100.000000,2400.000000,5000.000000,5000.000000,-2038.000000,37110.000000,37895.000000
3300.000000,2100.000000,5000.000000,5000.000000,-1974.000000,37699.000000,37306.000000
2200.000000,1800.000000,5000.000000,5000.000000,-1923.000000,37306.000000,38484.000000
1600.000000,2800.000000,5000.000000,5000.000000,-1898.000000,37502.000000,38680.000000
2700.000000,1300.000000,5000.000000,5000.000000,-1916.000000,37306.000000,38288.000000
2800.000000,1300.000000,5000.000000,5000.000000,-2061.000000,37306.000000,38484.000000
1300.000000,2500.000000,5000.000000,5000.000000,-2177.000000,36913.000000,38484.000000
2100.000000,2000.000000,5000.000000,5000.000000,-2150.000000,36913.000000,38877.000000
3100.000000,800.000000,5000.000000,5000.000000,-2157.000000,36913.000000,37699.000000
2700.000000,1400.000000,5000.000000,5000.000000,-2164.000000,37699.000000,37502.000000
1900.000000,1400.000000,5000.000000,5000.000000,-2224.000000,37502.000000,38091.000000
1500.000000,2700.000000,5000.000000,5000.000000,-2153.000000,37502.000000,38484.000000
2400.000000,1600.000000,5000.000000,5000.000000,-2102.000000,37699.000000,38288.000000
3100.000000,800.000000,5000.000000,5000.000000,-2124.000000,37306.000000,38091.000000
2800.000000,1400.000000,5000.000000,5000.000000,-2073.000000,37110.000000,38288.000000
1600.000000,2400.000000,5000.000000,5000.000000,-2109.000000,36913.000000,38877.000000
2100.000000,2500.000000,5000.000000,5000.000000,-2114.000000,37110.000000,37895.000000
3300.000000,900.000000,5000.000000,5000.000000,-2100.000000,37306.000000,37895.000000
2000.000000,600.000000,5000.000000,5000.000000,-2045.000000,37502.000000,37895.000000
1600.000000,1600.000000,5000.000000,5000.000000,-1937.000000,37502.000000,38680.000000
2700.000000,2800.000000,5000.000000,5000.000000,-1907.000000,37699.000000,38877.000000
2600.000000,1900.000000,5000.000000,5000.000000,-1881.000000,37502.000000,38484.000000
1300.000000,1000.000000,5000.000000,5000.000000,-1944.000000,37306.000000,38288.000000
2800.000000,800.000000,5000.000000,5000.000000,-1889.000000,37306.000000,38680.000000
2900.000000,1800.000000,5000.000000,5000.000000,-1911.000000,37110.000000,38288.000000
1300.000000,2300.000000,5000.000000,5000.000000,-1810.000000,37502.000000,38288.000000
2300.000000,1700.000000,5000.000000,5000.000000,-1878.000000,37699.000000,37306.000000
3200.000000,800.000000,5000.000000,5000.000000,-1992.000000,37699.000000,38680.000000
1600.000000,800.000000,5000.000000,5000.000000,-1901.000000,37306.000000,38680.000000
1900.000000,2400.000000,5000.000000,5000.000000,-1925.000000,37895.000000,38288.000000
3200.000000,2700.000000,5000.000000,5000.000000,-1847.000000,37502.000000,38091.000000
2700.000000,1800.000000,5000.000000,5000.000000,-1940.000000,36913.000000,38484.000000
1200.000000,600.000000,5000.000000,5000.000000,-1956.000000,37110.000000,38288.000000
2200.000000,1100.000000,5000.000000,5000.000000,-1940.000000,36913.000000,38288.000000
3100.000000,2100.000000,5000.000000,5000.000000,-1983.000000,37502.000000,37306.000000
1600.000000,2900.000000,5000.000000,5000.000000,-1913.000000,37699.000000,38680.000000
2000.000000,1400.000000,5000.000000,5000.000000,-1976.000000,37502.000000,38680.000000
3100.000000,1200.000000,5000.000000,5000.000000,-2093.000000,37306.000000,38484.000000
2400.000000,2600.000000,0.000000,0.000000,-2161.000000,37110.000000,38091.000000
0.000000,0.000000,0.000000,0.000000,-2123.000000,36128.000000,38288.000000
0.000000,-100.000000,0.000000,0.000000,-2161.000000,35931.000000,37699.000000
-100.000000,-100.000000,0.000000,0.000000,-2260.000000,35342.000000,36324.000000
-100.000000,0.000000,0.000000,0.000000,-2435.000000,36324.000000,35539.000000
0.000000,0.000000,0.000000,0.000000,-2446.000000,37502.000000,36324.000000
0.000000,100.000000,0.000000,0.000000,-2272.000000,37306.000000,37306.000000
-200.000000,0.000000,0.000000,0.000000,-2397.000000,36717.000000,36913.000000
0.000000,0.000000,0.000000,0.000000,-2301.000000,36913.000000,37110.000000
200.000000,100.000000,0.000000,0.000000,-2361.000000,35735.000000,37110.000000
0.000000,0.000000,0.000000,0.000000,-2237.000000,35146.000000,37502.000000
-100.000000,100.000000,0.000000,0.000000,-1991.000000,35342.000000,36717.000000
-100.000000,-500.000000,0.000000,0.000000,-1859.000000,35539.000000,36521.000000
-100.000000,0.000000,0.000000,0.000000,-1885.000000,35735.000000,35931.000000
0.000000,0.000000,0.000000,0.000000,-1953.000000,35931.000000,36913.000000
-100.000000,0.000000,0.000000,0.000000,-1839.000000,35342.000000,36324.000000
0.000000,-100.000000,0.000000,0.000000,-2025.000000,35146.000000,35146.000000
100.000000,-300.000000,0.000000,0.000000,-1891.000000,34950.000000,35146.000000
0.000000,100.000000,0.000000,0.000000,-2037.000000,35146.000000,34950.000000
0.000000,100.000000,0.000000,0.000000,-2014.000000,34950.000000,35342.000000
-200.000000,0.000000,0.000000,0.000000,-2010.000000,34753.000000,34557.000000
0.000000,0.000000,0.000000,0.000000,-1919.000000,34361.000000,34557.000000
0.000000,0.000000,0.000000,0.000000,-2078.000000,34557.000000,34753.000000
0.000000,0.000000,0.000000,0.000000,-2056.000000,34361.000000,35342.000000
100.000000,0.000000,0.000000,0.000000,-2076.000000,33772.000000,34753.000000
-100.000000,-100.000000,0.000000,0.000000,-2253.000000,33772.000000,33772.000000
-100.000000,100.000000,0.000000,0.000000,-2217.000000,33772.000000,33575.000000
0.000000,200.000000,0.000000,0.000000,-2665.000000,33968.000000,33183.000000
0.000000,0.000000,38.000000,39.000000,-2681.000000,34361.000000,33183.000000
100.000000,0.000000,0.000000,0.000000,-2706.000000,34361.000000,33183.000000
0.000000,0.000000,0.000000,0.000000,-2809.000000,33772.000000,33772.000000
-200.000000,400.000000,38.000000,39.000000,-2648.000000,33772.000000,33379.000000
0.000000,0.000000,0.000000,0.000000,-2719.000000,33575.000000,34164.000000
-100.000000,200.000000,0.000000,0.000000,-2664.000000,33183.000000,33772.000000
-100.000000,0.000000,0.000000,0.000000,-2526.000000,32790.000000,32594.000000
0.000000,100.000000,0.000000,0.000000,-2513.000000,32594.000000,32397.000000
-200.000000,100.000000,0.000000,0.000000,-2428.000000,32201.000000,32004.000000
0.000000,0.000000,0.000000,0.000000,-2463.000000,32201.000000,31612.000000
0.000000,0.000000,0.000000,0.000000,-2476.000000,32790.000000,31415.000000
0.000000,100.000000,0.000000,0.000000,-2131.000000,32790.000000,30434.000000
-100.000000,200.000000,0.000000,0.000000,-1999.000000,32790.000000,31612.000000
0.000000,200.000000,0.000000,0.000000,-1962.000000,32790.000000,32201.000000
100.000000,-100.000000,0.000000,0.000000,-1956.000000,32790.000000,32790.000000
100.000000,100.000000,0.000000,0.000000,-1985.000000,32004.000000,32201.000000
0.000000,200.000000,0.000000,0.000000,-2049.000000,31808.000000,31219.000000
100.000000,-100.000000,0.000000,0.000000,-1961.000000,31612.000000,31023.000000
-100.000000,100.000000,0.000000,0.000000,-1876.000000,31219.000000,30630.000000
-100.000000,-100.000000,0.000000,0.000000,-1992.000000,31415.000000,30237.000000
-100.000000,-100.000000,0.000000,0.000000,-1997.000000,31808.000000,30041.000000
100.000000,200.000000,0.000000,0.000000,-2109.000000,31219.000000,28863.000000
-100.000000,0.000000,0.000000,0.000000,-2237.000000,31023.000000,30041.000000
-100.000000,100.000000,19.000000,19.000000,-2060.000000,31415.000000,30630.000000
0.000000,100.000000,0.000000,0.000000,-2086.000000,31023.000000,31219.000000
-100.000000,200.000000,0.000000,0.000000,-2268.000000,30434.000000,31415.000000
0.000000,0.000000,0.000000,0.000000,-2349.000000,30237.000000,29648.000000
100.000000,-100.000000,0.000000,0.000000,-2347.000000,30630.000000,29845.000000
-100.000000,0.000000,0.000000,0.000000,-2567.000000,31023.000000,28667.000000
-100.000000,-100.000000,0.000000,0.000000,-2503.000000,30826.000000,28667.000000
-100.000000,-100.000000,0.000000,0.000000,-2588.000000,30041.000000,28274.000000
-100.000000,200.000000,0.000000,0.000000,-2702.000000,29452.000000,27685.000000
0.000000,-100.000000,0.000000,0.000000,-2589.000000,28863.000000,28077.000000
-200.000000,-100.000000,0.000000,0.000000,-2641.000000,29648.000000,28863.000000
200.000000,0.000000,0.000000,0.000000,-2600.000000,30041.000000,29059.000000
0.000000,100.000000,0.000000,0.000000,-2760.000000,29845.000000,29256.000000
0.000000,0.000000,0.000000,0.000000,-2763.000000,29452.000000,28470.000000
0.000000,0.000000,0.000000,0.000000,-2612.000000,29452.000000,27096.000000
0.000000,100.000000,0.000000,0.000000,-2704.000000,29452.000000,26899.000000
100.000000,0.000000,0.000000,0.000000,-2758.000000,29452.000000,26507.000000
0.000000,100.000000,0.000000,0.000000,-2480.000000,29059.000000,26507.000000
0.000000,200.000000,0.000000,0.000000,-2607.000000,29059.000000,27292.000000
0.000000,400.000000,0.000000,0.000000,-2707.000000,28077.000000,28274.000000
0.000000,0.000000,0.000000,0.000000,-2564.000000,28274.000000,27096.000000
-100.000000,0.000000,0.000000,0.000000,-2557.000000,28274.000000,27685.000000
0.000000,0.000000,0.000000,0.000000,-2418.000000,28077.000000,25918.000000
-100.000000,0.000000,0.000000,0.000000,-2395.000000,27881.000000,26507.000000
0.000000,0.000000,0.000000,0.000000,-2348.000000,28077.000000,26114.000000
0.000000,100.000000,0.000000,0.000000,-2448.000000,28667.000000,25721.000000
0.000000,0.000000,0.000000,0.000000,-2481.000000,28667.000000,24543.000000
0.000000,0.000000,0.000000,0.000000,-2343.000000,28274.000000,25132.000000
0.000000,0.000000,0.000000,0.000000,-2249.000000,27881.000000,25132.000000
0.000000,100.000000,0.000000,0.000000,-2295.000000,27685.000000,26114.000000
-100.000000,0.000000,0.000000,0.000000,-2436.000000,27292.000000,26507.000000
-200.000000,0.000000,0.000000,0.000000,-2425.000000,26899.000000,25918.000000
-100.000000,0.000000,0.000000,0.000000,-2409.000000,26899.000000,24740.000000
0.000000,0.000000,0.000000,0.000000,-2354.000000,26899.000000,24936.000000
-200.000000,0.000000,0.000000,0.000000,-2391.000000,27096.000000,23758.000000
0.000000,0.000000,0.000000,0.000000,-2461.000000,27292.000000,23954.000000
0.000000,-100.000000,0.000000,0.000000,-2342.000000,27685.000000,24347.000000
-100.000000,-100.000000,0.000000,0.000000,-2495.000000,27488.000000,24543.000000
-200.000000,0.000000,0.000000,0.000000,-2449.000000,27096.000000,24543.000000
0.000000,0.000000,0.000000,0.000000,-2454.000000,26899.000000,23758.000000
-100.000000,0.000000,0.000000,0.000000,-2461.000000,26507.000000,23758.000000
-100.000000,0.000000,0.000000,0.000000,-2398.000000,26114.000000,23561.000000
0.000000,0.000000,0.000000,0.000000,-2418.000000,25918.000000,23561.000000
0.000000,400.000000,0.000000,0.000000,-2429.000000,25525.000000,24150.000000
0.000000,100.000000,0.000000,0.000000,-2237.000000,25721.000000,24150.000000
100.000000,0.000000,0.000000,0.000000,-2175.000000,25525.000000,22776.000000
-200.000000,0.000000,0.000000,0.000000,-2326.000000,25721.000000,22972.000000
-100.000000,0.000000,0.000000,0.000000,-2277.000000,25918.000000,22580.000000
100.000000,0.000000,0.000000,0.000000,-2189.000000,26114.000000,22776.000000
0.000000,100.000000,0.000000,0.000000,-2111.000000,25918.000000,22972.000000
-100.000000,200.000000,38.000000,39.000000,-2056.000000,25525.000000,22580.000000
300.000000,0.000000,0.000000,0.000000,-2060.000000,25329.000000,22383.000000
-100.000000,0.000000,0.000000,0.000000,-2187.000000,24740.000000,21794.000000
-200.000000,0.000000,0.000000,0.000000,-2157.000000,24543.000000,21991.000000
0.000000,0.000000,0.000000,0.000000,-2073.000000,24347.000000,21991.000000
-100.000000,-100.000000,0.000000,0.000000,-2006.000000,24347.000000,22187.000000
100.000000,0.000000,0.000000,0.000000,-1959.000000,24543.000000,21991.000000
0.000000,0.000000,0.000000,0.000000,-2023.000000,24543.000000,22187.000000
100.000000,0.000000,0.000000,0.000000,-2096.000000,24543.000000,22187.000000
0.000000,300.000000,0.000000,0.000000,-2006.000000,24543.000000,21009.000000
-100.000000,0.000000,19.000000,19.000000,-2075.000000,24347.000000,21205.000000
100.000000,0.000000,0.000000,0.000000,-2073.000000,24347.000000,20813.000000
100.000000,100.000000,0.000000,0.000000,-2144.000000,23954.000000,20813.000000
200.000000,0.000000,0.000000,0.000000,-2159.000000,23758.000000,20813.000000
0.000000,100.000000,0.000000,0.000000,-2071.000000,23365.000000,21205.000000
-200.000000,0.000000,0.000000,0.000000,-2084.000000,23169.000000,20813.000000
0.000000,-100.000000,0.000000,0.000000,-2025.000000,23169.000000,20420.000000
-100.000000,-100.000000,0.000000,0.000000,-2018.000000,22972.000000,19634.000000
0.000000,0.000000,0.000000,0.000000,-2104.000000,22776.000000,20224.000000
0.000000,-200.000000,0.000000,0.000000,-2105.000000,22972.000000,20027.000000
-100.000000,0.000000,0.000000,0.000000,-2072.000000,22972.000000,20027.000000
-200.000000,200.000000,0.000000,0.000000,-2165.000000,22972.000000,20027.000000
0.000000,0.000000,0.000000,0.000000,-2266.000000,22776.000000,20027.000000
100.000000,200.000000,0.000000,0.000000,-2317.000000,22776.000000,19831.000000
-100.000000,0.000000,0.000000,0.000000,-2312.000000,22972.000000,19242.000000
0.000000,0.000000,0.000000,0.000000,-2353.000000,22776.000000,18849.000000
-100.000000,0.000000,0.000000,0.000000,-2300.000000,22383.000000,19045.000000
-100.000000,100.000000,0.000000,0.000000,-2329.000000,22187.000000,18456.000000
-200.000000,0.000000,0.000000,0.000000,-2423.000000,21991.000000,18653.000000
0.000000,-100.000000,0.000000,0.000000,-2349.000000,21794.000000,18849.000000
-200.000000,0.000000,0.000000,0.000000,-2334.000000,21794.000000,18849.000000
-100.000000,0.000000,0.000000,0.000000,-2335.000000,21402.000000,18260.000000
0.000000,0.000000,0.000000,0.000000,-2212.000000,21205.000000,18064.000000
-100.000000,0.000000,0.000000,0.000000,-2367.000000,21402.000000,17671.000000
-100.000000,0.000000,0.000000,0.000000,-2351.000000,21402.000000,17475.000000
0.000000,0.000000,0.000000,0.000000,-2263.000000,21402.000000,17867.000000
-100.000000,0.000000,0.000000,0.000000,-2219.000000,21598.000000,17867.000000
0.000000,0.000000,0.000000,0.000000,-2173.000000,21402.000000,17671.000000
0.000000,200.000000,38.000000,39.000000,-2210.000000,21205.000000,17278.000000
100.000000,100.000000,0.000000,0.000000,-2204.000000,21205.000000,17671.000000
-100.000000,-100.000000,0.000000,0.000000,-2050.000000,21009.000000,17671.000000
-100.000000,100.000000,0.000000,0.000000,-2061.000000,20813.000000,17278.000000
0.000000,-100.000000,0.000000,0.000000,-2023.000000,20813.000000,16493.000000
-100.000000,0.000000,0.000000,0.000000,-2034.000000,20420.000000,16689.000000
0.000000,0.000000,0.000000,0.000000,-2174.000000,20420.000000,16493.000000
0.000000,200.000000,0.000000,0.000000,-2132.000000,20224.000000,15707.000000
-100.000000,-100.000000,0.000000,0.000000,-2125.000000,20027.000000,16100.000000
0.000000,0.000000,0.000000,0.000000,-2080.000000,19831.000000,16100.000000
0.000000,0.000000,0.000000,0.000000,-2056.000000,20027.000000,16493.000000
100.000000,300.000000,0.000000,0.000000,-2219.000000,20027.000000,16100.000000
-200.000000,100.000000,0.000000,0.000000,-2170.000000,20027.000000,16100.000000
100.000000,0.000000,0.000000,0.000000,-2242.000000,19831.000000,15707.000000
0.000000,-100.000000,0.000000,0.000000,-2222.000000,19831.000000,15118.000000
100.000000,200.000000,0.000000,0.000000,-2219.000000,19831.000000,15315.000000
-100.000000,300.000000,0.000000,0.000000,-2328.000000,19831.000000,15315.000000
-300.000000,0.000000,0.000000,0.000000,-2194.000000,19438.000000,14922.000000
0.000000,100.000000,0.000000,0.000000,-2240.000000,19438.000000,15118.000000
0.000000,100.000000,0.000000,0.000000,-2167.000000,19045.000000,15118.000000
0.000000,0.000000,0.000000,0.000000,-2238.000000,19045.000000,15118.000000
100.000000,0.000000,0.000000,0.000000,-2289.000000,18653.000000,15118.000000
300.000000,0.000000,0.000000,0.000000,-2330.000000,18849.000000,15118.000000
0.000000,300.000000,0.000000,0.000000,-2301.000000,18456.000000,14726.000000
-100.000000,300.000000,0.000000,0.000000,-2224.000000,18456.000000,14137.000000
0.000000,0.000000,0.000000,0.000000,-2241.000000,18064.000000,14137.000000
-100.000000,0.000000,0.000000,0.000000,-2262.000000,18260.000000,14137.000000
0.000000,200.000000,0.000000,0.000000,-2214.000000,18064.000000,13940.000000
0.000000,200.000000,0.000000,0.000000,-2229.000000,18064.000000,13548.000000
-100.000000,100.000000,0.000000,0.000000,-2189.000000,18064.000000,13744.000000
-100.000000,100.000000,0.000000,0.000000,-2190.000000,18064.000000,13744.000000
-200.000000,-100.000000,0.000000,0.000000,-2227.000000,17867.000000,13940.000000
-100.000000,0.000000,0.000000,0.000000,-2258.000000,17671.000000,13548.000000
-200.000000,0.000000,0.000000,0.000000,-2337.000000,17867.000000,13351.000000
-100.000000,0.000000,0.000000,0.000000,-2250.000000,17671.000000,13351.000000
-100.000000,200.000000,0.000000,0.000000,-2247.000000,17475.000000,13351.000000
200.000000,200.000000,0.000000,0.000000,-2249.000000,17278.000000,12762.000000
0.000000,100.000000,0.000000,0.000000,-2233.000000,17475.000000,12762.000000
0.000000,100.000000,0.000000,0.000000,-2260.000000,17278.000000,13155.000000
-100.000000,-100.000000,0.000000,0.000000,-2193.000000,16886.000000,12566.000000
0.000000,300.000000,0.000000,0.000000,-2197.000000,16689.000000,12762.000000
0.000000,0.000000,0.000000,0.000000,-2212.000000,16493.000000,12762.000000
0.000000,0.000000,0.000000,0.000000,-2128.000000,16297.000000,12566.000000
0.000000,400.000000,0.000000,0.000000,-2128.000000,15904.000000,12566.000000
-100.000000,100.000000,0.000000,0.000000,-2130.000000,16100.000000,12370.000000
-200.000000,100.000000,0.000000,0.000000,-2106.000000,16297.000000,12370.000000
0.000000,100.000000,0.000000,0.000000,-2072.000000,16493.000000,12370.000000
-200.000000,0.000000,0.000000,0.000000,-2101.000000,16297.000000,11977.000000
-200.000000,-200.000000,0.000000,0.000000,-2331.000000,16100.000000,11780.000000
-100.000000,0.000000,0.000000,0.000000,-2346.000000,15904.000000,11977.000000
0.000000,100.000000,0.000000,0.000000,-2303.000000,15904.000000,11780.000000
0.000000,-100.000000,0.000000,0.000000,-2361.000000,16100.000000,11780.000000
0.000000,100.000000,0.000000,0.000000,-2215.000000,16100.000000,10799.000000
-200.000000,0.000000,0.000000,0.000000,-2250.000000,15707.000000,10995.000000
0.000000,0.000000,0.000000,0.000000,-2184.000000,15707.000000,10995.000000
0.000000,200.000000,0.000000,0.000000,-2113.000000,15315.000000,10799.000000
0.000000,100.000000,0.000000,0.000000,-2095.000000,15118.000000,11388.000000
-100.000000,100.000000,19.000000,19.000000,-2184.000000,15118.000000,11191.000000
0.000000,-400.000000,0.000000,0.000000,-2104.000000,14922.000000,10995.000000
0.000000,200.000000,0.000000,0.000000,-2142.000000,15118.000000,10799.000000
-100.000000,0.000000,0.000000,0.000000,-2142.000000,14529.000000,10799.000000
0.000000,0.000000,0.000000,0.000000,-1959.000000,14922.000000,10602.000000
0.000000,0.000000,0.000000,0.000000,-1961.000000,14333.000000,10013.000000
0.000000,0.000000,0.000000,0.000000,-1934.000000,14333.000000,10013.000000
0.000000,0.000000,0.000000,0.000000,-1927.000000,14333.000000,10013.000000
-200.000000,200.000000,0.000000,0.000000,-1934.000000,14726.000000,10602.000000
-100.000000,-100.000000,38.000000,39.000000,-1834.000000,14529.000000,10013.000000
-100.000000,-100.000000,0.000000,0.000000,-1801.000000,14333.000000,10013.000000
-100.000000,0.000000,0.000000,0.000000,-1738.000000,14333.000000,9817.000000
-100.000000,-100.000000,0.000000,0.000000,-1786.000000,13940.000000,9817.000000
-100.000000,-100.000000,0.000000,0.000000,-1776.000000,13940.000000,9621.000000
100.000000,-100.000000,0.000000,0.000000,-1745.000000,13744.000000,9621.000000
-100.000000,100.000000,0.000000,0.000000,-1726.000000,13940.000000,9621.000000
-200.000000,0.000000,0.000000,0.000000,-1681.000000,13940.000000,9621.000000
0.000000,0.000000,0.000000,0.000000,-1779.000000,13940.000000,9621.000000
100.000000,100.000000,0.000000,0.000000,-1744.000000,13744.000000,9817.000000
0.000000,0.000000,0.000000,0.000000,-1764.000000,13744.000000,9228.000000
0.000000,0.000000,0.000000,0.000000,-1809.000000,13548.000000,9032.000000
-100.000000,100.000000,0.000000,0.000000,-1746.000000,13548.000000,8443.000000
100.000000,0.000000,0.000000,0.000000,-1832.000000,13351.000000,8639.000000
-200.000000,0.000000,0.000000,0.000000,-1854.000000,13155.000000,8443.000000
0.000000,0.000000,0.000000,0.000000,-1835.000000,12959.000000,8443.000000
100.000000,100.000000,0.000000,0.000000,-1812.000000,12959.000000,8835.000000
-100.000000,100.000000,0.000000,0.000000,-1761.000000,12762.000000,8443.000000
-100.000000,0.000000,0.000000,0.000000,-1816.000000,12566.000000,8050.000000
0.000000,100.000000,0.000000,0.000000,-1918.000000,12762.000000,8246.000000
-200.000000,100.000000,0.000000,0.000000,-1815.000000,12566.000000,8050.000000
0.000000,100.000000,0.000000,0.000000,-1790.000000,12566.000000,7853.000000
-200.000000,0.000000,0.000000,0.000000,-1808.000000,12370.000000,7461.000000
-100.000000,0.000000,0.000000,0.000000,-1738.000000,12566.000000,7853.000000
-100.000000,0.000000,0.000000,0.000000,-1840.000000,12370.000000,8050.000000
-100.000000,0.000000,0.000000,0.000000,-1831.000000,12173.000000,7657.000000
0.000000,-100.000000,0.000000,0.000000,-1731.000000,11977.000000,7853.000000
0.000000,100.000000,0.000000,0.000000,-1837.000000,12370.000000,7657.000000
-200.000000,0.000000,0.000000,0.000000,-1812.000000,12173.000000,7461.000000
-100.000000,-100.000000,0.000000,0.000000,-1728.000000,11977.000000,7264.000000
0.000000,0.000000,0.000000,0.000000,-1829.000000,12173.000000,7068.000000
0.000000,0.000000,0.000000,0.000000,-1762.000000,11780.000000,6872.000000
-100.000000,-100.000000,0.000000,0.000000,-1775.000000,11780.000000,6675.000000
0.000000,0.000000,0.000000,0.000000,-1822.000000,11584.000000,6872.000000
-200.000000,0.000000,0.000000,0.000000,-1783.000000,11584.000000,6872.000000
-100.000000,0.000000,19.000000,19.000000,-1833.000000,11388.000000,6872.000000
0.000000,100.000000,0.000000,0.000000,-1772.000000,11584.000000,6872.000000
100.000000,-100.000000,0.000000,0.000000,-1668.000000,11584.000000,6872.000000
-100.000000,0.000000,0.000000,0.000000,-1745.000000,11388.000000,6283.000000
-100.000000,0.000000,0.000000,0.000000,-1758.000000,11191.000000,6086.000000
0.000000,-100.000000,0.000000,0.000000,-1773.000000,10799.000000,5890.000000
0.000000,100.000000,0.000000,0.000000,-1825.000000,10602.000000,5890.000000
-100.000000,0.000000,0.000000,0.000000,-1778.000000,10799.000000,5890.000000
0.000000,200.000000,0.000000,0.000000,-1791.000000,10406.000000,6086.000000
100.000000,0.000000,0.000000,0.000000,-1765.000000,10406.000000,6086.000000
-100.000000,0.000000,0.000000,0.000000,-1773.000000,10406.000000,6086.000000
-100.000000,100.000000,0.000000,0.000000,-1747.000000,10602.000000,5890.000000
-100.000000,-100.000000,0.000000,0.000000,-1705.000000,10406.000000,5890.000000
0.000000,200.000000,0.000000,0.000000,-1726.000000,10210.000000,5497.000000
0.000000,0.000000,0.000000,0.000000,-1721.000000,10013.000000,5497.000000
-100.000000,0.000000,0.000000,0.000000,-1729.000000,9817.000000,5301.000000
-100.000000,-100.000000,0.000000,0.000000,-1703.000000,9817.000000,5301.000000
0.000000,0.000000,0.000000,0.000000,-1665.000000,10013.000000,5301.000000
-100.000000,0.000000,0.000000,0.000000,-1634.000000,10013.000000,5497.000000
0.000000,0.000000,0.000000,0.000000,-1684.000000,9817.000000,5301.000000
-100.000000,-100.000000,0.000000,0.000000,-1782.000000,9817.000000,5105.000000
100.000000,-100.000000,0.000000,0.000000,-1742.000000,9817.000000,4908.000000
-200.000000,0.000000,0.000000,0.000000,-1739.000000,9621.000000,4712.000000
-100.000000,-100.000000,38.000000,39.000000,-1735.000000,9228.000000,4516.000000
0.000000,100.000000,0.000000,0.000000,-1707.000000,9228.000000,4319.000000
0.000000,200.000000,0.000000,0.000000,-1810.000000,9032.000000,4516.000000
0.000000,0.000000,0.000000,0.000000,-1799.000000,9032.000000,4319.000000
0.000000,100.000000,0.000000,0.000000,-1799.000000,9228.000000,4516.000000
-100.000000,0.000000,0.000000,0.000000,-1853.000000,9228.000000,4123.000000
0.000000,200.000000,0.000000,0.000000,-1801.000000,9032.000000,4123.000000
0.000000,0.000000,0.000000,0.000000,-1860.000000,9032.000000,4123.000000
-100.000000,0.000000,19.000000,19.000000,-1914.000000,8835.000000,4123.000000
-100.000000,400.000000,0.000000,0.000000,-1934.000000,8835.000000,3926.000000
-100.000000,200.000000,0.000000,0.000000,-1923.000000,8443.000000,4123.000000
100.000000,0.000000,0.000000,0.000000,-1931.000000,8443.000000,3730.000000
0.000000,0.000000,0.000000,0.000000,-1909.000000,8246.000000,3337.000000
-200.000000,-100.000000,0.000000,0.000000,-1895.000000,8443.000000,3337.000000
-100.000000,0.000000,0.000000,0.000000,-1917.000000,8443.000000,3337.000000
0.000000,100.000000,0.000000,0.000000,-1875.000000,8050.000000,3337.000000
-100.000000,100.000000,0.000000,0.000000,-1961.000000,7853.000000,3337.000000
-100.000000,0.000000,0.000000,0.000000,-1928.000000,7853.000000,3337.000000
-100.000000,0.000000,0.000000,0.000000,-1885.000000,7853.000000,3337.000000
0.000000,0.000000,0.000000,0.000000,-1906.000000,7657.000000,3141.000000
100.000000,300.000000,0.000000,0.000000,-1876.000000,7461.000000,3141.000000
100.000000,0.000000,0.000000,0.000000,-1869.000000,7657.000000,2945.000000
100.000000,0.000000,0.000000,0.000000,-1880.000000,7461.000000,2945.000000
0.000000,0.000000,0.000000,0.000000,-1890.000000,7461.000000,2552.000000
0.000000,0.000000,0.000000,0.000000,-1938.000000,7264.000000,2552.000000
0.000000,200.000000,0.000000,0.000000,-1902.000000,7264.000000,2552.000000
0.000000,0.000000,0.000000,0.000000,-1844.000000,7068.000000,2748.000000
0.000000,0.000000,0.000000,0.000000,-1895.000000,6872.000000,2748.000000
-100.000000,200.000000,0.000000,0.000000,-1901.000000,6675.000000,2945.000000
0.000000,100.000000,0.000000,0.000000,-1949.000000,6872.000000,2552.000000
0.000000,0.000000,0.000000,0.000000,-1916.000000,6675.000000,2552.000000
-200.000000,0.000000,0.000000,0.000000,-1906.000000,6872.000000,2356.000000
0.000000,0.000000,0.000000,0.000000,-1966.000000,6872.000000,2159.000000
0.000000,-100.000000,0.000000,0.000000,-1976.000000,6675.000000,2159.000000
-100.000000,0.000000,0.000000,0.000000,-2013.000000,6675.000000,1767.000000
0.000000,200.000000,0.000000,0.000000,-2031.000000,6675.000000,1963.000000
-100.000000,0.000000,0.000000,0.000000,-2019.000000,6283.000000,1570.000000
100.000000,0.000000,0.000000,0.000000,-2071.000000,6086.000000,1963.000000
100.000000,0.000000,0.000000,0.000000,-2020.000000,6086.000000,1767.000000
-100.000000,0.000000,0.000000,0.000000,-2044.000000,5694.000000,1767.000000
0.000000,0.000000,38.000000,39.000000,-2068.000000,5890.000000,1767.000000
0.000000,100.000000,38.000000,39.000000,-2067.000000,5890.000000,1570.000000
0.000000,0.000000,0.000000,0.000000,-2104.000000,6086.000000,1570.000000
0.000000,0.000000,0.000000,0.000000,-2105.000000,6086.000000,1570.000000
-100.000000,0.000000,0.000000,0.000000,-2108.000000,5890.000000,1374.000000
0.000000,-100.000000,0.000000,0.000000,-2126.000000,5890.000000,1178.000000
0.000000,0.000000,38.000000,39.000000,-2108.000000,5694.000000,1374.000000
-100.000000,-100.000000,0.000000,0.000000,-2121.000000,5301.000000,1178.000000
-100.000000,200.000000,0.000000,0.000000,-2103.000000,5301.000000,1178.000000
0.000000,100.000000,0.000000,0.000000,-2074.000000,5105.000000,1178.000000
0.000000,-200.000000,0.000000,0.000000,-2081.000000,5301.000000,1178.000000
0.000000,-100.000000,0.000000,0.000000,-2083.000000,5105.000000,981.000000
100.000000,0.000000,0.000000,0.000000,-2035.000000,5301.000000,981.000000
0.000000,0.000000,0.000000,0.000000,-2009.000000,5105.000000,785.000000
0.000000,300.000000,0.000000,0.000000,-1998.000000,5105.000000,785.000000
-100.000000,0.000000,0.000000,0.000000,-2024.000000,5105.000000,785.000000
0.000000,0.000000,0.000000,0.000000,-2069.000000,4908.000000,589.000000
0.000000,0.000000,0.000000,0.000000,-2043.000000,4908.000000,392.000000
0.000000,0.000000,0.000000,0.000000,-2035.000000,4712.000000,589.000000
100.000000,0.000000,0.000000,0.000000,-2038.000000,4516.000000,589.000000
0.000000,200.000000,0.000000,0.000000,-2037.000000,4516.000000,589.000000
-100.000000,0.000000,0.000000,0.000000,-2048.000000,4516.000000,392.000000
0.000000,0.000000,0.000000,0.000000,-2044.000000,4516.000000,392.000000
0.000000,0.000000,0.000000,0.000000,-2046.000000,4516.000000,196.000000
0.000000,0.000000,0.000000,0.000000,-2071.000000,4319.000000,196.000000
100.000000,0.000000,0.000000,0.000000,-2082.000000,4123.000000,196.000000
-200.000000,0.000000,0.000000,0.000000,-2089.000000,4123.000000,196.000000
-200.000000,0.000000,0.000000,0.000000,-2051.000000,3926.000000,0.000000
0.000000,100.000000,0.000000,0.000000,-2039.000000,3730.000000,0.000000
0.000000,0.000000,19.000000,19.000000,-2051.000000,3926.000000,0.000000
100.000000,0.000000,0.000000,0.000000,-2062.000000,4123.000000,0.000000
0.000000,100.000000,0.000000,0.000000,-2099.000000,3926.000000,0.000000
100.000000,0.000000,0.000000,0.000000,-2100.000000,3730.000000,0.000000
0.000000,300.000000,0.000000,0.000000,-2086.000000,3534.000000,0.000000
0.000000,200.000000,0.000000,0.000000,-2104.000000,3534.000000,0.000000
0.000000,0.000000,0.000000,0.000000,-2089.000000,3534.000000,0.000000
0.000000,100.000000,0.000000,0.000000,-2072.000000,3337.000000,0.000000
0.000000,200.000000,0.000000,0.000000,-2077.000000,3337.000000,0.000000
-100.000000,0.000000,0.000000,0.000000,-2062.000000,3337.000000,-196.000000
0.000000,0.000000,0.000000,0.000000,-2076.000000,3337.000000,-196.000000
0.000000,100.000000,0.000000,0.000000,-2050.000000,3337.000000,0.000000
0.000000,0.000000,0.000000,0.000000,-2059.000000,3141.000000,0.000000
0.000000,0.000000,0.000000,0.000000,-2060.000000,3141.000000,0.000000
-100.000000,0.000000,0.000000,0.000000,-2069.000000,2945.000000,0.000000
0.000000,0.000000,0.000000,0.000000,-2052.000000,2945.000000,0.000000
200.000000,100.000000,0.000000,0.000000,-2054.000000,2945.000000,-196.000000
0.000000,100.000000,0.000000,0.000000,-2046.000000,2748.000000,0.000000
0.000000,300.000000,0.000000,0.000000,-2074.000000,2748.000000,0.000000
0.000000,-400.000000,0.000000,0.000000,-2064.000000,2552.000000,0.000000
0.000000,0.000000,38.000000,39.000000,-2044.000000,2748.000000,0.000000
-100.000000,0.000000,0.000000,0.000000,-2049.000000,2552.000000,0.000000
0.000000,100.000000,0.000000,0.000000,-2060.000000,2552.000000,0.000000
-200.000000,0.000000,0.000000,0.000000,-2070.000000,2552.000000,0.000000
0.000000,-100.000000,0.000000,0.000000,-2072.000000,2552.000000,0.000000
-100.000000,0.000000,0.000000,0.000000,-2085.000000,2552.000000,0.000000
-100.000000,100.000000,0.000000,0.000000,-2099.000000,2159.000000,0.000000
0.000000,-100.000000,0.000000,0.000000,-2090.000000,2356.000000,0.000000
0.000000,-100.000000,0.000000,0.000000,-2100.000000,2159.000000,0.000000
0.000000,100.000000,0.000000,0.000000,-2112.000000,2159.000000,0.000000
0.000000,0.000000,0.000000,0.000000,-2104.000000,2159.000000,0.000000
0.000000,-100.000000,0.000000,0.000000,-2089.000000,1963.000000,0.000000
0.000000,0.000000,0.000000,0.000000,-2100.000000,1963.000000,0.000000
-100.000000,0.000000,0.000000,0.000000,-2099.000000,1963.000000,0.000000
0.000000,200.000000,0.000000,0.000000,-2109.000000,1767.000000,0.000000
0.000000,0.000000,0.000000,0.000000,-2103.000000,1963.000000,0.000000
0.000000,-200.000000,0.000000,0.000000,-2074.000000,1963.000000,0.000000
0.000000,0.000000,0.000000,0.000000,-2069.000000,1767.000000,0.000000
0.000000,0.000000,0.000000,0.000000,-2053.000000,1767.000000,0.000000
-100.000000,-100.000000,0.000000,0.000000,-2099.000000,1767.000000,0.000000
0.000000,-100.000000,0.000000,0.000000,-2092.000000,1570.000000,0.000000
-100.000000,0.000000,0.000000,0.000000,-2089.000000,1767.000000,0.000000
0.000000,0.000000,0.000000,0.000000,-2092.000000,1570.000000,0.000000
0.000000,-100.000000,0.000000,0.000000,-2100.000000,1374.000000,0.000000
100.000000,200.000000,0.000000,0.000000,-2103.000000,1570.000000,0.000000
-100.000000,200.000000,0.000000,0.000000,-2122.000000,1374.000000,0.000000
0.000000,100.000000,0.000000,0.000000,-2107.000000,1374.000000,0.000000
0.000000,100.000000,0.000000,0.000000,-2106.000000,1178.000000,0.000000
0.000000,0.000000,0.000000,0.000000,-2106.000000,1374.000000,0.000000
-100.000000,100.000000,0.000000,0.000000,-2096.000000,1178.000000,0.000000
0.000000,-100.000000,0.000000,0.000000,-2105.000000,981.000000,0.000000
0.000000,-100.000000,0.000000,0.000000,-2105.000000,1178.000000,0.000000
-300.000000,200.000000,0.000000,0.000000,-2098.000000,981.000000,0.000000
-100.000000,0.000000,0.000000,0.000000,-2115.000000,1178.000000,0.000000
0.000000,-100.000000,0.000000,0.000000,-2120.000000,981.000000,0.000000
-100.000000,0.000000,0.000000,0.000000,-2134.000000,785.000000,0.000000
0.000000,0.000000,0.000000,0.000000,-2133.000000,981.000000,0.000000
0.000000,200.000000,0.000000,0.000000,-2144.000000,785.000000,0.000000
0.000000,0.000000,0.000000,0.000000,-2124.000000,785.000000,0.000000
0.000000,100.000000,0.000000,0.000000,-2123.000000,785.000000,0.000000
0.000000,0.000000,0.000000,0.000000,-2098.000000,785.000000,0.000000
-100.000000,0.000000,0.000000,0.000000,-2108.000000,589.000000,0.000000
-100.000000,0.000000,0.000000,0.000000,-2097.000000,589.000000,0.000000
0.000000,0.000000,0.000000,0.000000,-2079.000000,589.000000,0.000000
0.000000,100.000000,0.000000,0.000000,-2080.000000,589.000000,0.000000
-100.000000,0.000000,0.000000,0.000000,-2085.000000,589.000000,0.000000
-200.000000,0.000000,0.000000,0.000000,-2079.000000,392.000000,0.000000
0.000000,0.000000,0.000000,0.000000,-2089.000000,589.000000,0.000000
-100.000000,0.000000,0.000000,0.000000,-2087.000000,392.000000,0.000000
-100.000000,0.000000,0.000000,0.000000,-2097.000000,196.000000,0.000000
0.000000,0.000000,0.000000,0.000000,-2130.000000,392.000000,0.000000
-100.000000,0.000000,0.000000,0.000000,-2151.000000,196.000000,0.000000
0.000000,0.000000,38.000000,39.000000,-2154.000000,392.000000,0.000000
0.000000,0.000000,0.000000,0.000000,-2120.000000,196.000000,0.000000
-100.000000,0.000000,0.000000,0.000000,-2126.000000,0.000000,0.000000
-200.000000,0.000000,0.000000,0.000000,-2139.000000,196.000000,0.000000
0.000000,0.000000,0.000000,0.000000,-2140.000000,0.000000,0.000000
-100.000000,0.000000,0.000000,0.000000,-2135.000000,0.000000,0.000000
0.000000,300.000000,0.000000,0.000000,-2147.000000,0.000000,0.000000
0.000000,0.000000,0.000000,0.000000,-2171.000000,0.000000,0.000000
100.000000,0.000000,0.000000,0.000000,-2176.000000,0.000000,0.000000
0.000000,0.000000,0.000000,0.000000,-2166.000000,-196.000000,0.000000
0.000000,100.000000,0.000000,0.000000,-2149.000000,0.000000,0.000000
-100.000000,-500.000000,19.000000,19.000000,-2138.000000,-196.000000,0.000000
0.000000,0.000000,0.000000,0.000000,-2137.000000,0.000000,0.000000
0.000000,200.000000,0.000000,0.000000,-2136.000000,0.000000,0.000000
100.000000,0.000000,0.000000,0.000000,-2143.000000,0.000000,0.000000
-200.000000,300.000000,0.000000,0.000000,-2132.000000,0.000000,0.000000
0.000000,200.000000,0.000000,0.000000,-2128.000000,-196.000000,0.000000
-100.000000,0.000000,0.000000,0.000000,-2141.000000,0.000000,0.000000
200.000000,100.000000,0.000000,0.000000,-2130.000000,0.000000,0.000000
0.000000,0.000000,0.000000,0.000000,-2125.000000,196.000000,0.000000
0.000000,0.000000,0.000000,0.000000,-2128.000000,0.000000,0.000000
-100.000000,0.000000,0.000000,0.000000,-2134.000000,0.000000,0.000000
-100.000000,0.000000,0.000000,0.000000,-2144.000000,0.000000,0.000000
100.000000,-100.000000,0.000000,0.000000,-2150.000000,196.000000,0.000000
0.000000,0.000000,0.000000,0.000000,-2164.000000,0.000000,0.000000
-100.000000,200.000000,0.000000,0.000000,-2154.000000,0.000000,0.000000
0.000000,-100.000000,0.000000,0.000000,-2144.000000,0.000000,0.000000
-100.000000,100.000000,0.000000,0.000000,-2142.000000,0.000000,0.000000
-100.000000,0.000000,0.000000,0.000000,-2146.000000,0.000000,0.000000
-100.000000,-100.000000,0.000000,0.000000,-2156.000000,0.000000,0.000000
-100.000000,0.000000,0.000000,0.000000,-2140.000000,0.000000,0.000000
-200.000000,0.000000,19.000000,19.000000,-2133.000000,0.000000,0.000000
0.000000,-100.000000,0.000000,0.000000,-2118.000000,0.000000,0.000000
-100.000000,0.000000,0.000000,0.000000,-2119.000000,0.000000,0.000000
-100.000000,-100.000000,0.000000,0.000000,-2127.000000,0.000000,0.000000
0.000000,-100.000000,0.000000,0.000000,-2124.000000,0.000000,0.000000
-100.000000,0.000000,0.000000,0.000000,-2117.000000,0.000000,0.000000
100.000000,0.000000,0.000000,0.000000,-2099.000000,0.000000,0.000000
100.000000,200.000000,0.000000,0.000000,-2086.000000,0.000000,0.000000
-100.000000,-200.000000,0.000000,0.000000,-2088.000000,0.000000,0.000000
0.000000,0.000000,0.000000,0.000000,-2099.000000,0.000000,0.000000
0.000000,0.000000,0.000000,0.000000,-2089.000000,0.000000,0.000000
0.000000,0.000000,0.000000,0.000000,-2077.000000,0.000000,0.000000
0.000000,-100.000000,0.000000,0.000000,-2084.000000,0.000000,0.000000
-100.000000,100.000000,0.000000,0.000000,-2076.000000,0.000000,0.000000
-300.000000,400.000000,0.000000,0.000000,-2078.000000,0.000000,0.000000
100.000000,0.000000,0.000000,0.000000,-2084.000000,0.000000,0.000000
100.000000,0.000000,0.000000,0.000000,-2081.000000,0.000000,0.000000
0.000000,-200.000000,0.000000,0.000000,-2098.000000,0.000000,0.000000
-100.000000,0.000000,0.000000,0.000000,-2103.000000,0.000000,0.000000
0.000000,100.000000,0.000000,0.000000,-2087.000000,0.000000,0.000000
0.000000,-200.000000,0.000000,0.000000,-2076.000000,0.000000,0.000000
0.000000,100.000000,0.000000,0.000000,-2069.000000,0.000000,0.000000
0.000000,0.000000,0.000000,0.000000,-2054.000000,0.000000,0.000000
