Channel 1,Channel 2,Channel 3,Channel 4,Channel 5,Channel 6,Channel 7
0.000000,100.000000,0.000000,0.000000,0.000000,0.000000,0.000000
0.000000,100.000000,0.000000,0.000000,0.000000,0.000000,0.000000
0.000000,0.000000,0.000000,0.000000,0.000000,0.000000,0.000000
0.000000,0.000000,0.000000,0.000000,0.000000,0.000000,0.000000
-200.000000,100.000000,0.000000,0.000000,0.000000,0.000000,0.000000
0.000000,-100.000000,0.000000,0.000000,0.000000,0.000000,0.000000
0.000000,-100.000000,0.000000,0.000000,0.000000,0.000000,0.000000
-100.000000,100.000000,0.000000,0.000000,0.000000,0.000000,0.000000
-100.000000,300.000000,0.000000,0.000000,0.000000,0.000000,0.000000
-100.000000,100.000000,0.000000,0.000000,0.000000,0.000000,0.000000
0.000000,-100.000000,0.000000,0.000000,0.000000,0.000000,0.000000
0.000000,200.000000,0.000000,0.000000,0.000000,0.000000,0.000000
0.000000,0.000000,0.000000,0.000000,0.000000,0.000000,0.000000
0.000000,-100.000000,0.000000,0.000000,0.000000,0.000000,0.000000
100.000000,0.000000,0.000000,0.000000,0.000000,0.000000,0.000000
-100.000000,-200.000000,0.000000,0.000000,0.000000,0.000000,0.000000
0.000000,300.000000,0.000000,0.000000,0.000000,0.000000,0.000000
-100.000000,0.000000,0.000000,0.000000,0.000000,0.000000,0.000000
-200.000000,-200.000000,0.000000,0.000000,0.000000,0.000000,0.000000
-200.000000,100.000000,0.000000,0.000000,0.000000,0.000000,0.000000
-100.000000,0.000000,0.000000,0.000000,0.000000,0.000000,0.000000
-100.000000,0.000000,0.000000,0.000000,0.000000,0.000000,0.000000
0.000000,-100.000000,0.000000,0.000000,0.000000,0.000000,0.000000
-100.000000,200.000000,0.000000,0.000000,0.000000,0.000000,0.000000
0.000000,0.000000,0.000000,0.000000,0.000000,0.000000,0.000000
-100.000000,0.000000,0.000000,0.000000,0.000000,0.000000,0.000000
-200.000000,0.000000,0.000000,0.000000,0.000000,0.000000,0.000000
-300.000000,0.000000,0.000000,0.000000,0.000000,0.000000,0.000000
-100.000000,-100.000000,0.000000,0.000000,0.000000,0.000000,0.000000
100.000000,200.000000,0.000000,0.000000,0.000000,0.000000,0.000000
-100.000000,0.000000,0.000000,0.000000,0.000000,0.000000,0.000000
-200.000000,0.000000,0.000000,0.000000,0.000000,0.000000,0.000000
0.000000,0.000000,0.000000,0.000000,0.000000,0.000000,0.000000
100.000000,-100.000000,0.000000,0.000000,0.000000,0.000000,0.000000
-100.000000,0.000000,0.000000,0.000000,0.000000,0.000000,0.000000
0.000000,0.000000,0.000000,0.000000,0.000000,0.000000,0.000000
0.000000,0.000000,0.000000,0.000000,0.000000,0.000000,0.000000
0.000000,0.000000,0.000000,0.000000,0.000000,0.000000,0.000000
100.000000,100.000000,0.000000,0.000000,0.000000,0.000000,0.000000
0.000000,100.000000,0.000000,0.000000,0.000000,0.000000,0.000000
0.000000,-100.000000,0.000000,0.000000,0.000000,0.000000,0.000000
200.000000,-100.000000,0.000000,0.000000,0.000000,0.000000,0.000000
-100.000000,100.000000,0.000000,0.000000,0.000000,0.000000,0.000000
-100.000000,0.000000,0.000000,0.000000,0.000000,0.000000,0.000000
0.000000,0.000000,0.000000,0.000000,0.000000,0.000000,0.000000
100.000000,100.000000,0.000000,0.000000,0.000000,0.000000,0.000000
0.000000,0.000000,0.000000,0.000000,0.000000,0.000000,0.000000
-100.000000,0.000000,0.000000,0.000000,0.000000,0.000000,0.000000
100.000000,0.000000,0.000000,0.000000,0.000000,0.000000,0.000000
100.000000,-100.000000,0.000000,0.000000,0.000000,0.000000,0.000000
0.000000,-100.000000,0.000000,0.000000,0.000000,0.000000,0.000000
-100.000000,0.000000,0.000000,0.000000,0.000000,0.000000,0.000000
100.000000,-200.000000,0.000000,0.000000,0.000000,0.000000,0.000000
-200.000000,0.000000,0.000000,0.000000,0.000000,0.000000,0.000000
100.000000,300.000000,0.000000,0.000000,0.000000,0.000000,0.000000
-200.000000,-100.000000,0.000000,0.000000,0.000000,0.000000,0.000000
-300.000000,0.000000,0.000000,0.000000,0.000000,0.000000,0.000000
0.000000,0.000000,0.000000,0.000000,0.000000,0.000000,0.000000
0.000000,0.000000,0.000000,0.000000,0.000000,0.000000,0.000000
0.000000,100.000000,0.000000,0.000000,0.000000,0.000000,0.000000
100.000000,-200.000000,0.000000,0.000000,0.000000,0.000000,0.000000
0.000000,0.000000,0.000000,0.000000,0.000000,0.000000,0.000000
-100.000000,0.000000,0.000000,0.000000,0.000000,0.000000,0.000000
-100.000000,0.000000,0.000000,0.000000,0.000000,0.000000,0.000000
-100.000000,300.000000,0.000000,0.000000,0.000000,0.000000,0.000000
100.000000,100.000000,0.000000,0.000000,0.000000,0.000000,0.000000
-100.000000,-100.000000,0.000000,0.000000,0.000000,0.000000,0.000000
-100.000000,0.000000,0.000000,0.000000,0.000000,0.000000,0.000000
0.000000,100.000000,0.000000,0.000000,0.000000,0.000000,0.000000
0.000000,0.000000,0.000000,0.000000,0.000000,0.000000,0.000000
100.000000,0.000000,0.000000,0.000000,0.000000,0.000000,0.000000
0.000000,0.000000,0.000000,0.000000,0.000000,0.000000,0.000000
0.000000,0.000000,0.000000,0.000000,0.000000,0.000000,0.000000
0.000000,100.000000,0.000000,0.000000,0.000000,0.000000,0.000000
0.000000,-100.000000,0.000000,0.000000,0.000000,0.000000,0.000000
0.000000,0.000000,0.000000,0.000000,0.000000,0.000000,0.000000
-100.000000,-100.000000,0.000000,0.000000,0.000000,0.000000,0.000000
0.000000,0.000000,0.000000,0.000000,0.000000,0.000000,0.000000
0.000000,0.000000,0.000000,0.000000,0.000000,0.000000,0.000000
0.000000,0.000000,0.000000,0.000000,0.000000,0.000000,0.000000
-100.000000,100.000000,0.000000,0.000000,0.000000,0.000000,0.000000
0.000000,0.000000,0.000000,0.000000,0.000000,0.000000,0.000000
0.000000,0.000000,0.000000,0.000000,0.000000,0.000000,0.000000
100.000000,0.000000,0.000000,0.000000,0.000000,0.000000,0.000000
-200.000000,0.000000,0.000000,0.000000,0.000000,0.000000,0.000000
0.000000,0.000000,0.000000,0.000000,0.000000,0.000000,0.000000
-100.000000,-100.000000,0.000000,0.000000,0.000000,0.000000,0.000000
0.000000,0.000000,0.000000,0.000000,0.000000,0.000000,0.000000
0.000000,200.000000,0.000000,0.000000,0.000000,0.000000,0.000000
0.000000,0.000000,0.000000,0.000000,0.000000,0.000000,0.000000
-100.000000,-100.000000,0.000000,0.000000,0.000000,0.000000,0.000000
0.000000,0.000000,0.000000,0.000000,0.000000,0.000000,0.000000
-100.000000,0.000000,0.000000,0.000000,0.000000,0.000000,0.000000
-100.000000,0.000000,0.000000,0.000000,0.000000,0.000000,0.000000
-200.000000,100.000000,0.000000,0.000000,0.000000,0.000000,0.000000
0.000000,300.000000,0.000000,0.000000,0.000000,0.000000,0.000000
0.000000,-100.000000,0.000000,0.000000,0.000000,0.000000,0.000000
0.000000,-100.000000,0.000000,0.000000,0.000000,0.000000,0.000000
0.000000,0.000000,0.000000,0.000000,0.000000,0.000000,0.000000
-100.000000,200.000000,0.000000,0.000000,0.000000,0.000000,0.000000
100.000000,0.000000,0.000000,0.000000,0.000000,0.000000,0.000000
-100.000000,-100.000000,0.000000,0.000000,0.000000,0.000000,0.000000
100.000000,0.000000,0.000000,0.000000,0.000000,0.000000,0.000000
0.000000,0.000000,0.000000,0.000000,0.000000,0.000000,0.000000
0.000000,-100.000000,0.000000,0.000000,0.000000,0.000000,0.000000
-100.000000,0.000000,0.000000,0.000000,0.000000,0.000000,0.000000
-100.000000,0.000000,0.000000,0.000000,0.000000,0.000000,0.000000
0.000000,-100.000000,0.000000,0.000000,0.000000,0.000000,0.000000
-100.000000,-100.000000,0.000000,0.000000,0.000000,0.000000,0.000000
0.000000,-200.000000,0.000000,0.000000,0.000000,0.000000,0.000000
-200.000000,-200.000000,0.000000,0.000000,0.000000,0.000000,0.000000
100.000000,-100.000000,0.000000,0.000000,0.000000,0.000000,0.000000
-100.000000,200.000000,0.000000,0.000000,0.000000,0.000000,0.000000
-200.000000,200.000000,0.000000,0.000000,0.000000,0.000000,0.000000
0.000000,-100.000000,0.000000,0.000000,0.000000,0.000000,0.000000
-100.000000,0.000000,0.000000,0.000000,0.000000,0.000000,0.000000
0.000000,0.000000,0.000000,0.000000,0.000000,0.000000,0.000000
100.000000,0.000000,0.000000,0.000000,0.000000,0.000000,0.000000
100.000000,-100.000000,0.000000,0.000000,0.000000,0.000000,0.000000
-100.000000,0.000000,0.000000,0.000000,0.000000,0.000000,0.000000
0.000000,0.000000,0.000000,0.000000,0.000000,0.000000,0.000000
0.000000,-200.000000,0.000000,0.000000,0.000000,0.000000,0.000000
-100.000000,200.000000,0.000000,0.000000,0.000000,0.000000,0.000000
0.000000,-100.000000,0.000000,0.000000,0.000000,0.000000,0.000000
0.000000,0.000000,0.000000,0.000000,0.000000,0.000000,0.000000
-200.000000,100.000000,0.000000,0.000000,0.000000,0.000000,0.000000
100.000000,0.000000,0.000000,0.000000,0.000000,0.000000,0.000000
-200.000000,0.000000,0.000000,0.000000,0.000000,0.000000,0.000000
0.000000,100.000000,0.000000,0.000000,0.000000,0.000000,0.000000
100.000000,200.000000,0.000000,0.000000,0.000000,0.000000,0.000000
0.000000,0.000000,0.000000,0.000000,0.000000,0.000000,0.000000
-200.000000,100.000000,0.000000,0.000000,0.000000,0.000000,0.000000
-100.000000,-100.000000,0.000000,0.000000,0.000000,0.000000,0.000000
200.000000,0.000000,0.000000,0.000000,0.000000,0.000000,0.000000
0.000000,0.000000,0.000000,0.000000,0.000000,0.000000,0.000000
-100.000000,0.000000,0.000000,0.000000,0.000000,0.000000,0.000000
-100.000000,-100.000000,0.000000,0.000000,0.000000,0.000000,0.000000
100.000000,0.000000,0.000000,0.000000,0.000000,0.000000,0.000000
-100.000000,0.000000,0.000000,0.000000,0.000000,0.000000,0.000000
0.000000,-200.000000,0.000000,0.000000,0.000000,0.000000,0.000000
-100.000000,0.000000,0.000000,0.000000,0.000000,0.000000,0.000000
-100.000000,0.000000,0.000000,0.000000,0.000000,0.000000,0.000000
200.000000,100.000000,0.000000,0.000000,0.000000,0.000000,0.000000
0.000000,-100.000000,0.000000,0.000000,0.000000,0.000000,0.000000
-100.000000,0.000000,0.000000,0.000000,0.000000,0.000000,0.000000
0.000000,-100.000000,0.000000,0.000000,0.000000,0.000000,0.000000
0.000000,-100.000000,0.000000,0.000000,0.000000,0.000000,0.000000
0.000000,0.000000,0.000000,0.000000,0.000000,0.000000,0.000000
-200.000000,0.000000,0.000000,0.000000,0.000000,0.000000,0.000000
0.000000,100.000000,0.000000,0.000000,0.000000,0.000000,0.000000
0.000000,0.000000,0.000000,0.000000,0.000000,0.000000,0.000000
0.000000,0.000000,0.000000,0.000000,0.000000,0.000000,0.000000
0.000000,-100.000000,0.000000,0.000000,0.000000,0.000000,0.000000
-100.000000,0.000000,0.000000,0.000000,0.000000,0.000000,0.000000
0.000000,100.000000,0.000000,0.000000,0.000000,0.000000,0.000000
100.000000,0.000000,0.000000,0.000000,0.000000,0.000000,0.000000
-100.000000,100.000000,0.000000,0.000000,0.000000,0.000000,0.000000
-200.000000,0.000000,0.000000,0.000000,0.000000,0.000000,0.000000
-100.000000,0.000000,0.000000,0.000000,0.000000,0.000000,0.000000
0.000000,0.000000,0.000000,0.000000,0.000000,0.000000,0.000000
100.000000,100.000000,0.000000,0.000000,0.000000,0.000000,0.000000
0.000000,200.000000,0.000000,0.000000,0.000000,0.000000,0.000000
-100.000000,-100.000000,0.000000,0.000000,0.000000,0.000000,0.000000
-100.000000,-100.000000,0.000000,0.000000,0.000000,0.000000,0.000000
-100.000000,0.000000,0.000000,0.000000,0.000000,0.000000,0.000000
0.000000,0.000000,0.000000,0.000000,0.000000,0.000000,0.000000
-200.000000,100.000000,0.000000,0.000000,0.000000,0.000000,0.000000
-100.000000,0.000000,0.000000,0.000000,0.000000,0.000000,0.000000
0.000000,200.000000,0.000000,0.000000,0.000000,0.000000,0.000000
200.000000,0.000000,0.000000,0.000000,0.000000,0.000000,0.000000
-100.000000,0.000000,0.000000,0.000000,0.000000,0.000000,0.000000
0.000000,100.000000,0.000000,0.000000,0.000000,0.000000,0.000000
0.000000,100.000000,0.000000,0.000000,0.000000,0.000000,0.000000
200.000000,-100.000000,0.000000,0.000000,0.000000,0.000000,0.000000
200.000000,0.000000,0.000000,0.000000,0.000000,0.000000,0.000000
-100.000000,0.000000,0.000000,0.000000,0.000000,0.000000,0.000000
-100.000000,100.000000,0.000000,0.000000,0.000000,0.000000,0.000000
0.000000,200.000000,0.000000,0.000000,0.000000,0.000000,0.000000
100.000000,0.000000,0.000000,0.000000,0.000000,0.000000,0.000000
-200.000000,100.000000,0.000000,0.000000,0.000000,0.000000,0.000000
100.000000,0.000000,0.000000,0.000000,0.000000,0.000000,0.000000
-100.000000,100.000000,0.000000,0.000000,0.000000,0.000000,0.000000
-300.000000,200.000000,0.000000,0.000000,0.000000,0.000000,0.000000
-100.000000,100.000000,0.000000,0.000000,0.000000,0.000000,0.000000
0.000000,0.000000,0.000000,0.000000,0.000000,0.000000,0.000000
0.000000,-100.000000,0.000000,0.000000,0.000000,0.000000,0.000000
-200.000000,-100.000000,0.000000,0.000000,0.000000,0.000000,0.000000
-100.000000,-200.000000,0.000000,0.000000,0.000000,0.000000,0.000000
0.000000,-100.000000,0.000000,0.000000,0.000000,0.000000,0.000000
0.000000,0.000000,0.000000,0.000000,0.000000,0.000000,0.000000
-200.000000,200.000000,0.000000,0.000000,0.000000,0.000000,0.000000
0.000000,100.000000,0.000000,0.000000,0.000000,0.000000,0.000000
0.000000,0.000000,0.000000,0.000000,0.000000,0.000000,0.000000
100.000000,-100.000000,0.000000,0.000000,0.000000,0.000000,0.000000
0.000000,0.000000,0.000000,0.000000,0.000000,0.000000,0.000000
100.000000,0.000000,0.000000,0.000000,0.000000,0.000000,0.000000
-200.000000,100.000000,0.000000,0.000000,0.000000,0.000000,0.000000
-200.000000,0.000000,0.000000,0.000000,0.000000,0.000000,0.000000
0.000000,-100.000000,0.000000,0.000000,0.000000,0.000000,0.000000
-100.000000,0.000000,0.000000,0.000000,0.000000,0.000000,0.000000
-200.000000,0.000000,0.000000,0.000000,0.000000,0.000000,0.000000
-100.000000,-100.000000,0.000000,0.000000,0.000000,0.000000,0.000000
-100.000000,0.000000,0.000000,0.000000,0.000000,0.000000,0.000000
0.000000,-100.000000,0.000000,0.000000,0.000000,0.000000,0.000000
-100.000000,-100.000000,0.000000,0.000000,0.000000,0.000000,0.000000
0.000000,0.000000,0.000000,0.000000,0.000000,0.000000,0.000000
-100.000000,-100.000000,0.000000,0.000000,0.000000,0.000000,0.000000
-200.000000,0.000000,0.000000,0.000000,0.000000,0.000000,0.000000
-100.000000,0.000000,0.000000,0.000000,0.000000,0.000000,0.000000
-100.000000,-100.000000,0.000000,0.000000,0.000000,0.000000,0.000000
0.000000,100.000000,0.000000,0.000000,0.000000,0.000000,0.000000
0.000000,0.000000,0.000000,0.000000,0.000000,0.000000,0.000000
0.000000,-300.000000,0.000000,0.000000,0.000000,0.000000,0.000000
0.000000,0.000000,0.000000,0.000000,0.000000,0.000000,0.000000
0.000000,0.000000,0.000000,0.000000,0.000000,0.000000,0.000000
-100.000000,-100.000000,0.000000,0.000000,0.000000,0.000000,0.000000
-300.000000,-100.000000,0.000000,0.000000,0.000000,0.000000,0.000000
-100.000000,0.000000,0.000000,0.000000,0.000000,0.000000,0.000000
-100.000000,0.000000,0.000000,0.000000,0.000000,0.000000,0.000000
0.000000,0.000000,0.000000,0.000000,0.000000,0.000000,0.000000
-100.000000,100.000000,0.000000,0.000000,0.000000,0.000000,0.000000
100.000000,0.000000,0.000000,0.000000,0.000000,0.000000,0.000000
100.000000,100.000000,0.000000,0.000000,0.000000,0.000000,0.000000
0.000000,200.000000,0.000000,0.000000,0.000000,0.000000,0.000000
-200.000000,0.000000,0.000000,0.000000,0.000000,0.000000,0.000000
0.000000,-100.000000,0.000000,0.000000,0.000000,0.000000,0.000000
-100.000000,-100.000000,0.000000,0.000000,0.000000,0.000000,0.000000
0.000000,100.000000,0.000000,0.000000,0.000000,0.000000,0.000000
0.000000,-100.000000,0.000000,0.000000,0.000000,0.000000,0.000000
0.000000,0.000000,0.000000,0.000000,0.000000,0.000000,0.000000
0.000000,0.000000,0.000000,0.000000,0.000000,0.000000,0.000000
100.000000,100.000000,0.000000,0.000000,0.000000,0.000000,0.000000
0.000000,0.000000,0.000000,0.000000,0.000000,0.000000,0.000000
-200.000000,0.000000,0.000000,0.000000,0.000000,0.000000,0.000000
0.000000,0.000000,0.000000,0.000000,0.000000,0.000000,0.000000
-100.000000,-100.000000,0.000000,0.000000,0.000000,0.000000,0.000000
0.000000,0.000000,0.000000,0.000000,0.000000,0.000000,0.000000
100.000000,0.000000,0.000000,0.000000,0.000000,0.000000,0.000000
-200.000000,0.000000,0.000000,0.000000,0.000000,0.000000,0.000000
0.000000,-100.000000,0.000000,0.000000,0.000000,0.000000,0.000000
0.000000,-300.000000,0.000000,0.000000,0.000000,0.000000,0.000000
-100.000000,-100.000000,0.000000,0.000000,0.000000,0.000000,0.000000
-100.000000,-300.000000,0.000000,0.000000,0.000000,0.000000,0.000000
-100.000000,0.000000,0.000000,0.000000,0.000000,0.000000,0.000000
0.000000,0.000000,0.000000,0.000000,0.000000,0.000000,0.000000
-100.000000,300.000000,0.000000,0.000000,0.000000,0.000000,0.000000
0.000000,-200.000000,0.000000,0.000000,0.000000,0.000000,0.000000
-100.000000,100.000000,0.000000,0.000000,0.000000,0.000000,0.000000
-100.000000,-200.000000,0.000000,0.000000,0.000000,0.000000,0.000000
-100.000000,100.000000,0.000000,0.000000,0.000000,0.000000,0.000000
-200.000000,0.000000,0.000000,0.000000,0.000000,0.000000,0.000000
0.000000,0.000000,0.000000,0.000000,0.000000,0.000000,0.000000
0.000000,0.000000,0.000000,0.000000,0.000000,0.000000,0.000000
200.000000,0.000000,0.000000,0.000000,0.000000,0.000000,0.000000
-200.000000,0.000000,0.000000,0.000000,0.000000,0.000000,0.000000
-200.000000,0.000000,0.000000,0.000000,0.000000,0.000000,0.000000
-100.000000,-100.000000,0.000000,0.000000,0.000000,0.000000,0.000000
0.000000,200.000000,0.000000,0.000000,0.000000,0.000000,0.000000
-100.000000,0.000000,0.000000,0.000000,0.000000,0.000000,0.000000
0.000000,100.000000,0.000000,0.000000,0.000000,0.000000,0.000000
100.000000,100.000000,0.000000,0.000000,0.000000,0.000000,0.000000
0.000000,-100.000000,0.000000,0.000000,0.000000,0.000000,0.000000
0.000000,100.000000,0.000000,0.000000,0.000000,0.000000,0.000000
-100.000000,0.000000,0.000000,0.000000,0.000000,0.000000,0.000000
-100.000000,0.000000,0.000000,0.000000,0.000000,0.000000,0.000000
0.000000,100.000000,0.000000,0.000000,0.000000,0.000000,0.000000
-100.000000,-200.000000,0.000000,0.000000,0.000000,0.000000,0.000000
0.000000,-200.000000,0.000000,0.000000,0.000000,0.000000,0.000000
-100.000000,0.000000,0.000000,0.000000,0.000000,0.000000,0.000000
0.000000,200.000000,0.000000,0.000000,0.000000,0.000000,0.000000
0.000000,-100.000000,0.000000,0.000000,0.000000,0.000000,0.000000
0.000000,100.000000,0.000000,0.000000,0.000000,0.000000,0.000000
-200.000000,0.000000,0.000000,0.000000,0.000000,0.000000,0.000000
100.000000,0.000000,0.000000,0.000000,0.000000,0.000000,0.000000
0.000000,0.000000,0.000000,0.000000,0.000000,0.000000,0.000000
-100.000000,0.000000,0.000000,0.000000,0.000000,0.000000,0.000000
0.000000,0.000000,0.000000,0.000000,0.000000,0.000000,0.000000
0.000000,0.000000,0.000000,0.000000,0.000000,0.000000,0.000000
0.000000,-200.000000,0.000000,0.000000,0.000000,0.000000,0.000000
0.000000,0.000000,0.000000,0.000000,0.000000,0.000000,0.000000
-100.000000,0.000000,0.000000,0.000000,0.000000,0.000000,0.000000
0.000000,-200.000000,0.000000,0.000000,0.000000,0.000000,0.000000
-100.000000,300.000000,0.000000,0.000000,0.000000,0.000000,0.000000
0.000000,0.000000,0.000000,0.000000,0.000000,0.000000,0.000000
0.000000,0.000000,0.000000,0.000000,0.000000,0.000000,0.000000
0.000000,0.000000,0.000000,0.000000,0.000000,0.000000,0.000000
-200.000000,300.000000,0.000000,0.000000,0.000000,0.000000,0.000000
0.000000,-100.000000,0.000000,0.000000,0.000000,0.000000,0.000000
0.000000,0.000000,0.000000,0.000000,0.000000,0.000000,0.000000
0.000000,0.000000,0.000000,0.000000,0.000000,0.000000,0.000000
-100.000000,200.000000,0.000000,0.000000,0.000000,0.000000,0.000000
0.000000,-100.000000,0.000000,0.000000,0.000000,0.000000,0.000000
-100.000000,-200.000000,0.000000,0.000000,0.000000,0.000000,0.000000
-300.000000,0.000000,0.000000,0.000000,0.000000,0.000000,0.000000
0.000000,0.000000,0.000000,0.000000,0.000000,0.000000,0.000000
-100.000000,100.000000,0.000000,0.000000,0.000000,0.000000,0.000000
0.000000,-100.000000,0.000000,0.000000,0.000000,0.000000,0.000000
0.000000,200.000000,0.000000,0.000000,0.000000,0.000000,0.000000
-100.000000,-200.000000,0.000000,0.000000,0.000000,0.000000,0.000000
-100.000000,0.000000,0.000000,0.000000,0.000000,0.000000,0.000000
-100.000000,0.000000,0.000000,0.000000,0.000000,0.000000,0.000000
-100.000000,-200.000000,0.000000,0.000000,0.000000,0.000000,0.000000
-200.000000,0.000000,0.000000,0.000000,0.000000,0.000000,0.000000
-100.000000,0.000000,0.000000,0.000000,0.000000,0.000000,0.000000
-100.000000,0.000000,0.000000,0.000000,0.000000,0.000000,0.000000
0.000000,0.000000,0.000000,0.000000,0.000000,0.000000,0.000000
200.000000,0.000000,0.000000,0.000000,0.000000,0.000000,0.000000
100.000000,-100.000000,0.000000,0.000000,0.000000,0.000000,0.000000
-100.000000,-200.000000,0.000000,0.000000,0.000000,0.000000,0.000000
-100.000000,0.000000,0.000000,0.000000,0.000000,0.000000,0.000000
100.000000,0.000000,0.000000,0.000000,0.000000,0.000000,0.000000
100.000000,0.000000,0.000000,0.000000,0.000000,0.000000,0.000000
0.000000,0.000000,0.000000,0.000000,0.000000,0.000000,0.000000
0.000000,-100.000000,0.000000,0.000000,0.000000,0.000000,0.000000
-100.000000,100.000000,0.000000,0.000000,0.000000,0.000000,0.000000
0.000000,0.000000,0.000000,0.000000,0.000000,0.000000,0.000000
-200.000000,0.000000,0.000000,0.000000,0.000000,0.000000,0.000000
-200.000000,0.000000,0.000000,0.000000,0.000000,0.000000,0.000000
0.000000,0.000000,0.000000,0.000000,0.000000,0.000000,0.000000
0.000000,100.000000,0.000000,0.000000,0.000000,0.000000,0.000000
100.000000,0.000000,0.000000,0.000000,0.000000,0.000000,0.000000
0.000000,0.000000,0.000000,0.000000,0.000000,0.000000,0.000000
0.000000,100.000000,0.000000,0.000000,0.000000,0.000000,0.000000
-100.000000,0.000000,0.000000,0.000000,0.000000,0.000000,0.000000
0.000000,200.000000,0.000000,0.000000,0.000000,0.000000,0.000000
-100.000000,-200.000000,0.000000,0.000000,0.000000,0.000000,0.000000
0.000000,100.000000,0.000000,0.000000,0.000000,0.000000,0.000000
100.000000,0.000000,0.000000,0.000000,0.000000,0.000000,0.000000
-200.000000,200.000000,0.000000,0.000000,0.000000,0.000000,0.000000
-300.000000,0.000000,0.000000,0.000000,0.000000,0.000000,0.000000
0.000000,-200.000000,0.000000,0.000000,0.000000,0.000000,0.000000
0.000000,0.000000,0.000000,0.000000,0.000000,0.000000,0.000000
0.000000,0.000000,0.000000,0.000000,0.000000,0.000000,0.000000
100.000000,-500.000000,0.000000,0.000000,0.000000,0.000000,0.000000
0.000000,200.000000,0.000000,0.000000,0.000000,0.000000,0.000000
-100.000000,200.000000,0.000000,0.000000,0.000000,0.000000,0.000000
-200.000000,-100.000000,0.000000,0.000000,0.000000,0.000000,0.000000
0.000000,-100.000000,0.000000,0.000000,0.000000,0.000000,0.000000
-100.000000,100.000000,0.000000,0.000000,0.000000,0.000000,0.000000
-200.000000,0.000000,0.000000,0.000000,0.000000,0.000000,0.000000
-100.000000,100.000000,0.000000,0.000000,0.000000,0.000000,0.000000
0.000000,0.000000,0.000000,0.000000,0.000000,0.000000,0.000000
0.000000,-200.000000,0.000000,0.000000,0.000000,0.000000,0.000000
0.000000,0.000000,0.000000,0.000000,0.000000,0.000000,0.000000
100.000000,100.000000,0.000000,0.000000,0.000000,0.000000,0.000000
-100.000000,-100.000000,0.000000,0.000000,0.000000,0.000000,0.000000
0.000000,0.000000,0.000000,0.000000,0.000000,0.000000,0.000000
-100.000000,-300.000000,0.000000,0.000000,0.000000,0.000000,0.000000
-100.000000,0.000000,0.000000,0.000000,0.000000,0.000000,0.000000
0.000000,-100.000000,0.000000,0.000000,0.000000,0.000000,0.000000
-200.000000,100.000000,0.000000,0.000000,0.000000,0.000000,0.000000
0.000000,0.000000,0.000000,0.000000,0.000000,0.000000,0.000000
200.000000,200.000000,0.000000,0.000000,0.000000,0.000000,0.000000
-100.000000,0.000000,0.000000,0.000000,0.000000,0.000000,0.000000
-200.000000,100.000000,0.000000,0.000000,0.000000,0.000000,0.000000
0.000000,100.000000,0.000000,0.000000,0.000000,0.000000,0.000000
-100.000000,0.000000,0.000000,0.000000,0.000000,0.000000,0.000000
0.000000,0.000000,0.000000,0.000000,0.000000,0.000000,0.000000
-200.000000,0.000000,0.000000,0.000000,0.000000,0.000000,0.000000
0.000000,0.000000,0.000000,0.000000,0.000000,0.000000,0.000000
0.000000,100.000000,0.000000,0.000000,0.000000,0.000000,0.000000
-100.000000,0.000000,0.000000,0.000000,0.000000,0.000000,0.000000
-200.000000,-100.000000,0.000000,0.000000,0.000000,0.000000,0.000000
-100.000000,-100.000000,0.000000,0.000000,0.000000,0.000000,0.000000
-100.000000,-100.000000,0.000000,0.000000,0.000000,0.000000,0.000000
0.000000,-100.000000,0.000000,0.000000,0.000000,0.000000,0.000000
100.000000,0.000000,0.000000,0.000000,0.000000,0.000000,0.000000
0.000000,0.000000,0.000000,0.000000,0.000000,0.000000,0.000000
0.000000,300.000000,0.000000,0.000000,0.000000,0.000000,0.000000
0.000000,0.000000,0.000000,0.000000,0.000000,0.000000,0.000000
0.000000,0.000000,0.000000,0.000000,0.000000,0.000000,0.000000
0.000000,0.000000,0.000000,0.000000,0.000000,0.000000,0.000000
-100.000000,200.000000,0.000000,0.000000,0.000000,0.000000,0.000000
-100.000000,300.000000,0.000000,0.000000,0.000000,0.000000,0.000000
0.000000,0.000000,0.000000,0.000000,0.000000,0.000000,0.000000
0.000000,100.000000,0.000000,0.000000,0.000000,0.000000,0.000000
0.000000,100.000000,0.000000,0.000000,0.000000,0.000000,0.000000
-200.000000,200.000000,0.000000,0.000000,0.000000,0.000000,0.000000
0.000000,0.000000,0.000000,0.000000,0.000000,0.000000,0.000000
0.000000,0.000000,0.000000,0.000000,0.000000,0.000000,0.000000
0.000000,0.000000,0.000000,0.000000,0.000000,0.000000,0.000000
0.000000,0.000000,0.000000,0.000000,0.000000,0.000000,0.000000
0.000000,0.000000,0.000000,0.000000,0.000000,0.000000,0.000000
-200.000000,0.000000,0.000000,0.000000,0.000000,0.000000,0.000000
-200.000000,0.000000,0.000000,0.000000,0.000000,0.000000,0.000000
0.000000,0.000000,0.000000,0.000000,0.000000,0.000000,0.000000
0.000000,0.000000,0.000000,0.000000,0.000000,0.000000,0.000000
0.000000,0.000000,0.000000,0.000000,0.000000,0.000000,0.000000
100.000000,0.000000,0.000000,0.000000,0.000000,0.000000,0.000000
0.000000,-100.000000,0.000000,0.000000,0.000000,0.000000,0.000000
0.000000,0.000000,0.000000,0.000000,0.000000,0.000000,0.000000
-200.000000,-100.000000,0.000000,0.000000,0.000000,0.000000,0.000000
-100.000000,0.000000,0.000000,0.000000,0.000000,0.000000,0.000000
-100.000000,-100.000000,0.000000,0.000000,0.000000,0.000000,0.000000
-200.000000,0.000000,0.000000,0.000000,0.000000,0.000000,0.000000
0.000000,300.000000,0.000000,0.000000,0.000000,0.000000,0.000000
0.000000,0.000000,0.000000,0.000000,0.000000,0.000000,0.000000
0.000000,-200.000000,0.000000,0.000000,0.000000,0.000000,0.000000
0.000000,-300.000000,0.000000,0.000000,0.000000,0.000000,0.000000
-100.000000,100.000000,0.000000,0.000000,0.000000,0.000000,0.000000
0.000000,-100.000000,0.000000,0.000000,0.000000,0.000000,0.000000
0.000000,-100.000000,0.000000,0.000000,0.000000,0.000000,0.000000
-200.000000,-100.000000,0.000000,0.000000,0.000000,0.000000,0.000000
0.000000,100.000000,0.000000,0.000000,0.000000,0.000000,0.000000
-100.000000,100.000000,0.000000,0.000000,0.000000,0.000000,0.000000
-300.000000,0.000000,0.000000,0.000000,0.000000,0.000000,0.000000
-200.000000,0.000000,0.000000,0.000000,0.000000,0.000000,0.000000
0.000000,-100.000000,0.000000,0.000000,0.000000,0.000000,0.000000
0.000000,0.000000,0.000000,0.000000,0.000000,0.000000,0.000000
0.000000,0.000000,0.000000,0.000000,0.000000,0.000000,0.000000
0.000000,0.000000,0.000000,0.000000,0.000000,0.000000,0.000000
0.000000,0.000000,0.000000,0.000000,0.000000,0.000000,0.000000
0.000000,0.000000,0.000000,0.000000,0.000000,0.000000,0.000000
0.000000,0.000000,0.000000,0.000000,0.000000,0.000000,0.000000
0.000000,0.000000,0.000000,0.000000,0.000000,0.000000,0.000000
0.000000,100.000000,0.000000,0.000000,0.000000,0.000000,0.000000
0.000000,300.000000,0.000000,0.000000,0.000000,0.000000,0.000000
0.000000,0.000000,0.000000,0.000000,0.000000,0.000000,0.000000
0.000000,0.000000,0.000000,0.000000,0.000000,0.000000,0.000000
0.000000,100.000000,0.000000,0.000000,0.000000,0.000000,0.000000
-100.000000,-100.000000,0.000000,0.000000,0.000000,0.000000,0.000000
0.000000,0.000000,0.000000,0.000000,0.000000,0.000000,0.000000
100.000000,-300.000000,0.000000,0.000000,0.000000,0.000000,0.000000
0.000000,-100.000000,0.000000,0.000000,0.000000,0.000000,0.000000
0.000000,100.000000,0.000000,0.000000,0.000000,0.000000,0.000000
0.000000,-100.000000,0.000000,0.000000,0.000000,0.000000,0.000000
-100.000000,0.000000,0.000000,0.000000,0.000000,0.000000,0.000000
0.000000,-100.000000,0.000000,0.000000,0.000000,0.000000,0.000000
200.000000,0.000000,0.000000,0.000000,0.000000,0.000000,0.000000
-100.000000,100.000000,0.000000,0.000000,0.000000,0.000000,0.000000
0.000000,0.000000,0.000000,0.000000,0.000000,0.000000,0.000000
-100.000000,-100.000000,0.000000,0.000000,0.000000,0.000000,0.000000
-200.000000,-400.000000,0.000000,0.000000,0.000000,0.000000,0.000000
0.000000,0.000000,0.000000,0.000000,0.000000,0.000000,0.000000
0.000000,100.000000,0.000000,0.000000,0.000000,0.000000,0.000000
0.000000,300.000000,0.000000,0.000000,0.000000,0.000000,0.000000
-200.000000,300.000000,0.000000,0.000000,0.000000,0.000000,0.000000
0.000000,0.000000,0.000000,0.000000,0.000000,0.000000,0.000000
100.000000,0.000000,0.000000,0.000000,0.000000,0.000000,0.000000
200.000000,100.000000,0.000000,0.000000,0.000000,0.000000,0.000000
-100.000000,100.000000,0.000000,0.000000,0.000000,0.000000,0.000000
-100.000000,-200.000000,0.000000,0.000000,0.000000,0.000000,0.000000
100.000000,0.000000,0.000000,0.000000,0.000000,0.000000,0.000000
0.000000,200.000000,0.000000,0.000000,0.000000,0.000000,0.000000
-200.000000,0.000000,0.000000,0.000000,0.000000,0.000000,0.000000
0.000000,-100.000000,0.000000,0.000000,0.000000,0.000000,0.000000
0.000000,-100.000000,0.000000,0.000000,0.000000,0.000000,0.000000
-100.000000,200.000000,0.000000,0.000000,0.000000,0.000000,0.000000
-100.000000,-100.000000,0.000000,0.000000,0.000000,0.000000,0.000000
0.000000,100.000000,0.000000,0.000000,0.000000,0.000000,0.000000
0.000000,0.000000,0.000000,0.000000,0.000000,0.000000,0.000000
0.000000,0.000000,0.000000,0.000000,0.000000,0.000000,0.000000
0.000000,0.000000,0.000000,0.000000,0.000000,0.000000,0.000000
-300.000000,100.000000,0.000000,0.000000,0.000000,0.000000,0.000000
-100.000000,-100.000000,0.000000,0.000000,0.000000,0.000000,0.000000
-100.000000,0.000000,0.000000,0.000000,0.000000,0.000000,0.000000
0.000000,0.000000,0.000000,0.000000,0.000000,0.000000,0.000000
-200.000000,-100.000000,0.000000,0.000000,0.000000,0.000000,0.000000
0.000000,100.000000,0.000000,0.000000,0.000000,0.000000,0.000000
-100.000000,0.000000,0.000000,0.000000,0.000000,0.000000,0.000000
-100.000000,-100.000000,0.000000,0.000000,0.000000,0.000000,0.000000
0.000000,0.000000,0.000000,0.000000,0.000000,0.000000,0.000000
100.000000,-100.000000,0.000000,0.000000,0.000000,0.000000,0.000000
0.000000,-200.000000,0.000000,0.000000,0.000000,0.000000,0.000000
0.000000,0.000000,0.000000,0.000000,0.000000,0.000000,0.000000
-100.000000,100.000000,0.000000,0.000000,0.000000,0.000000,0.000000
0.000000,0.000000,0.000000,0.000000,0.000000,0.000000,0.000000
0.000000,0.000000,0.000000,0.000000,0.000000,0.000000,0.000000
-100.000000,0.000000,0.000000,0.000000,0.000000,0.000000,0.000000
-100.000000,-100.000000,0.000000,0.000000,0.000000,0.000000,0.000000
0.000000,0.000000,0.000000,0.000000,0.000000,0.000000,0.000000
-200.000000,-200.000000,0.000000,0.000000,0.000000,0.000000,0.000000
-100.000000,-100.000000,0.000000,0.000000,0.000000,0.000000,0.000000
0.000000,-200.000000,0.000000,0.000000,0.000000,0.000000,0.000000
-100.000000,0.000000,0.000000,0.000000,0.000000,0.000000,0.000000
-200.000000,-100.000000,0.000000,0.000000,0.000000,0.000000,0.000000
0.000000,100.000000,0.000000,0.000000,0.000000,0.000000,0.000000
0.000000,200.000000,0.000000,0.000000,0.000000,0.000000,0.000000
-100.000000,-100.000000,0.000000,0.000000,0.000000,0.000000,0.000000
0.000000,100.000000,0.000000,0.000000,0.000000,0.000000,0.000000
-200.000000,-100.000000,0.000000,0.000000,0.000000,0.000000,0.000000
-200.000000,100.000000,0.000000,0.000000,0.000000,0.000000,0.000000
0.000000,-100.000000,0.000000,0.000000,0.000000,0.000000,0.000000
0.000000,0.000000,0.000000,0.000000,0.000000,0.000000,0.000000
0.000000,0.000000,0.000000,0.000000,0.000000,0.000000,0.000000
0.000000,100.000000,0.000000,0.000000,0.000000,0.000000,0.000000
-100.000000,0.000000,0.000000,0.000000,0.000000,0.000000,0.000000
0.000000,0.000000,0.000000,0.000000,0.000000,0.000000,0.000000
0.000000,300.000000,0.000000,0.000000,0.000000,0.000000,0.000000
100.000000,100.000000,0.000000,0.000000,0.000000,0.000000,0.000000
0.000000,-100.000000,0.000000,0.000000,0.000000,0.000000,0.000000
0.000000,0.000000,0.000000,0.000000,0.000000,0.000000,0.000000
-100.000000,0.000000,0.000000,0.000000,0.000000,0.000000,0.000000
-100.000000,200.000000,0.000000,0.000000,0.000000,0.000000,0.000000
100.000000,0.000000,0.000000,0.000000,0.000000,0.000000,0.000000
100.000000,0.000000,0.000000,0.000000,0.000000,0.000000,0.000000
0.000000,200.000000,0.000000,0.000000,0.000000,0.000000,0.000000
0.000000,100.000000,0.000000,0.000000,0.000000,0.000000,0.000000
0.000000,0.000000,0.000000,0.000000,0.000000,0.000000,0.000000
-100.000000,0.000000,0.000000,0.000000,0.000000,0.000000,0.000000
0.000000,-200.000000,0.000000,0.000000,0.000000,0.000000,0.000000
-200.000000,0.000000,0.000000,0.000000,0.000000,0.000000,0.000000
-100.000000,-100.000000,0.000000,0.000000,0.000000,0.000000,0.000000
0.000000,200.000000,0.000000,0.000000,0.000000,0.000000,0.000000
-100.000000,0.000000,0.000000,0.000000,0.000000,0.000000,0.000000
-200.000000,0.000000,0.000000,0.000000,0.000000,0.000000,0.000000
100.000000,0.000000,0.000000,0.000000,0.000000,0.000000,0.000000
-100.000000,0.000000,0.000000,0.000000,0.000000,0.000000,0.000000
0.000000,200.000000,0.000000,0.000000,0.000000,0.000000,0.000000
200.000000,0.000000,0.000000,0.000000,0.000000,0.000000,0.000000
-200.000000,0.000000,0.000000,0.000000,0.000000,0.000000,0.000000
-100.000000,0.000000,0.000000,0.000000,0.000000,0.000000,0.000000
0.000000,0.000000,0.000000,0.000000,0.000000,0.000000,0.000000
0.000000,100.000000,0.000000,0.000000,0.000000,0.000000,0.000000
0.000000,-100.000000,0.000000,0.000000,0.000000,0.000000,0.000000
-200.000000,0.000000,0.000000,0.000000,0.000000,0.000000,0.000000
-100.000000,0.000000,0.000000,0.000000,0.000000,0.000000,0.000000
0.000000,0.000000,0.000000,0.000000,0.000000,0.000000,0.000000
0.000000,0.000000,0.000000,0.000000,0.000000,0.000000,0.000000
0.000000,0.000000,0.000000,0.000000,0.000000,0.000000,0.000000
200.000000,300.000000,0.000000,0.000000,0.000000,0.000000,0.000000
100.000000,0.000000,0.000000,0.000000,0.000000,0.000000,0.000000
0.000000,0.000000,0.000000,0.000000,0.000000,0.000000,0.000000
0.000000,100.000000,0.000000,0.000000,0.000000,0.000000,0.000000
0.000000,0.000000,0.000000,0.000000,0.000000,0.000000,0.000000
0.000000,-100.000000,0.000000,0.000000,0.000000,0.000000,0.000000
-100.000000,100.000000,0.000000,0.000000,0.000000,0.000000,0.000000
-200.000000,0.000000,0.000000,0.000000,0.000000,0.000000,0.000000
-100.000000,-100.000000,0.000000,0.000000,0.000000,0.000000,0.000000
0.000000,200.000000,0.000000,0.000000,0.000000,0.000000,0.000000
0.000000,0.000000,0.000000,0.000000,0.000000,0.000000,0.000000
0.000000,0.000000,0.000000,0.000000,0.000000,0.000000,0.000000
0.000000,200.000000,0.000000,0.000000,0.000000,0.000000,0.000000
-100.000000,0.000000,0.000000,0.000000,0.000000,0.000000,0.000000
-200.000000,100.000000,0.000000,0.000000,0.000000,0.000000,0.000000
0.000000,200.000000,0.000000,0.000000,0.000000,0.000000,0.000000
0.000000,100.000000,0.000000,0.000000,0.000000,0.000000,0.000000
-100.000000,-100.000000,0.000000,0.000000,0.000000,0.000000,0.000000
0.000000,0.000000,0.000000,0.000000,0.000000,0.000000,0.000000
100.000000,100.000000,0.000000,0.000000,0.000000,0.000000,0.000000
0.000000,0.000000,0.000000,0.000000,0.000000,0.000000,0.000000
-100.000000,100.000000,0.000000,0.000000,0.000000,0.000000,0.000000
100.000000,100.000000,0.000000,0.000000,0.000000,0.000000,0.000000
-100.000000,100.000000,0.000000,0.000000,0.000000,0.000000,0.000000
200.000000,0.000000,0.000000,0.000000,0.000000,0.000000,0.000000
-100.000000,0.000000,0.000000,0.000000,0.000000,0.000000,0.000000
0.000000,-100.000000,0.000000,0.000000,0.000000,0.000000,0.000000
0.000000,300.000000,0.000000,0.000000,0.000000,0.000000,0.000000
-100.000000,0.000000,0.000000,0.000000,0.000000,0.000000,0.000000
0.000000,-200.000000,0.000000,0.000000,0.000000,0.000000,0.000000
0.000000,0.000000,0.000000,0.000000,0.000000,0.000000,0.000000
0.000000,0.000000,0.000000,0.000000,0.000000,0.000000,0.000000
0.000000,200.000000,0.000000,0.000000,0.000000,0.000000,0.000000
0.000000,0.000000,0.000000,0.000000,0.000000,0.000000,0.000000
-100.000000,0.000000,0.000000,0.000000,0.000000,0.000000,0.000000
0.000000,0.000000,0.000000,0.000000,0.000000,0.000000,0.000000
-200.000000,100.000000,0.000000,0.000000,0.000000,0.000000,0.000000
-100.000000,-100.000000,0.000000,0.000000,0.000000,0.000000,0.000000
0.000000,0.000000,0.000000,0.000000,0.000000,0.000000,0.000000
100.000000,-300.000000,0.000000,0.000000,0.000000,0.000000,0.000000
0.000000,100.000000,0.000000,0.000000,0.000000,0.000000,0.000000
0.000000,0.000000,0.000000,0.000000,0.000000,0.000000,0.000000
0.000000,100.000000,0.000000,0.000000,0.000000,0.000000,0.000000
0.000000,0.000000,0.000000,0.000000,0.000000,0.000000,0.000000
0.000000,-200.000000,0.000000,0.000000,0.000000,0.000000,0.000000
-100.000000,-100.000000,0.000000,0.000000,0.000000,0.000000,0.000000
0.000000,200.000000,0.000000,0.000000,0.000000,0.000000,0.000000
-100.000000,-100.000000,0.000000,0.000000,0.000000,0.000000,0.000000
100.000000,0.000000,0.000000,0.000000,0.000000,0.000000,0.000000
0.000000,0.000000,0.000000,0.000000,0.000000,0.000000,0.000000
-100.000000,0.000000,0.000000,0.000000,0.000000,0.000000,0.000000
-300.000000,0.000000,0.000000,0.000000,0.000000,0.000000,0.000000
0.000000,100.000000,0.000000,0.000000,0.000000,0.000000,0.000000
-100.000000,100.000000,0.000000,0.000000,0.000000,0.000000,0.000000
