Channel 1,Channel 2,Channel 3,Channel 4,Channel 5,Channel 6,Channel 7
-100.000000,0.000000,0.000000,0.000000,-2176.000000,0.000000,0.000000
-200.000000,0.000000,0.000000,0.000000,-2176.000000,0.000000,0.000000
0.000000,0.000000,0.000000,0.000000,-2176.000000,0.000000,0.000000
100.000000,0.000000,0.000000,0.000000,-2208.000000,0.000000,0.000000
0.000000,-200.000000,0.000000,0.000000,-2208.000000,0.000000,0.000000
-100.000000,-200.000000,0.000000,0.000000,-2208.000000,0.000000,0.000000
-200.000000,-200.000000,0.000000,0.000000,-2227.000000,0.000000,0.000000
0.000000,-100.000000,0.000000,0.000000,-2227.000000,0.000000,0.000000
-100.000000,-200.000000,0.000000,0.000000,-2227.000000,0.000000,0.000000
0.000000,0.000000,0.000000,0.000000,-2227.000000,0.000000,0.000000
0.000000,0.000000,0.000000,0.000000,-2258.000000,0.000000,0.000000
-100.000000,-200.000000,0.000000,0.000000,-2258.000000,0.000000,0.000000
100.000000,0.000000,0.000000,0.000000,-2258.000000,0.000000,0.000000
-100.000000,-100.000000,0.000000,0.000000,-2240.000000,0.000000,0.000000
0.000000,100.000000,0.000000,0.000000,-2240.000000,0.000000,0.000000
-100.000000,0.000000,0.000000,0.000000,-2240.000000,0.000000,0.000000
200.000000,0.000000,0.000000,0.000000,-2233.000000,0.000000,0.000000
-100.000000,-100.000000,0.000000,0.000000,-2233.000000,0.000000,0.000000
100.000000,0.000000,0.000000,0.000000,-2233.000000,0.000000,0.000000
-100.000000,0.000000,0.000000,0.000000,-2221.000000,0.000000,0.000000
0.000000,0.000000,0.000000,0.000000,-2221.000000,0.000000,0.000000
-200.000000,0.000000,0.000000,0.000000,-2221.000000,0.000000,0.000000
100.000000,0.000000,0.000000,0.000000,-2221.000000,0.000000,0.000000
-300.000000,-100.000000,0.000000,0.000000,-2250.000000,0.000000,0.000000
0.000000,-100.000000,0.000000,0.000000,-2250.000000,0.000000,0.000000
-100.000000,-100.000000,0.000000,0.000000,-2250.000000,0.000000,0.000000
0.000000,-100.000000,0.000000,0.000000,-2278.000000,0.000000,0.000000
0.000000,0.000000,0.000000,0.000000,-2278.000000,0.000000,0.000000
100.000000,-200.000000,0.000000,0.000000,-2278.000000,0.000000,0.000000
-100.000000,-100.000000,0.000000,0.000000,-2267.000000,0.000000,0.000000
0.000000,-100.000000,0.000000,0.000000,-2267.000000,0.000000,0.000000
0.000000,0.000000,0.000000,0.000000,-2267.000000,0.000000,0.000000
0.000000,0.000000,0.000000,0.000000,-2267.000000,0.000000,0.000000
100.000000,0.000000,0.000000,0.000000,-2283.000000,0.000000,0.000000
-100.000000,100.000000,0.000000,0.000000,-2283.000000,0.000000,0.000000
-100.000000,0.000000,0.000000,0.000000,-2283.000000,0.000000,0.000000
0.000000,-200.000000,0.000000,0.000000,-2280.000000,0.000000,0.000000
-100.000000,-200.000000,0.000000,0.000000,-2280.000000,0.000000,0.000000
0.000000,0.000000,0.000000,0.000000,-2280.000000,0.000000,0.000000
-100.000000,0.000000,0.000000,0.000000,-2250.000000,0.000000,0.000000
-100.000000,-200.000000,0.000000,0.000000,-2250.000000,0.000000,0.000000
0.000000,100.000000,0.000000,0.000000,-2250.000000,0.000000,0.000000
-100.000000,0.000000,0.000000,0.000000,-2216.000000,0.000000,0.000000
-200.000000,0.000000,0.000000,0.000000,-2216.000000,0.000000,0.000000
-200.000000,0.000000,0.000000,0.000000,-2216.000000,0.000000,0.000000
400.000000,-100.000000,0.000000,0.000000,-2216.000000,0.000000,0.000000
0.000000,100.000000,0.000000,0.000000,-2241.000000,0.000000,0.000000
-100.000000,100.000000,0.000000,0.000000,-2241.000000,0.000000,0.000000
-300.000000,0.000000,0.000000,0.000000,-2241.000000,0.000000,0.000000
0.000000,0.000000,0.000000,0.000000,-2246.000000,0.000000,0.000000
0.000000,0.000000,0.000000,0.000000,-2246.000000,0.000000,0.000000
100.000000,-200.000000,0.000000,0.000000,-2246.000000,0.000000,0.000000
300.000000,0.000000,0.000000,0.000000,-2235.000000,0.000000,0.000000
0.000000,200.000000,0.000000,0.000000,-2235.000000,0.000000,0.000000
-100.000000,-200.000000,0.000000,0.000000,-2235.000000,0.000000,0.000000
0.000000,0.000000,0.000000,0.000000,-2243.000000,0.000000,0.000000
-100.000000,0.000000,0.000000,0.000000,-2243.000000,0.000000,0.000000
0.000000,100.000000,0.000000,0.000000,-2243.000000,0.000000,0.000000
100.000000,0.000000,0.000000,0.000000,-2243.000000,0.000000,0.000000
-100.000000,-200.000000,0.000000,0.000000,-2228.000000,0.000000,0.000000
-200.000000,0.000000,0.000000,0.000000,-2228.000000,0.000000,0.000000
0.000000,0.000000,0.000000,0.000000,-2228.000000,0.000000,0.000000
200.000000,0.000000,0.000000,0.000000,-2241.000000,0.000000,0.000000
0.000000,0.000000,0.000000,0.000000,-2241.000000,0.000000,0.000000
-100.000000,100.000000,0.000000,0.000000,-2241.000000,0.000000,0.000000
100.000000,-100.000000,2.000000,2.000000,-2234.000000,0.000000,0.000000
-100.000000,-100.000000,2.000000,2.000000,-2234.000000,0.000000,0.000000
400.000000,0.000000,2.000000,2.000000,-2234.000000,0.000000,0.000000
0.000000,-200.000000,2.000000,2.000000,-2234.000000,0.000000,0.000000
-100.000000,-100.000000,2.000000,2.000000,-2255.000000,0.000000,0.000000
0.000000,-300.000000,2.000000,2.000000,-2255.000000,0.000000,0.000000
-100.000000,0.000000,2.000000,2.000000,-2255.000000,0.000000,0.000000
-100.000000,-100.000000,2.000000,2.000000,-2252.000000,0.000000,0.000000
-200.000000,0.000000,2.000000,2.000000,-2252.000000,0.000000,0.000000
100.000000,-400.000000,2.000000,2.000000,-2252.000000,0.000000,0.000000
-100.000000,0.000000,5.000000,5.000000,-2243.000000,0.000000,0.000000
0.000000,0.000000,5.000000,5.000000,-2243.000000,0.000000,0.000000
-100.000000,-100.000000,5.000000,5.000000,-2243.000000,0.000000,0.000000
-100.000000,-100.000000,8.000000,8.000000,-2238.000000,0.000000,0.000000
300.000000,0.000000,8.000000,8.000000,-2238.000000,0.000000,0.000000
-100.000000,-200.000000,8.000000,8.000000,-2238.000000,0.000000,0.000000
-100.000000,0.000000,8.000000,8.000000,-2238.000000,0.000000,0.000000
300.000000,-100.000000,10.000000,10.000000,-2269.000000,0.000000,0.000000
-100.000000,-100.000000,10.000000,10.000000,-2269.000000,0.000000,0.000000
200.000000,200.000000,10.000000,10.000000,-2269.000000,0.000000,0.000000
300.000000,100.000000,13.000000,13.000000,-2275.000000,0.000000,0.000000
0.000000,-100.000000,13.000000,13.000000,-2275.000000,0.000000,0.000000
-100.000000,-300.000000,13.000000,13.000000,-2275.000000,0.000000,0.000000
-100.000000,-200.000000,16.000000,16.000000,-2274.000000,0.000000,0.000000
0.000000,-100.000000,16.000000,16.000000,-2274.000000,0.000000,0.000000
-200.000000,-100.000000,16.000000,16.000000,-2274.000000,0.000000,0.000000
0.000000,0.000000,18.000000,18.000000,-2260.000000,0.000000,0.000000
0.000000,-300.000000,18.000000,18.000000,-2260.000000,0.000000,0.000000
-100.000000,100.000000,18.000000,18.000000,-2260.000000,0.000000,0.000000
0.000000,0.000000,18.000000,18.000000,-2260.000000,0.000000,0.000000
-100.000000,0.000000,21.000000,21.000000,-2263.000000,0.000000,0.000000
0.000000,0.000000,21.000000,21.000000,-2263.000000,0.000000,0.000000
0.000000,0.000000,21.000000,21.000000,-2263.000000,0.000000,0.000000
0.000000,0.000000,24.000000,24.000000,-2276.000000,0.000000,0.000000
0.000000,0.000000,24.000000,24.000000,-2276.000000,0.000000,0.000000
-200.000000,0.000000,24.000000,24.000000,-2276.000000,0.000000,0.000000
0.000000,0.000000,26.000000,26.000000,-2258.000000,0.000000,0.000000
-200.000000,200.000000,26.000000,26.000000,-2258.000000,0.000000,0.000000
0.000000,0.000000,26.000000,26.000000,-2258.000000,0.000000,0.000000
-100.000000,0.000000,26.000000,26.000000,-2258.000000,0.000000,0.000000
-100.000000,-100.000000,29.000000,29.000000,-2256.000000,0.000000,0.000000
0.000000,-200.000000,29.000000,29.000000,-2256.000000,0.000000,0.000000
-100.000000,-100.000000,29.000000,29.000000,-2256.000000,0.000000,0.000000
-200.000000,100.000000,32.000000,32.000000,-2254.000000,0.000000,0.000000
0.000000,-200.000000,32.000000,32.000000,-2254.000000,0.000000,0.000000
-200.000000,-200.000000,32.000000,32.000000,-2254.000000,0.000000,0.000000
-100.000000,0.000000,34.000000,34.000000,-2258.000000,0.000000,0.000000
-100.000000,100.000000,34.000000,34.000000,-2258.000000,0.000000,0.000000
0.000000,0.000000,34.000000,34.000000,-2258.000000,0.000000,0.000000
-100.000000,100.000000,37.000000,37.000000,-2254.000000,0.000000,0.000000
0.000000,-300.000000,37.000000,37.000000,-2254.000000,0.000000,0.000000
-100.000000,-500.000000,37.000000,37.000000,-2254.000000,0.000000,0.000000
0.000000,100.000000,37.000000,37.000000,-2254.000000,0.000000,0.000000
0.000000,100.000000,40.000000,40.000000,-2235.000000,0.000000,0.000000
-100.000000,-100.000000,40.000000,40.000000,-2235.000000,0.000000,0.000000
0.000000,-200.000000,40.000000,40.000000,-2235.000000,0.000000,0.000000
0.000000,0.000000,42.000000,42.000000,-2240.000000,0.000000,0.000000
-100.000000,0.000000,42.000000,42.000000,-2240.000000,0.000000,0.000000
-100.000000,0.000000,42.000000,42.000000,-2240.000000,0.000000,0.000000
0.000000,100.000000,45.000000,45.000000,-2260.000000,0.000000,0.000000
-100.000000,300.000000,45.000000,45.000000,-2260.000000,0.000000,0.000000
-200.000000,-200.000000,45.000000,45.000000,-2260.000000,0.000000,0.000000
-100.000000,200.000000,45.000000,45.000000,-2260.000000,0.000000,0.000000
0.000000,0.000000,48.000000,48.000000,-2243.000000,0.000000,0.000000
-100.000000,0.000000,48.000000,48.000000,-2243.000000,0.000000,0.000000
0.000000,0.000000,48.000000,48.000000,-2243.000000,0.000000,0.000000
-100.000000,0.000000,50.000000,50.000000,-2256.000000,0.000000,0.000000
200.000000,0.000000,50.000000,50.000000,-2256.000000,0.000000,0.000000
0.000000,0.000000,50.000000,50.000000,-2256.000000,0.000000,0.000000
100.000000,0.000000,53.000000,53.000000,-2252.000000,0.000000,0.000000
0.000000,0.000000,53.000000,53.000000,-2252.000000,0.000000,0.000000
0.000000,300.000000,53.000000,53.000000,-2252.000000,0.000000,0.000000
100.000000,-200.000000,56.000000,56.000000,-2219.000000,0.000000,0.000000
0.000000,300.000000,56.000000,56.000000,-2219.000000,0.000000,0.000000
0.000000,200.000000,56.000000,56.000000,-2219.000000,0.000000,0.000000
0.000000,100.000000,56.000000,56.000000,-2219.000000,0.000000,0.000000
-100.000000,500.000000,58.000000,58.000000,-2222.000000,0.000000,0.000000
-100.000000,100.000000,58.000000,58.000000,-2222.000000,0.000000,0.000000
0.000000,0.000000,58.000000,58.000000,-2222.000000,0.000000,0.000000
0.000000,0.000000,61.000000,61.000000,-2200.000000,0.000000,0.000000
-100.000000,100.000000,61.000000,61.000000,-2200.000000,0.000000,0.000000
100.000000,-100.000000,61.000000,61.000000,-2200.000000,0.000000,0.000000
0.000000,300.000000,64.000000,64.000000,-2236.000000,0.000000,0.000000
100.000000,0.000000,64.000000,64.000000,-2236.000000,0.000000,0.000000
100.000000,300.000000,64.000000,64.000000,-2236.000000,0.000000,0.000000
100.000000,100.000000,66.000000,66.000000,-2221.000000,0.000000,0.000000
-100.000000,100.000000,66.000000,66.000000,-2221.000000,0.000000,0.000000
0.000000,-100.000000,66.000000,66.000000,-2221.000000,0.000000,0.000000
100.000000,100.000000,66.000000,66.000000,-2221.000000,0.000000,0.000000
-100.000000,0.000000,69.000000,69.000000,-2227.000000,0.000000,0.000000
0.000000,200.000000,69.000000,69.000000,-2227.000000,0.000000,0.000000
0.000000,-100.000000,69.000000,69.000000,-2227.000000,0.000000,0.000000
0.000000,-200.000000,72.000000,72.000000,-2233.000000,0.000000,0.000000
0.000000,0.000000,72.000000,72.000000,-2233.000000,0.000000,0.000000
0.000000,400.000000,72.000000,72.000000,-2233.000000,0.000000,0.000000
0.000000,-100.000000,74.000000,74.000000,-2249.000000,0.000000,0.000000
100.000000,0.000000,74.000000,74.000000,-2249.000000,0.000000,0.000000
0.000000,400.000000,74.000000,74.000000,-2249.000000,0.000000,0.000000
0.000000,300.000000,74.000000,74.000000,-2249.000000,0.000000,0.000000
100.000000,100.000000,77.000000,77.000000,-2229.000000,0.000000,0.000000
0.000000,0.000000,77.000000,77.000000,-2229.000000,0.000000,0.000000
100.000000,-100.000000,77.000000,77.000000,-2229.000000,0.000000,0.000000
-200.000000,-200.000000,80.000000,80.000000,-2259.000000,0.000000,0.000000
200.000000,100.000000,80.000000,80.000000,-2259.000000,0.000000,0.000000
0.000000,0.000000,80.000000,80.000000,-2259.000000,0.000000,0.000000
0.000000,-200.000000,82.000000,82.000000,-2234.000000,0.000000,0.000000
0.000000,0.000000,82.000000,82.000000,-2234.000000,196.000000,0.000000
100.000000,0.000000,82.000000,82.000000,-2234.000000,0.000000,0.000000
100.000000,-100.000000,85.000000,85.000000,-2221.000000,0.000000,0.000000
100.000000,-100.000000,85.000000,85.000000,-2221.000000,0.000000,0.000000
-200.000000,200.000000,85.000000,85.000000,-2221.000000,0.000000,0.000000
200.000000,0.000000,85.000000,85.000000,-2221.000000,0.000000,0.000000
100.000000,100.000000,88.000000,88.000000,-2214.000000,0.000000,0.000000
100.000000,500.000000,88.000000,88.000000,-2214.000000,0.000000,0.000000
0.000000,-700.000000,88.000000,88.000000,-2214.000000,0.000000,0.000000
-100.000000,-300.000000,90.000000,90.000000,-2221.000000,0.000000,0.000000
0.000000,-100.000000,90.000000,90.000000,-2221.000000,0.000000,0.000000
200.000000,100.000000,90.000000,90.000000,-2221.000000,0.000000,0.000000
200.000000,100.000000,93.000000,93.000000,-2201.000000,0.000000,0.000000
300.000000,100.000000,93.000000,93.000000,-2201.000000,0.000000,0.000000
100.000000,0.000000,93.000000,93.000000,-2201.000000,0.000000,0.000000
0.000000,100.000000,93.000000,93.000000,-2201.000000,0.000000,0.000000
100.000000,0.000000,96.000000,96.000000,-2224.000000,0.000000,0.000000
0.000000,200.000000,96.000000,96.000000,-2224.000000,0.000000,0.000000
400.000000,-200.000000,96.000000,96.000000,-2224.000000,0.000000,0.000000
0.000000,0.000000,98.000000,98.000000,-2203.000000,0.000000,0.000000
200.000000,200.000000,98.000000,98.000000,-2203.000000,0.000000,0.000000
200.000000,300.000000,98.000000,98.000000,-2203.000000,0.000000,0.000000
200.000000,0.000000,101.000000,101.000000,-2186.000000,0.000000,0.000000
0.000000,300.000000,101.000000,101.000000,-2186.000000,0.000000,0.000000
100.000000,100.000000,101.000000,101.000000,-2186.000000,0.000000,0.000000
100.000000,300.000000,104.000000,104.000000,-2195.000000,0.000000,0.000000
100.000000,200.000000,104.000000,104.000000,-2195.000000,0.000000,0.000000
0.000000,200.000000,104.000000,104.000000,-2195.000000,0.000000,0.000000
200.000000,400.000000,104.000000,104.000000,-2195.000000,0.000000,0.000000
100.000000,0.000000,106.000000,106.000000,-2190.000000,0.000000,0.000000
0.000000,0.000000,106.000000,106.000000,-2190.000000,0.000000,0.000000
300.000000,300.000000,106.000000,106.000000,-2190.000000,0.000000,0.000000
300.000000,0.000000,109.000000,109.000000,-2143.000000,0.000000,0.000000
0.000000,0.000000,109.000000,109.000000,-2143.000000,0.000000,0.000000
200.000000,0.000000,109.000000,109.000000,-2143.000000,0.000000,0.000000
300.000000,100.000000,112.000000,112.000000,-2141.000000,0.000000,0.000000
100.000000,100.000000,112.000000,112.000000,-2141.000000,0.000000,0.000000
300.000000,300.000000,112.000000,112.000000,-2141.000000,0.000000,0.000000
0.000000,200.000000,114.000000,114.000000,-2135.000000,0.000000,0.000000
100.000000,500.000000,114.000000,114.000000,-2135.000000,0.000000,0.000000
0.000000,0.000000,114.000000,114.000000,-2135.000000,0.000000,0.000000
0.000000,600.000000,114.000000,114.000000,-2135.000000,0.000000,0.000000
0.000000,-100.000000,117.000000,117.000000,-2151.000000,0.000000,0.000000
100.000000,200.000000,117.000000,117.000000,-2151.000000,0.000000,0.000000
200.000000,100.000000,117.000000,117.000000,-2151.000000,0.000000,0.000000
-100.000000,-200.000000,120.000000,120.000000,-2126.000000,0.000000,0.000000
0.000000,0.000000,120.000000,120.000000,-2126.000000,0.000000,0.000000
200.000000,400.000000,120.000000,120.000000,-2126.000000,0.000000,0.000000
0.000000,100.000000,122.000000,122.000000,-2117.000000,0.000000,0.000000
200.000000,0.000000,122.000000,122.000000,-2117.000000,0.000000,0.000000
100.000000,0.000000,122.000000,122.000000,-2117.000000,0.000000,0.000000
200.000000,-100.000000,122.000000,122.000000,-2117.000000,0.000000,0.000000
100.000000,0.000000,125.000000,125.000000,-2127.000000,0.000000,0.000000
100.000000,400.000000,125.000000,125.000000,-2127.000000,0.000000,0.000000
0.000000,600.000000,125.000000,125.000000,-2127.000000,0.000000,0.000000
200.000000,0.000000,128.000000,128.000000,-2110.000000,0.000000,0.000000
200.000000,0.000000,128.000000,128.000000,-2110.000000,0.000000,0.000000
0.000000,100.000000,128.000000,128.000000,-2110.000000,0.000000,0.000000
100.000000,300.000000,130.000000,130.000000,-2087.000000,0.000000,0.000000
0.000000,400.000000,130.000000,130.000000,-2087.000000,0.000000,0.000000
0.000000,100.000000,130.000000,130.000000,-2087.000000,0.000000,0.000000
100.000000,100.000000,133.000000,133.000000,-2086.000000,0.000000,0.000000
100.000000,0.000000,133.000000,133.000000,-2086.000000,0.000000,0.000000
100.000000,600.000000,133.000000,133.000000,-2086.000000,0.000000,0.000000
0.000000,100.000000,133.000000,133.000000,-2086.000000,0.000000,0.000000
200.000000,-100.000000,136.000000,136.000000,-2067.000000,0.000000,0.000000
0.000000,0.000000,136.000000,136.000000,-2067.000000,0.000000,0.000000
100.000000,700.000000,136.000000,136.000000,-2067.000000,0.000000,0.000000
200.000000,300.000000,138.000000,138.000000,-2084.000000,0.000000,0.000000
0.000000,0.000000,138.000000,138.000000,-2084.000000,0.000000,0.000000
0.000000,100.000000,138.000000,138.000000,-2084.000000,0.000000,0.000000
200.000000,100.000000,141.000000,141.000000,-2077.000000,0.000000,0.000000
100.000000,0.000000,141.000000,141.000000,-2077.000000,0.000000,0.000000
200.000000,-200.000000,141.000000,141.000000,-2077.000000,0.000000,0.000000
0.000000,0.000000,141.000000,141.000000,-2077.000000,0.000000,0.000000
0.000000,0.000000,144.000000,144.000000,-2085.000000,0.000000,0.000000
100.000000,300.000000,144.000000,144.000000,-2085.000000,0.000000,0.000000
200.000000,300.000000,144.000000,144.000000,-2085.000000,0.000000,0.000000
0.000000,200.000000,146.000000,146.000000,-2073.000000,0.000000,0.000000
400.000000,300.000000,146.000000,146.000000,-2073.000000,0.000000,0.000000
100.000000,100.000000,146.000000,146.000000,-2073.000000,0.000000,0.000000
400.000000,100.000000,149.000000,149.000000,-2067.000000,0.000000,0.000000
200.000000,300.000000,149.000000,149.000000,-2067.000000,0.000000,0.000000
200.000000,200.000000,149.000000,149.000000,-2067.000000,0.000000,0.000000
0.000000,400.000000,152.000000,152.000000,-2082.000000,0.000000,0.000000
0.000000,300.000000,152.000000,152.000000,-2082.000000,0.000000,0.000000
200.000000,100.000000,152.000000,152.000000,-2082.000000,0.000000,0.000000
200.000000,400.000000,152.000000,152.000000,-2082.000000,0.000000,0.000000
0.000000,200.000000,154.000000,154.000000,-2087.000000,0.000000,0.000000
0.000000,200.000000,154.000000,154.000000,-2087.000000,0.000000,0.000000
0.000000,300.000000,154.000000,154.000000,-2087.000000,0.000000,0.000000
0.000000,-200.000000,157.000000,157.000000,-2103.000000,0.000000,0.000000
0.000000,500.000000,157.000000,157.000000,-2103.000000,0.000000,0.000000
100.000000,200.000000,157.000000,157.000000,-2103.000000,0.000000,0.000000
300.000000,400.000000,160.000000,160.000000,-2101.000000,0.000000,0.000000
-100.000000,100.000000,160.000000,160.000000,-2101.000000,0.000000,0.000000
0.000000,400.000000,160.000000,160.000000,-2101.000000,0.000000,0.000000
100.000000,0.000000,162.000000,162.000000,-2136.000000,0.000000,0.000000
200.000000,-200.000000,162.000000,162.000000,-2136.000000,0.000000,0.000000
300.000000,-100.000000,162.000000,162.000000,-2136.000000,0.000000,0.000000
200.000000,100.000000,162.000000,162.000000,-2136.000000,0.000000,0.000000
0.000000,200.000000,165.000000,165.000000,-2146.000000,0.000000,0.000000
0.000000,0.000000,165.000000,165.000000,-2146.000000,0.000000,0.000000
0.000000,0.000000,165.000000,165.000000,-2146.000000,0.000000,0.000000
200.000000,300.000000,168.000000,168.000000,-2118.000000,0.000000,0.000000
0.000000,-100.000000,168.000000,168.000000,-2118.000000,0.000000,0.000000
-200.000000,100.000000,168.000000,168.000000,-2118.000000,0.000000,0.000000
400.000000,100.000000,170.000000,170.000000,-2155.000000,0.000000,0.000000
200.000000,100.000000,170.000000,170.000000,-2155.000000,0.000000,0.000000
400.000000,100.000000,170.000000,170.000000,-2155.000000,0.000000,0.000000
0.000000,200.000000,170.000000,170.000000,-2155.000000,0.000000,0.000000
100.000000,0.000000,173.000000,173.000000,-2122.000000,0.000000,0.000000
0.000000,-100.000000,173.000000,173.000000,-2122.000000,0.000000,0.000000
100.000000,100.000000,173.000000,173.000000,-2122.000000,0.000000,0.000000
100.000000,100.000000,176.000000,176.000000,-2124.000000,0.000000,0.000000
300.000000,-100.000000,176.000000,176.000000,-2124.000000,0.000000,0.000000
200.000000,0.000000,176.000000,176.000000,-2124.000000,0.000000,0.000000
0.000000,0.000000,178.000000,178.000000,-2149.000000,0.000000,0.000000
-200.000000,0.000000,178.000000,178.000000,-2149.000000,0.000000,0.000000
0.000000,200.000000,178.000000,178.000000,-2149.000000,0.000000,0.000000
200.000000,0.000000,181.000000,181.000000,-2121.000000,0.000000,0.000000
200.000000,200.000000,181.000000,181.000000,-2121.000000,0.000000,0.000000
400.000000,100.000000,181.000000,181.000000,-2121.000000,0.000000,0.000000
300.000000,0.000000,181.000000,181.000000,-2121.000000,0.000000,0.000000
200.000000,400.000000,184.000000,184.000000,-2126.000000,0.000000,0.000000
300.000000,-200.000000,184.000000,184.000000,-2126.000000,0.000000,0.000000
100.000000,100.000000,184.000000,184.000000,-2126.000000,0.000000,0.000000
100.000000,0.000000,186.000000,186.000000,-2156.000000,0.000000,0.000000
200.000000,0.000000,186.000000,186.000000,-2156.000000,0.000000,0.000000
300.000000,0.000000,186.000000,186.000000,-2156.000000,0.000000,0.000000
300.000000,0.000000,189.000000,189.000000,-2159.000000,0.000000,0.000000
200.000000,400.000000,189.000000,189.000000,-2159.000000,0.000000,0.000000
300.000000,300.000000,189.000000,189.000000,-2159.000000,0.000000,0.000000
0.000000,300.000000,192.000000,192.000000,-2158.000000,0.000000,0.000000
100.000000,300.000000,192.000000,192.000000,-2158.000000,0.000000,0.000000
0.000000,0.000000,192.000000,192.000000,-2158.000000,0.000000,0.000000
200.000000,500.000000,192.000000,192.000000,-2158.000000,0.000000,0.000000
300.000000,200.000000,194.000000,194.000000,-2163.000000,0.000000,0.000000
100.000000,0.000000,194.000000,194.000000,-2163.000000,0.000000,0.000000
0.000000,100.000000,194.000000,194.000000,-2163.000000,0.000000,0.000000
200.000000,0.000000,197.000000,197.000000,-2180.000000,0.000000,0.000000
300.000000,300.000000,197.000000,197.000000,-2180.000000,0.000000,0.000000
300.000000,500.000000,197.000000,197.000000,-2180.000000,0.000000,0.000000
200.000000,300.000000,200.000000,200.000000,-2195.000000,0.000000,0.000000
0.000000,100.000000,200.000000,200.000000,-2195.000000,0.000000,0.000000
200.000000,200.000000,200.000000,200.000000,-2195.000000,0.000000,0.000000
0.000000,0.000000,200.000000,200.000000,-2195.000000,0.000000,0.000000
100.000000,200.000000,202.000000,202.000000,-2198.000000,0.000000,0.000000
100.000000,400.000000,202.000000,202.000000,-2198.000000,0.000000,0.000000
100.000000,200.000000,202.000000,202.000000,-2198.000000,0.000000,0.000000
100.000000,100.000000,205.000000,205.000000,-2191.000000,0.000000,0.000000
0.000000,100.000000,205.000000,205.000000,-2191.000000,0.000000,0.000000
0.000000,300.000000,205.000000,205.000000,-2191.000000,0.000000,0.000000
200.000000,500.000000,208.000000,208.000000,-2184.000000,0.000000,0.000000
200.000000,500.000000,208.000000,208.000000,-2184.000000,0.000000,0.000000
100.000000,300.000000,208.000000,208.000000,-2184.000000,0.000000,0.000000
300.000000,200.000000,210.000000,210.000000,-2162.000000,0.000000,0.000000
300.000000,-200.000000,210.000000,210.000000,-2162.000000,0.000000,0.000000
100.000000,100.000000,210.000000,210.000000,-2162.000000,0.000000,0.000000
-100.000000,300.000000,210.000000,210.000000,-2162.000000,0.000000,0.000000
300.000000,300.000000,213.000000,213.000000,-2140.000000,0.000000,0.000000
100.000000,-100.000000,213.000000,213.000000,-2140.000000,0.000000,0.000000
200.000000,0.000000,213.000000,213.000000,-2140.000000,0.000000,0.000000
200.000000,300.000000,216.000000,216.000000,-2144.000000,0.000000,0.000000
0.000000,-100.000000,216.000000,216.000000,-2144.000000,0.000000,0.000000
0.000000,200.000000,216.000000,216.000000,-2144.000000,0.000000,0.000000
300.000000,200.000000,218.000000,218.000000,-2142.000000,0.000000,0.000000
300.000000,0.000000,218.000000,218.000000,-2142.000000,0.000000,0.000000
300.000000,200.000000,218.000000,218.000000,-2142.000000,0.000000,0.000000
100.000000,100.000000,218.000000,218.000000,-2142.000000,0.000000,0.000000
100.000000,0.000000,221.000000,221.000000,-2136.000000,0.000000,0.000000
200.000000,300.000000,221.000000,221.000000,-2136.000000,0.000000,0.000000
-200.000000,100.000000,221.000000,221.000000,-2136.000000,0.000000,0.000000
400.000000,100.000000,224.000000,224.000000,-2143.000000,0.000000,0.000000
0.000000,100.000000,224.000000,224.000000,-2143.000000,0.000000,0.000000
100.000000,400.000000,224.000000,224.000000,-2143.000000,0.000000,0.000000
0.000000,600.000000,226.000000,226.000000,-2146.000000,0.000000,0.000000
100.000000,200.000000,226.000000,226.000000,-2146.000000,0.000000,0.000000
500.000000,0.000000,226.000000,226.000000,-2146.000000,0.000000,0.000000
300.000000,200.000000,229.000000,229.000000,-2156.000000,0.000000,0.000000
200.000000,200.000000,229.000000,229.000000,-2156.000000,0.000000,0.000000
500.000000,0.000000,229.000000,229.000000,-2156.000000,0.000000,0.000000
200.000000,-100.000000,229.000000,229.000000,-2156.000000,0.000000,0.000000
100.000000,400.000000,232.000000,232.000000,-2120.000000,0.000000,0.000000
200.000000,-100.000000,232.000000,232.000000,-2120.000000,0.000000,0.000000
100.000000,200.000000,232.000000,232.000000,-2120.000000,0.000000,0.000000
0.000000,300.000000,234.000000,234.000000,-2131.000000,0.000000,0.000000
100.000000,0.000000,234.000000,234.000000,-2131.000000,0.000000,0.000000
0.000000,0.000000,234.000000,234.000000,-2131.000000,0.000000,0.000000
200.000000,0.000000,237.000000,237.000000,-2128.000000,0.000000,0.000000
200.000000,200.000000,237.000000,237.000000,-2128.000000,0.000000,0.000000
300.000000,100.000000,237.000000,237.000000,-2128.000000,0.000000,0.000000
0.000000,400.000000,240.000000,240.000000,-2136.000000,0.000000,0.000000
200.000000,-200.000000,240.000000,240.000000,-2136.000000,0.000000,0.000000
100.000000,400.000000,240.000000,240.000000,-2136.000000,0.000000,0.000000
200.000000,200.000000,240.000000,240.000000,-2136.000000,0.000000,0.000000
400.000000,200.000000,242.000000,242.000000,-2164.000000,0.000000,0.000000
100.000000,600.000000,242.000000,242.000000,-2164.000000,0.000000,0.000000
0.000000,0.000000,242.000000,242.000000,-2164.000000,0.000000,0.000000
200.000000,300.000000,245.000000,245.000000,-2165.000000,0.000000,0.000000
300.000000,100.000000,245.000000,245.000000,-2165.000000,0.000000,0.000000
100.000000,200.000000,245.000000,245.000000,-2165.000000,0.000000,0.000000
0.000000,300.000000,248.000000,248.000000,-2180.000000,0.000000,0.000000
200.000000,100.000000,248.000000,248.000000,-2180.000000,0.000000,0.000000
200.000000,300.000000,248.000000,248.000000,-2180.000000,0.000000,0.000000
200.000000,200.000000,248.000000,248.000000,-2180.000000,0.000000,0.000000
100.000000,300.000000,250.000000,250.000000,-2185.000000,0.000000,0.000000
0.000000,100.000000,250.000000,250.000000,-2185.000000,0.000000,0.000000
0.000000,700.000000,250.000000,250.000000,-2185.000000,0.000000,0.000000
500.000000,-100.000000,253.000000,253.000000,-2204.000000,0.000000,0.000000
200.000000,400.000000,253.000000,253.000000,-2204.000000,0.000000,0.000000
400.000000,0.000000,253.000000,253.000000,-2204.000000,0.000000,0.000000
100.000000,800.000000,256.000000,256.000000,-2191.000000,0.000000,0.000000
300.000000,100.000000,256.000000,256.000000,-2191.000000,0.000000,0.000000
300.000000,300.000000,256.000000,256.000000,-2191.000000,0.000000,0.000000
500.000000,300.000000,258.000000,258.000000,-2177.000000,0.000000,0.000000
0.000000,700.000000,258.000000,258.000000,-2177.000000,0.000000,0.000000
300.000000,500.000000,258.000000,258.000000,-2177.000000,0.000000,0.000000
300.000000,100.000000,258.000000,258.000000,-2177.000000,0.000000,0.000000
300.000000,0.000000,261.000000,261.000000,-2187.000000,0.000000,0.000000
200.000000,400.000000,261.000000,261.000000,-2187.000000,0.000000,0.000000
300.000000,900.000000,261.000000,261.000000,-2187.000000,0.000000,0.000000
100.000000,200.000000,264.000000,264.000000,-2161.000000,0.000000,0.000000
300.000000,0.000000,264.000000,264.000000,-2161.000000,0.000000,0.000000
100.000000,100.000000,264.000000,264.000000,-2161.000000,0.000000,0.000000
200.000000,100.000000,266.000000,266.000000,-2172.000000,0.000000,0.000000
400.000000,100.000000,266.000000,266.000000,-2172.000000,0.000000,0.000000
100.000000,400.000000,266.000000,266.000000,-2172.000000,0.000000,0.000000
200.000000,300.000000,266.000000,266.000000,-2172.000000,0.000000,0.000000
200.000000,200.000000,269.000000,269.000000,-2182.000000,0.000000,0.000000
400.000000,0.000000,269.000000,269.000000,-2182.000000,0.000000,0.000000
300.000000,200.000000,269.000000,269.000000,-2182.000000,0.000000,0.000000
300.000000,300.000000,272.000000,272.000000,-2162.000000,0.000000,0.000000
400.000000,600.000000,272.000000,272.000000,-2162.000000,0.000000,0.000000
100.000000,300.000000,272.000000,272.000000,-2162.000000,0.000000,0.000000
400.000000,0.000000,274.000000,274.000000,-2164.000000,0.000000,0.000000
300.000000,300.000000,274.000000,274.000000,-2164.000000,0.000000,0.000000
300.000000,200.000000,274.000000,274.000000,-2164.000000,0.000000,0.000000
0.000000,100.000000,277.000000,277.000000,-2161.000000,0.000000,0.000000
400.000000,300.000000,277.000000,277.000000,-2161.000000,0.000000,0.000000
200.000000,100.000000,277.000000,277.000000,-2161.000000,0.000000,0.000000
300.000000,0.000000,277.000000,277.000000,-2161.000000,0.000000,0.000000
100.000000,200.000000,280.000000,280.000000,-2166.000000,0.000000,0.000000
100.000000,200.000000,280.000000,280.000000,-2166.000000,0.000000,0.000000
100.000000,300.000000,280.000000,280.000000,-2166.000000,0.000000,0.000000
400.000000,400.000000,282.000000,282.000000,-2181.000000,0.000000,0.000000
300.000000,100.000000,282.000000,282.000000,-2181.000000,0.000000,0.000000
400.000000,600.000000,282.000000,282.000000,-2181.000000,0.000000,0.000000
200.000000,0.000000,285.000000,285.000000,-2193.000000,0.000000,0.000000
100.000000,100.000000,285.000000,285.000000,-2193.000000,0.000000,0.000000
200.000000,600.000000,285.000000,285.000000,-2193.000000,0.000000,0.000000
200.000000,100.000000,288.000000,288.000000,-2201.000000,0.000000,0.000000
200.000000,0.000000,288.000000,288.000000,-2201.000000,0.000000,0.000000
300.000000,0.000000,288.000000,288.000000,-2201.000000,0.000000,0.000000
400.000000,0.000000,288.000000,288.000000,-2201.000000,0.000000,0.000000
300.000000,200.000000,290.000000,290.000000,-2196.000000,0.000000,0.000000
400.000000,100.000000,290.000000,290.000000,-2196.000000,0.000000,0.000000
300.000000,500.000000,290.000000,290.000000,-2196.000000,0.000000,0.000000
400.000000,200.000000,293.000000,293.000000,-2200.000000,0.000000,0.000000
500.000000,600.000000,293.000000,293.000000,-2200.000000,0.000000,0.000000
400.000000,400.000000,293.000000,293.000000,-2200.000000,0.000000,0.000000
200.000000,600.000000,296.000000,296.000000,-2196.000000,0.000000,0.000000
100.000000,100.000000,296.000000,296.000000,-2196.000000,0.000000,0.000000
500.000000,100.000000,296.000000,296.000000,-2196.000000,0.000000,0.000000
100.000000,300.000000,296.000000,296.000000,-2196.000000,0.000000,0.000000
500.000000,100.000000,298.000000,298.000000,-2199.000000,0.000000,0.000000
200.000000,200.000000,298.000000,298.000000,-2199.000000,0.000000,0.000000
100.000000,300.000000,298.000000,298.000000,-2199.000000,0.000000,0.000000
100.000000,0.000000,301.000000,301.000000,-2210.000000,0.000000,0.000000
200.000000,100.000000,301.000000,301.000000,-2210.000000,0.000000,0.000000
200.000000,200.000000,301.000000,301.000000,-2210.000000,0.000000,0.000000
0.000000,0.000000,304.000000,304.000000,-2210.000000,0.000000,0.000000
400.000000,500.000000,304.000000,304.000000,-2210.000000,0.000000,0.000000
200.000000,600.000000,304.000000,304.000000,-2210.000000,0.000000,0.000000
200.000000,400.000000,306.000000,306.000000,-2181.000000,0.000000,0.000000
300.000000,500.000000,306.000000,306.000000,-2181.000000,0.000000,0.000000
100.000000,0.000000,306.000000,306.000000,-2181.000000,0.000000,0.000000
500.000000,500.000000,306.000000,306.000000,-2181.000000,0.000000,0.000000
300.000000,300.000000,309.000000,309.000000,-2168.000000,0.000000,0.000000
200.000000,100.000000,309.000000,309.000000,-2168.000000,0.000000,0.000000
400.000000,300.000000,309.000000,309.000000,-2168.000000,0.000000,0.000000
100.000000,300.000000,312.000000,312.000000,-2167.000000,0.000000,0.000000
300.000000,100.000000,312.000000,312.000000,-2167.000000,0.000000,0.000000
200.000000,500.000000,312.000000,312.000000,-2167.000000,0.000000,0.000000
200.000000,100.000000,314.000000,314.000000,-2176.000000,0.000000,0.000000
0.000000,300.000000,314.000000,314.000000,-2176.000000,0.000000,0.000000
300.000000,0.000000,314.000000,314.000000,-2176.000000,0.000000,0.000000
200.000000,400.000000,317.000000,317.000000,-2195.000000,0.000000,0.000000
100.000000,400.000000,317.000000,317.000000,-2195.000000,0.000000,0.000000
200.000000,600.000000,317.000000,317.000000,-2195.000000,0.000000,0.000000
300.000000,0.000000,317.000000,317.000000,-2195.000000,0.000000,0.000000
300.000000,400.000000,320.000000,320.000000,-2173.000000,0.000000,0.000000
400.000000,100.000000,320.000000,320.000000,-2173.000000,0.000000,0.000000
100.000000,400.000000,320.000000,320.000000,-2173.000000,0.000000,0.000000
200.000000,100.000000,322.000000,322.000000,-2171.000000,0.000000,0.000000
200.000000,100.000000,322.000000,322.000000,-2171.000000,0.000000,0.000000
300.000000,300.000000,322.000000,322.000000,-2171.000000,0.000000,0.000000
200.000000,100.000000,325.000000,325.000000,-2188.000000,0.000000,0.000000
100.000000,300.000000,325.000000,325.000000,-2188.000000,0.000000,0.000000
600.000000,200.000000,325.000000,325.000000,-2188.000000,0.000000,0.000000
300.000000,300.000000,325.000000,325.000000,-2188.000000,0.000000,0.000000
300.000000,100.000000,328.000000,328.000000,-2168.000000,0.000000,0.000000
400.000000,300.000000,328.000000,328.000000,-2168.000000,0.000000,0.000000
200.000000,600.000000,328.000000,328.000000,-2168.000000,0.000000,0.000000
100.000000,0.000000,330.000000,330.000000,-2162.000000,0.000000,0.000000
200.000000,0.000000,330.000000,330.000000,-2162.000000,0.000000,0.000000
300.000000,100.000000,330.000000,330.000000,-2162.000000,0.000000,0.000000
200.000000,400.000000,333.000000,333.000000,-2180.000000,0.000000,0.000000
400.000000,0.000000,333.000000,333.000000,-2180.000000,0.000000,0.000000
400.000000,600.000000,333.000000,333.000000,-2180.000000,0.000000,0.000000
300.000000,400.000000,336.000000,336.000000,-2184.000000,0.000000,0.000000
100.000000,500.000000,336.000000,336.000000,-2184.000000,0.000000,0.000000
100.000000,500.000000,336.000000,336.000000,-2184.000000,0.000000,0.000000
200.000000,0.000000,336.000000,336.000000,-2184.000000,0.000000,0.000000
400.000000,200.000000,338.000000,338.000000,-2186.000000,0.000000,0.000000
100.000000,100.000000,338.000000,338.000000,-2186.000000,0.000000,0.000000
200.000000,400.000000,338.000000,338.000000,-2186.000000,0.000000,0.000000
300.000000,200.000000,341.000000,341.000000,-2208.000000,0.000000,0.000000
300.000000,300.000000,341.000000,341.000000,-2208.000000,0.000000,0.000000
400.000000,100.000000,341.000000,341.000000,-2208.000000,0.000000,0.000000
400.000000,300.000000,344.000000,344.000000,-2190.000000,0.000000,0.000000
600.000000,400.000000,344.000000,344.000000,-2190.000000,0.000000,0.000000
200.000000,300.000000,344.000000,344.000000,-2190.000000,0.000000,0.000000
400.000000,0.000000,344.000000,344.000000,-2190.000000,0.000000,0.000000
300.000000,200.000000,346.000000,346.000000,-2188.000000,0.000000,0.000000
200.000000,600.000000,346.000000,346.000000,-2188.000000,0.000000,0.000000
200.000000,400.000000,346.000000,346.000000,-2188.000000,0.000000,0.000000
200.000000,400.000000,0.000000,0.000000,-2167.000000,0.000000,0.000000
0.000000,0.000000,0.000000,0.000000,-2167.000000,0.000000,0.000000
100.000000,-200.000000,0.000000,0.000000,-2167.000000,0.000000,0.000000
0.000000,0.000000,0.000000,0.000000,-2189.000000,0.000000,0.000000
-100.000000,100.000000,0.000000,0.000000,-2189.000000,0.000000,0.000000
-200.000000,-100.000000,0.000000,0.000000,-2189.000000,0.000000,0.000000
-100.000000,-200.000000,0.000000,0.000000,-2210.000000,0.000000,0.000000
200.000000,0.000000,0.000000,0.000000,-2210.000000,0.000000,0.000000
0.000000,0.000000,0.000000,0.000000,-2210.000000,0.000000,0.000000
-200.000000,100.000000,0.000000,0.000000,-2210.000000,0.000000,0.000000
-300.000000,-300.000000,0.000000,0.000000,-2205.000000,0.000000,0.000000
0.000000,100.000000,0.000000,0.000000,-2205.000000,0.000000,0.000000
100.000000,0.000000,0.000000,0.000000,-2205.000000,0.000000,0.000000
-200.000000,-100.000000,0.000000,0.000000,-2207.000000,0.000000,0.000000
200.000000,100.000000,0.000000,0.000000,-2207.000000,0.000000,0.000000
-100.000000,-200.000000,0.000000,0.000000,-2207.000000,0.000000,0.000000
-100.000000,-100.000000,0.000000,0.000000,-2213.000000,0.000000,0.000000
0.000000,-100.000000,0.000000,0.000000,-2213.000000,0.000000,0.000000
-300.000000,0.000000,0.000000,0.000000,-2213.000000,0.000000,0.000000
0.000000,-100.000000,0.000000,0.000000,-2240.000000,0.000000,0.000000
-200.000000,0.000000,0.000000,0.000000,-2240.000000,0.000000,0.000000
-100.000000,-400.000000,0.000000,0.000000,-2240.000000,0.000000,0.000000
-100.000000,0.000000,0.000000,0.000000,-2240.000000,0.000000,0.000000
100.000000,-200.000000,0.000000,0.000000,-2237.000000,0.000000,0.000000
200.000000,0.000000,0.000000,0.000000,-2237.000000,0.000000,0.000000
-200.000000,0.000000,0.000000,0.000000,-2237.000000,0.000000,0.000000
0.000000,0.000000,0.000000,0.000000,-2213.000000,0.000000,0.000000
-200.000000,0.000000,0.000000,0.000000,-2213.000000,0.000000,0.000000
0.000000,0.000000,0.000000,0.000000,-2213.000000,0.000000,0.000000
0.000000,0.000000,0.000000,0.000000,-2239.000000,0.000000,0.000000
100.000000,0.000000,0.000000,0.000000,-2239.000000,0.000000,0.000000
100.000000,0.000000,0.000000,0.000000,-2239.000000,0.000000,0.000000
-200.000000,200.000000,0.000000,0.000000,-2239.000000,0.000000,0.000000
-100.000000,-200.000000,0.000000,0.000000,-2207.000000,0.000000,0.000000
100.000000,0.000000,0.000000,0.000000,-2207.000000,0.000000,0.000000
-200.000000,0.000000,0.000000,0.000000,-2207.000000,0.000000,0.000000
-100.000000,-800.000000,0.000000,0.000000,-2197.000000,0.000000,0.000000
-100.000000,100.000000,0.000000,0.000000,-2197.000000,0.000000,0.000000
0.000000,200.000000,0.000000,0.000000,-2197.000000,0.000000,0.000000
0.000000,400.000000,0.000000,0.000000,-2200.000000,0.000000,0.000000
0.000000,-400.000000,0.000000,0.000000,-2200.000000,0.000000,0.000000
0.000000,0.000000,0.000000,0.000000,-2200.000000,0.000000,0.000000
-500.000000,0.000000,0.000000,0.000000,-2184.000000,0.000000,0.000000
-200.000000,0.000000,0.000000,0.000000,-2184.000000,0.000000,0.000000
0.000000,-100.000000,0.000000,0.000000,-2184.000000,0.000000,0.000000
-100.000000,0.000000,0.000000,0.000000,-2184.000000,0.000000,0.000000
-100.000000,-100.000000,0.000000,0.000000,-2193.000000,0.000000,0.000000
0.000000,0.000000,0.000000,0.000000,-2193.000000,0.000000,0.000000
0.000000,-100.000000,0.000000,0.000000,-2193.000000,0.000000,0.000000
-200.000000,0.000000,0.000000,0.000000,-2190.000000,0.000000,0.000000
-100.000000,-200.000000,0.000000,0.000000,-2190.000000,0.000000,0.000000
-300.000000,0.000000,0.000000,0.000000,-2190.000000,0.000000,0.000000
-100.000000,-100.000000,0.000000,0.000000,-2187.000000,0.000000,0.000000
200.000000,-200.000000,0.000000,0.000000,-2187.000000,0.000000,0.000000
0.000000,100.000000,0.000000,0.000000,-2187.000000,0.000000,0.000000
0.000000,0.000000,0.000000,0.000000,-2187.000000,0.000000,0.000000
-100.000000,0.000000,0.000000,0.000000,-2174.000000,0.000000,0.000000
0.000000,-200.000000,0.000000,0.000000,-2174.000000,0.000000,0.000000
-200.000000,-100.000000,0.000000,0.000000,-2174.000000,0.000000,0.000000
100.000000,0.000000,0.000000,0.000000,-2197.000000,0.000000,0.000000
-100.000000,-200.000000,0.000000,0.000000,-2197.000000,0.000000,0.000000
0.000000,0.000000,0.000000,0.000000,-2197.000000,0.000000,0.000000
0.000000,0.000000,0.000000,0.000000,-2182.000000,0.000000,0.000000
-400.000000,0.000000,0.000000,0.000000,-2182.000000,0.000000,0.000000
500.000000,-200.000000,0.000000,0.000000,-2182.000000,0.000000,0.000000
0.000000,0.000000,0.000000,0.000000,-2192.000000,0.000000,0.000000
-100.000000,-200.000000,0.000000,0.000000,-2192.000000,0.000000,0.000000
-200.000000,0.000000,0.000000,0.000000,-2192.000000,0.000000,0.000000
0.000000,-200.000000,0.000000,0.000000,-2192.000000,0.000000,0.000000
200.000000,0.000000,0.000000,0.000000,-2205.000000,0.000000,0.000000
-100.000000,0.000000,0.000000,0.000000,-2205.000000,0.000000,0.000000
0.000000,-200.000000,0.000000,0.000000,-2205.000000,0.000000,0.000000
-200.000000,-200.000000,0.000000,0.000000,-2205.000000,0.000000,0.000000
100.000000,0.000000,0.000000,0.000000,-2205.000000,0.000000,0.000000
-100.000000,0.000000,0.000000,0.000000,-2205.000000,0.000000,0.000000
-100.000000,0.000000,0.000000,0.000000,-2212.000000,0.000000,0.000000
0.000000,-100.000000,0.000000,0.000000,-2212.000000,0.000000,0.000000
-200.000000,-100.000000,0.000000,0.000000,-2212.000000,0.000000,0.000000
-100.000000,0.000000,0.000000,0.000000,-2214.000000,0.000000,0.000000
100.000000,200.000000,0.000000,0.000000,-2214.000000,0.000000,0.000000
-200.000000,100.000000,0.000000,0.000000,-2214.000000,0.000000,0.000000
0.000000,-200.000000,0.000000,0.000000,-2214.000000,0.000000,0.000000
-100.000000,-100.000000,0.000000,0.000000,-2197.000000,0.000000,0.000000
-100.000000,-200.000000,0.000000,0.000000,-2197.000000,0.000000,0.000000
0.000000,100.000000,0.000000,0.000000,-2197.000000,0.000000,0.000000
100.000000,-200.000000,0.000000,0.000000,-2171.000000,0.000000,0.000000
100.000000,300.000000,0.000000,0.000000,-2171.000000,0.000000,0.000000
-300.000000,-300.000000,0.000000,0.000000,-2171.000000,0.000000,0.000000
-200.000000,-200.000000,0.000000,0.000000,-2218.000000,0.000000,0.000000
-100.000000,-100.000000,0.000000,0.000000,-2218.000000,0.000000,0.000000
100.000000,0.000000,0.000000,0.000000,-2218.000000,0.000000,0.000000
0.000000,0.000000,0.000000,0.000000,-2218.000000,0.000000,0.000000
100.000000,0.000000,0.000000,0.000000,-2194.000000,0.000000,0.000000
-200.000000,-100.000000,0.000000,0.000000,-2194.000000,0.000000,0.000000
0.000000,-200.000000,0.000000,0.000000,-2194.000000,0.000000,0.000000
0.000000,-100.000000,0.000000,0.000000,-2206.000000,0.000000,0.000000
-200.000000,-100.000000,0.000000,0.000000,-2206.000000,0.000000,0.000000
-100.000000,100.000000,0.000000,0.000000,-2206.000000,0.000000,0.000000
0.000000,0.000000,0.000000,0.000000,-2223.000000,0.000000,0.000000
0.000000,100.000000,0.000000,0.000000,-2223.000000,0.000000,0.000000
-100.000000,100.000000,0.000000,0.000000,-2223.000000,0.000000,0.000000
-100.000000,-200.000000,0.000000,0.000000,-2195.000000,0.000000,0.000000
0.000000,0.000000,0.000000,0.000000,-2195.000000,0.000000,0.000000
0.000000,0.000000,0.000000,0.000000,-2195.000000,0.000000,0.000000
-100.000000,-100.000000,0.000000,0.000000,-2195.000000,0.000000,0.000000
-300.000000,0.000000,0.000000,0.000000,-2167.000000,0.000000,0.000000
-300.000000,0.000000,0.000000,0.000000,-2167.000000,0.000000,0.000000
0.000000,-200.000000,0.000000,0.000000,-2167.000000,0.000000,0.000000
-100.000000,-200.000000,0.000000,0.000000,-2175.000000,0.000000,0.000000
0.000000,200.000000,0.000000,0.000000,-2175.000000,0.000000,0.000000
0.000000,100.000000,0.000000,0.000000,-2175.000000,0.000000,0.000000
0.000000,100.000000,0.000000,0.000000,-2172.000000,0.000000,0.000000
-100.000000,0.000000,0.000000,0.000000,-2172.000000,0.000000,0.000000
0.000000,-100.000000,0.000000,0.000000,-2172.000000,0.000000,0.000000
-100.000000,-300.000000,0.000000,0.000000,-2172.000000,0.000000,0.000000
0.000000,0.000000,0.000000,0.000000,-2156.000000,0.000000,0.000000
-100.000000,0.000000,0.000000,0.000000,-2156.000000,0.000000,0.000000
100.000000,0.000000,0.000000,0.000000,-2156.000000,0.000000,0.000000
-200.000000,200.000000,0.000000,0.000000,-2138.000000,0.000000,0.000000
-100.000000,0.000000,0.000000,0.000000,-2138.000000,0.000000,0.000000
-200.000000,0.000000,0.000000,0.000000,-2138.000000,0.000000,0.000000
-300.000000,-100.000000,0.000000,0.000000,-2155.000000,0.000000,0.000000
100.000000,0.000000,0.000000,0.000000,-2155.000000,0.000000,0.000000
-100.000000,-200.000000,0.000000,0.000000,-2155.000000,0.000000,0.000000
-100.000000,0.000000,0.000000,0.000000,-2158.000000,0.000000,0.000000
0.000000,100.000000,0.000000,0.000000,-2158.000000,0.000000,0.000000
0.000000,-100.000000,0.000000,0.000000,-2158.000000,0.000000,0.000000
-200.000000,0.000000,0.000000,0.000000,-2158.000000,0.000000,0.000000
0.000000,-300.000000,0.000000,0.000000,-2117.000000,0.000000,0.000000
-100.000000,0.000000,0.000000,0.000000,-2117.000000,0.000000,0.000000
-200.000000,100.000000,0.000000,0.000000,-2117.000000,0.000000,0.000000
0.000000,-100.000000,0.000000,0.000000,-2092.000000,0.000000,0.000000
-200.000000,0.000000,0.000000,0.000000,-2092.000000,0.000000,0.000000
-200.000000,0.000000,0.000000,0.000000,-2092.000000,0.000000,0.000000
-100.000000,0.000000,0.000000,0.000000,-2112.000000,0.000000,0.000000
100.000000,0.000000,0.000000,0.000000,-2112.000000,0.000000,0.000000
0.000000,0.000000,0.000000,0.000000,-2112.000000,0.000000,0.000000
0.000000,0.000000,0.000000,0.000000,-2102.000000,0.000000,0.000000
-100.000000,0.000000,0.000000,0.000000,-2102.000000,0.000000,0.000000
-200.000000,100.000000,0.000000,0.000000,-2102.000000,0.000000,0.000000
-200.000000,0.000000,0.000000,0.000000,-2102.000000,0.000000,0.000000
-100.000000,100.000000,0.000000,0.000000,-2101.000000,0.000000,0.000000
-100.000000,0.000000,0.000000,0.000000,-2101.000000,0.000000,0.000000
-100.000000,0.000000,0.000000,0.000000,-2101.000000,0.000000,0.000000
100.000000,-200.000000,0.000000,0.000000,-2125.000000,0.000000,0.000000
-100.000000,-200.000000,0.000000,0.000000,-2125.000000,0.000000,0.000000
-400.000000,-200.000000,0.000000,0.000000,-2125.000000,0.000000,0.000000
-200.000000,-200.000000,0.000000,0.000000,-2123.000000,0.000000,0.000000
0.000000,-100.000000,0.000000,0.000000,-2123.000000,0.000000,0.000000
100.000000,0.000000,0.000000,0.000000,-2123.000000,0.000000,0.000000
-100.000000,0.000000,0.000000,0.000000,-2123.000000,0.000000,0.000000
-200.000000,100.000000,0.000000,0.000000,-2141.000000,0.000000,0.000000
-200.000000,-200.000000,0.000000,0.000000,-2141.000000,0.000000,0.000000
-200.000000,100.000000,0.000000,0.000000,-2141.000000,0.000000,0.000000
-100.000000,0.000000,0.000000,0.000000,-2111.000000,0.000000,0.000000
-100.000000,-100.000000,0.000000,0.000000,-2111.000000,0.000000,0.000000
-100.000000,0.000000,0.000000,0.000000,-2111.000000,0.000000,0.000000
0.000000,0.000000,0.000000,0.000000,-2097.000000,0.000000,0.000000
-200.000000,0.000000,0.000000,0.000000,-2097.000000,0.000000,0.000000
0.000000,0.000000,0.000000,0.000000,-2097.000000,0.000000,0.000000
-200.000000,0.000000,0.000000,0.000000,-2108.000000,0.000000,0.000000
-200.000000,0.000000,0.000000,0.000000,-2108.000000,0.000000,0.000000
-200.000000,-300.000000,0.000000,0.000000,-2108.000000,0.000000,0.000000
0.000000,0.000000,0.000000,0.000000,-2108.000000,0.000000,0.000000
300.000000,-100.000000,0.000000,0.000000,-2112.000000,0.000000,0.000000
-100.000000,-100.000000,0.000000,0.000000,-2112.000000,0.000000,0.000000
0.000000,100.000000,0.000000,0.000000,-2112.000000,0.000000,0.000000
-100.000000,-100.000000,0.000000,0.000000,-2100.000000,0.000000,0.000000
0.000000,0.000000,0.000000,0.000000,-2100.000000,0.000000,0.000000
-100.000000,100.000000,0.000000,0.000000,-2100.000000,0.000000,0.000000
0.000000,300.000000,0.000000,0.000000,-2147.000000,0.000000,0.000000
0.000000,-200.000000,0.000000,0.000000,-2147.000000,0.000000,0.000000
-200.000000,100.000000,0.000000,0.000000,-2147.000000,0.000000,0.000000
-100.000000,0.000000,0.000000,0.000000,-2157.000000,0.000000,0.000000
-200.000000,0.000000,0.000000,0.000000,-2157.000000,0.000000,0.000000
100.000000,0.000000,0.000000,0.000000,-2157.000000,0.000000,0.000000
0.000000,-200.000000,0.000000,0.000000,-2157.000000,0.000000,0.000000
-100.000000,0.000000,0.000000,0.000000,-2200.000000,0.000000,0.000000
200.000000,-200.000000,0.000000,0.000000,-2200.000000,0.000000,0.000000
-100.000000,0.000000,0.000000,0.000000,-2200.000000,0.000000,0.000000
200.000000,0.000000,0.000000,0.000000,-2216.000000,0.000000,0.000000
-300.000000,-100.000000,0.000000,0.000000,-2216.000000,0.000000,0.000000
0.000000,0.000000,0.000000,0.000000,-2216.000000,0.000000,0.000000
-200.000000,0.000000,0.000000,0.000000,-2236.000000,0.000000,0.000000
-100.000000,0.000000,0.000000,0.000000,-2236.000000,0.000000,0.000000
-100.000000,-100.000000,0.000000,0.000000,-2236.000000,0.000000,0.000000
200.000000,-200.000000,0.000000,0.000000,-2236.000000,0.000000,0.000000
-100.000000,100.000000,0.000000,0.000000,-2243.000000,0.000000,0.000000
-300.000000,0.000000,0.000000,0.000000,-2243.000000,0.000000,0.000000
-100.000000,0.000000,0.000000,0.000000,-2243.000000,0.000000,0.000000
200.000000,-200.000000,0.000000,0.000000,-2262.000000,0.000000,0.000000
0.000000,0.000000,0.000000,0.000000,-2262.000000,0.000000,0.000000
-100.000000,0.000000,0.000000,0.000000,-2262.000000,0.000000,0.000000
100.000000,-100.000000,0.000000,0.000000,-2245.000000,0.000000,0.000000
0.000000,0.000000,0.000000,0.000000,-2245.000000,0.000000,0.000000
0.000000,300.000000,0.000000,0.000000,-2245.000000,0.000000,0.000000
100.000000,0.000000,0.000000,0.000000,-2250.000000,0.000000,0.000000
-200.000000,-100.000000,0.000000,0.000000,-2250.000000,0.000000,0.000000
-200.000000,0.000000,0.000000,0.000000,-2250.000000,0.000000,0.000000
-200.000000,100.000000,0.000000,0.000000,-2250.000000,0.000000,0.000000
-100.000000,0.000000,0.000000,0.000000,-2261.000000,0.000000,0.000000
-200.000000,-300.000000,0.000000,0.000000,-2261.000000,0.000000,0.000000
0.000000,-100.000000,0.000000,0.000000,-2261.000000,0.000000,0.000000
0.000000,-200.000000,0.000000,0.000000,-2254.000000,0.000000,0.000000
100.000000,-100.000000,0.000000,0.000000,-2254.000000,0.000000,0.000000
100.000000,100.000000,0.000000,0.000000,-2254.000000,0.000000,0.000000
100.000000,200.000000,0.000000,0.000000,-2232.000000,0.000000,0.000000
-100.000000,-100.000000,0.000000,0.000000,-2232.000000,0.000000,0.000000
0.000000,0.000000,0.000000,0.000000,-2232.000000,0.000000,0.000000
-100.000000,200.000000,0.000000,0.000000,-2241.000000,0.000000,0.000000
0.000000,0.000000,0.000000,0.000000,-2276.000000,0.000000,0.000000
-100.000000,-100.000000,0.000000,0.000000,-2276.000000,0.000000,0.000000
-200.000000,-200.000000,0.000000,0.000000,-2276.000000,0.000000,0.000000
-200.000000,0.000000,0.000000,0.000000,-2256.000000,0.000000,0.000000
-200.000000,-200.000000,0.000000,0.000000,-2256.000000,0.000000,0.000000
200.000000,-300.000000,0.000000,0.000000,-2256.000000,0.000000,0.000000
-200.000000,-200.000000,0.000000,0.000000,-2237.000000,0.000000,0.000000
-200.000000,-200.000000,0.000000,0.000000,-2237.000000,0.000000,0.000000
-100.000000,0.000000,0.000000,0.000000,-2237.000000,0.000000,0.000000
0.000000,-100.000000,0.000000,0.000000,-2237.000000,0.000000,0.000000
100.000000,0.000000,0.000000,0.000000,-2244.000000,0.000000,0.000000
0.000000,0.000000,0.000000,0.000000,-2244.000000,0.000000,0.000000
-100.000000,0.000000,0.000000,0.000000,-2244.000000,0.000000,0.000000
-100.000000,100.000000,0.000000,0.000000,-2245.000000,0.000000,0.000000
0.000000,0.000000,0.000000,0.000000,-2245.000000,0.000000,0.000000
0.000000,0.000000,0.000000,0.000000,-2245.000000,0.000000,0.000000
-100.000000,0.000000,0.000000,0.000000,-2242.000000,0.000000,0.000000
0.000000,0.000000,0.000000,0.000000,-2242.000000,0.000000,0.000000
-100.000000,0.000000,0.000000,0.000000,-2242.000000,0.000000,0.000000
100.000000,-200.000000,0.000000,0.000000,-2242.000000,0.000000,0.000000
0.000000,0.000000,0.000000,0.000000,-2253.000000,0.000000,0.000000
-200.000000,200.000000,0.000000,0.000000,-2253.000000,0.000000,0.000000
-200.000000,-300.000000,0.000000,0.000000,-2253.000000,0.000000,0.000000
0.000000,0.000000,0.000000,0.000000,-2255.000000,0.000000,0.000000
0.000000,0.000000,0.000000,0.000000,-2255.000000,0.000000,0.000000
-100.000000,0.000000,0.000000,0.000000,-2255.000000,0.000000,0.000000
0.000000,0.000000,0.000000,0.000000,-2240.000000,0.000000,0.000000
0.000000,-300.000000,0.000000,0.000000,-2240.000000,0.000000,0.000000
-200.000000,-200.000000,0.000000,0.000000,-2240.000000,0.000000,0.000000
-200.000000,0.000000,0.000000,0.000000,-2261.000000,0.000000,0.000000
-200.000000,-100.000000,0.000000,0.000000,-2261.000000,0.000000,0.000000
-100.000000,0.000000,0.000000,0.000000,-2261.000000,0.000000,0.000000
0.000000,0.000000,0.000000,0.000000,-2261.000000,0.000000,0.000000
0.000000,0.000000,0.000000,0.000000,-2274.000000,0.000000,0.000000
-100.000000,0.000000,0.000000,0.000000,-2274.000000,0.000000,0.000000
0.000000,-200.000000,0.000000,0.000000,-2274.000000,0.000000,0.000000
0.000000,-100.000000,0.000000,0.000000,-2284.000000,0.000000,0.000000
-100.000000,-100.000000,0.000000,0.000000,-2284.000000,0.000000,0.000000
-200.000000,-100.000000,0.000000,0.000000,-2284.000000,0.000000,0.000000
-200.000000,100.000000,0.000000,0.000000,-2271.000000,0.000000,0.000000
-100.000000,-100.000000,0.000000,0.000000,-2271.000000,0.000000,0.000000
200.000000,-100.000000,0.000000,0.000000,-2271.000000,0.000000,0.000000
0.000000,0.000000,0.000000,0.000000,-2275.000000,0.000000,0.000000
-100.000000,-100.000000,0.000000,0.000000,-2275.000000,0.000000,0.000000
0.000000,0.000000,0.000000,0.000000,-2275.000000,0.000000,0.000000
-200.000000,0.000000,0.000000,0.000000,-2275.000000,0.000000,0.000000
-200.000000,200.000000,0.000000,0.000000,-2245.000000,0.000000,0.000000
100.000000,0.000000,0.000000,0.000000,-2245.000000,0.000000,0.000000
-100.000000,100.000000,0.000000,0.000000,-2245.000000,0.000000,0.000000
0.000000,-200.000000,0.000000,0.000000,-2243.000000,0.000000,0.000000
0.000000,0.000000,0.000000,0.000000,-2243.000000,0.000000,0.000000
0.000000,-200.000000,0.000000,0.000000,-2243.000000,0.000000,0.000000
0.000000,-100.000000,0.000000,0.000000,-2252.000000,0.000000,0.000000
-300.000000,0.000000,0.000000,0.000000,-2252.000000,0.000000,0.000000
-200.000000,-200.000000,0.000000,0.000000,-2252.000000,0.000000,0.000000
-100.000000,-100.000000,0.000000,0.000000,-2252.000000,0.000000,0.000000
-100.000000,100.000000,0.000000,0.000000,-2258.000000,0.000000,0.000000
0.000000,-200.000000,0.000000,0.000000,-2258.000000,0.000000,0.000000
100.000000,0.000000,0.000000,0.000000,-2258.000000,0.000000,0.000000
0.000000,0.000000,0.000000,0.000000,-2245.000000,0.000000,0.000000
200.000000,0.000000,0.000000,0.000000,-2245.000000,0.000000,0.000000
-300.000000,0.000000,0.000000,0.000000,-2245.000000,0.000000,0.000000
200.000000,-100.000000,0.000000,0.000000,-2256.000000,0.000000,0.000000
-100.000000,0.000000,0.000000,0.000000,-2256.000000,0.000000,0.000000
-100.000000,0.000000,0.000000,0.000000,-2256.000000,0.000000,0.000000
-400.000000,0.000000,0.000000,0.000000,-2269.000000,0.000000,0.000000
-400.000000,-200.000000,0.000000,0.000000,-2269.000000,0.000000,0.000000
0.000000,0.000000,0.000000,0.000000,-2269.000000,0.000000,0.000000
0.000000,-200.000000,0.000000,0.000000,-2269.000000,0.000000,0.000000
400.000000,300.000000,0.000000,0.000000,-2260.000000,0.000000,0.000000
