Channel 1,Channel 2,Channel 3,Channel 4,Channel 5,Channel 6,Channel 7
0.000000,200.000000,0.000000,0.000000,-4466.000000,0.000000,0.000000
400.000000,-200.000000,0.000000,0.000000,-4466.000000,0.000000,0.000000
300.000000,-200.000000,0.000000,0.000000,-4464.000000,0.000000,0.000000
200.000000,0.000000,0.000000,0.000000,-4464.000000,0.000000,0.000000
400.000000,0.000000,0.000000,0.000000,-4470.000000,0.000000,0.000000
-100.000000,0.000000,0.000000,0.000000,-4478.000000,0.000000,0.000000
0.000000,-200.000000,0.000000,0.000000,-4472.000000,0.000000,0.000000
0.000000,-100.000000,0.000000,0.000000,-4469.000000,0.000000,0.000000
0.000000,-100.000000,0.000000,0.000000,-4468.000000,0.000000,0.000000
0.000000,0.000000,0.000000,0.000000,-4474.000000,0.000000,0.000000
0.000000,100.000000,0.000000,0.000000,-4472.000000,0.000000,0.000000
0.000000,0.000000,0.000000,0.000000,-4478.000000,0.000000,0.000000
0.000000,-100.000000,0.000000,0.000000,-4487.000000,0.000000,0.000000
200.000000,-100.000000,0.000000,0.000000,-4483.000000,0.000000,0.000000
0.000000,-200.000000,0.000000,0.000000,-4495.000000,0.000000,0.000000
0.000000,-100.000000,0.000000,0.000000,-4497.000000,0.000000,0.000000
0.000000,-200.000000,0.000000,0.000000,-4496.000000,0.000000,0.000000
0.000000,0.000000,0.000000,0.000000,-4488.000000,0.000000,0.000000
-100.000000,-200.000000,0.000000,0.000000,-4485.000000,0.000000,0.000000
100.000000,0.000000,0.000000,0.000000,-4484.000000,0.000000,0.000000
0.000000,-400.000000,0.000000,0.000000,-4476.000000,0.000000,0.000000
300.000000,0.000000,0.000000,0.000000,-4469.000000,0.000000,0.000000
-100.000000,-200.000000,0.000000,0.000000,-4461.000000,0.000000,0.000000
-100.000000,0.000000,0.000000,0.000000,-4465.000000,0.000000,0.000000
-100.000000,-200.000000,0.000000,0.000000,-4466.000000,0.000000,0.000000
-100.000000,100.000000,0.000000,0.000000,-4469.000000,0.000000,0.000000
0.000000,-100.000000,0.000000,0.000000,-4469.000000,0.000000,0.000000
300.000000,0.000000,0.000000,0.000000,-4458.000000,0.000000,0.000000
0.000000,0.000000,0.000000,0.000000,-4459.000000,0.000000,0.000000
0.000000,0.000000,0.000000,0.000000,-4443.000000,0.000000,0.000000
-100.000000,-100.000000,0.000000,0.000000,-4434.000000,0.000000,0.000000
100.000000,-100.000000,0.000000,0.000000,-4422.000000,0.000000,0.000000
0.000000,0.000000,0.000000,0.000000,-4427.000000,0.000000,0.000000
100.000000,100.000000,0.000000,0.000000,-4434.000000,0.000000,0.000000
200.000000,0.000000,0.000000,0.000000,-4433.000000,0.000000,0.000000
100.000000,-200.000000,0.000000,0.000000,-4430.000000,0.000000,0.000000
-100.000000,-500.000000,0.000000,0.000000,-4439.000000,0.000000,0.000000
0.000000,-100.000000,0.000000,0.000000,-4449.000000,0.000000,0.000000
-200.000000,-100.000000,0.000000,0.000000,-4450.000000,0.000000,0.000000
100.000000,0.000000,0.000000,0.000000,-4442.000000,0.000000,0.000000
0.000000,0.000000,0.000000,0.000000,-4432.000000,0.000000,0.000000
0.000000,-200.000000,0.000000,0.000000,-4427.000000,0.000000,0.000000
0.000000,-100.000000,0.000000,0.000000,-4421.000000,0.000000,0.000000
0.000000,0.000000,0.000000,0.000000,-4425.000000,0.000000,0.000000
0.000000,-100.000000,0.000000,0.000000,-4434.000000,0.000000,0.000000
-100.000000,100.000000,0.000000,0.000000,-4457.000000,0.000000,0.000000
100.000000,-200.000000,0.000000,0.000000,-4468.000000,0.000000,0.000000
0.000000,0.000000,0.000000,0.000000,-4482.000000,0.000000,0.000000
100.000000,0.000000,0.000000,0.000000,-4484.000000,0.000000,0.000000
0.000000,-100.000000,0.000000,0.000000,-4462.000000,0.000000,0.000000
0.000000,0.000000,0.000000,0.000000,-4449.000000,0.000000,0.000000
0.000000,-100.000000,0.000000,0.000000,-4447.000000,0.000000,0.000000
0.000000,100.000000,0.000000,0.000000,-4457.000000,0.000000,0.000000
0.000000,0.000000,0.000000,0.000000,-4453.000000,0.000000,0.000000
0.000000,0.000000,0.000000,0.000000,-4441.000000,0.000000,0.000000
0.000000,0.000000,0.000000,0.000000,-4442.000000,0.000000,0.000000
0.000000,-200.000000,0.000000,0.000000,-4430.000000,0.000000,0.000000
200.000000,0.000000,0.000000,0.000000,-4422.000000,0.000000,0.000000
200.000000,0.000000,0.000000,0.000000,-4419.000000,0.000000,0.000000
-100.000000,0.000000,0.000000,0.000000,-4414.000000,0.000000,0.000000
100.000000,0.000000,0.000000,0.000000,-4415.000000,0.000000,0.000000
-100.000000,0.000000,0.000000,0.000000,-4400.000000,0.000000,0.000000
0.000000,-200.000000,0.000000,0.000000,-4391.000000,0.000000,0.000000
0.000000,100.000000,0.000000,0.000000,-4391.000000,0.000000,0.000000
-100.000000,0.000000,0.000000,0.000000,-4394.000000,0.000000,0.000000
0.000000,0.000000,0.000000,0.000000,-4404.000000,0.000000,0.000000
100.000000,0.000000,0.000000,0.000000,-4402.000000,0.000000,0.000000
-100.000000,-200.000000,0.000000,0.000000,-4401.000000,0.000000,0.000000
0.000000,-200.000000,0.000000,0.000000,-4408.000000,0.000000,0.000000
-100.000000,0.000000,0.000000,0.000000,-4411.000000,0.000000,0.000000
0.000000,0.000000,0.000000,0.000000,-4429.000000,0.000000,0.000000
100.000000,0.000000,0.000000,0.000000,-4424.000000,0.000000,0.000000
0.000000,-100.000000,0.000000,0.000000,-4434.000000,0.000000,0.000000
100.000000,-200.000000,0.000000,0.000000,-4441.000000,0.000000,0.000000
100.000000,-100.000000,0.000000,0.000000,-4421.000000,0.000000,0.000000
0.000000,0.000000,0.000000,0.000000,-4421.000000,0.000000,0.000000
0.000000,0.000000,0.000000,0.000000,-4423.000000,0.000000,0.000000
100.000000,-200.000000,0.000000,0.000000,-4422.000000,0.000000,0.000000
0.000000,0.000000,0.000000,0.000000,-4411.000000,0.000000,0.000000
0.000000,0.000000,0.000000,0.000000,-4410.000000,0.000000,0.000000
-100.000000,100.000000,0.000000,0.000000,-4418.000000,0.000000,0.000000
0.000000,100.000000,0.000000,0.000000,-4413.000000,0.000000,0.000000
-100.000000,0.000000,0.000000,0.000000,-4408.000000,0.000000,0.000000
300.000000,0.000000,0.000000,0.000000,-4408.000000,0.000000,0.000000
0.000000,0.000000,0.000000,0.000000,-4403.000000,0.000000,0.000000
-100.000000,0.000000,0.000000,0.000000,-4410.000000,0.000000,0.000000
0.000000,0.000000,0.000000,0.000000,-4394.000000,0.000000,0.000000
200.000000,0.000000,0.000000,0.000000,-4389.000000,0.000000,0.000000
0.000000,-100.000000,0.000000,0.000000,-4389.000000,0.000000,0.000000
100.000000,0.000000,0.000000,0.000000,-4373.000000,0.000000,0.000000
0.000000,100.000000,0.000000,0.000000,-4375.000000,0.000000,0.000000
-100.000000,0.000000,0.000000,0.000000,-4369.000000,0.000000,0.000000
-200.000000,0.000000,0.000000,0.000000,-4365.000000,0.000000,0.000000
-100.000000,0.000000,0.000000,0.000000,-4378.000000,0.000000,0.000000
0.000000,-100.000000,0.000000,0.000000,-4376.000000,0.000000,0.000000
0.000000,-100.000000,0.000000,0.000000,-4369.000000,0.000000,0.000000
-100.000000,0.000000,0.000000,0.000000,-4355.000000,0.000000,0.000000
200.000000,0.000000,0.000000,0.000000,-4367.000000,0.000000,0.000000
0.000000,-300.000000,0.000000,0.000000,-4367.000000,0.000000,0.000000
0.000000,-100.000000,0.000000,0.000000,-4366.000000,0.000000,0.000000
0.000000,0.000000,0.000000,0.000000,-4375.000000,0.000000,0.000000
-300.000000,0.000000,0.000000,0.000000,-4363.000000,0.000000,0.000000
0.000000,0.000000,0.000000,0.000000,-4360.000000,0.000000,0.000000
-100.000000,0.000000,0.000000,0.000000,-4376.000000,0.000000,0.000000
0.000000,-200.000000,0.000000,0.000000,-4377.000000,0.000000,0.000000
-100.000000,0.000000,0.000000,0.000000,-4375.000000,0.000000,0.000000
0.000000,-200.000000,0.000000,0.000000,-4390.000000,0.000000,0.000000
-100.000000,0.000000,0.000000,0.000000,-4387.000000,0.000000,0.000000
-200.000000,0.000000,0.000000,0.000000,-4384.000000,0.000000,0.000000
100.000000,0.000000,0.000000,0.000000,-4380.000000,0.000000,0.000000
0.000000,0.000000,0.000000,0.000000,-4376.000000,0.000000,0.000000
0.000000,100.000000,0.000000,0.000000,-4386.000000,0.000000,0.000000
200.000000,0.000000,0.000000,0.000000,-4403.000000,0.000000,0.000000
-100.000000,-100.000000,0.000000,0.000000,-4400.000000,0.000000,0.000000
0.000000,0.000000,0.000000,0.000000,-4404.000000,0.000000,0.000000
200.000000,0.000000,0.000000,0.000000,-4402.000000,0.000000,0.000000
0.000000,0.000000,0.000000,0.000000,-4409.000000,0.000000,0.000000
0.000000,0.000000,0.000000,0.000000,-4389.000000,0.000000,0.000000
-200.000000,100.000000,0.000000,0.000000,-4382.000000,0.000000,0.000000
-100.000000,0.000000,0.000000,0.000000,-4379.000000,0.000000,0.000000
0.000000,0.000000,0.000000,0.000000,-4387.000000,0.000000,0.000000
-100.000000,0.000000,0.000000,0.000000,-4390.000000,0.000000,0.000000
-100.000000,100.000000,0.000000,0.000000,-4398.000000,0.000000,0.000000
100.000000,100.000000,0.000000,0.000000,-4391.000000,0.000000,0.000000
0.000000,-100.000000,0.000000,0.000000,-4406.000000,0.000000,0.000000
-300.000000,-100.000000,0.000000,0.000000,-4408.000000,0.000000,0.000000
0.000000,0.000000,0.000000,0.000000,-4414.000000,0.000000,0.000000
0.000000,-100.000000,0.000000,0.000000,-4416.000000,0.000000,0.000000
0.000000,0.000000,0.000000,0.000000,-4417.000000,0.000000,0.000000
0.000000,-100.000000,0.000000,0.000000,-4414.000000,0.000000,0.000000
-100.000000,0.000000,0.000000,0.000000,-4407.000000,0.000000,0.000000
0.000000,0.000000,0.000000,0.000000,-4421.000000,0.000000,0.000000
0.000000,0.000000,0.000000,0.000000,-4427.000000,0.000000,0.000000
-200.000000,-200.000000,0.000000,0.000000,-4419.000000,0.000000,0.000000
0.000000,0.000000,0.000000,0.000000,-4406.000000,0.000000,0.000000
0.000000,-100.000000,0.000000,0.000000,-4418.000000,0.000000,0.000000
0.000000,-100.000000,0.000000,0.000000,-4423.000000,0.000000,0.000000
0.000000,-100.000000,0.000000,0.000000,-4428.000000,0.000000,0.000000
0.000000,0.000000,0.000000,0.000000,-4436.000000,0.000000,0.000000
-200.000000,0.000000,0.000000,0.000000,-4430.000000,0.000000,0.000000
-100.000000,-100.000000,0.000000,0.000000,-4420.000000,0.000000,0.000000
0.000000,0.000000,0.000000,0.000000,-4418.000000,0.000000,0.000000
-100.000000,0.000000,0.000000,0.000000,-4421.000000,0.000000,0.000000
-100.000000,0.000000,0.000000,0.000000,-4425.000000,0.000000,0.000000
