Channel 1,Channel 2,Channel 3,Channel 4,Channel 5,Channel 6,Channel 7
0.000000,0.000000,0.000000,0.000000,1962.000000,0.000000,0.000000
0.000000,0.000000,0.000000,0.000000,1963.000000,0.000000,0.000000
0.000000,0.000000,0.000000,0.000000,1977.000000,0.000000,0.000000
0.000000,0.000000,23.000000,23.000000,1983.000000,0.000000,0.000000
0.000000,0.000000,0.000000,0.000000,1975.000000,0.000000,0.000000
0.000000,0.000000,0.000000,0.000000,1988.000000,0.000000,0.000000
0.000000,0.000000,0.000000,0.000000,1987.000000,0.000000,0.000000
0.000000,0.000000,0.000000,0.000000,1982.000000,0.000000,0.000000
0.000000,0.000000,0.000000,0.000000,1978.000000,0.000000,0.000000
0.000000,0.000000,0.000000,0.000000,1968.000000,0.000000,0.000000
0.000000,0.000000,0.000000,0.000000,1951.000000,0.000000,0.000000
0.000000,0.000000,0.000000,0.000000,1949.000000,0.000000,0.000000
0.000000,0.000000,23.000000,23.000000,1954.000000,0.000000,0.000000
0.000000,0.000000,0.000000,0.000000,1964.000000,0.000000,0.000000
0.000000,0.000000,0.000000,0.000000,1968.000000,0.000000,0.000000
0.000000,0.000000,0.000000,0.000000,1974.000000,0.000000,0.000000
0.000000,0.000000,0.000000,0.000000,2000.000000,0.000000,0.000000
0.000000,0.000000,0.000000,0.000000,2011.000000,0.000000,0.000000
0.000000,0.000000,11.000000,11.000000,2013.000000,0.000000,0.000000
0.000000,0.000000,0.000000,0.000000,1998.000000,0.000000,0.000000
0.000000,0.000000,0.000000,0.000000,1985.000000,0.000000,0.000000
0.000000,0.000000,0.000000,0.000000,1978.000000,0.000000,0.000000
0.000000,0.000000,11.000000,11.000000,1992.000000,0.000000,0.000000
0.000000,0.000000,0.000000,0.000000,1997.000000,0.000000,0.000000
0.000000,0.000000,0.000000,0.000000,1994.000000,0.000000,0.000000
0.000000,0.000000,0.000000,0.000000,1998.000000,0.000000,0.000000
0.000000,0.000000,0.000000,0.000000,2008.000000,0.000000,0.000000
0.000000,0.000000,0.000000,0.000000,2013.000000,0.000000,0.000000
0.000000,0.000000,0.000000,0.000000,2002.000000,0.000000,0.000000
0.000000,0.000000,0.000000,0.000000,1996.000000,0.000000,0.000000
0.000000,0.000000,0.000000,0.000000,1973.000000,0.000000,0.000000
0.000000,0.000000,0.000000,0.000000,1966.000000,0.000000,0.000000
0.000000,0.000000,0.000000,0.000000,1978.000000,0.000000,0.000000
0.000000,0.000000,0.000000,0.000000,1993.000000,0.000000,0.000000
0.000000,0.000000,0.000000,0.000000,1989.000000,0.000000,0.000000
0.000000,0.000000,23.000000,23.000000,2002.000000,0.000000,0.000000
0.000000,0.000000,0.000000,0.000000,1994.000000,0.000000,0.000000
0.000000,0.000000,0.000000,0.000000,1989.000000,0.000000,0.000000
0.000000,0.000000,0.000000,0.000000,1990.000000,0.000000,0.000000
0.000000,0.000000,0.000000,0.000000,1980.000000,0.000000,0.000000
0.000000,0.000000,0.000000,0.000000,1973.000000,0.000000,0.000000
0.000000,0.000000,0.000000,0.000000,1959.000000,0.000000,0.000000
0.000000,0.000000,0.000000,0.000000,1961.000000,0.000000,0.000000
0.000000,0.000000,0.000000,0.000000,1970.000000,0.000000,0.000000
0.000000,0.000000,0.000000,0.000000,1973.000000,0.000000,0.000000
0.000000,0.000000,0.000000,0.000000,1984.000000,0.000000,0.000000
0.000000,0.000000,0.000000,0.000000,2005.000000,0.000000,0.000000
0.000000,0.000000,0.000000,0.000000,2017.000000,0.000000,0.000000
0.000000,0.000000,0.000000,0.000000,2014.000000,0.000000,0.000000
0.000000,0.000000,0.000000,0.000000,2002.000000,0.000000,0.000000
0.000000,0.000000,0.000000,0.000000,1987.000000,0.000000,0.000000
0.000000,0.000000,0.000000,0.000000,1973.000000,0.000000,0.000000
0.000000,0.000000,0.000000,0.000000,1953.000000,0.000000,0.000000
0.000000,0.000000,0.000000,0.000000,1946.000000,0.000000,0.000000
0.000000,0.000000,0.000000,0.000000,1956.000000,0.000000,0.000000
0.000000,0.000000,0.000000,0.000000,1947.000000,0.000000,0.000000
0.000000,0.000000,0.000000,0.000000,1955.000000,0.000000,0.000000
0.000000,0.000000,0.000000,0.000000,1968.000000,0.000000,0.000000
0.000000,0.000000,0.000000,0.000000,1977.000000,0.000000,0.000000
0.000000,0.000000,0.000000,0.000000,1993.000000,0.000000,0.000000
0.000000,0.000000,0.000000,0.000000,2026.000000,0.000000,0.000000
0.000000,0.000000,0.000000,0.000000,2026.000000,0.000000,0.000000
0.000000,0.000000,0.000000,0.000000,2030.000000,0.000000,0.000000
0.000000,0.000000,0.000000,0.000000,2015.000000,0.000000,0.000000
0.000000,0.000000,0.000000,0.000000,2013.000000,0.000000,0.000000
0.000000,0.000000,0.000000,0.000000,2022.000000,0.000000,0.000000
0.000000,0.000000,0.000000,0.000000,2018.000000,0.000000,0.000000
0.000000,0.000000,0.000000,0.000000,2007.000000,0.000000,0.000000
0.000000,0.000000,0.000000,0.000000,2024.000000,0.000000,0.000000
0.000000,0.000000,0.000000,0.000000,2033.000000,0.000000,0.000000
0.000000,0.000000,0.000000,0.000000,2056.000000,0.000000,0.000000
0.000000,0.000000,0.000000,0.000000,2059.000000,0.000000,0.000000
0.000000,0.000000,0.000000,0.000000,2049.000000,0.000000,0.000000
0.000000,0.000000,0.000000,0.000000,2031.000000,0.000000,0.000000
0.000000,0.000000,0.000000,0.000000,2023.000000,0.000000,0.000000
0.000000,0.000000,0.000000,0.000000,2028.000000,0.000000,0.000000
0.000000,0.000000,0.000000,0.000000,2023.000000,0.000000,0.000000
0.000000,0.000000,0.000000,0.000000,2006.000000,0.000000,0.000000
0.000000,0.000000,0.000000,0.000000,2013.000000,0.000000,0.000000
0.000000,0.000000,0.000000,0.000000,2007.000000,0.000000,0.000000
0.000000,0.000000,0.000000,0.000000,2021.000000,0.000000,0.000000
0.000000,0.000000,0.000000,0.000000,2048.000000,0.000000,0.000000
0.000000,0.000000,0.000000,0.000000,2066.000000,0.000000,0.000000
0.000000,0.000000,0.000000,0.000000,2069.000000,0.000000,0.000000
0.000000,0.000000,0.000000,0.000000,2068.000000,0.000000,0.000000
0.000000,0.000000,0.000000,0.000000,2077.000000,0.000000,0.000000
0.000000,0.000000,0.000000,0.000000,2083.000000,0.000000,0.000000
0.000000,0.000000,0.000000,0.000000,2071.000000,0.000000,0.000000
0.000000,0.000000,0.000000,0.000000,2050.000000,0.000000,0.000000
0.000000,0.000000,0.000000,0.000000,2043.000000,0.000000,0.000000
0.000000,0.000000,0.000000,0.000000,2051.000000,0.000000,0.000000
0.000000,0.000000,0.000000,0.000000,2060.000000,0.000000,0.000000
0.000000,0.000000,0.000000,0.000000,2064.000000,0.000000,0.000000
0.000000,0.000000,0.000000,0.000000,2053.000000,0.000000,0.000000
0.000000,0.000000,0.000000,0.000000,2075.000000,0.000000,0.000000
0.000000,0.000000,0.000000,0.000000,2080.000000,0.000000,0.000000
0.000000,0.000000,0.000000,0.000000,2079.000000,0.000000,0.000000
0.000000,0.000000,0.000000,0.000000,2076.000000,0.000000,0.000000
0.000000,0.000000,0.000000,0.000000,2077.000000,0.000000,0.000000
0.000000,0.000000,0.000000,0.000000,2081.000000,0.000000,0.000000
0.000000,0.000000,0.000000,0.000000,2068.000000,0.000000,0.000000
0.000000,0.000000,0.000000,0.000000,2057.000000,0.000000,0.000000
0.000000,0.000000,0.000000,0.000000,2054.000000,0.000000,0.000000
0.000000,0.000000,0.000000,0.000000,2052.000000,0.000000,0.000000
0.000000,0.000000,0.000000,0.000000,2045.000000,0.000000,0.000000
0.000000,0.000000,0.000000,0.000000,2054.000000,0.000000,0.000000
0.000000,0.000000,0.000000,0.000000,2058.000000,0.000000,0.000000
0.000000,0.000000,0.000000,0.000000,2048.000000,0.000000,0.000000
0.000000,0.000000,0.000000,0.000000,2059.000000,0.000000,0.000000
0.000000,0.000000,0.000000,0.000000,2075.000000,0.000000,0.000000
0.000000,0.000000,0.000000,0.000000,2071.000000,0.000000,0.000000
0.000000,0.000000,11.000000,11.000000,2059.000000,0.000000,0.000000
0.000000,0.000000,0.000000,0.000000,2065.000000,0.000000,0.000000
0.000000,0.000000,0.000000,0.000000,2059.000000,0.000000,0.000000
0.000000,0.000000,0.000000,0.000000,2055.000000,0.000000,0.000000
0.000000,0.000000,0.000000,0.000000,2053.000000,0.000000,0.000000
0.000000,0.000000,0.000000,0.000000,2041.000000,0.000000,0.000000
0.000000,0.000000,0.000000,0.000000,2035.000000,0.000000,0.000000
0.000000,0.000000,0.000000,0.000000,2036.000000,0.000000,0.000000
0.000000,0.000000,0.000000,0.000000,2044.000000,0.000000,0.000000
0.000000,0.000000,0.000000,0.000000,2025.000000,0.000000,0.000000
0.000000,0.000000,0.000000,0.000000,2018.000000,0.000000,0.000000
0.000000,0.000000,0.000000,0.000000,2018.000000,0.000000,0.000000
0.000000,0.000000,0.000000,0.000000,2010.000000,0.000000,0.000000
0.000000,0.000000,0.000000,0.000000,1992.000000,0.000000,0.000000
0.000000,0.000000,0.000000,0.000000,1987.000000,0.000000,0.000000
0.000000,0.000000,0.000000,0.000000,1986.000000,0.000000,0.000000
0.000000,0.000000,0.000000,0.000000,1982.000000,0.000000,0.000000
0.000000,0.000000,0.000000,0.000000,1980.000000,0.000000,0.000000
0.000000,0.000000,11.000000,11.000000,1968.000000,0.000000,0.000000
0.000000,0.000000,0.000000,0.000000,1962.000000,0.000000,0.000000
0.000000,0.000000,0.000000,0.000000,1969.000000,0.000000,0.000000
0.000000,0.000000,0.000000,0.000000,1956.000000,0.000000,0.000000
0.000000,0.000000,0.000000,0.000000,1959.000000,0.000000,0.000000
0.000000,0.000000,0.000000,0.000000,1951.000000,0.000000,0.000000
0.000000,0.000000,0.000000,0.000000,1959.000000,0.000000,0.000000
0.000000,0.000000,0.000000,0.000000,1959.000000,0.000000,0.000000
0.000000,0.000000,0.000000,0.000000,1977.000000,0.000000,0.000000
0.000000,0.000000,0.000000,0.000000,1990.000000,0.000000,0.000000
0.000000,0.000000,0.000000,0.000000,1996.000000,0.000000,0.000000
0.000000,0.000000,0.000000,0.000000,1985.000000,0.000000,0.000000
0.000000,0.000000,0.000000,0.000000,1989.000000,0.000000,0.000000
0.000000,0.000000,0.000000,0.000000,1996.000000,0.000000,0.000000
0.000000,0.000000,0.000000,0.000000,1996.000000,0.000000,0.000000
0.000000,0.000000,0.000000,0.000000,2002.000000,0.000000,0.000000
0.000000,0.000000,0.000000,0.000000,1998.000000,0.000000,0.000000
0.000000,0.000000,0.000000,0.000000,1997.000000,0.000000,0.000000
0.000000,0.000000,0.000000,0.000000,1969.000000,0.000000,0.000000
0.000000,0.000000,0.000000,0.000000,1989.000000,0.000000,0.000000
0.000000,0.000000,0.000000,0.000000,1998.000000,0.000000,0.000000
0.000000,0.000000,0.000000,0.000000,2023.000000,0.000000,0.000000
0.000000,0.000000,0.000000,0.000000,2018.000000,0.000000,0.000000
0.000000,0.000000,0.000000,0.000000,2012.000000,0.000000,0.000000
0.000000,0.000000,0.000000,0.000000,1992.000000,0.000000,0.000000
0.000000,0.000000,0.000000,0.000000,1981.000000,0.000000,0.000000
0.000000,0.000000,0.000000,0.000000,1972.000000,0.000000,0.000000
