Channel 1,Channel 2,Channel 3,Channel 4,Channel 5,Channel 6,Channel 7
0.000000,-100.000000,0.000000,0.000000,-2221.000000,0.000000,0.000000
0.000000,0.000000,0.000000,0.000000,-2224.000000,0.000000,0.000000
0.000000,0.000000,0.000000,0.000000,-2235.000000,0.000000,0.000000
-100.000000,0.000000,156.000000,156.000000,-2235.000000,0.000000,0.000000
200.000000,100.000000,153.000000,156.000000,-2236.000000,0.000000,0.000000
100.000000,200.000000,0.000000,0.000000,-2220.000000,0.000000,0.000000
0.000000,0.000000,0.000000,0.000000,-2213.000000,0.000000,0.000000
0.000000,-300.000000,0.000000,0.000000,-2207.000000,0.000000,0.000000
0.000000,100.000000,0.000000,0.000000,-2204.000000,0.000000,0.000000
-100.000000,0.000000,0.000000,0.000000,-2197.000000,0.000000,0.000000
-200.000000,-100.000000,0.000000,0.000000,-2192.000000,0.000000,0.000000
200.000000,-200.000000,0.000000,0.000000,-2179.000000,0.000000,0.000000
0.000000,-200.000000,0.000000,0.000000,-2164.000000,0.000000,196.000000
100.000000,100.000000,0.000000,0.000000,-2147.000000,0.000000,0.000000
-200.000000,-100.000000,0.000000,0.000000,-2129.000000,0.000000,0.000000
-100.000000,100.000000,0.000000,0.000000,-2109.000000,0.000000,0.000000
-100.000000,200.000000,0.000000,0.000000,-2098.000000,0.000000,0.000000
-300.000000,200.000000,0.000000,0.000000,-2075.000000,0.000000,0.000000
-200.000000,-200.000000,0.000000,0.000000,-2050.000000,0.000000,0.000000
-100.000000,-200.000000,0.000000,0.000000,-2035.000000,0.000000,0.000000
0.000000,-200.000000,0.000000,0.000000,-2027.000000,0.000000,0.000000
0.000000,-200.000000,0.000000,0.000000,-2016.000000,0.000000,0.000000
-200.000000,-100.000000,0.000000,0.000000,-1992.000000,0.000000,0.000000
0.000000,0.000000,0.000000,0.000000,-1976.000000,0.000000,0.000000
0.000000,-200.000000,0.000000,0.000000,-1962.000000,0.000000,0.000000
-200.000000,-100.000000,0.000000,0.000000,-1956.000000,0.000000,0.000000
200.000000,-300.000000,0.000000,0.000000,-1957.000000,0.000000,0.000000
0.000000,-100.000000,0.000000,0.000000,-1947.000000,0.000000,0.000000
-200.000000,100.000000,0.000000,0.000000,-1961.000000,0.000000,0.000000
-100.000000,-100.000000,0.000000,0.000000,-1963.000000,0.000000,0.000000
-100.000000,0.000000,0.000000,0.000000,-1965.000000,0.000000,0.000000
100.000000,-100.000000,0.000000,0.000000,-1970.000000,0.000000,0.000000
100.000000,-400.000000,0.000000,0.000000,-1965.000000,0.000000,0.000000
0.000000,0.000000,0.000000,0.000000,-1991.000000,0.000000,0.000000
-200.000000,0.000000,0.000000,0.000000,-1999.000000,0.000000,0.000000
-100.000000,0.000000,0.000000,0.000000,-2010.000000,0.000000,0.000000
0.000000,0.000000,0.000000,0.000000,-2017.000000,0.000000,0.000000
0.000000,0.000000,0.000000,0.000000,-2016.000000,0.000000,0.000000
-300.000000,0.000000,0.000000,0.000000,-2019.000000,0.000000,0.000000
100.000000,-100.000000,0.000000,0.000000,-2020.000000,0.000000,0.000000
0.000000,0.000000,0.000000,0.000000,-2020.000000,0.000000,0.000000
0.000000,-200.000000,0.000000,0.000000,-2017.000000,0.000000,0.000000
0.000000,-200.000000,0.000000,0.000000,-2007.000000,0.000000,0.000000
0.000000,0.000000,0.000000,0.000000,-2004.000000,0.000000,0.000000
-200.000000,0.000000,0.000000,0.000000,-1998.000000,0.000000,0.000000
-200.000000,-200.000000,0.000000,0.000000,-1990.000000,0.000000,0.000000
-100.000000,0.000000,0.000000,0.000000,-1990.000000,0.000000,0.000000
-200.000000,-100.000000,0.000000,0.000000,-1990.000000,0.000000,0.000000
-100.000000,0.000000,0.000000,0.000000,-1987.000000,0.000000,0.000000
0.000000,0.000000,0.000000,0.000000,-1972.000000,0.000000,0.000000
0.000000,-200.000000,156.000000,156.000000,-1974.000000,0.000000,0.000000
100.000000,0.000000,0.000000,0.000000,-1968.000000,0.000000,0.000000
0.000000,0.000000,0.000000,0.000000,-1982.000000,0.000000,0.000000
100.000000,0.000000,0.000000,0.000000,-1981.000000,0.000000,0.000000
0.000000,0.000000,0.000000,0.000000,-1955.000000,0.000000,0.000000
-100.000000,100.000000,0.000000,0.000000,-1954.000000,0.000000,0.000000
-200.000000,0.000000,0.000000,0.000000,-1941.000000,0.000000,0.000000
-100.000000,200.000000,0.000000,0.000000,-1931.000000,0.000000,0.000000
-200.000000,-100.000000,0.000000,0.000000,-1946.000000,0.000000,0.000000
-200.000000,0.000000,0.000000,0.000000,-1933.000000,0.000000,0.000000
0.000000,0.000000,0.000000,0.000000,-1925.000000,0.000000,0.000000
-100.000000,-100.000000,0.000000,0.000000,-1923.000000,0.000000,0.000000
-100.000000,0.000000,0.000000,0.000000,-1901.000000,0.000000,0.000000
0.000000,-100.000000,0.000000,0.000000,-1891.000000,0.000000,0.000000
-100.000000,-200.000000,0.000000,0.000000,-1897.000000,0.000000,0.000000
0.000000,-100.000000,0.000000,0.000000,-1887.000000,0.000000,0.000000
100.000000,0.000000,0.000000,0.000000,-1886.000000,0.000000,0.000000
200.000000,100.000000,0.000000,0.000000,-1892.000000,0.000000,0.000000
-100.000000,-100.000000,0.000000,0.000000,-1900.000000,0.000000,0.000000
100.000000,0.000000,0.000000,0.000000,-1889.000000,0.000000,0.000000
0.000000,-200.000000,0.000000,0.000000,-1878.000000,0.000000,0.000000
-200.000000,300.000000,0.000000,0.000000,-1868.000000,0.000000,0.000000
-100.000000,100.000000,0.000000,0.000000,-1868.000000,0.000000,0.000000
-100.000000,200.000000,0.000000,0.000000,-1872.000000,0.000000,0.000000
-100.000000,-100.000000,0.000000,0.000000,-1875.000000,0.000000,0.000000
-100.000000,0.000000,0.000000,0.000000,-1857.000000,0.000000,0.000000
-100.000000,-200.000000,0.000000,0.000000,-1844.000000,0.000000,0.000000
0.000000,-100.000000,0.000000,0.000000,-1861.000000,0.000000,0.000000
-200.000000,100.000000,0.000000,0.000000,-1887.000000,0.000000,0.000000
100.000000,0.000000,0.000000,0.000000,-1888.000000,0.000000,0.000000
0.000000,0.000000,0.000000,0.000000,-1871.000000,0.000000,0.000000
-100.000000,0.000000,0.000000,0.000000,-1876.000000,0.000000,0.000000
0.000000,0.000000,0.000000,0.000000,-1898.000000,0.000000,0.000000
-100.000000,100.000000,0.000000,0.000000,-1931.000000,0.000000,-196.000000
-100.000000,-200.000000,0.000000,0.000000,-1952.000000,0.000000,0.000000
-100.000000,-100.000000,0.000000,0.000000,-1977.000000,0.000000,0.000000
-100.000000,0.000000,0.000000,0.000000,-2002.000000,0.000000,0.000000
0.000000,0.000000,0.000000,0.000000,-2046.000000,0.000000,0.000000
-300.000000,-200.000000,0.000000,0.000000,-2083.000000,0.000000,0.000000
200.000000,0.000000,0.000000,0.000000,-2097.000000,0.000000,0.000000
0.000000,0.000000,0.000000,0.000000,-2135.000000,0.000000,0.000000
-200.000000,200.000000,78.000000,78.000000,-2185.000000,0.000000,0.000000
0.000000,0.000000,0.000000,0.000000,-2245.000000,0.000000,0.000000
-200.000000,0.000000,0.000000,0.000000,-2321.000000,0.000000,0.000000
-200.000000,-100.000000,0.000000,0.000000,-2415.000000,0.000000,0.000000
-100.000000,-200.000000,0.000000,0.000000,-2484.000000,0.000000,0.000000
-300.000000,100.000000,0.000000,0.000000,-2583.000000,0.000000,0.000000
-200.000000,0.000000,0.000000,0.000000,-2683.000000,0.000000,0.000000
-200.000000,-200.000000,0.000000,0.000000,-2792.000000,0.000000,0.000000
-100.000000,0.000000,0.000000,0.000000,-2925.000000,0.000000,-196.000000
-100.000000,0.000000,0.000000,0.000000,-3044.000000,0.000000,0.000000
-300.000000,-200.000000,0.000000,0.000000,-3208.000000,0.000000,0.000000
-300.000000,-100.000000,0.000000,0.000000,-3355.000000,0.000000,0.000000
100.000000,-100.000000,0.000000,0.000000,-3496.000000,0.000000,-196.000000
0.000000,-100.000000,0.000000,0.000000,-3648.000000,0.000000,0.000000
0.000000,-100.000000,0.000000,0.000000,-3834.000000,0.000000,-392.000000
-200.000000,0.000000,0.000000,0.000000,-3994.000000,-196.000000,-589.000000
300.000000,0.000000,0.000000,0.000000,-4125.000000,0.000000,-785.000000
-100.000000,0.000000,0.000000,0.000000,-4199.000000,0.000000,-589.000000
-200.000000,0.000000,0.000000,0.000000,-4298.000000,196.000000,-392.000000
-200.000000,0.000000,0.000000,0.000000,-4399.000000,0.000000,-392.000000
200.000000,0.000000,0.000000,0.000000,-4512.000000,-196.000000,-196.000000
200.000000,0.000000,0.000000,0.000000,-4626.000000,0.000000,-196.000000
-200.000000,-200.000000,0.000000,0.000000,-4711.000000,196.000000,-196.000000
100.000000,100.000000,0.000000,0.000000,-4796.000000,-196.000000,0.000000
300.000000,0.000000,0.000000,0.000000,-4886.000000,0.000000,0.000000
0.000000,-100.000000,0.000000,0.000000,-4971.000000,196.000000,-196.000000
200.000000,0.000000,0.000000,0.000000,-5033.000000,0.000000,-196.000000
100.000000,200.000000,0.000000,0.000000,-5054.000000,0.000000,0.000000
0.000000,200.000000,0.000000,0.000000,-5070.000000,0.000000,-196.000000
0.000000,-200.000000,0.000000,0.000000,-5090.000000,0.000000,0.000000
-100.000000,0.000000,0.000000,0.000000,-5085.000000,0.000000,0.000000
-200.000000,-200.000000,0.000000,0.000000,-5045.000000,0.000000,0.000000
0.000000,-100.000000,0.000000,0.000000,-5030.000000,0.000000,0.000000
-100.000000,0.000000,0.000000,0.000000,-5029.000000,0.000000,0.000000
-300.000000,-100.000000,0.000000,0.000000,-4991.000000,0.000000,0.000000
-200.000000,100.000000,0.000000,0.000000,-4945.000000,0.000000,0.000000
0.000000,-300.000000,0.000000,0.000000,-4876.000000,0.000000,196.000000
-100.000000,200.000000,0.000000,0.000000,-4820.000000,0.000000,0.000000
0.000000,0.000000,0.000000,0.000000,-4728.000000,0.000000,0.000000
-100.000000,300.000000,0.000000,0.000000,-4646.000000,0.000000,0.000000
-200.000000,300.000000,0.000000,0.000000,-4547.000000,0.000000,0.000000
-100.000000,-100.000000,0.000000,0.000000,-4464.000000,0.000000,0.000000
-100.000000,0.000000,0.000000,0.000000,-4372.000000,0.000000,0.000000
0.000000,-200.000000,0.000000,0.000000,-4269.000000,0.000000,0.000000
-100.000000,0.000000,0.000000,0.000000,-4170.000000,0.000000,196.000000
-100.000000,-200.000000,0.000000,0.000000,-4065.000000,0.000000,0.000000
-100.000000,0.000000,0.000000,0.000000,-3946.000000,0.000000,0.000000
0.000000,0.000000,0.000000,0.000000,-3862.000000,-196.000000,0.000000
-100.000000,200.000000,0.000000,0.000000,-3773.000000,0.000000,0.000000
0.000000,0.000000,0.000000,0.000000,-3683.000000,0.000000,0.000000
-100.000000,-100.000000,0.000000,0.000000,-3589.000000,0.000000,0.000000
-100.000000,-200.000000,0.000000,0.000000,-3513.000000,0.000000,0.000000
0.000000,-100.000000,0.000000,0.000000,-3438.000000,0.000000,0.000000
-200.000000,0.000000,0.000000,0.000000,-3346.000000,0.000000,0.000000
0.000000,0.000000,0.000000,0.000000,-3264.000000,0.000000,0.000000
100.000000,0.000000,0.000000,0.000000,-3223.000000,0.000000,0.000000
-100.000000,-100.000000,0.000000,0.000000,-3165.000000,0.000000,0.000000
100.000000,100.000000,0.000000,0.000000,-3115.000000,0.000000,0.000000
0.000000,200.000000,0.000000,0.000000,-3071.000000,0.000000,0.000000
0.000000,-100.000000,0.000000,0.000000,-3033.000000,0.000000,0.000000
0.000000,-100.000000,0.000000,0.000000,-3015.000000,0.000000,0.000000
-200.000000,100.000000,0.000000,0.000000,-2972.000000,0.000000,0.000000
-200.000000,-300.000000,0.000000,0.000000,-2963.000000,0.000000,0.000000
-400.000000,0.000000,0.000000,0.000000,-2965.000000,0.000000,0.000000
0.000000,0.000000,0.000000,0.000000,-2969.000000,0.000000,0.000000
-400.000000,-200.000000,0.000000,0.000000,-2983.000000,0.000000,0.000000
-100.000000,0.000000,0.000000,0.000000,-3004.000000,0.000000,0.000000
-200.000000,0.000000,0.000000,0.000000,-3048.000000,0.000000,0.000000
-200.000000,-100.000000,0.000000,0.000000,-3095.000000,0.000000,0.000000
-200.000000,-100.000000,0.000000,0.000000,-3135.000000,0.000000,0.000000
100.000000,0.000000,0.000000,0.000000,-3196.000000,0.000000,0.000000
0.000000,100.000000,0.000000,0.000000,-3279.000000,0.000000,0.000000
-100.000000,-100.000000,0.000000,0.000000,-3329.000000,0.000000,0.000000
100.000000,-100.000000,0.000000,0.000000,-3386.000000,0.000000,0.000000
0.000000,-100.000000,78.000000,78.000000,-3475.000000,0.000000,-196.000000
-200.000000,-100.000000,0.000000,0.000000,-3550.000000,0.000000,0.000000
-200.000000,0.000000,0.000000,0.000000,-3630.000000,0.000000,0.000000
-100.000000,0.000000,0.000000,0.000000,-3702.000000,0.000000,0.000000
-200.000000,0.000000,0.000000,0.000000,-3778.000000,196.000000,0.000000
100.000000,0.000000,0.000000,0.000000,-3866.000000,0.000000,0.000000
200.000000,100.000000,156.000000,156.000000,-3953.000000,0.000000,0.000000
-100.000000,-100.000000,0.000000,0.000000,-4038.000000,0.000000,0.000000
-100.000000,100.000000,0.000000,0.000000,-4128.000000,0.000000,0.000000
0.000000,-200.000000,0.000000,0.000000,-4227.000000,0.000000,-196.000000
0.000000,100.000000,0.000000,0.000000,-4274.000000,0.000000,0.000000
0.000000,0.000000,0.000000,0.000000,-4353.000000,0.000000,0.000000
0.000000,0.000000,0.000000,0.000000,-4427.000000,0.000000,0.000000
-200.000000,0.000000,0.000000,0.000000,-4486.000000,0.000000,-196.000000
400.000000,-200.000000,0.000000,0.000000,-4519.000000,0.000000,0.000000
300.000000,-100.000000,0.000000,0.000000,-4549.000000,0.000000,0.000000
0.000000,100.000000,0.000000,0.000000,-4586.000000,0.000000,0.000000
-200.000000,-100.000000,0.000000,0.000000,-4592.000000,0.000000,0.000000
0.000000,-100.000000,0.000000,0.000000,-4612.000000,0.000000,0.000000
-100.000000,0.000000,0.000000,0.000000,-4607.000000,0.000000,0.000000
300.000000,0.000000,0.000000,0.000000,-4592.000000,0.000000,0.000000
-100.000000,-200.000000,0.000000,0.000000,-4563.000000,0.000000,0.000000
-400.000000,0.000000,0.000000,0.000000,-4539.000000,0.000000,0.000000
0.000000,-100.000000,0.000000,0.000000,-4505.000000,0.000000,0.000000
-100.000000,-100.000000,0.000000,0.000000,-4493.000000,0.000000,0.000000
-100.000000,-200.000000,0.000000,0.000000,-4445.000000,0.000000,0.000000
100.000000,-200.000000,0.000000,0.000000,-4400.000000,0.000000,0.000000
-300.000000,0.000000,0.000000,0.000000,-4340.000000,0.000000,0.000000
0.000000,-100.000000,0.000000,0.000000,-4283.000000,0.000000,0.000000
0.000000,-100.000000,0.000000,0.000000,-4225.000000,0.000000,196.000000
0.000000,200.000000,0.000000,0.000000,-4162.000000,0.000000,0.000000
100.000000,-100.000000,0.000000,0.000000,-4122.000000,0.000000,0.000000
0.000000,0.000000,0.000000,0.000000,-4060.000000,0.000000,196.000000
-400.000000,0.000000,0.000000,0.000000,-4000.000000,0.000000,0.000000
0.000000,0.000000,0.000000,0.000000,-3931.000000,0.000000,0.000000
-100.000000,-100.000000,0.000000,0.000000,-3870.000000,0.000000,0.000000
0.000000,-100.000000,0.000000,0.000000,-3804.000000,0.000000,0.000000
0.000000,-300.000000,0.000000,0.000000,-3756.000000,-196.000000,0.000000
-200.000000,0.000000,0.000000,0.000000,-3696.000000,0.000000,0.000000
0.000000,-100.000000,0.000000,0.000000,-3634.000000,0.000000,0.000000
-100.000000,0.000000,0.000000,0.000000,-3569.000000,0.000000,0.000000
0.000000,-100.000000,0.000000,0.000000,-3521.000000,0.000000,0.000000
-100.000000,0.000000,0.000000,0.000000,-3480.000000,0.000000,0.000000
-100.000000,200.000000,0.000000,0.000000,-3452.000000,0.000000,0.000000
100.000000,-100.000000,0.000000,0.000000,-3423.000000,0.000000,0.000000
0.000000,100.000000,0.000000,0.000000,-3387.000000,0.000000,0.000000
-100.000000,0.000000,0.000000,0.000000,-3348.000000,0.000000,0.000000
-100.000000,-200.000000,0.000000,0.000000,-3340.000000,0.000000,0.000000
0.000000,0.000000,0.000000,0.000000,-3331.000000,0.000000,0.000000
-200.000000,100.000000,0.000000,0.000000,-3330.000000,0.000000,0.000000
0.000000,-200.000000,0.000000,0.000000,-3344.000000,0.000000,0.000000
-100.000000,200.000000,0.000000,0.000000,-3343.000000,0.000000,0.000000
0.000000,200.000000,0.000000,0.000000,-3340.000000,0.000000,0.000000
0.000000,-100.000000,0.000000,0.000000,-3373.000000,0.000000,0.000000
-200.000000,-200.000000,0.000000,0.000000,-3402.000000,0.000000,0.000000
0.000000,-100.000000,0.000000,0.000000,-3412.000000,0.000000,0.000000
-100.000000,0.000000,0.000000,0.000000,-3443.000000,0.000000,0.000000
-100.000000,100.000000,0.000000,0.000000,-3481.000000,0.000000,0.000000
200.000000,0.000000,0.000000,0.000000,-3514.000000,0.000000,0.000000
0.000000,-200.000000,0.000000,0.000000,-3543.000000,0.000000,0.000000
100.000000,100.000000,0.000000,0.000000,-3579.000000,0.000000,0.000000
-200.000000,-100.000000,0.000000,0.000000,-3629.000000,0.000000,0.000000
-100.000000,0.000000,0.000000,0.000000,-3701.000000,0.000000,0.000000
0.000000,0.000000,0.000000,0.000000,-3757.000000,0.000000,-196.000000
-200.000000,-200.000000,0.000000,0.000000,-3796.000000,0.000000,0.000000
0.000000,0.000000,0.000000,0.000000,-3847.000000,0.000000,-196.000000
0.000000,200.000000,0.000000,0.000000,-3913.000000,0.000000,0.000000
0.000000,-200.000000,0.000000,0.000000,-3964.000000,0.000000,0.000000
0.000000,-100.000000,0.000000,0.000000,-4001.000000,196.000000,0.000000
100.000000,-200.000000,0.000000,0.000000,-4062.000000,0.000000,0.000000
-100.000000,0.000000,0.000000,0.000000,-4108.000000,0.000000,0.000000
-200.000000,100.000000,0.000000,0.000000,-4172.000000,0.000000,0.000000
0.000000,-300.000000,78.000000,78.000000,-4212.000000,0.000000,0.000000
0.000000,-200.000000,0.000000,0.000000,-4247.000000,0.000000,0.000000
0.000000,300.000000,0.000000,0.000000,-4292.000000,0.000000,0.000000
0.000000,0.000000,0.000000,0.000000,-4313.000000,0.000000,0.000000
-100.000000,0.000000,0.000000,0.000000,-4366.000000,0.000000,0.000000
-100.000000,-200.000000,0.000000,0.000000,-4397.000000,0.000000,0.000000
-200.000000,-100.000000,0.000000,0.000000,-4428.000000,0.000000,0.000000
-100.000000,400.000000,0.000000,0.000000,-4470.000000,0.000000,0.000000
0.000000,0.000000,0.000000,0.000000,-4473.000000,0.000000,0.000000
-200.000000,0.000000,0.000000,0.000000,-4479.000000,0.000000,0.000000
-300.000000,0.000000,0.000000,0.000000,-4484.000000,0.000000,0.000000
-200.000000,0.000000,0.000000,0.000000,-4476.000000,0.000000,0.000000
100.000000,-100.000000,0.000000,0.000000,-4472.000000,0.000000,0.000000
0.000000,100.000000,0.000000,0.000000,-4443.000000,0.000000,0.000000
0.000000,-100.000000,0.000000,0.000000,-4429.000000,0.000000,0.000000
-300.000000,-100.000000,0.000000,0.000000,-4379.000000,0.000000,0.000000
-200.000000,-100.000000,0.000000,0.000000,-4340.000000,0.000000,0.000000
0.000000,-300.000000,0.000000,0.000000,-4325.000000,0.000000,0.000000
-300.000000,0.000000,0.000000,0.000000,-4306.000000,0.000000,0.000000
-200.000000,0.000000,0.000000,0.000000,-4257.000000,0.000000,0.000000
-200.000000,100.000000,0.000000,0.000000,-4231.000000,0.000000,0.000000
-200.000000,0.000000,0.000000,0.000000,-4208.000000,0.000000,0.000000
0.000000,-200.000000,0.000000,0.000000,-4152.000000,0.000000,0.000000
-200.000000,-200.000000,0.000000,0.000000,-4086.000000,0.000000,0.000000
0.000000,0.000000,0.000000,0.000000,-4026.000000,0.000000,0.000000
0.000000,-200.000000,0.000000,0.000000,-3984.000000,0.000000,196.000000
-200.000000,-200.000000,0.000000,0.000000,-3966.000000,0.000000,0.000000
0.000000,0.000000,0.000000,0.000000,-3917.000000,0.000000,196.000000
-100.000000,0.000000,0.000000,0.000000,-3867.000000,0.000000,0.000000
0.000000,-100.000000,0.000000,0.000000,-3821.000000,0.000000,0.000000
0.000000,0.000000,0.000000,0.000000,-3781.000000,0.000000,0.000000
0.000000,-500.000000,0.000000,0.000000,-3737.000000,0.000000,0.000000
-100.000000,-400.000000,0.000000,0.000000,-3702.000000,0.000000,0.000000
100.000000,0.000000,0.000000,0.000000,-3670.000000,0.000000,0.000000
-200.000000,100.000000,0.000000,0.000000,-3641.000000,0.000000,0.000000
0.000000,0.000000,0.000000,0.000000,-3623.000000,0.000000,0.000000
-100.000000,0.000000,0.000000,0.000000,-3614.000000,-196.000000,0.000000
-100.000000,0.000000,0.000000,0.000000,-3601.000000,0.000000,0.000000
-200.000000,0.000000,0.000000,0.000000,-3576.000000,0.000000,0.000000
-300.000000,100.000000,0.000000,0.000000,-3570.000000,0.000000,0.000000
-200.000000,0.000000,0.000000,0.000000,-3571.000000,0.000000,0.000000
-200.000000,200.000000,0.000000,0.000000,-3562.000000,0.000000,0.000000
0.000000,-200.000000,0.000000,0.000000,-3564.000000,0.000000,0.000000
100.000000,0.000000,0.000000,0.000000,-3567.000000,0.000000,0.000000
-100.000000,100.000000,0.000000,0.000000,-3582.000000,0.000000,0.000000
-100.000000,-200.000000,0.000000,0.000000,-3595.000000,0.000000,0.000000
-300.000000,-100.000000,0.000000,0.000000,-3621.000000,0.000000,0.000000
-100.000000,0.000000,0.000000,0.000000,-3637.000000,0.000000,-196.000000
-200.000000,100.000000,0.000000,0.000000,-3672.000000,0.000000,0.000000
-300.000000,-100.000000,0.000000,0.000000,-3690.000000,0.000000,0.000000
0.000000,-100.000000,0.000000,0.000000,-3721.000000,0.000000,-196.000000
-200.000000,-200.000000,0.000000,0.000000,-3748.000000,0.000000,0.000000
-200.000000,-100.000000,0.000000,0.000000,-3773.000000,0.000000,0.000000
0.000000,-300.000000,156.000000,156.000000,-3805.000000,196.000000,0.000000
-200.000000,400.000000,0.000000,0.000000,-3845.000000,0.000000,0.000000
-100.000000,300.000000,0.000000,0.000000,-3879.000000,0.000000,0.000000
-100.000000,0.000000,0.000000,0.000000,-3904.000000,0.000000,0.000000
-200.000000,0.000000,0.000000,0.000000,-3943.000000,0.000000,0.000000
300.000000,0.000000,0.000000,0.000000,-3970.000000,0.000000,0.000000
-200.000000,-200.000000,0.000000,0.000000,-4001.000000,0.000000,0.000000
-200.000000,0.000000,0.000000,0.000000,-4038.000000,0.000000,0.000000
0.000000,-100.000000,0.000000,0.000000,-4079.000000,0.000000,0.000000
-100.000000,200.000000,0.000000,0.000000,-4095.000000,0.000000,0.000000
0.000000,-100.000000,0.000000,0.000000,-4128.000000,0.000000,0.000000
-100.000000,-100.000000,0.000000,0.000000,-4150.000000,0.000000,0.000000
-100.000000,-100.000000,0.000000,0.000000,-4191.000000,0.000000,0.000000
-300.000000,0.000000,0.000000,0.000000,-4213.000000,0.000000,0.000000
-100.000000,-100.000000,0.000000,0.000000,-4228.000000,0.000000,0.000000
0.000000,200.000000,0.000000,0.000000,-4246.000000,0.000000,0.000000
-100.000000,0.000000,0.000000,0.000000,-4258.000000,0.000000,0.000000
-200.000000,-100.000000,0.000000,0.000000,-4266.000000,0.000000,0.000000
200.000000,-300.000000,0.000000,0.000000,-4262.000000,0.000000,0.000000
0.000000,-200.000000,0.000000,0.000000,-4256.000000,0.000000,0.000000
0.000000,-200.000000,0.000000,0.000000,-4241.000000,0.000000,0.000000
-200.000000,100.000000,0.000000,0.000000,-4241.000000,0.000000,0.000000
-100.000000,-100.000000,0.000000,0.000000,-4226.000000,0.000000,0.000000
0.000000,-100.000000,0.000000,0.000000,-4224.000000,0.000000,0.000000
-100.000000,0.000000,0.000000,0.000000,-4215.000000,0.000000,0.000000
0.000000,-200.000000,0.000000,0.000000,-4185.000000,0.000000,0.000000
0.000000,-100.000000,0.000000,0.000000,-4172.000000,0.000000,0.000000
100.000000,-100.000000,0.000000,0.000000,-4154.000000,0.000000,0.000000
0.000000,0.000000,0.000000,0.000000,-4132.000000,0.000000,0.000000
0.000000,0.000000,0.000000,0.000000,-4110.000000,0.000000,0.000000
-200.000000,-100.000000,0.000000,0.000000,-4084.000000,0.000000,0.000000
0.000000,-100.000000,0.000000,0.000000,-4077.000000,0.000000,0.000000
-200.000000,0.000000,0.000000,0.000000,-4049.000000,0.000000,0.000000
-100.000000,100.000000,0.000000,0.000000,-4016.000000,0.000000,196.000000
0.000000,0.000000,0.000000,0.000000,-3996.000000,0.000000,0.000000
-100.000000,0.000000,0.000000,0.000000,-3951.000000,0.000000,0.000000
0.000000,-300.000000,0.000000,0.000000,-3926.000000,0.000000,196.000000
100.000000,-100.000000,0.000000,0.000000,-3913.000000,0.000000,0.000000
-300.000000,-100.000000,0.000000,0.000000,-3893.000000,0.000000,0.000000
0.000000,-200.000000,0.000000,0.000000,-3860.000000,0.000000,0.000000
-100.000000,-100.000000,0.000000,0.000000,-3826.000000,0.000000,0.000000
0.000000,100.000000,0.000000,0.000000,-3797.000000,0.000000,0.000000
-400.000000,-100.000000,0.000000,0.000000,-3780.000000,-196.000000,0.000000
-200.000000,-100.000000,0.000000,0.000000,-3781.000000,0.000000,0.000000
0.000000,-100.000000,0.000000,0.000000,-3766.000000,0.000000,0.000000
200.000000,0.000000,0.000000,0.000000,-3760.000000,0.000000,0.000000
-200.000000,0.000000,0.000000,0.000000,-3752.000000,0.000000,0.000000
100.000000,0.000000,0.000000,0.000000,-3725.000000,0.000000,0.000000
-100.000000,-200.000000,0.000000,0.000000,-3718.000000,0.000000,0.000000
-300.000000,0.000000,0.000000,0.000000,-3723.000000,0.000000,0.000000
-100.000000,-100.000000,0.000000,0.000000,-3716.000000,0.000000,0.000000
0.000000,-100.000000,0.000000,0.000000,-3714.000000,0.000000,0.000000
200.000000,0.000000,0.000000,0.000000,-3729.000000,0.000000,0.000000
0.000000,-100.000000,0.000000,0.000000,-3726.000000,0.000000,0.000000
0.000000,-200.000000,0.000000,0.000000,-3737.000000,0.000000,0.000000
0.000000,-200.000000,0.000000,0.000000,-3736.000000,0.000000,-196.000000
0.000000,-100.000000,0.000000,0.000000,-3748.000000,0.000000,0.000000
0.000000,-100.000000,0.000000,0.000000,-3758.000000,0.000000,0.000000
-100.000000,0.000000,0.000000,0.000000,-3792.000000,0.000000,0.000000
0.000000,0.000000,0.000000,0.000000,-3823.000000,196.000000,-196.000000
0.000000,0.000000,0.000000,0.000000,-3855.000000,0.000000,0.000000
0.000000,0.000000,0.000000,0.000000,-3872.000000,0.000000,0.000000
-200.000000,0.000000,0.000000,0.000000,-3887.000000,0.000000,0.000000
0.000000,0.000000,0.000000,0.000000,-3919.000000,0.000000,0.000000
-200.000000,0.000000,0.000000,0.000000,-3936.000000,0.000000,0.000000
0.000000,-300.000000,0.000000,0.000000,-3975.000000,0.000000,0.000000
0.000000,0.000000,0.000000,0.000000,-3999.000000,0.000000,0.000000
0.000000,0.000000,0.000000,0.000000,-4033.000000,0.000000,0.000000
-200.000000,-100.000000,0.000000,0.000000,-4046.000000,0.000000,0.000000
0.000000,0.000000,0.000000,0.000000,-4078.000000,0.000000,0.000000
-200.000000,100.000000,0.000000,0.000000,-4096.000000,0.000000,0.000000
-100.000000,100.000000,0.000000,0.000000,-4122.000000,0.000000,0.000000
300.000000,0.000000,0.000000,0.000000,-4147.000000,0.000000,0.000000
-100.000000,0.000000,0.000000,0.000000,-4157.000000,0.000000,0.000000
0.000000,0.000000,0.000000,0.000000,-4188.000000,0.000000,0.000000
-200.000000,200.000000,0.000000,0.000000,-4196.000000,0.000000,0.000000
0.000000,-100.000000,0.000000,0.000000,-4192.000000,0.000000,0.000000
0.000000,0.000000,0.000000,0.000000,-4185.000000,0.000000,0.000000
0.000000,0.000000,0.000000,0.000000,-4210.000000,0.000000,0.000000
-300.000000,0.000000,0.000000,0.000000,-4202.000000,0.000000,0.000000
-300.000000,0.000000,0.000000,0.000000,-4203.000000,0.000000,0.000000
-100.000000,100.000000,0.000000,0.000000,-4197.000000,0.000000,0.000000
0.000000,-100.000000,0.000000,0.000000,-4193.000000,0.000000,0.000000
-100.000000,0.000000,0.000000,0.000000,-4194.000000,0.000000,0.000000
-100.000000,0.000000,0.000000,0.000000,-4205.000000,0.000000,0.000000
200.000000,0.000000,0.000000,0.000000,-4193.000000,0.000000,0.000000
-200.000000,0.000000,0.000000,0.000000,-4180.000000,0.000000,0.000000
-200.000000,200.000000,0.000000,0.000000,-4183.000000,0.000000,0.000000
0.000000,0.000000,0.000000,0.000000,-4160.000000,0.000000,0.000000
0.000000,-100.000000,0.000000,0.000000,-4136.000000,0.000000,0.000000
-200.000000,-100.000000,0.000000,0.000000,-4138.000000,0.000000,0.000000
-200.000000,0.000000,0.000000,0.000000,-4125.000000,0.000000,0.000000
-100.000000,-400.000000,0.000000,0.000000,-4118.000000,0.000000,0.000000
-100.000000,-100.000000,0.000000,0.000000,-4113.000000,0.000000,0.000000
-100.000000,-200.000000,0.000000,0.000000,-4095.000000,0.000000,0.000000
0.000000,-400.000000,0.000000,0.000000,-4086.000000,0.000000,0.000000
-100.000000,0.000000,0.000000,0.000000,-4074.000000,0.000000,0.000000
-200.000000,100.000000,0.000000,0.000000,-4055.000000,0.000000,0.000000
-100.000000,-100.000000,0.000000,0.000000,-4031.000000,0.000000,0.000000
100.000000,0.000000,0.000000,0.000000,-3986.000000,0.000000,196.000000
-200.000000,0.000000,0.000000,0.000000,-3970.000000,0.000000,0.000000
100.000000,-100.000000,0.000000,0.000000,-3973.000000,0.000000,0.000000
0.000000,0.000000,0.000000,0.000000,-3948.000000,0.000000,0.000000
-300.000000,0.000000,0.000000,0.000000,-3927.000000,0.000000,0.000000
-200.000000,0.000000,0.000000,0.000000,-3930.000000,0.000000,0.000000
-300.000000,-100.000000,0.000000,0.000000,-3918.000000,0.000000,0.000000
-100.000000,-100.000000,156.000000,156.000000,-3887.000000,0.000000,0.000000
300.000000,0.000000,0.000000,0.000000,-3884.000000,0.000000,0.000000
0.000000,0.000000,0.000000,0.000000,-3858.000000,0.000000,0.000000
-100.000000,100.000000,0.000000,0.000000,-3844.000000,0.000000,0.000000
0.000000,-200.000000,0.000000,0.000000,-3852.000000,0.000000,0.000000
0.000000,0.000000,0.000000,0.000000,-3837.000000,0.000000,0.000000
-200.000000,-200.000000,0.000000,0.000000,-3828.000000,0.000000,0.000000
-200.000000,100.000000,0.000000,0.000000,-3825.000000,0.000000,0.000000
-100.000000,-100.000000,0.000000,0.000000,-3822.000000,0.000000,0.000000
0.000000,0.000000,0.000000,0.000000,-3816.000000,0.000000,0.000000
-300.000000,-200.000000,0.000000,0.000000,-3842.000000,0.000000,0.000000
0.000000,-100.000000,0.000000,0.000000,-3831.000000,0.000000,0.000000
-200.000000,-400.000000,78.000000,78.000000,-3840.000000,0.000000,0.000000
100.000000,100.000000,0.000000,0.000000,-3854.000000,0.000000,-196.000000
-100.000000,-100.000000,0.000000,0.000000,-3866.000000,0.000000,0.000000
-100.000000,0.000000,0.000000,0.000000,-3887.000000,0.000000,0.000000
-300.000000,0.000000,0.000000,0.000000,-3894.000000,0.000000,0.000000
0.000000,0.000000,0.000000,0.000000,-3922.000000,0.000000,0.000000
0.000000,100.000000,0.000000,0.000000,-3946.000000,0.000000,0.000000
-200.000000,0.000000,0.000000,0.000000,-3953.000000,0.000000,0.000000
0.000000,-200.000000,0.000000,0.000000,-3958.000000,0.000000,0.000000
-100.000000,300.000000,0.000000,0.000000,-3987.000000,0.000000,0.000000
-100.000000,-300.000000,0.000000,0.000000,-4008.000000,0.000000,0.000000
-100.000000,-200.000000,0.000000,0.000000,-4027.000000,0.000000,0.000000
0.000000,0.000000,0.000000,0.000000,-4030.000000,0.000000,0.000000
0.000000,0.000000,0.000000,0.000000,-4046.000000,0.000000,0.000000
0.000000,0.000000,0.000000,0.000000,-4059.000000,0.000000,0.000000
-200.000000,-100.000000,0.000000,0.000000,-4062.000000,0.000000,0.000000
-200.000000,-100.000000,0.000000,0.000000,-4088.000000,0.000000,0.000000
-100.000000,100.000000,0.000000,0.000000,-4102.000000,0.000000,0.000000
-100.000000,-100.000000,0.000000,0.000000,-4106.000000,0.000000,0.000000
0.000000,-100.000000,0.000000,0.000000,-4107.000000,0.000000,0.000000
-200.000000,-100.000000,0.000000,0.000000,-4114.000000,0.000000,0.000000
-100.000000,100.000000,0.000000,0.000000,-4117.000000,0.000000,0.000000
-100.000000,0.000000,0.000000,0.000000,-4134.000000,0.000000,0.000000
-200.000000,0.000000,0.000000,0.000000,-4163.000000,0.000000,0.000000
-100.000000,-100.000000,0.000000,0.000000,-4145.000000,0.000000,0.000000
100.000000,0.000000,0.000000,0.000000,-4132.000000,0.000000,0.000000
0.000000,0.000000,0.000000,0.000000,-4116.000000,0.000000,0.000000
-200.000000,0.000000,0.000000,0.000000,-4116.000000,0.000000,0.000000
-200.000000,0.000000,0.000000,0.000000,-4105.000000,0.000000,0.000000
-100.000000,0.000000,0.000000,0.000000,-4110.000000,0.000000,0.000000
-100.000000,-300.000000,0.000000,0.000000,-4101.000000,0.000000,0.000000
-200.000000,0.000000,0.000000,0.000000,-4084.000000,0.000000,0.000000
0.000000,0.000000,0.000000,0.000000,-4066.000000,0.000000,0.000000
-100.000000,-200.000000,0.000000,0.000000,-4055.000000,0.000000,0.000000
0.000000,0.000000,0.000000,0.000000,-4034.000000,0.000000,0.000000
0.000000,0.000000,0.000000,0.000000,-4032.000000,0.000000,0.000000
-100.000000,0.000000,0.000000,0.000000,-4026.000000,0.000000,0.000000
-100.000000,200.000000,0.000000,0.000000,-4021.000000,0.000000,0.000000
0.000000,-100.000000,0.000000,0.000000,-4011.000000,0.000000,0.000000
-200.000000,100.000000,0.000000,0.000000,-3996.000000,0.000000,0.000000
-200.000000,0.000000,10000.000000,10000.000000,-3976.000000,0.000000,0.000000
10100.000000,4300.000000,10000.000000,10000.000000,-3996.000000,-196.000000,981.000000
9500.000000,9800.000000,10000.000000,10000.000000,-4079.000000,196.000000,2748.000000
9600.000000,9200.000000,10000.000000,10000.000000,-4008.000000,-196.000000,2552.000000
9900.000000,11500.000000,10000.000000,10000.000000,-3462.000000,196.000000,785.000000
10500.000000,8900.000000,10000.000000,10000.000000,-2852.000000,0.000000,-589.000000
9700.000000,9700.000000,10000.000000,10000.000000,-2915.000000,0.000000,0.000000
8900.000000,10700.000000,10000.000000,10000.000000,-2906.000000,0.000000,1178.000000
9600.000000,9100.000000,10000.000000,10000.000000,-2488.000000,0.000000,2552.000000
8200.000000,11400.000000,10000.000000,10000.000000,-1741.000000,0.000000,3337.000000
9200.000000,8800.000000,10000.000000,10000.000000,-1173.000000,0.000000,2552.000000
9300.000000,10500.000000,10000.000000,10000.000000,-595.000000,0.000000,1570.000000
9900.000000,9900.000000,10000.000000,10000.000000,-76.000000,-196.000000,981.000000
9000.000000,10500.000000,10000.000000,10000.000000,250.000000,0.000000,1767.000000
11000.000000,8700.000000,10000.000000,10000.000000,785.000000,196.000000,3337.000000
9700.000000,10500.000000,10000.000000,10000.000000,1454.000000,0.000000,3926.000000
9900.000000,11800.000000,10000.000000,10000.000000,2323.000000,-196.000000,2945.000000
9300.000000,9000.000000,10000.000000,10000.000000,3070.000000,196.000000,2356.000000
8400.000000,9700.000000,10000.000000,10000.000000,3531.000000,0.000000,2159.000000
8600.000000,11300.000000,10000.000000,10000.000000,4060.000000,0.000000,2748.000000
8800.000000,8900.000000,10000.000000,10000.000000,4745.000000,0.000000,3534.000000
9300.000000,9100.000000,10000.000000,10000.000000,5487.000000,-196.000000,4123.000000
8900.000000,11400.000000,10000.000000,10000.000000,6303.000000,0.000000,4123.000000
9300.000000,10200.000000,10000.000000,10000.000000,7060.000000,196.000000,3534.000000
11000.000000,10100.000000,10000.000000,10000.000000,7622.000000,-196.000000,2552.000000
8300.000000,8600.000000,10000.000000,10000.000000,8002.000000,0.000000,2748.000000
11400.000000,9700.000000,10000.000000,10000.000000,8568.000000,196.000000,3730.000000
11100.000000,8500.000000,10000.000000,10000.000000,9310.000000,-196.000000,4319.000000
9900.000000,9800.000000,10000.000000,10000.000000,9926.000000,196.000000,4319.000000
9900.000000,9500.000000,10000.000000,10000.000000,10496.000000,0.000000,3534.000000
11200.000000,9300.000000,10000.000000,10000.000000,10991.000000,0.000000,3141.000000
8700.000000,10700.000000,10000.000000,10000.000000,11481.000000,-196.000000,3337.000000
9800.000000,8700.000000,10000.000000,10000.000000,11843.000000,196.000000,3534.000000
11400.000000,9000.000000,10000.000000,10000.000000,12302.000000,0.000000,3730.000000
11500.000000,9100.000000,10000.000000,10000.000000,12925.000000,0.000000,3534.000000
9700.000000,8900.000000,10000.000000,10000.000000,13384.000000,0.000000,3141.000000
9100.000000,11700.000000,10000.000000,10000.000000,13456.000000,0.000000,2748.000000
8800.000000,8900.000000,10000.000000,10000.000000,13631.000000,0.000000,2748.000000
9300.000000,9300.000000,10000.000000,10000.000000,13891.000000,0.000000,3141.000000
11400.000000,9600.000000,10000.000000,10000.000000,14076.000000,0.000000,3337.000000
10000.000000,9700.000000,10000.000000,10000.000000,14171.000000,-196.000000,3337.000000
9000.000000,10900.000000,10000.000000,10000.000000,14378.000000,196.000000,3141.000000
11700.000000,10000.000000,10000.000000,10000.000000,14467.000000,-196.000000,2748.000000
8900.000000,9100.000000,10000.000000,10000.000000,14326.000000,196.000000,2748.000000
9200.000000,10200.000000,10000.000000,10000.000000,14141.000000,-196.000000,2748.000000
11300.000000,10200.000000,10000.000000,10000.000000,14174.000000,0.000000,2748.000000
8400.000000,9400.000000,10000.000000,10000.000000,14122.000000,196.000000,2945.000000
11800.000000,10400.000000,10000.000000,10000.000000,13802.000000,-196.000000,2945.000000
9100.000000,10100.000000,10000.000000,10000.000000,13395.000000,196.000000,2356.000000
8300.000000,8600.000000,10000.000000,10000.000000,13118.000000,-196.000000,2356.000000
9700.000000,11700.000000,10000.000000,10000.000000,12810.000000,0.000000,2356.000000
10800.000000,8800.000000,10000.000000,10000.000000,12319.000000,0.000000,2748.000000
8900.000000,11200.000000,10000.000000,10000.000000,11967.000000,196.000000,2748.000000
11200.000000,9200.000000,10000.000000,10000.000000,11627.000000,0.000000,2748.000000
8700.000000,9100.000000,10000.000000,10000.000000,11076.000000,0.000000,2748.000000
9700.000000,9500.000000,10000.000000,10000.000000,10490.000000,-196.000000,2552.000000
11100.000000,11000.000000,10000.000000,10000.000000,10016.000000,196.000000,2552.000000
8400.000000,9000.000000,10000.000000,10000.000000,9523.000000,0.000000,2552.000000
8900.000000,11500.000000,10000.000000,10000.000000,8929.000000,-196.000000,2748.000000
10800.000000,8600.000000,10000.000000,10000.000000,8282.000000,196.000000,2945.000000
8600.000000,8900.000000,10000.000000,10000.000000,7574.000000,-196.000000,2945.000000
11700.000000,10800.000000,10000.000000,10000.000000,7334.000000,196.000000,2748.000000
8700.000000,8700.000000,10000.000000,10000.000000,6560.000000,-196.000000,2945.000000
11400.000000,8800.000000,10000.000000,10000.000000,5837.000000,196.000000,3141.000000
8600.000000,9600.000000,10000.000000,10000.000000,5381.000000,-196.000000,3337.000000
8700.000000,11100.000000,10000.000000,10000.000000,4706.000000,0.000000,3534.000000
9700.000000,8400.000000,10000.000000,10000.000000,4081.000000,196.000000,3730.000000
11600.000000,10200.000000,10000.000000,10000.000000,3472.000000,0.000000,3141.000000
10900.000000,11200.000000,10000.000000,10000.000000,2986.000000,0.000000,3337.000000
8700.000000,11300.000000,10000.000000,10000.000000,2298.000000,-196.000000,2945.000000
8200.000000,10400.000000,10000.000000,10000.000000,1761.000000,196.000000,3730.000000
8500.000000,9400.000000,10000.000000,10000.000000,1283.000000,-196.000000,4319.000000
10600.000000,9100.000000,10000.000000,10000.000000,737.000000,0.000000,4712.000000
9100.000000,9900.000000,10000.000000,10000.000000,170.000000,0.000000,5105.000000
10500.000000,9800.000000,10000.000000,10000.000000,-107.000000,0.000000,5301.000000
9200.000000,8400.000000,10000.000000,10000.000000,-495.000000,196.000000,5301.000000
11400.000000,10000.000000,10000.000000,10000.000000,-986.000000,-196.000000,5105.000000
8400.000000,10600.000000,10000.000000,10000.000000,-1395.000000,0.000000,5301.000000
9700.000000,8500.000000,10000.000000,10000.000000,-1668.000000,196.000000,5301.000000
10600.000000,8200.000000,10000.000000,10000.000000,-1850.000000,0.000000,5301.000000
9700.000000,10900.000000,10000.000000,10000.000000,-2035.000000,-196.000000,6479.000000
8400.000000,9900.000000,10000.000000,10000.000000,-2096.000000,0.000000,6675.000000
10600.000000,9300.000000,10000.000000,10000.000000,-2176.000000,0.000000,6675.000000
11000.000000,9100.000000,10000.000000,10000.000000,-2334.000000,0.000000,6283.000000
9200.000000,10100.000000,10000.000000,10000.000000,-2393.000000,0.000000,6479.000000
8500.000000,8500.000000,10000.000000,10000.000000,-2494.000000,0.000000,7068.000000
8900.000000,9300.000000,10000.000000,10000.000000,-2081.000000,0.000000,7657.000000
8800.000000,9500.000000,10000.000000,10000.000000,-1705.000000,0.000000,7853.000000
8800.000000,11200.000000,10000.000000,10000.000000,-1405.000000,196.000000,7853.000000
8900.000000,8900.000000,10000.000000,10000.000000,-1280.000000,-196.000000,7853.000000
9600.000000,10200.000000,10000.000000,10000.000000,-1064.000000,0.000000,7853.000000
9300.000000,9600.000000,10000.000000,10000.000000,-558.000000,0.000000,8246.000000
8600.000000,9000.000000,10000.000000,10000.000000,-42.000000,0.000000,8639.000000
11000.000000,10100.000000,10000.000000,10000.000000,315.000000,196.000000,9032.000000
9500.000000,10600.000000,10000.000000,10000.000000,768.000000,-196.000000,8246.000000
10800.000000,9400.000000,10000.000000,10000.000000,1302.000000,0.000000,9228.000000
9900.000000,10800.000000,10000.000000,10000.000000,1783.000000,196.000000,9228.000000
8900.000000,8500.000000,10000.000000,10000.000000,2337.000000,0.000000,9817.000000
9700.000000,9400.000000,10000.000000,10000.000000,3020.000000,0.000000,10013.000000
10600.000000,10200.000000,10000.000000,10000.000000,3801.000000,0.000000,10013.000000
-100.000000,300.000000,0.000000,0.000000,4449.000000,-196.000000,9228.000000
0.000000,0.000000,0.000000,0.000000,5025.000000,0.000000,7657.000000
100.000000,0.000000,0.000000,0.000000,5496.000000,0.000000,7068.000000
-100.000000,100.000000,0.000000,0.000000,5924.000000,0.000000,6479.000000
0.000000,100.000000,0.000000,0.000000,6304.000000,-196.000000,6283.000000
0.000000,0.000000,0.000000,0.000000,6551.000000,0.000000,6872.000000
-100.000000,0.000000,0.000000,0.000000,6744.000000,0.000000,8050.000000
-200.000000,0.000000,0.000000,0.000000,6894.000000,196.000000,9817.000000
-100.000000,200.000000,0.000000,0.000000,6882.000000,0.000000,9817.000000
0.000000,-100.000000,0.000000,0.000000,7225.000000,-196.000000,10210.000000
0.000000,300.000000,0.000000,0.000000,7629.000000,0.000000,9228.000000
100.000000,0.000000,0.000000,0.000000,7854.000000,0.000000,7657.000000
300.000000,0.000000,0.000000,0.000000,7546.000000,196.000000,5694.000000
-100.000000,-100.000000,0.000000,0.000000,7417.000000,0.000000,5497.000000
-100.000000,100.000000,0.000000,0.000000,7214.000000,0.000000,5105.000000
100.000000,-100.000000,0.000000,0.000000,7080.000000,0.000000,4712.000000
200.000000,0.000000,0.000000,0.000000,7080.000000,-196.000000,4516.000000
200.000000,0.000000,0.000000,0.000000,6434.000000,0.000000,4712.000000
0.000000,100.000000,0.000000,0.000000,5980.000000,0.000000,5301.000000
0.000000,100.000000,0.000000,0.000000,6023.000000,196.000000,6675.000000
100.000000,-100.000000,0.000000,0.000000,5642.000000,0.000000,6872.000000
100.000000,100.000000,0.000000,0.000000,4994.000000,0.000000,6872.000000
-200.000000,100.000000,0.000000,0.000000,4241.000000,-196.000000,6479.000000
0.000000,0.000000,0.000000,0.000000,3444.000000,0.000000,5890.000000
0.000000,-100.000000,0.000000,0.000000,2602.000000,0.000000,6086.000000
0.000000,100.000000,0.000000,0.000000,1568.000000,0.000000,5694.000000
-100.000000,0.000000,0.000000,0.000000,656.000000,-196.000000,5301.000000
100.000000,100.000000,0.000000,0.000000,-145.000000,0.000000,5301.000000
100.000000,200.000000,0.000000,0.000000,-949.000000,0.000000,5105.000000
100.000000,0.000000,0.000000,0.000000,-1780.000000,196.000000,4908.000000
100.000000,0.000000,0.000000,0.000000,-2993.000000,-196.000000,3926.000000
0.000000,0.000000,0.000000,0.000000,-3815.000000,196.000000,3337.000000
0.000000,0.000000,0.000000,0.000000,-4867.000000,0.000000,3534.000000
0.000000,0.000000,0.000000,0.000000,-5770.000000,0.000000,3730.000000
0.000000,0.000000,0.000000,0.000000,-6528.000000,-196.000000,3337.000000
0.000000,0.000000,0.000000,0.000000,-7326.000000,196.000000,3534.000000
-100.000000,0.000000,0.000000,0.000000,-8178.000000,-196.000000,4712.000000
-300.000000,-200.000000,0.000000,0.000000,-9229.000000,196.000000,6086.000000
0.000000,0.000000,0.000000,0.000000,-9938.000000,196.000000,6283.000000
0.000000,-100.000000,0.000000,0.000000,-10539.000000,-196.000000,6283.000000
-100.000000,0.000000,0.000000,0.000000,-11616.000000,0.000000,5890.000000
0.000000,100.000000,0.000000,0.000000,-12635.000000,0.000000,5694.000000
-100.000000,0.000000,0.000000,0.000000,-13445.000000,196.000000,5301.000000
0.000000,200.000000,0.000000,0.000000,-13918.000000,-196.000000,4516.000000
200.000000,0.000000,0.000000,0.000000,-14711.000000,196.000000,4123.000000
-200.000000,200.000000,0.000000,0.000000,-15066.000000,0.000000,4712.000000
0.000000,0.000000,0.000000,0.000000,-15392.000000,0.000000,4516.000000
100.000000,0.000000,0.000000,0.000000,-16042.000000,196.000000,5301.000000
0.000000,100.000000,0.000000,0.000000,-15726.000000,0.000000,6872.000000
0.000000,-300.000000,0.000000,0.000000,-16255.000000,-196.000000,7657.000000
-100.000000,0.000000,0.000000,0.000000,-16242.000000,196.000000,7657.000000
100.000000,0.000000,0.000000,0.000000,-16307.000000,0.000000,7068.000000
-200.000000,0.000000,0.000000,0.000000,-16407.000000,0.000000,7068.000000
200.000000,-100.000000,0.000000,0.000000,-16402.000000,0.000000,6675.000000
-200.000000,100.000000,0.000000,0.000000,-15987.000000,0.000000,6283.000000
0.000000,0.000000,0.000000,0.000000,-15728.000000,196.000000,6283.000000
-100.000000,-100.000000,0.000000,0.000000,-15334.000000,-196.000000,6283.000000
-100.000000,0.000000,0.000000,0.000000,-15016.000000,0.000000,7068.000000
-200.000000,0.000000,0.000000,0.000000,-14644.000000,0.000000,7461.000000
-100.000000,0.000000,0.000000,0.000000,-14176.000000,0.000000,7068.000000
-100.000000,0.000000,0.000000,0.000000,-13864.000000,196.000000,8050.000000
100.000000,200.000000,0.000000,0.000000,-13265.000000,-196.000000,7853.000000
0.000000,-100.000000,0.000000,0.000000,-12537.000000,0.000000,7461.000000
0.000000,0.000000,0.000000,0.000000,-11830.000000,0.000000,7264.000000
-100.000000,-100.000000,0.000000,0.000000,-11178.000000,196.000000,7461.000000
-100.000000,0.000000,0.000000,0.000000,-10430.000000,-196.000000,6872.000000
-100.000000,-100.000000,0.000000,0.000000,-9544.000000,196.000000,6479.000000
0.000000,-100.000000,0.000000,0.000000,-8766.000000,-196.000000,8050.000000
-100.000000,0.000000,0.000000,0.000000,-8002.000000,0.000000,7853.000000
0.000000,0.000000,0.000000,0.000000,-7280.000000,196.000000,7657.000000
0.000000,0.000000,0.000000,0.000000,-6478.000000,0.000000,7657.000000
-300.000000,0.000000,0.000000,0.000000,-5734.000000,0.000000,7461.000000
0.000000,-100.000000,0.000000,0.000000,-4869.000000,0.000000,7657.000000
0.000000,0.000000,0.000000,0.000000,-4118.000000,196.000000,7657.000000
-100.000000,0.000000,0.000000,0.000000,-3296.000000,-196.000000,8050.000000
0.000000,300.000000,0.000000,0.000000,-2523.000000,196.000000,7853.000000
0.000000,0.000000,0.000000,0.000000,-1786.000000,0.000000,7853.000000
0.000000,300.000000,0.000000,0.000000,-995.000000,0.000000,7657.000000
0.000000,300.000000,0.000000,0.000000,-313.000000,-196.000000,7461.000000
0.000000,0.000000,0.000000,0.000000,397.000000,0.000000,6283.000000
0.000000,0.000000,0.000000,0.000000,1063.000000,0.000000,6283.000000
0.000000,-100.000000,0.000000,0.000000,1567.000000,0.000000,6283.000000
0.000000,-100.000000,0.000000,0.000000,2057.000000,196.000000,6086.000000
0.000000,0.000000,0.000000,0.000000,2416.000000,-196.000000,6283.000000
100.000000,0.000000,0.000000,0.000000,2799.000000,-196.000000,6283.000000
-200.000000,200.000000,0.000000,0.000000,3213.000000,196.000000,6479.000000
0.000000,0.000000,0.000000,0.000000,3591.000000,0.000000,6283.000000
200.000000,100.000000,0.000000,0.000000,3822.000000,0.000000,6086.000000
-100.000000,200.000000,0.000000,0.000000,3908.000000,0.000000,5890.000000
100.000000,0.000000,0.000000,0.000000,4073.000000,-196.000000,4908.000000
0.000000,0.000000,0.000000,0.000000,4161.000000,0.000000,4319.000000
0.000000,-100.000000,0.000000,0.000000,4086.000000,0.000000,5105.000000
-100.000000,-200.000000,0.000000,0.000000,3970.000000,196.000000,4712.000000
0.000000,0.000000,0.000000,0.000000,3925.000000,-196.000000,4516.000000
0.000000,0.000000,0.000000,0.000000,3745.000000,0.000000,4516.000000
0.000000,100.000000,0.000000,0.000000,3496.000000,0.000000,4123.000000
-200.000000,200.000000,0.000000,0.000000,3153.000000,196.000000,3926.000000
-200.000000,100.000000,0.000000,0.000000,2833.000000,-196.000000,3730.000000
-200.000000,200.000000,0.000000,0.000000,2454.000000,0.000000,3534.000000
-100.000000,0.000000,0.000000,0.000000,2016.000000,0.000000,3337.000000
0.000000,-600.000000,0.000000,0.000000,1502.000000,196.000000,3337.000000
0.000000,100.000000,0.000000,0.000000,1005.000000,-196.000000,2945.000000
0.000000,0.000000,0.000000,0.000000,497.000000,0.000000,3141.000000
0.000000,-100.000000,0.000000,0.000000,-200.000000,0.000000,3337.000000
0.000000,0.000000,0.000000,0.000000,-907.000000,196.000000,3337.000000
0.000000,0.000000,0.000000,0.000000,-1596.000000,-196.000000,3141.000000
0.000000,-100.000000,0.000000,0.000000,-2305.000000,196.000000,3141.000000
0.000000,0.000000,0.000000,0.000000,-3108.000000,-196.000000,2748.000000
-100.000000,-100.000000,0.000000,0.000000,-2733.000000,0.000000,2945.000000
-400.000000,100.000000,0.000000,0.000000,-3364.000000,0.000000,2748.000000
0.000000,100.000000,0.000000,0.000000,-4777.000000,196.000000,2552.000000
-200.000000,0.000000,0.000000,0.000000,-6050.000000,0.000000,2552.000000
-200.000000,-300.000000,0.000000,0.000000,-6848.000000,-196.000000,2356.000000
0.000000,-100.000000,0.000000,0.000000,-7623.000000,196.000000,2748.000000
0.000000,0.000000,0.000000,0.000000,-8619.000000,0.000000,2552.000000
-100.000000,0.000000,0.000000,0.000000,-9138.000000,0.000000,2945.000000
0.000000,0.000000,0.000000,0.000000,-9699.000000,0.000000,2945.000000
0.000000,200.000000,0.000000,0.000000,-10088.000000,-196.000000,2945.000000
0.000000,100.000000,0.000000,0.000000,-11912.000000,196.000000,2552.000000
-100.000000,100.000000,0.000000,0.000000,-11970.000000,-196.000000,2552.000000
0.000000,0.000000,0.000000,0.000000,-12441.000000,0.000000,3337.000000
100.000000,-100.000000,0.000000,0.000000,-13000.000000,196.000000,3337.000000
-100.000000,-200.000000,0.000000,0.000000,-13233.000000,-196.000000,3534.000000
-100.000000,300.000000,0.000000,0.000000,-13827.000000,0.000000,3534.000000
-100.000000,300.000000,0.000000,0.000000,-14147.000000,0.000000,3534.000000
0.000000,200.000000,0.000000,0.000000,-14299.000000,0.000000,3337.000000
0.000000,400.000000,0.000000,0.000000,-13783.000000,0.000000,3534.000000
0.000000,0.000000,0.000000,0.000000,-14341.000000,0.000000,3730.000000
0.000000,0.000000,0.000000,0.000000,-14193.000000,-196.000000,4123.000000
-100.000000,300.000000,0.000000,0.000000,-14134.000000,0.000000,4319.000000
0.000000,0.000000,0.000000,0.000000,-14255.000000,196.000000,4516.000000
0.000000,100.000000,0.000000,0.000000,-14279.000000,-196.000000,3926.000000
0.000000,0.000000,0.000000,0.000000,-14156.000000,196.000000,3926.000000
-100.000000,100.000000,0.000000,0.000000,-13882.000000,-196.000000,3730.000000
-100.000000,100.000000,0.000000,0.000000,-13779.000000,196.000000,4123.000000
100.000000,0.000000,0.000000,0.000000,-13660.000000,0.000000,4516.000000
0.000000,100.000000,0.000000,0.000000,-13326.000000,0.000000,4908.000000
-100.000000,200.000000,0.000000,0.000000,-12889.000000,196.000000,5105.000000
0.000000,200.000000,0.000000,0.000000,-12633.000000,-196.000000,5497.000000
0.000000,200.000000,0.000000,0.000000,-12192.000000,196.000000,5497.000000
-200.000000,-100.000000,0.000000,0.000000,-11596.000000,0.000000,5497.000000
-100.000000,-100.000000,0.000000,0.000000,-10981.000000,0.000000,5301.000000
-200.000000,100.000000,0.000000,0.000000,-10547.000000,0.000000,5301.000000
-100.000000,0.000000,0.000000,0.000000,-9986.000000,0.000000,5301.000000
0.000000,0.000000,0.000000,0.000000,-9271.000000,0.000000,5694.000000
-100.000000,200.000000,0.000000,0.000000,-8656.000000,-196.000000,5890.000000
0.000000,200.000000,0.000000,0.000000,-8111.000000,196.000000,6086.000000
-100.000000,0.000000,0.000000,0.000000,-7432.000000,-196.000000,5890.000000
-100.000000,-100.000000,0.000000,0.000000,-6742.000000,196.000000,5890.000000
0.000000,200.000000,0.000000,0.000000,-6081.000000,-196.000000,5694.000000
0.000000,0.000000,0.000000,0.000000,-5347.000000,196.000000,5497.000000
0.000000,0.000000,0.000000,0.000000,-4530.000000,0.000000,5497.000000
100.000000,0.000000,0.000000,0.000000,-3719.000000,-196.000000,4712.000000
100.000000,0.000000,0.000000,0.000000,-3069.000000,196.000000,5497.000000
100.000000,100.000000,0.000000,0.000000,-2449.000000,-196.000000,5890.000000
0.000000,-100.000000,0.000000,0.000000,-1772.000000,0.000000,5497.000000
0.000000,0.000000,0.000000,0.000000,-1156.000000,196.000000,5497.000000
-200.000000,300.000000,0.000000,0.000000,-476.000000,0.000000,5105.000000
0.000000,0.000000,0.000000,0.000000,119.000000,-196.000000,4908.000000
0.000000,0.000000,0.000000,0.000000,711.000000,0.000000,4908.000000
-200.000000,-100.000000,0.000000,0.000000,1273.000000,196.000000,4712.000000
100.000000,200.000000,0.000000,0.000000,1738.000000,0.000000,4712.000000
0.000000,200.000000,0.000000,0.000000,2147.000000,0.000000,4712.000000
0.000000,-100.000000,0.000000,0.000000,2487.000000,0.000000,4516.000000
100.000000,0.000000,0.000000,0.000000,2879.000000,-196.000000,3926.000000
-100.000000,0.000000,0.000000,0.000000,3206.000000,196.000000,3534.000000
100.000000,100.000000,0.000000,0.000000,3411.000000,0.000000,4123.000000
-200.000000,0.000000,0.000000,0.000000,3574.000000,0.000000,3926.000000
100.000000,0.000000,0.000000,0.000000,3757.000000,0.000000,3926.000000
0.000000,100.000000,0.000000,0.000000,3876.000000,-196.000000,3730.000000
-100.000000,-100.000000,0.000000,0.000000,3891.000000,196.000000,3534.000000
0.000000,100.000000,0.000000,0.000000,3879.000000,0.000000,3337.000000
0.000000,200.000000,0.000000,0.000000,3844.000000,0.000000,3141.000000
-100.000000,-100.000000,0.000000,0.000000,3760.000000,0.000000,3141.000000
100.000000,0.000000,0.000000,0.000000,3507.000000,-196.000000,2748.000000
0.000000,0.000000,0.000000,0.000000,3292.000000,196.000000,2748.000000
-100.000000,0.000000,0.000000,0.000000,3001.000000,0.000000,2356.000000
100.000000,0.000000,0.000000,0.000000,2700.000000,0.000000,2159.000000
0.000000,-100.000000,0.000000,0.000000,2349.000000,-196.000000,1963.000000
0.000000,0.000000,0.000000,0.000000,1973.000000,196.000000,1767.000000
200.000000,300.000000,0.000000,0.000000,1594.000000,-196.000000,1570.000000
0.000000,-100.000000,0.000000,0.000000,1081.000000,0.000000,1570.000000
-100.000000,0.000000,0.000000,0.000000,607.000000,0.000000,1374.000000
0.000000,0.000000,0.000000,0.000000,414.000000,0.000000,1178.000000
-100.000000,200.000000,0.000000,0.000000,-193.000000,196.000000,1178.000000
-100.000000,-100.000000,0.000000,0.000000,-1013.000000,-196.000000,1178.000000
0.000000,0.000000,0.000000,0.000000,-1833.000000,0.000000,981.000000
-100.000000,0.000000,0.000000,0.000000,-2428.000000,196.000000,1178.000000
0.000000,200.000000,0.000000,0.000000,-3130.000000,0.000000,1374.000000
0.000000,0.000000,0.000000,0.000000,-4146.000000,-196.000000,1178.000000
100.000000,0.000000,0.000000,0.000000,-4768.000000,0.000000,1178.000000
0.000000,0.000000,0.000000,0.000000,-5366.000000,0.000000,981.000000
-200.000000,-100.000000,0.000000,0.000000,-6136.000000,196.000000,981.000000
-100.000000,0.000000,0.000000,0.000000,-7129.000000,0.000000,785.000000
-100.000000,0.000000,0.000000,0.000000,-7642.000000,-196.000000,785.000000
0.000000,0.000000,0.000000,0.000000,-8234.000000,0.000000,981.000000
-100.000000,0.000000,0.000000,0.000000,-8957.000000,196.000000,981.000000
-100.000000,0.000000,0.000000,0.000000,-9582.000000,0.000000,1178.000000
0.000000,0.000000,0.000000,0.000000,-10273.000000,-196.000000,1570.000000
-100.000000,0.000000,0.000000,0.000000,-10616.000000,196.000000,1374.000000
-100.000000,0.000000,0.000000,0.000000,-11187.000000,0.000000,1570.000000
-100.000000,0.000000,0.000000,0.000000,-11630.000000,-196.000000,1374.000000
-100.000000,0.000000,0.000000,0.000000,-11992.000000,196.000000,1374.000000
-200.000000,0.000000,0.000000,0.000000,-12119.000000,-196.000000,1570.000000
-100.000000,0.000000,0.000000,0.000000,-13000.000000,196.000000,1767.000000
0.000000,300.000000,0.000000,0.000000,-13546.000000,0.000000,2159.000000
0.000000,0.000000,0.000000,0.000000,-13817.000000,0.000000,2159.000000
0.000000,0.000000,0.000000,0.000000,-13937.000000,0.000000,2356.000000
0.000000,0.000000,0.000000,0.000000,-14249.000000,-196.000000,2356.000000
0.000000,0.000000,0.000000,0.000000,-14754.000000,196.000000,2356.000000
200.000000,0.000000,0.000000,0.000000,-14807.000000,-196.000000,2552.000000
200.000000,0.000000,0.000000,0.000000,-14867.000000,0.000000,2748.000000
-200.000000,100.000000,0.000000,0.000000,-14808.000000,196.000000,2356.000000
0.000000,0.000000,0.000000,0.000000,-14589.000000,-196.000000,2945.000000
0.000000,0.000000,0.000000,0.000000,-14358.000000,196.000000,2748.000000
-100.000000,0.000000,0.000000,0.000000,-14284.000000,-196.000000,3141.000000
0.000000,0.000000,0.000000,0.000000,-13967.000000,0.000000,3337.000000
0.000000,0.000000,0.000000,0.000000,-13656.000000,196.000000,3337.000000
0.000000,0.000000,0.000000,0.000000,-13516.000000,-196.000000,3337.000000
-300.000000,100.000000,0.000000,0.000000,-13028.000000,0.000000,3337.000000
-200.000000,-100.000000,0.000000,0.000000,-12464.000000,0.000000,3534.000000
0.000000,-100.000000,0.000000,0.000000,-12015.000000,0.000000,3534.000000
0.000000,0.000000,0.000000,0.000000,-11576.000000,196.000000,3534.000000
100.000000,-100.000000,0.000000,0.000000,-11049.000000,0.000000,3926.000000
-100.000000,100.000000,0.000000,0.000000,-10576.000000,0.000000,3926.000000
-100.000000,0.000000,0.000000,0.000000,-10041.000000,-196.000000,3926.000000
0.000000,200.000000,0.000000,0.000000,-9385.000000,196.000000,3730.000000
-100.000000,100.000000,0.000000,0.000000,-8716.000000,-196.000000,3337.000000
100.000000,0.000000,0.000000,0.000000,-8068.000000,0.000000,3141.000000
0.000000,0.000000,0.000000,0.000000,-7313.000000,0.000000,3141.000000
0.000000,0.000000,0.000000,0.000000,-6622.000000,0.000000,3730.000000
0.000000,0.000000,0.000000,0.000000,-5893.000000,0.000000,3534.000000
100.000000,100.000000,0.000000,0.000000,-5171.000000,196.000000,3534.000000
-100.000000,0.000000,0.000000,0.000000,-4472.000000,-196.000000,3730.000000
0.000000,100.000000,0.000000,0.000000,-3839.000000,196.000000,3926.000000
-100.000000,100.000000,0.000000,0.000000,-3234.000000,-196.000000,3730.000000
-100.000000,-100.000000,0.000000,0.000000,-2670.000000,0.000000,3926.000000
0.000000,0.000000,0.000000,0.000000,-2069.000000,0.000000,3534.000000
0.000000,0.000000,0.000000,0.000000,-1565.000000,0.000000,3534.000000
0.000000,-100.000000,0.000000,0.000000,-992.000000,0.000000,3337.000000
0.000000,100.000000,0.000000,0.000000,-487.000000,196.000000,2945.000000
0.000000,0.000000,0.000000,0.000000,8.000000,-196.000000,2945.000000
0.000000,0.000000,0.000000,0.000000,456.000000,0.000000,2748.000000
0.000000,100.000000,0.000000,0.000000,879.000000,0.000000,2552.000000
-300.000000,0.000000,0.000000,0.000000,1214.000000,196.000000,2356.000000
-200.000000,0.000000,0.000000,0.000000,1572.000000,0.000000,2159.000000
100.000000,0.000000,0.000000,0.000000,1842.000000,0.000000,2356.000000
-100.000000,0.000000,0.000000,0.000000,2019.000000,0.000000,2159.000000
0.000000,0.000000,0.000000,0.000000,2193.000000,-196.000000,2159.000000
-300.000000,100.000000,0.000000,0.000000,2329.000000,0.000000,1963.000000
-100.000000,0.000000,0.000000,0.000000,2375.000000,0.000000,1963.000000
100.000000,100.000000,0.000000,0.000000,2291.000000,0.000000,1767.000000
0.000000,200.000000,0.000000,0.000000,2275.000000,196.000000,1767.000000
0.000000,-200.000000,0.000000,0.000000,2220.000000,-196.000000,1374.000000
0.000000,100.000000,0.000000,0.000000,2119.000000,0.000000,1374.000000
100.000000,-100.000000,0.000000,0.000000,1931.000000,0.000000,981.000000
-100.000000,100.000000,0.000000,0.000000,1769.000000,0.000000,981.000000
-100.000000,200.000000,0.000000,0.000000,1559.000000,196.000000,785.000000
-100.000000,-200.000000,0.000000,0.000000,1298.000000,0.000000,589.000000
-300.000000,300.000000,0.000000,0.000000,943.000000,0.000000,589.000000
-100.000000,0.000000,0.000000,0.000000,556.000000,0.000000,196.000000
100.000000,-100.000000,0.000000,0.000000,182.000000,-196.000000,0.000000
0.000000,0.000000,0.000000,0.000000,-246.000000,196.000000,0.000000
0.000000,0.000000,0.000000,0.000000,-729.000000,-196.000000,0.000000
0.000000,100.000000,0.000000,0.000000,-1200.000000,0.000000,0.000000
0.000000,0.000000,0.000000,0.000000,-1540.000000,0.000000,392.000000
0.000000,-200.000000,0.000000,0.000000,-1976.000000,196.000000,0.000000
-100.000000,0.000000,0.000000,0.000000,-2593.000000,0.000000,0.000000
0.000000,0.000000,0.000000,0.000000,-3247.000000,-196.000000,-196.000000
100.000000,100.000000,0.000000,0.000000,-4045.000000,0.000000,0.000000
100.000000,0.000000,0.000000,0.000000,-4567.000000,196.000000,0.000000
0.000000,0.000000,0.000000,0.000000,-5235.000000,0.000000,0.000000
-100.000000,0.000000,0.000000,0.000000,-5683.000000,0.000000,0.000000
200.000000,0.000000,0.000000,0.000000,-6338.000000,-196.000000,0.000000
100.000000,0.000000,0.000000,0.000000,-6979.000000,196.000000,-392.000000
100.000000,-100.000000,0.000000,0.000000,-7561.000000,0.000000,-392.000000
0.000000,0.000000,0.000000,0.000000,-8055.000000,-196.000000,-392.000000
500.000000,0.000000,0.000000,0.000000,-8529.000000,0.000000,-589.000000
0.000000,0.000000,0.000000,0.000000,-9085.000000,0.000000,-392.000000
100.000000,0.000000,156.000000,156.000000,-8990.000000,0.000000,-196.000000
200.000000,-100.000000,0.000000,0.000000,-9147.000000,196.000000,-196.000000
-200.000000,-100.000000,0.000000,0.000000,-9454.000000,-196.000000,0.000000
-200.000000,-200.000000,0.000000,0.000000,-9772.000000,196.000000,196.000000
-200.000000,0.000000,0.000000,0.000000,-9945.000000,0.000000,0.000000
200.000000,0.000000,0.000000,0.000000,-10336.000000,0.000000,196.000000
-200.000000,-200.000000,0.000000,0.000000,-10735.000000,0.000000,196.000000
-200.000000,-100.000000,0.000000,0.000000,-10945.000000,0.000000,0.000000
-100.000000,100.000000,0.000000,0.000000,-11020.000000,0.000000,0.000000
0.000000,-200.000000,0.000000,0.000000,-11272.000000,0.000000,0.000000
-100.000000,-100.000000,0.000000,0.000000,-11437.000000,0.000000,0.000000
100.000000,-100.000000,0.000000,0.000000,-11474.000000,0.000000,0.000000
0.000000,-100.000000,0.000000,0.000000,-11546.000000,-196.000000,196.000000
-100.000000,-100.000000,0.000000,0.000000,-11702.000000,0.000000,0.000000
0.000000,0.000000,0.000000,0.000000,-11485.000000,0.000000,0.000000
-100.000000,-200.000000,0.000000,0.000000,-11357.000000,0.000000,589.000000
-400.000000,-200.000000,0.000000,0.000000,-11077.000000,0.000000,981.000000
0.000000,0.000000,0.000000,0.000000,-10948.000000,0.000000,1767.000000
0.000000,0.000000,0.000000,0.000000,-10729.000000,0.000000,1570.000000
0.000000,100.000000,0.000000,0.000000,-10396.000000,0.000000,1767.000000
-200.000000,200.000000,0.000000,0.000000,-10124.000000,196.000000,1570.000000
-100.000000,200.000000,0.000000,0.000000,-9868.000000,-196.000000,1374.000000
-200.000000,-100.000000,0.000000,0.000000,-9516.000000,196.000000,1178.000000
-200.000000,0.000000,0.000000,0.000000,-9111.000000,-196.000000,1178.000000
-200.000000,0.000000,0.000000,0.000000,-8624.000000,196.000000,1178.000000
0.000000,-100.000000,0.000000,0.000000,-8231.000000,-196.000000,1374.000000
0.000000,-300.000000,0.000000,0.000000,-7806.000000,196.000000,1570.000000
-100.000000,-200.000000,0.000000,0.000000,-7344.000000,0.000000,1767.000000
-200.000000,0.000000,0.000000,0.000000,-6891.000000,-196.000000,1963.000000
0.000000,0.000000,0.000000,0.000000,-6391.000000,0.000000,1767.000000
0.000000,-300.000000,0.000000,0.000000,-5857.000000,196.000000,1570.000000
100.000000,100.000000,0.000000,0.000000,-5322.000000,-196.000000,1374.000000
100.000000,0.000000,0.000000,0.000000,-4809.000000,196.000000,1374.000000
-100.000000,0.000000,0.000000,0.000000,-4382.000000,-196.000000,1178.000000
-400.000000,-100.000000,0.000000,0.000000,-3934.000000,0.000000,981.000000
-200.000000,0.000000,0.000000,0.000000,-3460.000000,0.000000,981.000000
0.000000,100.000000,0.000000,0.000000,-3010.000000,196.000000,1178.000000
-100.000000,0.000000,0.000000,0.000000,-2645.000000,0.000000,981.000000
-100.000000,0.000000,0.000000,0.000000,-2212.000000,0.000000,1178.000000
0.000000,0.000000,0.000000,0.000000,-1829.000000,0.000000,1178.000000
-200.000000,0.000000,0.000000,0.000000,-1499.000000,0.000000,1178.000000
0.000000,100.000000,0.000000,0.000000,-1170.000000,196.000000,1178.000000
0.000000,100.000000,0.000000,0.000000,-884.000000,0.000000,981.000000
-200.000000,-100.000000,0.000000,0.000000,-570.000000,-196.000000,981.000000
-200.000000,0.000000,0.000000,0.000000,-307.000000,196.000000,589.000000
-200.000000,-100.000000,0.000000,0.000000,-129.000000,-196.000000,785.000000
-100.000000,-100.000000,0.000000,0.000000,85.000000,0.000000,392.000000
0.000000,0.000000,0.000000,0.000000,273.000000,0.000000,392.000000
0.000000,-300.000000,0.000000,0.000000,375.000000,0.000000,196.000000
-100.000000,0.000000,0.000000,0.000000,470.000000,196.000000,196.000000
-200.000000,-500.000000,0.000000,0.000000,546.000000,-196.000000,196.000000
-100.000000,-100.000000,0.000000,0.000000,643.000000,0.000000,0.000000
-100.000000,-200.000000,0.000000,0.000000,628.000000,0.000000,0.000000
0.000000,200.000000,0.000000,0.000000,576.000000,0.000000,196.000000
-100.000000,0.000000,0.000000,0.000000,490.000000,196.000000,0.000000
-100.000000,-300.000000,0.000000,0.000000,411.000000,-196.000000,196.000000
0.000000,200.000000,0.000000,0.000000,275.000000,196.000000,0.000000
0.000000,0.000000,0.000000,0.000000,103.000000,-196.000000,0.000000
0.000000,0.000000,0.000000,0.000000,-54.000000,0.000000,-196.000000
-200.000000,-100.000000,0.000000,0.000000,-289.000000,0.000000,0.000000
-100.000000,200.000000,0.000000,0.000000,-533.000000,0.000000,0.000000
200.000000,-200.000000,0.000000,0.000000,-787.000000,0.000000,-196.000000
400.000000,0.000000,0.000000,0.000000,-1078.000000,0.000000,-981.000000
300.000000,0.000000,0.000000,0.000000,-1416.000000,0.000000,-1767.000000
-100.000000,0.000000,0.000000,0.000000,-1672.000000,0.000000,-1963.000000
200.000000,100.000000,0.000000,0.000000,-1948.000000,0.000000,-1374.000000
200.000000,100.000000,0.000000,0.000000,-2116.000000,0.000000,-1767.000000
1000.000000,-200.000000,0.000000,0.000000,-2722.000000,0.000000,-1374.000000
200.000000,100.000000,0.000000,0.000000,-3167.000000,0.000000,-1178.000000
100.000000,0.000000,0.000000,0.000000,-3494.000000,196.000000,-1178.000000
0.000000,0.000000,0.000000,0.000000,-3904.000000,0.000000,-785.000000
200.000000,200.000000,0.000000,0.000000,-4476.000000,0.000000,-785.000000
200.000000,100.000000,0.000000,0.000000,-4652.000000,0.000000,-981.000000
200.000000,100.000000,0.000000,0.000000,-4922.000000,0.000000,-1374.000000
100.000000,0.000000,0.000000,0.000000,-5241.000000,-196.000000,-1570.000000
-100.000000,0.000000,156.000000,156.000000,-5509.000000,0.000000,-1570.000000
0.000000,-200.000000,0.000000,0.000000,-5940.000000,196.000000,-1374.000000
100.000000,-100.000000,0.000000,0.000000,-6379.000000,-196.000000,-1374.000000
-200.000000,-200.000000,0.000000,0.000000,-6741.000000,196.000000,-1178.000000
0.000000,100.000000,78.000000,78.000000,-6991.000000,-196.000000,-981.000000
0.000000,200.000000,0.000000,0.000000,-7255.000000,0.000000,-981.000000
0.000000,0.000000,0.000000,0.000000,-7483.000000,0.000000,-589.000000
300.000000,0.000000,0.000000,0.000000,-7682.000000,0.000000,-785.000000
200.000000,0.000000,0.000000,0.000000,-7838.000000,0.000000,-785.000000
0.000000,0.000000,0.000000,0.000000,-7999.000000,0.000000,-785.000000
0.000000,0.000000,0.000000,0.000000,-8129.000000,0.000000,-785.000000
300.000000,-100.000000,0.000000,0.000000,-8241.000000,0.000000,-785.000000
200.000000,100.000000,0.000000,0.000000,-8339.000000,0.000000,-785.000000
100.000000,-100.000000,0.000000,0.000000,-8373.000000,0.000000,-392.000000
300.000000,0.000000,0.000000,0.000000,-8396.000000,0.000000,-392.000000
400.000000,100.000000,0.000000,0.000000,-8381.000000,0.000000,-196.000000
400.000000,100.000000,0.000000,0.000000,-8355.000000,196.000000,-196.000000
-300.000000,0.000000,0.000000,0.000000,-8270.000000,0.000000,0.000000
0.000000,0.000000,0.000000,0.000000,-8161.000000,0.000000,0.000000
300.000000,0.000000,0.000000,0.000000,-8036.000000,0.000000,-196.000000
-300.000000,-200.000000,0.000000,0.000000,-7877.000000,0.000000,0.000000
-100.000000,0.000000,0.000000,0.000000,-7706.000000,0.000000,0.000000
-100.000000,0.000000,0.000000,0.000000,-7496.000000,0.000000,0.000000
100.000000,0.000000,0.000000,0.000000,-7262.000000,0.000000,0.000000
0.000000,-200.000000,0.000000,0.000000,-7061.000000,-196.000000,0.000000
-100.000000,200.000000,0.000000,0.000000,-6767.000000,196.000000,0.000000
0.000000,-300.000000,78.000000,78.000000,-6477.000000,0.000000,0.000000
0.000000,100.000000,0.000000,0.000000,-6201.000000,0.000000,0.000000
100.000000,300.000000,0.000000,0.000000,-5939.000000,0.000000,196.000000
100.000000,0.000000,0.000000,0.000000,-5601.000000,0.000000,196.000000
-100.000000,200.000000,0.000000,0.000000,-5245.000000,0.000000,0.000000
-200.000000,0.000000,0.000000,0.000000,-4935.000000,-196.000000,0.000000
0.000000,200.000000,0.000000,0.000000,-4633.000000,196.000000,0.000000
-100.000000,0.000000,0.000000,0.000000,-4334.000000,-196.000000,0.000000
-100.000000,0.000000,0.000000,0.000000,-4035.000000,196.000000,0.000000
-100.000000,100.000000,0.000000,0.000000,-3748.000000,-196.000000,0.000000
0.000000,0.000000,0.000000,0.000000,-3445.000000,0.000000,0.000000
0.000000,0.000000,0.000000,0.000000,-3130.000000,196.000000,0.000000
0.000000,-100.000000,0.000000,0.000000,-2854.000000,-196.000000,0.000000
0.000000,0.000000,0.000000,0.000000,-2692.000000,0.000000,0.000000
100.000000,200.000000,0.000000,0.000000,-2492.000000,196.000000,0.000000
-200.000000,200.000000,0.000000,0.000000,-2265.000000,0.000000,0.000000
0.000000,100.000000,0.000000,0.000000,-2077.000000,0.000000,0.000000
0.000000,100.000000,0.000000,0.000000,-1929.000000,0.000000,0.000000
0.000000,0.000000,156.000000,156.000000,-1799.000000,0.000000,0.000000
200.000000,0.000000,0.000000,0.000000,-1690.000000,0.000000,0.000000
100.000000,-200.000000,0.000000,0.000000,-1573.000000,0.000000,0.000000
0.000000,0.000000,78.000000,78.000000,-1463.000000,0.000000,-196.000000
100.000000,0.000000,0.000000,0.000000,-1401.000000,0.000000,-196.000000
-100.000000,0.000000,0.000000,0.000000,-1349.000000,0.000000,0.000000
-100.000000,-300.000000,0.000000,0.000000,-1331.000000,0.000000,0.000000
-100.000000,-300.000000,0.000000,0.000000,-1358.000000,0.000000,0.000000
200.000000,-100.000000,0.000000,0.000000,-1403.000000,0.000000,-392.000000
100.000000,-100.000000,0.000000,0.000000,-1485.000000,0.000000,-785.000000
0.000000,0.000000,0.000000,0.000000,-1565.000000,-196.000000,-1178.000000
0.000000,0.000000,0.000000,0.000000,-1635.000000,0.000000,-1178.000000
0.000000,0.000000,0.000000,0.000000,-1662.000000,0.000000,-981.000000
-100.000000,-100.000000,0.000000,0.000000,-1707.000000,0.000000,-981.000000
0.000000,0.000000,0.000000,0.000000,-1827.000000,0.000000,-785.000000
-200.000000,0.000000,0.000000,0.000000,-2009.000000,196.000000,-589.000000
100.000000,-200.000000,0.000000,0.000000,-2172.000000,0.000000,-392.000000
0.000000,100.000000,0.000000,0.000000,-2299.000000,0.000000,-785.000000
-200.000000,300.000000,78.000000,78.000000,-2489.000000,-196.000000,-785.000000
200.000000,-100.000000,0.000000,0.000000,-2697.000000,196.000000,-981.000000
0.000000,-200.000000,0.000000,0.000000,-2865.000000,0.000000,-1178.000000
0.000000,0.000000,0.000000,0.000000,-2944.000000,0.000000,-1178.000000
100.000000,200.000000,78.000000,78.000000,-3134.000000,0.000000,-981.000000
-200.000000,-100.000000,0.000000,0.000000,-3352.000000,0.000000,-981.000000
0.000000,0.000000,0.000000,0.000000,-3484.000000,0.000000,-785.000000
0.000000,-200.000000,0.000000,0.000000,-3645.000000,0.000000,-785.000000
0.000000,0.000000,0.000000,0.000000,-3926.000000,0.000000,-589.000000
-200.000000,0.000000,0.000000,0.000000,-4109.000000,-196.000000,-785.000000
100.000000,200.000000,0.000000,0.000000,-4355.000000,0.000000,-981.000000
100.000000,-100.000000,0.000000,0.000000,-4462.000000,196.000000,-981.000000
200.000000,-100.000000,0.000000,0.000000,-4612.000000,0.000000,-981.000000
0.000000,100.000000,0.000000,0.000000,-4853.000000,-196.000000,-981.000000
100.000000,0.000000,0.000000,0.000000,-5035.000000,0.000000,-981.000000
0.000000,200.000000,78.000000,78.000000,-5171.000000,196.000000,-785.000000
200.000000,-100.000000,0.000000,0.000000,-5271.000000,-196.000000,-785.000000
0.000000,0.000000,0.000000,0.000000,-5404.000000,196.000000,-589.000000
0.000000,-100.000000,0.000000,0.000000,-5484.000000,-196.000000,-785.000000
0.000000,100.000000,0.000000,0.000000,-5574.000000,196.000000,-589.000000
0.000000,100.000000,0.000000,0.000000,-5663.000000,-196.000000,-785.000000
200.000000,-100.000000,0.000000,0.000000,-5703.000000,196.000000,-785.000000
100.000000,0.000000,0.000000,0.000000,-5753.000000,0.000000,-589.000000
100.000000,0.000000,0.000000,0.000000,-5753.000000,0.000000,-589.000000
0.000000,-100.000000,0.000000,0.000000,-5782.000000,0.000000,-392.000000
100.000000,0.000000,0.000000,0.000000,-5760.000000,0.000000,-589.000000
0.000000,-100.000000,0.000000,0.000000,-5728.000000,-196.000000,-196.000000
300.000000,100.000000,0.000000,0.000000,-5719.000000,0.000000,-392.000000
100.000000,100.000000,0.000000,0.000000,-5704.000000,0.000000,-392.000000
-100.000000,-100.000000,0.000000,0.000000,-5633.000000,0.000000,-392.000000
300.000000,-300.000000,0.000000,0.000000,-5557.000000,196.000000,-196.000000
100.000000,-100.000000,0.000000,0.000000,-5468.000000,0.000000,-392.000000
300.000000,-200.000000,0.000000,0.000000,-5366.000000,0.000000,0.000000
0.000000,-400.000000,0.000000,0.000000,-5279.000000,0.000000,-196.000000
-100.000000,0.000000,0.000000,0.000000,-5174.000000,0.000000,0.000000
-100.000000,0.000000,0.000000,0.000000,-5050.000000,0.000000,-196.000000
100.000000,200.000000,0.000000,0.000000,-4950.000000,0.000000,0.000000
0.000000,-200.000000,0.000000,0.000000,-4794.000000,0.000000,-196.000000
100.000000,0.000000,0.000000,0.000000,-4606.000000,0.000000,-196.000000
0.000000,-300.000000,0.000000,0.000000,-4434.000000,0.000000,-196.000000
-100.000000,0.000000,0.000000,0.000000,-4276.000000,0.000000,-196.000000
0.000000,-200.000000,0.000000,0.000000,-4108.000000,0.000000,0.000000
-100.000000,-100.000000,0.000000,0.000000,-3920.000000,0.000000,0.000000
0.000000,0.000000,0.000000,0.000000,-3752.000000,0.000000,0.000000
0.000000,0.000000,0.000000,0.000000,-3604.000000,-196.000000,0.000000
100.000000,100.000000,0.000000,0.000000,-3438.000000,0.000000,0.000000
0.000000,0.000000,0.000000,0.000000,-3261.000000,0.000000,0.000000
100.000000,-300.000000,0.000000,0.000000,-3103.000000,0.000000,-196.000000
0.000000,400.000000,0.000000,0.000000,-2971.000000,196.000000,0.000000
200.000000,0.000000,0.000000,0.000000,-2831.000000,-196.000000,-196.000000
100.000000,200.000000,0.000000,0.000000,-2713.000000,0.000000,-196.000000
100.000000,100.000000,0.000000,0.000000,-2603.000000,196.000000,-196.000000
300.000000,-100.000000,0.000000,0.000000,-2495.000000,0.000000,-196.000000
0.000000,-200.000000,0.000000,0.000000,-2390.000000,0.000000,-196.000000
300.000000,-100.000000,0.000000,0.000000,-2314.000000,0.000000,-196.000000
300.000000,-200.000000,0.000000,0.000000,-2231.000000,0.000000,-196.000000
100.000000,0.000000,0.000000,0.000000,-2153.000000,0.000000,-589.000000
0.000000,0.000000,0.000000,0.000000,-2083.000000,0.000000,-392.000000
100.000000,-200.000000,0.000000,0.000000,-2020.000000,0.000000,-392.000000
300.000000,-300.000000,0.000000,0.000000,-1990.000000,0.000000,-196.000000
400.000000,200.000000,0.000000,0.000000,-1993.000000,0.000000,-196.000000
200.000000,0.000000,78.000000,78.000000,-2011.000000,0.000000,-392.000000
0.000000,-200.000000,0.000000,0.000000,-2020.000000,0.000000,-589.000000
200.000000,-200.000000,0.000000,0.000000,-2064.000000,0.000000,-589.000000
0.000000,0.000000,0.000000,0.000000,-2090.000000,0.000000,-589.000000
100.000000,100.000000,0.000000,0.000000,-2131.000000,0.000000,-392.000000
100.000000,0.000000,0.000000,0.000000,-2174.000000,0.000000,-589.000000
0.000000,-300.000000,0.000000,0.000000,-2206.000000,0.000000,-589.000000
300.000000,200.000000,0.000000,0.000000,-2270.000000,0.000000,-392.000000
200.000000,-300.000000,0.000000,0.000000,-2375.000000,-196.000000,-589.000000
-200.000000,-200.000000,0.000000,0.000000,-2509.000000,0.000000,-785.000000
300.000000,100.000000,0.000000,0.000000,-2628.000000,0.000000,-589.000000
0.000000,-100.000000,0.000000,0.000000,-2713.000000,196.000000,-785.000000
200.000000,0.000000,0.000000,0.000000,-2797.000000,0.000000,-589.000000
100.000000,100.000000,0.000000,0.000000,-2898.000000,0.000000,-589.000000
100.000000,0.000000,0.000000,0.000000,-3006.000000,-196.000000,-589.000000
0.000000,-100.000000,0.000000,0.000000,-3142.000000,0.000000,-589.000000
0.000000,0.000000,0.000000,0.000000,-3323.000000,0.000000,-589.000000
0.000000,0.000000,0.000000,0.000000,-3432.000000,196.000000,-589.000000
-300.000000,0.000000,0.000000,0.000000,-3525.000000,-196.000000,-785.000000
0.000000,0.000000,0.000000,0.000000,-3621.000000,196.000000,-589.000000
0.000000,0.000000,0.000000,0.000000,-3809.000000,-196.000000,-589.000000
-200.000000,-100.000000,0.000000,0.000000,-3921.000000,196.000000,-589.000000
0.000000,0.000000,0.000000,0.000000,-3984.000000,-196.000000,-589.000000
100.000000,100.000000,0.000000,0.000000,-4068.000000,196.000000,-392.000000
-200.000000,-200.000000,78.000000,78.000000,-4276.000000,0.000000,-589.000000
0.000000,400.000000,0.000000,0.000000,-4410.000000,-196.000000,-392.000000
0.000000,0.000000,0.000000,0.000000,-4452.000000,0.000000,-589.000000
0.000000,0.000000,0.000000,0.000000,-4522.000000,196.000000,-392.000000
-100.000000,0.000000,0.000000,0.000000,-4635.000000,-196.000000,-392.000000
0.000000,0.000000,0.000000,0.000000,-4693.000000,196.000000,-392.000000
-100.000000,200.000000,0.000000,0.000000,-4710.000000,-196.000000,-392.000000
200.000000,0.000000,0.000000,0.000000,-4800.000000,0.000000,-392.000000
0.000000,200.000000,0.000000,0.000000,-4891.000000,196.000000,-196.000000
0.000000,0.000000,78.000000,78.000000,-4898.000000,0.000000,-196.000000
0.000000,100.000000,0.000000,0.000000,-4933.000000,0.000000,-196.000000
0.000000,0.000000,0.000000,0.000000,-4942.000000,0.000000,-196.000000
0.000000,0.000000,0.000000,0.000000,-4945.000000,-196.000000,-392.000000
-100.000000,-300.000000,0.000000,0.000000,-4945.000000,0.000000,-196.000000
-100.000000,0.000000,0.000000,0.000000,-4942.000000,0.000000,-196.000000
200.000000,0.000000,0.000000,0.000000,-4924.000000,196.000000,-196.000000
0.000000,0.000000,0.000000,0.000000,-4912.000000,0.000000,0.000000
0.000000,100.000000,0.000000,0.000000,-4860.000000,-196.000000,0.000000
0.000000,-300.000000,0.000000,0.000000,-4807.000000,0.000000,0.000000
-100.000000,100.000000,0.000000,0.000000,-4774.000000,0.000000,0.000000
-200.000000,300.000000,0.000000,0.000000,-4718.000000,0.000000,0.000000
-100.000000,0.000000,0.000000,0.000000,-4625.000000,0.000000,0.000000
-100.000000,100.000000,0.000000,0.000000,-4551.000000,0.000000,0.000000
-200.000000,-100.000000,0.000000,0.000000,-4511.000000,0.000000,0.000000
-300.000000,0.000000,0.000000,0.000000,-4458.000000,0.000000,0.000000
-200.000000,200.000000,0.000000,0.000000,-4361.000000,0.000000,0.000000
0.000000,100.000000,0.000000,0.000000,-4266.000000,0.000000,0.000000
0.000000,0.000000,0.000000,0.000000,-4195.000000,0.000000,0.000000
0.000000,-100.000000,78.000000,78.000000,-4106.000000,0.000000,0.000000
-100.000000,300.000000,0.000000,0.000000,-3990.000000,0.000000,0.000000
-100.000000,0.000000,0.000000,0.000000,-3925.000000,0.000000,0.000000
-100.000000,0.000000,0.000000,0.000000,-3868.000000,0.000000,0.000000
0.000000,100.000000,0.000000,0.000000,-3795.000000,0.000000,0.000000
-300.000000,200.000000,0.000000,0.000000,-3704.000000,0.000000,0.000000
-100.000000,100.000000,78.000000,78.000000,-3629.000000,0.000000,196.000000
0.000000,200.000000,0.000000,0.000000,-3564.000000,0.000000,0.000000
-100.000000,-200.000000,0.000000,0.000000,-3489.000000,0.000000,0.000000
-200.000000,-200.000000,0.000000,0.000000,-3425.000000,0.000000,0.000000
0.000000,0.000000,0.000000,0.000000,-3351.000000,0.000000,0.000000
-200.000000,-100.000000,0.000000,0.000000,-3308.000000,0.000000,0.000000
-100.000000,-100.000000,0.000000,0.000000,-3279.000000,0.000000,-196.000000
0.000000,0.000000,0.000000,0.000000,-3225.000000,0.000000,0.000000
0.000000,-100.000000,0.000000,0.000000,-3222.000000,0.000000,0.000000
0.000000,-100.000000,0.000000,0.000000,-3202.000000,0.000000,0.000000
-200.000000,-200.000000,0.000000,0.000000,-3179.000000,0.000000,0.000000
0.000000,0.000000,0.000000,0.000000,-3170.000000,0.000000,0.000000
-400.000000,100.000000,0.000000,0.000000,-3157.000000,196.000000,0.000000
-100.000000,200.000000,0.000000,0.000000,-3156.000000,0.000000,0.000000
-100.000000,200.000000,0.000000,0.000000,-3112.000000,-196.000000,0.000000
200.000000,200.000000,0.000000,0.000000,-3115.000000,196.000000,0.000000
100.000000,200.000000,0.000000,0.000000,-3158.000000,0.000000,-196.000000
0.000000,200.000000,0.000000,0.000000,-3185.000000,-196.000000,0.000000
0.000000,0.000000,0.000000,0.000000,-3168.000000,0.000000,-196.000000
0.000000,0.000000,0.000000,0.000000,-3165.000000,196.000000,-392.000000
0.000000,100.000000,0.000000,0.000000,-3158.000000,0.000000,-196.000000
200.000000,0.000000,0.000000,0.000000,-3133.000000,-196.000000,-196.000000
100.000000,200.000000,0.000000,0.000000,-3132.000000,196.000000,-392.000000
200.000000,-100.000000,0.000000,0.000000,-3193.000000,-196.000000,-196.000000
200.000000,200.000000,0.000000,0.000000,-3202.000000,196.000000,0.000000
0.000000,0.000000,0.000000,0.000000,-3216.000000,0.000000,0.000000
100.000000,-100.000000,0.000000,0.000000,-3204.000000,0.000000,-196.000000
0.000000,0.000000,0.000000,0.000000,-3240.000000,0.000000,-196.000000
0.000000,200.000000,0.000000,0.000000,-3240.000000,-196.000000,0.000000
400.000000,-100.000000,0.000000,0.000000,-3228.000000,196.000000,-196.000000
0.000000,-100.000000,0.000000,0.000000,-3253.000000,-196.000000,-196.000000
0.000000,0.000000,0.000000,0.000000,-3312.000000,196.000000,-196.000000
100.000000,200.000000,0.000000,0.000000,-3349.000000,-196.000000,-196.000000
300.000000,100.000000,0.000000,0.000000,-3329.000000,196.000000,-196.000000
200.000000,200.000000,0.000000,0.000000,-3352.000000,0.000000,-196.000000
100.000000,-100.000000,0.000000,0.000000,-3413.000000,0.000000,-196.000000
0.000000,200.000000,0.000000,0.000000,-3431.000000,-196.000000,-196.000000
-300.000000,200.000000,0.000000,0.000000,-3388.000000,196.000000,0.000000
-400.000000,0.000000,0.000000,0.000000,-3423.000000,-196.000000,0.000000
0.000000,0.000000,0.000000,0.000000,-3525.000000,196.000000,-196.000000
0.000000,-100.000000,0.000000,0.000000,-3544.000000,0.000000,-196.000000
0.000000,0.000000,0.000000,0.000000,-3502.000000,0.000000,-196.000000
0.000000,0.000000,0.000000,0.000000,-3514.000000,-196.000000,0.000000
0.000000,0.000000,0.000000,0.000000,-3554.000000,0.000000,-196.000000
300.000000,400.000000,0.000000,0.000000,-3554.000000,0.000000,0.000000
100.000000,0.000000,0.000000,0.000000,-3501.000000,196.000000,-196.000000
200.000000,100.000000,0.000000,0.000000,-3530.000000,-196.000000,-196.000000
0.000000,300.000000,0.000000,0.000000,-3602.000000,196.000000,-196.000000
200.000000,200.000000,0.000000,0.000000,-3585.000000,0.000000,-196.000000
0.000000,200.000000,0.000000,0.000000,-3529.000000,-196.000000,0.000000
0.000000,100.000000,0.000000,0.000000,-3556.000000,0.000000,-196.000000
0.000000,0.000000,0.000000,0.000000,-3630.000000,0.000000,0.000000
0.000000,300.000000,0.000000,0.000000,-3624.000000,0.000000,0.000000
-300.000000,100.000000,0.000000,0.000000,-3552.000000,0.000000,0.000000
-300.000000,-100.000000,0.000000,0.000000,-3586.000000,196.000000,0.000000
0.000000,100.000000,0.000000,0.000000,-3642.000000,0.000000,0.000000
200.000000,0.000000,0.000000,0.000000,-3615.000000,-196.000000,-196.000000
0.000000,100.000000,0.000000,0.000000,-3585.000000,0.000000,-196.000000
-100.000000,100.000000,0.000000,0.000000,-3618.000000,0.000000,-196.000000
0.000000,0.000000,0.000000,0.000000,-3635.000000,196.000000,0.000000
-100.000000,100.000000,0.000000,0.000000,-3614.000000,0.000000,0.000000
-200.000000,200.000000,0.000000,0.000000,-3618.000000,0.000000,0.000000
-200.000000,100.000000,0.000000,0.000000,-3633.000000,0.000000,0.000000
-200.000000,100.000000,0.000000,0.000000,-3643.000000,0.000000,0.000000
-200.000000,100.000000,0.000000,0.000000,-3616.000000,0.000000,0.000000
0.000000,-200.000000,0.000000,0.000000,-3592.000000,0.000000,0.000000
0.000000,0.000000,0.000000,0.000000,-3595.000000,0.000000,0.000000
-300.000000,0.000000,0.000000,0.000000,-3596.000000,0.000000,0.000000
0.000000,0.000000,0.000000,0.000000,-3543.000000,-196.000000,0.000000
-200.000000,0.000000,0.000000,0.000000,-3516.000000,0.000000,0.000000
0.000000,-300.000000,0.000000,0.000000,-3537.000000,0.000000,0.000000
-200.000000,0.000000,0.000000,0.000000,-3513.000000,0.000000,0.000000
-100.000000,-200.000000,0.000000,0.000000,-3469.000000,0.000000,0.000000
-300.000000,100.000000,0.000000,0.000000,-3451.000000,0.000000,0.000000
-200.000000,0.000000,0.000000,0.000000,-3431.000000,0.000000,0.000000
0.000000,-100.000000,0.000000,0.000000,-3409.000000,0.000000,0.000000
0.000000,-100.000000,0.000000,0.000000,-3374.000000,0.000000,0.000000
-100.000000,0.000000,0.000000,0.000000,-3374.000000,0.000000,0.000000
0.000000,0.000000,0.000000,0.000000,-3406.000000,0.000000,0.000000
-100.000000,0.000000,0.000000,0.000000,-3390.000000,0.000000,0.000000
-100.000000,0.000000,0.000000,0.000000,-3347.000000,0.000000,0.000000
-300.000000,-100.000000,0.000000,0.000000,-3339.000000,0.000000,0.000000
-200.000000,-100.000000,0.000000,0.000000,-3350.000000,0.000000,0.000000
-100.000000,0.000000,0.000000,0.000000,-3322.000000,0.000000,0.000000
-100.000000,0.000000,0.000000,0.000000,-3316.000000,0.000000,0.000000
-200.000000,0.000000,0.000000,0.000000,-3341.000000,0.000000,0.000000
0.000000,0.000000,0.000000,0.000000,-3359.000000,0.000000,0.000000
0.000000,0.000000,0.000000,0.000000,-3343.000000,0.000000,0.000000
0.000000,-100.000000,0.000000,0.000000,-3350.000000,0.000000,0.000000
-100.000000,0.000000,0.000000,0.000000,-3359.000000,0.000000,0.000000
-200.000000,-100.000000,0.000000,0.000000,-3360.000000,0.000000,0.000000
0.000000,0.000000,0.000000,0.000000,-3335.000000,0.000000,0.000000
-500.000000,0.000000,0.000000,0.000000,-3339.000000,0.000000,0.000000
-200.000000,0.000000,0.000000,0.000000,-3353.000000,0.000000,-196.000000
0.000000,200.000000,0.000000,0.000000,-3343.000000,0.000000,0.000000
-100.000000,200.000000,156.000000,156.000000,-3313.000000,0.000000,0.000000
100.000000,200.000000,0.000000,0.000000,-3324.000000,0.000000,0.000000
0.000000,-200.000000,0.000000,0.000000,-3325.000000,0.000000,0.000000
-100.000000,-200.000000,0.000000,0.000000,-3314.000000,0.000000,0.000000
-100.000000,-100.000000,0.000000,0.000000,-3322.000000,0.000000,0.000000
100.000000,-100.000000,0.000000,0.000000,-3332.000000,0.000000,0.000000
0.000000,-100.000000,0.000000,0.000000,-3343.000000,0.000000,0.000000
0.000000,100.000000,0.000000,0.000000,-3331.000000,0.000000,0.000000
-100.000000,-100.000000,0.000000,0.000000,-3324.000000,0.000000,0.000000
0.000000,-100.000000,0.000000,0.000000,-3340.000000,0.000000,0.000000
100.000000,-200.000000,0.000000,0.000000,-3350.000000,0.000000,0.000000
0.000000,-100.000000,0.000000,0.000000,-3353.000000,0.000000,0.000000
-300.000000,0.000000,0.000000,0.000000,-3356.000000,0.000000,0.000000
0.000000,-200.000000,0.000000,0.000000,-3373.000000,0.000000,0.000000
-200.000000,0.000000,0.000000,0.000000,-3383.000000,0.000000,0.000000
0.000000,0.000000,0.000000,0.000000,-3390.000000,0.000000,0.000000
0.000000,0.000000,0.000000,0.000000,-3398.000000,0.000000,0.000000
0.000000,0.000000,0.000000,0.000000,-3430.000000,0.000000,0.000000
0.000000,0.000000,0.000000,0.000000,-3436.000000,0.000000,0.000000
0.000000,0.000000,0.000000,0.000000,-3438.000000,0.000000,0.000000
-100.000000,-200.000000,0.000000,0.000000,-3461.000000,0.000000,0.000000
200.000000,-200.000000,0.000000,0.000000,-3500.000000,0.000000,0.000000
200.000000,100.000000,0.000000,0.000000,-3519.000000,0.000000,0.000000
-100.000000,-300.000000,156.000000,156.000000,-3529.000000,0.000000,0.000000
100.000000,500.000000,0.000000,0.000000,-3549.000000,0.000000,0.000000
-300.000000,100.000000,0.000000,0.000000,-3561.000000,0.000000,0.000000
0.000000,100.000000,0.000000,0.000000,-3567.000000,0.000000,0.000000
-100.000000,0.000000,0.000000,0.000000,-3579.000000,0.000000,0.000000
0.000000,0.000000,0.000000,0.000000,-3609.000000,0.000000,0.000000
-100.000000,-300.000000,0.000000,0.000000,-3606.000000,0.000000,0.000000
0.000000,-100.000000,0.000000,0.000000,-3612.000000,0.000000,0.000000
-100.000000,0.000000,0.000000,0.000000,-3614.000000,0.000000,0.000000
100.000000,0.000000,0.000000,0.000000,-3627.000000,0.000000,0.000000
0.000000,0.000000,0.000000,0.000000,-3640.000000,0.000000,0.000000
0.000000,0.000000,0.000000,0.000000,-3626.000000,0.000000,0.000000
0.000000,-300.000000,0.000000,0.000000,-3628.000000,0.000000,0.000000
-100.000000,0.000000,0.000000,0.000000,-3651.000000,0.000000,0.000000
-100.000000,300.000000,0.000000,0.000000,-3658.000000,0.000000,0.000000
0.000000,0.000000,0.000000,0.000000,-3644.000000,0.000000,0.000000
0.000000,-100.000000,0.000000,0.000000,-3662.000000,0.000000,0.000000
0.000000,100.000000,0.000000,0.000000,-3652.000000,0.000000,0.000000
-100.000000,-400.000000,0.000000,0.000000,-3650.000000,0.000000,0.000000
-200.000000,-100.000000,0.000000,0.000000,-3637.000000,0.000000,0.000000
0.000000,100.000000,0.000000,0.000000,-3644.000000,0.000000,0.000000
-100.000000,0.000000,0.000000,0.000000,-3641.000000,0.000000,0.000000
-100.000000,-300.000000,0.000000,0.000000,-3652.000000,0.000000,0.000000
-100.000000,-200.000000,0.000000,0.000000,-3644.000000,0.000000,0.000000
100.000000,-200.000000,0.000000,0.000000,-3657.000000,0.000000,0.000000
-300.000000,-300.000000,0.000000,0.000000,-3656.000000,0.000000,0.000000
-100.000000,0.000000,0.000000,0.000000,-3644.000000,0.000000,0.000000
200.000000,0.000000,0.000000,0.000000,-3638.000000,0.000000,0.000000
-100.000000,-100.000000,0.000000,0.000000,-3638.000000,0.000000,0.000000
0.000000,-100.000000,0.000000,0.000000,-3623.000000,0.000000,0.000000
0.000000,0.000000,0.000000,0.000000,-3611.000000,0.000000,0.000000
-200.000000,-200.000000,0.000000,0.000000,-3622.000000,0.000000,0.000000
-100.000000,-200.000000,0.000000,0.000000,-3610.000000,0.000000,0.000000
-100.000000,-200.000000,0.000000,0.000000,-3590.000000,0.000000,0.000000
-300.000000,0.000000,0.000000,0.000000,-3580.000000,0.000000,0.000000
-200.000000,-100.000000,0.000000,0.000000,-3558.000000,0.000000,0.000000
100.000000,100.000000,0.000000,0.000000,-3565.000000,0.000000,0.000000
100.000000,-300.000000,0.000000,0.000000,-3552.000000,0.000000,0.000000
-200.000000,-100.000000,156.000000,156.000000,-3555.000000,0.000000,0.000000
-300.000000,0.000000,0.000000,0.000000,-3559.000000,0.000000,0.000000
0.000000,0.000000,0.000000,0.000000,-3571.000000,0.000000,0.000000
200.000000,-100.000000,0.000000,0.000000,-3551.000000,0.000000,0.000000
-200.000000,-200.000000,0.000000,0.000000,-3529.000000,0.000000,0.000000
0.000000,0.000000,0.000000,0.000000,-3515.000000,0.000000,0.000000
-100.000000,-200.000000,0.000000,0.000000,-3514.000000,0.000000,0.000000
0.000000,0.000000,0.000000,0.000000,-3519.000000,0.000000,0.000000
0.000000,-200.000000,0.000000,0.000000,-3495.000000,0.000000,0.000000
0.000000,-100.000000,0.000000,0.000000,-3481.000000,0.000000,0.000000
-200.000000,-100.000000,0.000000,0.000000,-3479.000000,0.000000,0.000000
-100.000000,-200.000000,0.000000,0.000000,-3476.000000,0.000000,0.000000
-100.000000,0.000000,0.000000,0.000000,-3466.000000,0.000000,0.000000
-100.000000,-100.000000,0.000000,0.000000,-3462.000000,0.000000,0.000000
0.000000,-100.000000,0.000000,0.000000,-3451.000000,0.000000,0.000000
0.000000,-200.000000,0.000000,0.000000,-3446.000000,0.000000,0.000000
-200.000000,-200.000000,0.000000,0.000000,-3455.000000,0.000000,0.000000
-100.000000,-300.000000,0.000000,0.000000,-3454.000000,0.000000,0.000000
0.000000,-100.000000,0.000000,0.000000,-3443.000000,0.000000,0.000000
-100.000000,-100.000000,0.000000,0.000000,-3449.000000,0.000000,0.000000
-200.000000,-300.000000,0.000000,0.000000,-3460.000000,0.000000,0.000000
0.000000,200.000000,78.000000,78.000000,-3464.000000,0.000000,0.000000
-100.000000,0.000000,0.000000,0.000000,-3452.000000,0.000000,0.000000
-100.000000,-300.000000,0.000000,0.000000,-3450.000000,0.000000,0.000000
-100.000000,0.000000,0.000000,0.000000,-3463.000000,0.000000,0.000000
0.000000,-200.000000,0.000000,0.000000,-3473.000000,0.000000,0.000000
-100.000000,0.000000,0.000000,0.000000,-3464.000000,0.000000,0.000000
-100.000000,100.000000,0.000000,0.000000,-3463.000000,0.000000,0.000000
-200.000000,100.000000,0.000000,0.000000,-3454.000000,0.000000,0.000000
-100.000000,0.000000,0.000000,0.000000,-3449.000000,0.000000,0.000000
0.000000,0.000000,0.000000,0.000000,-3450.000000,0.000000,0.000000
0.000000,0.000000,0.000000,0.000000,-3447.000000,0.000000,0.000000
0.000000,-200.000000,0.000000,0.000000,-3451.000000,0.000000,0.000000
0.000000,-200.000000,0.000000,0.000000,-3463.000000,0.000000,0.000000
0.000000,-200.000000,0.000000,0.000000,-3469.000000,0.000000,0.000000
0.000000,0.000000,0.000000,0.000000,-3486.000000,0.000000,0.000000
100.000000,0.000000,0.000000,0.000000,-3491.000000,0.000000,0.000000
-100.000000,0.000000,0.000000,0.000000,-3503.000000,0.000000,0.000000
100.000000,-100.000000,0.000000,0.000000,-3501.000000,0.000000,0.000000
-100.000000,-100.000000,0.000000,0.000000,-3511.000000,0.000000,0.000000
0.000000,-200.000000,0.000000,0.000000,-3529.000000,0.000000,0.000000
-100.000000,0.000000,0.000000,0.000000,-3534.000000,0.000000,0.000000
100.000000,100.000000,0.000000,0.000000,-3541.000000,0.000000,0.000000
0.000000,0.000000,0.000000,0.000000,-3536.000000,0.000000,0.000000
0.000000,0.000000,0.000000,0.000000,-3532.000000,0.000000,0.000000
