Channel 1,Channel 2,Channel 3,Channel 4,Channel 5,Channel 6,Channel 7
0.000000,-100.000000,0.000000,0.000000,-4270.000000,0.000000,0.000000
-500.000000,0.000000,0.000000,0.000000,-4270.000000,0.000000,0.000000
-300.000000,-200.000000,0.000000,0.000000,-4264.000000,0.000000,0.000000
-100.000000,-300.000000,0.000000,0.000000,-4295.000000,0.000000,0.000000
-100.000000,0.000000,0.000000,0.000000,-4303.000000,0.000000,0.000000
0.000000,-200.000000,0.000000,0.000000,-4310.000000,0.000000,0.000000
0.000000,-100.000000,0.000000,0.000000,-4328.000000,0.000000,0.000000
-300.000000,100.000000,0.000000,0.000000,-4357.000000,0.000000,0.000000
0.000000,-100.000000,0.000000,0.000000,-4394.000000,0.000000,0.000000
-100.000000,-500.000000,0.000000,0.000000,-4416.000000,0.000000,0.000000
0.000000,0.000000,0.000000,0.000000,-4434.000000,0.000000,0.000000
0.000000,0.000000,0.000000,0.000000,-4463.000000,0.000000,0.000000
-100.000000,-200.000000,0.000000,0.000000,-4486.000000,0.000000,0.000000
-300.000000,0.000000,0.000000,0.000000,-4491.000000,0.000000,0.000000
100.000000,0.000000,0.000000,0.000000,-4507.000000,0.000000,0.000000
0.000000,-100.000000,0.000000,0.000000,-4538.000000,0.000000,0.000000
0.000000,-200.000000,0.000000,0.000000,-4564.000000,0.000000,0.000000
100.000000,0.000000,0.000000,0.000000,-4587.000000,0.000000,0.000000
0.000000,-100.000000,0.000000,0.000000,-4595.000000,0.000000,0.000000
0.000000,0.000000,0.000000,0.000000,-4605.000000,0.000000,0.000000
-100.000000,-200.000000,0.000000,0.000000,-4623.000000,0.000000,0.000000
0.000000,-100.000000,0.000000,0.000000,-4641.000000,0.000000,0.000000
-100.000000,-100.000000,0.000000,0.000000,-4656.000000,0.000000,0.000000
0.000000,0.000000,0.000000,0.000000,-4665.000000,0.000000,0.000000
0.000000,-100.000000,0.000000,0.000000,-4676.000000,0.000000,0.000000
0.000000,0.000000,0.000000,0.000000,-4677.000000,0.000000,0.000000
-100.000000,-200.000000,0.000000,0.000000,-4682.000000,0.000000,0.000000
0.000000,-100.000000,0.000000,0.000000,-4679.000000,0.000000,0.000000
-100.000000,-200.000000,0.000000,0.000000,-4660.000000,0.000000,0.000000
-100.000000,-100.000000,0.000000,0.000000,-4640.000000,0.000000,0.000000
-100.000000,-100.000000,0.000000,0.000000,-4615.000000,0.000000,0.000000
-200.000000,0.000000,0.000000,0.000000,-4596.000000,0.000000,0.000000
-100.000000,0.000000,0.000000,0.000000,-4584.000000,0.000000,0.000000
-100.000000,0.000000,0.000000,0.000000,-4552.000000,0.000000,0.000000
0.000000,-100.000000,0.000000,0.000000,-4530.000000,0.000000,0.000000
0.000000,0.000000,78.000000,78.000000,-4509.000000,0.000000,0.000000
0.000000,0.000000,0.000000,0.000000,-4486.000000,0.000000,0.000000
-100.000000,0.000000,0.000000,0.000000,-4457.000000,0.000000,0.000000
0.000000,100.000000,0.000000,0.000000,-4423.000000,0.000000,0.000000
0.000000,0.000000,0.000000,0.000000,-4387.000000,0.000000,0.000000
-100.000000,-100.000000,0.000000,0.000000,-4347.000000,0.000000,0.000000
-200.000000,0.000000,0.000000,0.000000,-4332.000000,0.000000,0.000000
-100.000000,0.000000,0.000000,0.000000,-4316.000000,0.000000,0.000000
0.000000,-100.000000,0.000000,0.000000,-4262.000000,0.000000,0.000000
0.000000,-300.000000,0.000000,0.000000,-4228.000000,0.000000,0.000000
-200.000000,-100.000000,0.000000,0.000000,-4188.000000,0.000000,0.000000
-100.000000,-200.000000,0.000000,0.000000,-4178.000000,0.000000,0.000000
-100.000000,0.000000,0.000000,0.000000,-4147.000000,0.000000,0.000000
-100.000000,100.000000,0.000000,0.000000,-4099.000000,0.000000,0.000000
-200.000000,-300.000000,0.000000,0.000000,-4070.000000,0.000000,0.000000
0.000000,0.000000,0.000000,0.000000,-4046.000000,0.000000,0.000000
-100.000000,0.000000,0.000000,0.000000,-4041.000000,0.000000,0.000000
-100.000000,-100.000000,0.000000,0.000000,-4037.000000,0.000000,0.000000
-100.000000,-300.000000,0.000000,0.000000,-4029.000000,0.000000,0.000000
0.000000,-300.000000,0.000000,0.000000,-4010.000000,0.000000,0.000000
-200.000000,-100.000000,156.000000,156.000000,-4000.000000,0.000000,0.000000
0.000000,-100.000000,0.000000,0.000000,-3989.000000,0.000000,0.000000
0.000000,0.000000,0.000000,0.000000,-3993.000000,0.000000,0.000000
-200.000000,-300.000000,0.000000,0.000000,-3999.000000,0.000000,0.000000
-100.000000,0.000000,0.000000,0.000000,-4007.000000,0.000000,0.000000
-100.000000,-100.000000,0.000000,0.000000,-4014.000000,0.000000,0.000000
-100.000000,0.000000,0.000000,0.000000,-4018.000000,0.000000,0.000000
0.000000,-100.000000,0.000000,0.000000,-4039.000000,0.000000,0.000000
-100.000000,0.000000,0.000000,0.000000,-4048.000000,0.000000,0.000000
0.000000,-200.000000,0.000000,0.000000,-4069.000000,0.000000,0.000000
-100.000000,0.000000,0.000000,0.000000,-4082.000000,0.000000,0.000000
-200.000000,-100.000000,0.000000,0.000000,-4105.000000,0.000000,0.000000
-200.000000,0.000000,0.000000,0.000000,-4135.000000,0.000000,0.000000
0.000000,100.000000,0.000000,0.000000,-4163.000000,0.000000,0.000000
-100.000000,-100.000000,0.000000,0.000000,-4188.000000,0.000000,0.000000
-300.000000,0.000000,0.000000,0.000000,-4206.000000,0.000000,0.000000
0.000000,0.000000,0.000000,0.000000,-4231.000000,0.000000,0.000000
-200.000000,-100.000000,0.000000,0.000000,-4255.000000,0.000000,0.000000
-200.000000,0.000000,156.000000,156.000000,-4288.000000,0.000000,0.000000
200.000000,0.000000,0.000000,0.000000,-4319.000000,0.000000,0.000000
-200.000000,0.000000,0.000000,0.000000,-4347.000000,0.000000,0.000000
-200.000000,100.000000,0.000000,0.000000,-4379.000000,0.000000,0.000000
-200.000000,100.000000,0.000000,0.000000,-4388.000000,0.000000,0.000000
-200.000000,100.000000,0.000000,0.000000,-4408.000000,0.000000,0.000000
-100.000000,100.000000,0.000000,0.000000,-4428.000000,0.000000,0.000000
0.000000,0.000000,0.000000,0.000000,-4437.000000,0.000000,0.000000
-100.000000,200.000000,0.000000,0.000000,-4450.000000,0.000000,0.000000
0.000000,-300.000000,0.000000,0.000000,-4467.000000,0.000000,0.000000
-200.000000,-200.000000,0.000000,0.000000,-4464.000000,0.000000,0.000000
-200.000000,-100.000000,0.000000,0.000000,-4465.000000,0.000000,0.000000
-100.000000,-200.000000,0.000000,0.000000,-4476.000000,0.000000,0.000000
-200.000000,0.000000,0.000000,0.000000,-4465.000000,0.000000,0.000000
-400.000000,-200.000000,0.000000,0.000000,-4473.000000,0.000000,0.000000
200.000000,-200.000000,0.000000,0.000000,-4478.000000,0.000000,0.000000
-200.000000,0.000000,0.000000,0.000000,-4484.000000,0.000000,0.000000
-200.000000,200.000000,0.000000,0.000000,-4489.000000,0.000000,0.000000
-100.000000,0.000000,0.000000,0.000000,-4490.000000,0.000000,0.000000
0.000000,-400.000000,0.000000,0.000000,-4477.000000,0.000000,0.000000
0.000000,0.000000,0.000000,0.000000,-4458.000000,0.000000,0.000000
-400.000000,0.000000,0.000000,0.000000,-4441.000000,0.000000,0.000000
-100.000000,-100.000000,0.000000,0.000000,-4430.000000,0.000000,0.000000
200.000000,0.000000,0.000000,0.000000,-4411.000000,0.000000,0.000000
100.000000,-200.000000,0.000000,0.000000,-4379.000000,0.000000,0.000000
0.000000,0.000000,0.000000,0.000000,-4356.000000,0.000000,0.000000
0.000000,-200.000000,0.000000,0.000000,-4351.000000,0.000000,0.000000
200.000000,0.000000,0.000000,0.000000,-4335.000000,0.000000,0.000000
-300.000000,0.000000,0.000000,0.000000,-4315.000000,0.000000,0.000000
-100.000000,0.000000,0.000000,0.000000,-4298.000000,0.000000,0.000000
-200.000000,0.000000,0.000000,0.000000,-4282.000000,0.000000,0.000000
-100.000000,0.000000,0.000000,0.000000,-4265.000000,0.000000,0.000000
0.000000,0.000000,0.000000,0.000000,-4249.000000,0.000000,0.000000
-100.000000,0.000000,0.000000,0.000000,-4223.000000,0.000000,0.000000
-100.000000,-100.000000,0.000000,0.000000,-4198.000000,0.000000,0.000000
0.000000,100.000000,0.000000,0.000000,-4174.000000,0.000000,0.000000
-200.000000,-100.000000,0.000000,0.000000,-4150.000000,0.000000,0.000000
0.000000,-100.000000,0.000000,0.000000,-4120.000000,0.000000,0.000000
0.000000,0.000000,0.000000,0.000000,-4111.000000,0.000000,0.000000
-100.000000,-300.000000,0.000000,0.000000,-4100.000000,0.000000,0.000000
0.000000,200.000000,0.000000,0.000000,-4087.000000,0.000000,0.000000
100.000000,0.000000,0.000000,0.000000,-4066.000000,0.000000,0.000000
0.000000,100.000000,0.000000,0.000000,-4061.000000,0.000000,0.000000
0.000000,0.000000,156.000000,156.000000,-4061.000000,0.000000,0.000000
200.000000,0.000000,0.000000,0.000000,-4065.000000,0.000000,0.000000
0.000000,0.000000,0.000000,0.000000,-4051.000000,0.000000,0.000000
-100.000000,-200.000000,0.000000,0.000000,-4058.000000,0.000000,0.000000
-200.000000,-100.000000,0.000000,0.000000,-4078.000000,0.000000,0.000000
0.000000,0.000000,0.000000,0.000000,-4089.000000,0.000000,0.000000
0.000000,0.000000,0.000000,0.000000,-4124.000000,0.000000,0.000000
-100.000000,100.000000,0.000000,0.000000,-4126.000000,0.000000,0.000000
-100.000000,-100.000000,0.000000,0.000000,-4139.000000,0.000000,0.000000
-200.000000,200.000000,0.000000,0.000000,-4151.000000,0.000000,0.000000
0.000000,0.000000,0.000000,0.000000,-4158.000000,0.000000,0.000000
0.000000,-200.000000,0.000000,0.000000,-4193.000000,0.000000,0.000000
0.000000,-100.000000,0.000000,0.000000,-4208.000000,0.000000,0.000000
-200.000000,0.000000,0.000000,0.000000,-4211.000000,0.000000,0.000000
-100.000000,-200.000000,0.000000,0.000000,-4230.000000,0.000000,0.000000
0.000000,-200.000000,0.000000,0.000000,-4260.000000,0.000000,0.000000
-100.000000,-100.000000,0.000000,0.000000,-4266.000000,0.000000,0.000000
100.000000,0.000000,0.000000,0.000000,-4277.000000,0.000000,0.000000
-100.000000,0.000000,0.000000,0.000000,-4297.000000,0.000000,0.000000
0.000000,0.000000,0.000000,0.000000,-4318.000000,0.000000,0.000000
0.000000,0.000000,78.000000,78.000000,-4335.000000,0.000000,0.000000
0.000000,-200.000000,0.000000,0.000000,-4341.000000,0.000000,0.000000
100.000000,-200.000000,0.000000,0.000000,-4357.000000,0.000000,0.000000
200.000000,-100.000000,0.000000,0.000000,-4357.000000,0.000000,0.000000
-100.000000,-100.000000,0.000000,0.000000,-4367.000000,0.000000,0.000000
0.000000,-100.000000,0.000000,0.000000,-4379.000000,0.000000,0.000000
0.000000,-100.000000,0.000000,0.000000,-4386.000000,0.000000,0.000000
0.000000,0.000000,156.000000,156.000000,-4398.000000,0.000000,0.000000
300.000000,-100.000000,0.000000,0.000000,-4406.000000,0.000000,0.000000
-100.000000,-100.000000,0.000000,0.000000,-4417.000000,0.000000,0.000000
-100.000000,-200.000000,0.000000,0.000000,-4419.000000,0.000000,0.000000
-200.000000,0.000000,0.000000,0.000000,-4424.000000,0.000000,0.000000
0.000000,100.000000,0.000000,0.000000,-4424.000000,0.000000,0.000000
0.000000,-300.000000,0.000000,0.000000,-4417.000000,0.000000,0.000000
-100.000000,-200.000000,0.000000,0.000000,-4410.000000,0.000000,0.000000
0.000000,0.000000,0.000000,0.000000,-4414.000000,0.000000,0.000000
0.000000,0.000000,0.000000,0.000000,-4411.000000,0.000000,0.000000
0.000000,-100.000000,20000.000000,20000.000000,-4379.000000,196.000000,0.000000
16200.000000,17900.000000,20000.000000,20000.000000,-4268.000000,2552.000000,2748.000000
19800.000000,17600.000000,20000.000000,20000.000000,-4049.000000,5890.000000,5890.000000
21800.000000,19300.000000,20000.000000,20000.000000,-3896.000000,4319.000000,4319.000000
20300.000000,22700.000000,20000.000000,20000.000000,-2325.000000,0.000000,196.000000
19300.000000,20000.000000,20000.000000,20000.000000,-1340.000000,-785.000000,-981.000000
18900.000000,18700.000000,20000.000000,20000.000000,-1355.000000,785.000000,1178.000000
15900.000000,19100.000000,20000.000000,20000.000000,-1183.000000,3926.000000,3534.000000
19600.000000,17800.000000,20000.000000,20000.000000,321.000000,5890.000000,4908.000000
21000.000000,18600.000000,20000.000000,20000.000000,2065.000000,6283.000000,5301.000000
20700.000000,19800.000000,20000.000000,20000.000000,3368.000000,3926.000000,3926.000000
22500.000000,21700.000000,20000.000000,20000.000000,4409.000000,1963.000000,2159.000000
18000.000000,21300.000000,20000.000000,20000.000000,4949.000000,2945.000000,3141.000000
21500.000000,20100.000000,20000.000000,20000.000000,5815.000000,5890.000000,5301.000000
20500.000000,17900.000000,20000.000000,20000.000000,7201.000000,8246.000000,7853.000000
21500.000000,21700.000000,20000.000000,20000.000000,9010.000000,8050.000000,7657.000000
21500.000000,20100.000000,20000.000000,20000.000000,10789.000000,5694.000000,5694.000000
18300.000000,22000.000000,20000.000000,20000.000000,12257.000000,4123.000000,4712.000000
21500.000000,21200.000000,20000.000000,20000.000000,13305.000000,5301.000000,5890.000000
20700.000000,19100.000000,20000.000000,20000.000000,14320.000000,7657.000000,7853.000000
20800.000000,18000.000000,20000.000000,20000.000000,15823.000000,9032.000000,8639.000000
18700.000000,21100.000000,20000.000000,20000.000000,17267.000000,9032.000000,8246.000000
18400.000000,19700.000000,20000.000000,20000.000000,19047.000000,7068.000000,6086.000000
21400.000000,19100.000000,20000.000000,20000.000000,20694.000000,5694.000000,5694.000000
21700.000000,18400.000000,20000.000000,20000.000000,21728.000000,6086.000000,7068.000000
17700.000000,19100.000000,20000.000000,20000.000000,22463.000000,8246.000000,8639.000000
18900.000000,18000.000000,20000.000000,20000.000000,24026.000000,10013.000000,9817.000000
19000.000000,19100.000000,20000.000000,20000.000000,25852.000000,9424.000000,8835.000000
18800.000000,22700.000000,20000.000000,20000.000000,27133.000000,7264.000000,7461.000000
19500.000000,21600.000000,20000.000000,20000.000000,28186.000000,5890.000000,6872.000000
17500.000000,18400.000000,20000.000000,20000.000000,28971.000000,7068.000000,6675.000000
18300.000000,18000.000000,20000.000000,20000.000000,29812.000000,8835.000000,8246.000000
18900.000000,21400.000000,20000.000000,20000.000000,30969.000000,9228.000000,8835.000000
21200.000000,19300.000000,20000.000000,20000.000000,32218.000000,8443.000000,8443.000000
19200.000000,19000.000000,20000.000000,20000.000000,32996.000000,7264.000000,7461.000000
22300.000000,20800.000000,20000.000000,20000.000000,33363.000000,6479.000000,6675.000000
18400.000000,20500.000000,20000.000000,20000.000000,33908.000000,6872.000000,6872.000000
20400.000000,20600.000000,20000.000000,20000.000000,34438.000000,8050.000000,8050.000000
18300.000000,18500.000000,20000.000000,20000.000000,34813.000000,8835.000000,8835.000000
20500.000000,18900.000000,20000.000000,20000.000000,35306.000000,8050.000000,7853.000000
18800.000000,19400.000000,20000.000000,20000.000000,35992.000000,6872.000000,6872.000000
22100.000000,18600.000000,20000.000000,20000.000000,36726.000000,6283.000000,6872.000000
17900.000000,18100.000000,20000.000000,20000.000000,36380.000000,6872.000000,7068.000000
18500.000000,18800.000000,20000.000000,20000.000000,36219.000000,8050.000000,6675.000000
19000.000000,18800.000000,20000.000000,20000.000000,36409.000000,8246.000000,7461.000000
21800.000000,19100.000000,20000.000000,20000.000000,36722.000000,7461.000000,7264.000000
18600.000000,19900.000000,20000.000000,20000.000000,36527.000000,6086.000000,7264.000000
19700.000000,18200.000000,20000.000000,20000.000000,35652.000000,6086.000000,7068.000000
18300.000000,19500.000000,20000.000000,20000.000000,35218.000000,6872.000000,6872.000000
20200.000000,18100.000000,20000.000000,20000.000000,34463.000000,7853.000000,7068.000000
19300.000000,-100.000000,0.000000,0.000000,34363.000000,7264.000000,6479.000000
100.000000,0.000000,0.000000,0.000000,34170.000000,2945.000000,3730.000000
0.000000,-100.000000,0.000000,0.000000,32703.000000,1570.000000,2945.000000
200.000000,-100.000000,0.000000,0.000000,31017.000000,1178.000000,2552.000000
0.000000,0.000000,0.000000,0.000000,30016.000000,2159.000000,2356.000000
0.000000,0.000000,0.000000,0.000000,29360.000000,4516.000000,3141.000000
0.000000,200.000000,0.000000,0.000000,27482.000000,6675.000000,4712.000000
0.000000,0.000000,0.000000,0.000000,24984.000000,6479.000000,5301.000000
300.000000,300.000000,0.000000,0.000000,23021.000000,6283.000000,4908.000000
0.000000,100.000000,0.000000,0.000000,21594.000000,5301.000000,5301.000000
-100.000000,100.000000,0.000000,0.000000,19943.000000,2159.000000,4712.000000
0.000000,-100.000000,0.000000,0.000000,17920.000000,-196.000000,4516.000000
-400.000000,0.000000,0.000000,0.000000,15559.000000,-589.000000,3141.000000
0.000000,0.000000,0.000000,0.000000,12728.000000,-785.000000,1374.000000
300.000000,100.000000,0.000000,0.000000,10620.000000,-589.000000,196.000000
200.000000,-100.000000,0.000000,0.000000,8261.000000,0.000000,589.000000
-200.000000,0.000000,0.000000,0.000000,5279.000000,785.000000,-196.000000
-100.000000,200.000000,0.000000,0.000000,2355.000000,1570.000000,392.000000
-100.000000,200.000000,0.000000,0.000000,-90.000000,1767.000000,0.000000
0.000000,100.000000,0.000000,0.000000,-3028.000000,1767.000000,196.000000
0.000000,300.000000,0.000000,0.000000,-5820.000000,1570.000000,196.000000
-100.000000,0.000000,0.000000,0.000000,-8850.000000,1570.000000,981.000000
100.000000,0.000000,0.000000,0.000000,-11604.000000,1374.000000,1963.000000
100.000000,0.000000,0.000000,0.000000,-14470.000000,1178.000000,2356.000000
200.000000,0.000000,0.000000,0.000000,-16795.000000,1178.000000,2356.000000
0.000000,0.000000,0.000000,0.000000,-18957.000000,981.000000,2159.000000
-100.000000,0.000000,0.000000,0.000000,-22026.000000,981.000000,2159.000000
-100.000000,100.000000,0.000000,0.000000,-24243.000000,1963.000000,2159.000000
-100.000000,0.000000,0.000000,0.000000,-26986.000000,3337.000000,2356.000000
0.000000,-100.000000,0.000000,0.000000,-28845.000000,4123.000000,3141.000000
0.000000,100.000000,0.000000,0.000000,-30707.000000,4123.000000,4123.000000
0.000000,-100.000000,0.000000,0.000000,-32877.000000,3926.000000,4712.000000
0.000000,0.000000,0.000000,0.000000,-35199.000000,3926.000000,4712.000000
0.000000,0.000000,0.000000,0.000000,-36517.000000,4123.000000,4712.000000
0.000000,0.000000,0.000000,0.000000,-37711.000000,4516.000000,4712.000000
0.000000,0.000000,0.000000,0.000000,-38517.000000,6086.000000,4908.000000
0.000000,100.000000,0.000000,0.000000,-39424.000000,7264.000000,5890.000000
0.000000,100.000000,0.000000,0.000000,-40155.000000,7461.000000,7264.000000
0.000000,0.000000,0.000000,0.000000,-40483.000000,7264.000000,8246.000000
0.000000,0.000000,0.000000,0.000000,-40488.000000,7068.000000,8050.000000
-100.000000,0.000000,0.000000,0.000000,-40600.000000,7264.000000,8050.000000
0.000000,100.000000,0.000000,0.000000,-40633.000000,8443.000000,8443.000000
0.000000,300.000000,0.000000,0.000000,-40299.000000,9817.000000,9228.000000
0.000000,100.000000,0.000000,0.000000,-39742.000000,10406.000000,9817.000000
0.000000,0.000000,0.000000,0.000000,-39195.000000,10406.000000,10406.000000
100.000000,300.000000,0.000000,0.000000,-38380.000000,10406.000000,10799.000000
0.000000,200.000000,0.000000,0.000000,-37498.000000,10406.000000,10602.000000
0.000000,-100.000000,0.000000,0.000000,-36809.000000,10995.000000,10210.000000
100.000000,200.000000,0.000000,0.000000,-35947.000000,12173.000000,10602.000000
-100.000000,0.000000,0.000000,0.000000,-34418.000000,12762.000000,12173.000000
100.000000,0.000000,0.000000,0.000000,-34121.000000,13155.000000,12566.000000
-100.000000,0.000000,0.000000,0.000000,-31987.000000,12762.000000,11977.000000
-300.000000,0.000000,0.000000,0.000000,-29118.000000,12762.000000,10995.000000
-200.000000,0.000000,0.000000,0.000000,-25847.000000,13351.000000,12370.000000
-200.000000,0.000000,0.000000,0.000000,-23410.000000,13940.000000,13351.000000
100.000000,0.000000,0.000000,0.000000,-21335.000000,14333.000000,13744.000000
-100.000000,0.000000,0.000000,0.000000,-18402.000000,14529.000000,13744.000000
200.000000,0.000000,0.000000,0.000000,-15438.000000,14137.000000,13351.000000
200.000000,300.000000,0.000000,0.000000,-12804.000000,14137.000000,13548.000000
100.000000,300.000000,0.000000,0.000000,-9461.000000,13940.000000,13548.000000
-100.000000,0.000000,0.000000,0.000000,-6783.000000,13744.000000,12762.000000
-200.000000,200.000000,0.000000,0.000000,-4628.000000,13744.000000,13744.000000
0.000000,0.000000,0.000000,0.000000,-2806.000000,13744.000000,14333.000000
0.000000,0.000000,0.000000,0.000000,-981.000000,13744.000000,16493.000000
100.000000,100.000000,0.000000,0.000000,1816.000000,13351.000000,12173.000000
0.000000,0.000000,0.000000,0.000000,3970.000000,13351.000000,12566.000000
-100.000000,-100.000000,0.000000,0.000000,6719.000000,13155.000000,12370.000000
0.000000,200.000000,0.000000,0.000000,9457.000000,12959.000000,12173.000000
0.000000,100.000000,0.000000,0.000000,11651.000000,12370.000000,11780.000000
-200.000000,100.000000,0.000000,0.000000,13317.000000,12173.000000,10406.000000
-100.000000,-100.000000,0.000000,0.000000,14466.000000,12173.000000,10995.000000
-100.000000,-100.000000,0.000000,0.000000,14864.000000,11584.000000,10406.000000
0.000000,0.000000,0.000000,0.000000,16633.000000,10602.000000,9424.000000
0.000000,200.000000,0.000000,0.000000,18007.000000,9228.000000,9032.000000
0.000000,-100.000000,0.000000,0.000000,18695.000000,8443.000000,9424.000000
0.000000,-100.000000,0.000000,0.000000,19105.000000,8246.000000,8835.000000
-200.000000,0.000000,0.000000,0.000000,19404.000000,7853.000000,8246.000000
-100.000000,300.000000,0.000000,0.000000,20058.000000,7657.000000,7657.000000
0.000000,0.000000,0.000000,0.000000,20521.000000,7657.000000,6675.000000
-300.000000,-100.000000,0.000000,0.000000,20475.000000,8050.000000,5497.000000
0.000000,-100.000000,0.000000,0.000000,20175.000000,8246.000000,5497.000000
0.000000,0.000000,0.000000,0.000000,20140.000000,7657.000000,6086.000000
200.000000,0.000000,0.000000,0.000000,20133.000000,7853.000000,5694.000000
0.000000,0.000000,0.000000,0.000000,19852.000000,7461.000000,5105.000000
0.000000,0.000000,0.000000,0.000000,19542.000000,6086.000000,5105.000000
0.000000,100.000000,0.000000,0.000000,19390.000000,4319.000000,4516.000000
0.000000,300.000000,0.000000,0.000000,18897.000000,3141.000000,4123.000000
0.000000,200.000000,0.000000,0.000000,17618.000000,2945.000000,3337.000000
-100.000000,0.000000,0.000000,0.000000,17127.000000,2356.000000,2356.000000
0.000000,-100.000000,0.000000,0.000000,15984.000000,2356.000000,1374.000000
-100.000000,200.000000,0.000000,0.000000,15347.000000,2552.000000,981.000000
0.000000,100.000000,0.000000,0.000000,12599.000000,1963.000000,785.000000
200.000000,0.000000,0.000000,0.000000,11316.000000,1570.000000,392.000000
0.000000,-100.000000,0.000000,0.000000,10006.000000,1570.000000,785.000000
200.000000,0.000000,0.000000,0.000000,8094.000000,1374.000000,196.000000
0.000000,100.000000,0.000000,0.000000,7956.000000,1570.000000,196.000000
-100.000000,0.000000,0.000000,0.000000,5568.000000,1178.000000,196.000000
200.000000,0.000000,0.000000,0.000000,4611.000000,981.000000,196.000000
-100.000000,100.000000,0.000000,0.000000,3055.000000,981.000000,392.000000
0.000000,0.000000,0.000000,0.000000,58.000000,785.000000,785.000000
0.000000,0.000000,0.000000,0.000000,-1529.000000,785.000000,981.000000
-100.000000,0.000000,0.000000,0.000000,-2822.000000,981.000000,981.000000
-100.000000,0.000000,0.000000,0.000000,-4709.000000,1374.000000,981.000000
0.000000,200.000000,0.000000,0.000000,-7381.000000,2159.000000,785.000000
0.000000,-100.000000,0.000000,0.000000,-9512.000000,2159.000000,589.000000
0.000000,0.000000,0.000000,0.000000,-11293.000000,1963.000000,785.000000
0.000000,0.000000,0.000000,0.000000,-13135.000000,1767.000000,589.000000
-100.000000,200.000000,0.000000,0.000000,-15004.000000,1570.000000,589.000000
0.000000,-100.000000,0.000000,0.000000,-16965.000000,1767.000000,1178.000000
100.000000,0.000000,0.000000,0.000000,-18801.000000,1374.000000,1374.000000
0.000000,0.000000,0.000000,0.000000,-20485.000000,1374.000000,1570.000000
-200.000000,-100.000000,0.000000,0.000000,-22031.000000,1374.000000,1570.000000
200.000000,200.000000,0.000000,0.000000,-23781.000000,2159.000000,1767.000000
-100.000000,0.000000,0.000000,0.000000,-25057.000000,3337.000000,1767.000000
-100.000000,0.000000,0.000000,0.000000,-26365.000000,3730.000000,2552.000000
0.000000,200.000000,0.000000,0.000000,-26204.000000,3926.000000,2748.000000
0.000000,300.000000,0.000000,0.000000,-29444.000000,3730.000000,3337.000000
-100.000000,100.000000,0.000000,0.000000,-32019.000000,3730.000000,3534.000000
0.000000,0.000000,0.000000,0.000000,-32456.000000,4319.000000,3926.000000
-100.000000,100.000000,0.000000,0.000000,-33025.000000,4908.000000,4319.000000
-100.000000,300.000000,0.000000,0.000000,-32451.000000,3926.000000,4516.000000
0.000000,0.000000,0.000000,0.000000,-33690.000000,-196.000000,5301.000000
0.000000,0.000000,0.000000,0.000000,-33253.000000,0.000000,4516.000000
-100.000000,0.000000,0.000000,0.000000,-31418.000000,196.000000,6479.000000
-100.000000,-400.000000,0.000000,0.000000,-31250.000000,-196.000000,6675.000000
0.000000,0.000000,0.000000,0.000000,-29908.000000,0.000000,6479.000000
0.000000,0.000000,0.000000,0.000000,-28560.000000,196.000000,6479.000000
-100.000000,0.000000,0.000000,0.000000,-26860.000000,-196.000000,7068.000000
-100.000000,0.000000,0.000000,0.000000,-26468.000000,196.000000,8050.000000
0.000000,100.000000,0.000000,0.000000,-25559.000000,0.000000,8443.000000
-100.000000,0.000000,0.000000,0.000000,-24015.000000,-196.000000,8246.000000
-100.000000,-100.000000,0.000000,0.000000,-23201.000000,196.000000,10406.000000
0.000000,0.000000,0.000000,0.000000,-22425.000000,0.000000,8050.000000
0.000000,0.000000,0.000000,0.000000,-20942.000000,-196.000000,7853.000000
100.000000,0.000000,0.000000,0.000000,-19647.000000,0.000000,8246.000000
100.000000,0.000000,0.000000,0.000000,-18036.000000,0.000000,8835.000000
0.000000,0.000000,0.000000,0.000000,-16628.000000,0.000000,9228.000000
0.000000,100.000000,0.000000,0.000000,-17215.000000,0.000000,9032.000000
0.000000,0.000000,0.000000,0.000000,-13353.000000,0.000000,8835.000000
100.000000,0.000000,0.000000,0.000000,-11256.000000,196.000000,9032.000000
0.000000,-200.000000,0.000000,0.000000,-8908.000000,-196.000000,9032.000000
-100.000000,0.000000,0.000000,0.000000,-8336.000000,196.000000,9228.000000
0.000000,200.000000,0.000000,0.000000,-6025.000000,0.000000,8443.000000
0.000000,0.000000,0.000000,0.000000,-4249.000000,-196.000000,8443.000000
-100.000000,200.000000,0.000000,0.000000,-3917.000000,196.000000,9032.000000
100.000000,100.000000,0.000000,0.000000,-1997.000000,0.000000,8639.000000
0.000000,0.000000,0.000000,0.000000,752.000000,-196.000000,8639.000000
0.000000,0.000000,0.000000,0.000000,1659.000000,196.000000,7657.000000
200.000000,0.000000,0.000000,0.000000,2519.000000,-196.000000,7264.000000
100.000000,0.000000,0.000000,0.000000,4091.000000,0.000000,6872.000000
100.000000,0.000000,0.000000,0.000000,4699.000000,196.000000,7264.000000
-200.000000,0.000000,0.000000,0.000000,5428.000000,-196.000000,7657.000000
0.000000,100.000000,0.000000,0.000000,6399.000000,196.000000,7657.000000
0.000000,300.000000,0.000000,0.000000,7254.000000,0.000000,7657.000000
0.000000,0.000000,0.000000,0.000000,8367.000000,0.000000,7461.000000
0.000000,100.000000,0.000000,0.000000,9565.000000,-196.000000,7264.000000
-100.000000,0.000000,0.000000,0.000000,10249.000000,196.000000,6675.000000
-100.000000,0.000000,0.000000,0.000000,10586.000000,0.000000,6479.000000
0.000000,200.000000,0.000000,0.000000,12212.000000,-196.000000,6283.000000
0.000000,0.000000,0.000000,0.000000,11024.000000,196.000000,5890.000000
100.000000,0.000000,0.000000,0.000000,11059.000000,-196.000000,5694.000000
-200.000000,100.000000,0.000000,0.000000,11899.000000,0.000000,5301.000000
200.000000,0.000000,78.000000,78.000000,12410.000000,196.000000,4712.000000
-800.000000,700.000000,0.000000,0.000000,12536.000000,0.000000,4319.000000
0.000000,-100.000000,0.000000,0.000000,12848.000000,0.000000,3926.000000
0.000000,100.000000,0.000000,0.000000,13610.000000,-196.000000,3141.000000
0.000000,100.000000,0.000000,0.000000,12947.000000,0.000000,2748.000000
0.000000,-100.000000,0.000000,0.000000,12721.000000,0.000000,2552.000000
0.000000,-200.000000,0.000000,0.000000,12888.000000,196.000000,2748.000000
-300.000000,200.000000,0.000000,0.000000,13510.000000,-196.000000,2748.000000
0.000000,300.000000,0.000000,0.000000,13140.000000,196.000000,2748.000000
-100.000000,0.000000,0.000000,0.000000,14268.000000,-196.000000,2159.000000
0.000000,-100.000000,0.000000,0.000000,13641.000000,196.000000,3926.000000
0.000000,200.000000,0.000000,0.000000,13986.000000,-196.000000,1570.000000
0.000000,300.000000,0.000000,0.000000,13534.000000,196.000000,1570.000000
0.000000,0.000000,0.000000,0.000000,12787.000000,0.000000,981.000000
-200.000000,0.000000,0.000000,0.000000,11374.000000,-196.000000,981.000000
300.000000,0.000000,0.000000,0.000000,9988.000000,0.000000,981.000000
0.000000,0.000000,0.000000,0.000000,8629.000000,196.000000,589.000000
-100.000000,200.000000,0.000000,0.000000,7781.000000,-196.000000,589.000000
-200.000000,100.000000,0.000000,0.000000,6731.000000,0.000000,392.000000
-200.000000,0.000000,0.000000,0.000000,5665.000000,196.000000,392.000000
-200.000000,100.000000,0.000000,0.000000,3879.000000,0.000000,196.000000
-200.000000,200.000000,156.000000,156.000000,2099.000000,-196.000000,196.000000
-100.000000,100.000000,0.000000,0.000000,727.000000,196.000000,0.000000
0.000000,100.000000,0.000000,0.000000,-567.000000,-196.000000,0.000000
-100.000000,100.000000,0.000000,0.000000,-2187.000000,0.000000,0.000000
0.000000,0.000000,0.000000,0.000000,-3750.000000,196.000000,0.000000
100.000000,-200.000000,0.000000,0.000000,-5185.000000,0.000000,0.000000
0.000000,0.000000,0.000000,0.000000,-6726.000000,-196.000000,0.000000
100.000000,300.000000,0.000000,0.000000,-5402.000000,196.000000,196.000000
0.000000,200.000000,0.000000,0.000000,-4538.000000,-196.000000,0.000000
-100.000000,200.000000,0.000000,0.000000,-5562.000000,196.000000,0.000000
0.000000,0.000000,0.000000,0.000000,-5629.000000,-196.000000,196.000000
0.000000,0.000000,0.000000,0.000000,-7365.000000,196.000000,392.000000
0.000000,0.000000,0.000000,0.000000,-7725.000000,0.000000,981.000000
0.000000,100.000000,156.000000,156.000000,-8802.000000,-196.000000,1374.000000
0.000000,200.000000,0.000000,0.000000,-9538.000000,0.000000,1374.000000
-100.000000,0.000000,0.000000,0.000000,-11279.000000,0.000000,1570.000000
-100.000000,100.000000,0.000000,0.000000,-12136.000000,0.000000,1374.000000
0.000000,-300.000000,0.000000,0.000000,-12809.000000,0.000000,1374.000000
-300.000000,100.000000,0.000000,0.000000,-13722.000000,0.000000,1767.000000
-100.000000,300.000000,0.000000,0.000000,-15464.000000,0.000000,2356.000000
0.000000,-100.000000,0.000000,0.000000,-15803.000000,196.000000,2945.000000
-300.000000,0.000000,0.000000,0.000000,-15491.000000,0.000000,2748.000000
0.000000,0.000000,0.000000,0.000000,-16158.000000,0.000000,2748.000000
-100.000000,-100.000000,0.000000,0.000000,-16041.000000,-196.000000,3141.000000
0.000000,100.000000,0.000000,0.000000,-15365.000000,0.000000,2945.000000
0.000000,0.000000,0.000000,0.000000,-15182.000000,0.000000,3730.000000
-100.000000,100.000000,0.000000,0.000000,-15431.000000,0.000000,3926.000000
0.000000,-100.000000,0.000000,0.000000,-15542.000000,196.000000,4123.000000
-100.000000,-100.000000,0.000000,0.000000,-14788.000000,0.000000,4319.000000
-100.000000,0.000000,0.000000,0.000000,-15013.000000,0.000000,4516.000000
-300.000000,0.000000,0.000000,0.000000,-14114.000000,-196.000000,4123.000000
0.000000,200.000000,0.000000,0.000000,-13743.000000,0.000000,4516.000000
-100.000000,0.000000,0.000000,0.000000,-12862.000000,0.000000,4516.000000
-100.000000,0.000000,0.000000,0.000000,-12153.000000,0.000000,5105.000000
100.000000,200.000000,0.000000,0.000000,-10749.000000,196.000000,5497.000000
100.000000,-100.000000,0.000000,0.000000,-9735.000000,0.000000,5497.000000
-100.000000,100.000000,0.000000,0.000000,-8559.000000,0.000000,5497.000000
0.000000,100.000000,0.000000,0.000000,-9911.000000,0.000000,5105.000000
-100.000000,0.000000,0.000000,0.000000,-9522.000000,0.000000,5105.000000
-200.000000,300.000000,0.000000,0.000000,-9257.000000,196.000000,4908.000000
0.000000,0.000000,0.000000,0.000000,-8065.000000,-196.000000,4908.000000
-100.000000,-100.000000,0.000000,0.000000,-6870.000000,196.000000,5497.000000
-100.000000,0.000000,0.000000,0.000000,-5897.000000,0.000000,5694.000000
0.000000,0.000000,0.000000,0.000000,-5189.000000,-196.000000,5694.000000
-100.000000,-100.000000,0.000000,0.000000,-4322.000000,0.000000,5105.000000
0.000000,0.000000,0.000000,0.000000,-3106.000000,0.000000,4908.000000
-200.000000,0.000000,0.000000,0.000000,-2156.000000,0.000000,4516.000000
0.000000,-100.000000,0.000000,0.000000,-1034.000000,196.000000,4712.000000
-100.000000,0.000000,0.000000,0.000000,-361.000000,-196.000000,4712.000000
0.000000,0.000000,0.000000,0.000000,217.000000,196.000000,4516.000000
-200.000000,0.000000,156.000000,156.000000,978.000000,-196.000000,4319.000000
-200.000000,300.000000,0.000000,0.000000,1632.000000,196.000000,4319.000000
-100.000000,200.000000,0.000000,0.000000,2144.000000,0.000000,4319.000000
0.000000,-100.000000,0.000000,0.000000,2479.000000,-196.000000,4516.000000
-100.000000,-300.000000,0.000000,0.000000,2897.000000,196.000000,4516.000000
-100.000000,0.000000,0.000000,0.000000,3370.000000,0.000000,4123.000000
-100.000000,100.000000,0.000000,0.000000,3725.000000,196.000000,3730.000000
0.000000,300.000000,0.000000,0.000000,3984.000000,-196.000000,3337.000000
0.000000,400.000000,0.000000,0.000000,4214.000000,0.000000,3337.000000
0.000000,200.000000,0.000000,0.000000,4604.000000,196.000000,3337.000000
-100.000000,300.000000,0.000000,0.000000,4826.000000,0.000000,3534.000000
0.000000,-100.000000,0.000000,0.000000,4814.000000,0.000000,3141.000000
0.000000,0.000000,0.000000,0.000000,4983.000000,0.000000,3141.000000
0.000000,0.000000,0.000000,0.000000,5161.000000,-196.000000,2748.000000
0.000000,300.000000,0.000000,0.000000,4937.000000,0.000000,2748.000000
-100.000000,100.000000,0.000000,0.000000,4717.000000,0.000000,2356.000000
-200.000000,0.000000,0.000000,0.000000,4412.000000,196.000000,2356.000000
0.000000,0.000000,0.000000,0.000000,3979.000000,0.000000,1963.000000
-200.000000,200.000000,0.000000,0.000000,3352.000000,0.000000,1767.000000
0.000000,200.000000,0.000000,0.000000,3133.000000,0.000000,1767.000000
0.000000,100.000000,0.000000,0.000000,2729.000000,0.000000,1374.000000
0.000000,200.000000,0.000000,0.000000,2099.000000,-196.000000,1374.000000
0.000000,300.000000,0.000000,0.000000,1629.000000,196.000000,1178.000000
0.000000,0.000000,0.000000,0.000000,1066.000000,0.000000,981.000000
-200.000000,0.000000,0.000000,0.000000,2119.000000,-196.000000,785.000000
-200.000000,-100.000000,0.000000,0.000000,1253.000000,0.000000,981.000000
-200.000000,200.000000,0.000000,0.000000,340.000000,196.000000,785.000000
0.000000,200.000000,0.000000,0.000000,1201.000000,-196.000000,785.000000
-100.000000,200.000000,0.000000,0.000000,349.000000,0.000000,981.000000
0.000000,0.000000,78.000000,78.000000,79.000000,196.000000,981.000000
300.000000,0.000000,0.000000,0.000000,-1070.000000,0.000000,981.000000
-300.000000,200.000000,0.000000,0.000000,-1858.000000,-196.000000,785.000000
-400.000000,-100.000000,0.000000,0.000000,-2624.000000,196.000000,589.000000
100.000000,0.000000,0.000000,0.000000,-3352.000000,-196.000000,392.000000
-300.000000,-100.000000,0.000000,0.000000,-4225.000000,0.000000,392.000000
-200.000000,0.000000,0.000000,0.000000,-5366.000000,0.000000,196.000000
-100.000000,-100.000000,0.000000,0.000000,-5456.000000,196.000000,0.000000
-100.000000,-100.000000,0.000000,0.000000,-5975.000000,-196.000000,0.000000
100.000000,0.000000,0.000000,0.000000,-6977.000000,0.000000,0.000000
-100.000000,-200.000000,0.000000,0.000000,-7635.000000,0.000000,0.000000
0.000000,0.000000,0.000000,0.000000,-8430.000000,196.000000,0.000000
-100.000000,0.000000,0.000000,0.000000,-9085.000000,-196.000000,0.000000
0.000000,0.000000,0.000000,0.000000,-9894.000000,196.000000,0.000000
0.000000,200.000000,0.000000,0.000000,-10160.000000,0.000000,0.000000
0.000000,0.000000,0.000000,0.000000,-10622.000000,0.000000,0.000000
0.000000,0.000000,0.000000,0.000000,-13068.000000,-196.000000,196.000000
0.000000,0.000000,0.000000,0.000000,-14516.000000,0.000000,981.000000
-100.000000,0.000000,0.000000,0.000000,-14093.000000,196.000000,981.000000
0.000000,-200.000000,0.000000,0.000000,-15189.000000,-196.000000,1963.000000
0.000000,0.000000,0.000000,0.000000,-15316.000000,196.000000,1963.000000
0.000000,100.000000,0.000000,0.000000,-14721.000000,0.000000,1963.000000
-200.000000,0.000000,0.000000,0.000000,-14636.000000,-196.000000,1767.000000
0.000000,100.000000,0.000000,0.000000,-13514.000000,196.000000,1570.000000
-200.000000,0.000000,0.000000,0.000000,-14349.000000,-196.000000,1570.000000
0.000000,200.000000,0.000000,0.000000,-13948.000000,0.000000,1374.000000
-400.000000,200.000000,0.000000,0.000000,-14327.000000,0.000000,1178.000000
-200.000000,-100.000000,0.000000,0.000000,-14021.000000,0.000000,1570.000000
-100.000000,100.000000,0.000000,0.000000,-13055.000000,0.000000,1767.000000
0.000000,100.000000,0.000000,0.000000,-13047.000000,196.000000,2356.000000
-400.000000,100.000000,0.000000,0.000000,-12395.000000,0.000000,2552.000000
-100.000000,-100.000000,0.000000,0.000000,-12284.000000,0.000000,2356.000000
-100.000000,0.000000,0.000000,0.000000,-10945.000000,0.000000,2356.000000
-300.000000,0.000000,0.000000,0.000000,-10738.000000,0.000000,2356.000000
-300.000000,0.000000,0.000000,0.000000,-10729.000000,-196.000000,1963.000000
-200.000000,-100.000000,0.000000,0.000000,-10567.000000,0.000000,2159.000000
0.000000,100.000000,0.000000,0.000000,-9736.000000,0.000000,2159.000000
0.000000,-100.000000,0.000000,0.000000,-9907.000000,0.000000,2552.000000
0.000000,0.000000,0.000000,0.000000,-9094.000000,0.000000,2945.000000
-300.000000,300.000000,0.000000,0.000000,-8374.000000,196.000000,3141.000000
0.000000,0.000000,0.000000,0.000000,-8009.000000,0.000000,2945.000000
-100.000000,0.000000,0.000000,0.000000,-7629.000000,0.000000,3141.000000
0.000000,0.000000,0.000000,0.000000,-6668.000000,0.000000,2945.000000
0.000000,100.000000,0.000000,0.000000,-6037.000000,0.000000,2552.000000
-100.000000,300.000000,0.000000,0.000000,-5985.000000,-196.000000,2356.000000
100.000000,0.000000,0.000000,0.000000,-5396.000000,0.000000,2159.000000
0.000000,0.000000,0.000000,0.000000,-4754.000000,196.000000,2356.000000
100.000000,-100.000000,0.000000,0.000000,-3969.000000,0.000000,2552.000000
0.000000,-100.000000,0.000000,0.000000,-3507.000000,-196.000000,2552.000000
0.000000,200.000000,0.000000,0.000000,-2644.000000,0.000000,2552.000000
0.000000,0.000000,0.000000,0.000000,-2342.000000,0.000000,2552.000000
-200.000000,0.000000,0.000000,0.000000,-2023.000000,196.000000,2552.000000
0.000000,100.000000,0.000000,0.000000,-1314.000000,-196.000000,2552.000000
0.000000,-100.000000,0.000000,0.000000,-763.000000,196.000000,2552.000000
-100.000000,0.000000,0.000000,0.000000,-412.000000,0.000000,2356.000000
-200.000000,-100.000000,0.000000,0.000000,-164.000000,-196.000000,2356.000000
-100.000000,-200.000000,0.000000,0.000000,178.000000,196.000000,2159.000000
-200.000000,0.000000,0.000000,0.000000,574.000000,0.000000,2356.000000
-300.000000,-100.000000,0.000000,0.000000,779.000000,0.000000,1963.000000
-200.000000,100.000000,0.000000,0.000000,992.000000,0.000000,1963.000000
0.000000,0.000000,0.000000,0.000000,1325.000000,-196.000000,1767.000000
-200.000000,0.000000,0.000000,0.000000,1570.000000,0.000000,1767.000000
0.000000,0.000000,78.000000,78.000000,1656.000000,196.000000,1570.000000
-300.000000,-100.000000,0.000000,0.000000,1711.000000,-196.000000,1374.000000
-200.000000,200.000000,0.000000,0.000000,1816.000000,0.000000,1374.000000
200.000000,0.000000,0.000000,0.000000,1593.000000,0.000000,1767.000000
100.000000,0.000000,0.000000,0.000000,1291.000000,196.000000,589.000000
0.000000,0.000000,0.000000,0.000000,883.000000,0.000000,785.000000
0.000000,200.000000,0.000000,0.000000,442.000000,0.000000,785.000000
-100.000000,0.000000,0.000000,0.000000,870.000000,0.000000,589.000000
0.000000,100.000000,0.000000,0.000000,450.000000,-196.000000,196.000000
200.000000,-100.000000,0.000000,0.000000,-14.000000,196.000000,0.000000
0.000000,-200.000000,0.000000,0.000000,126.000000,-196.000000,0.000000
0.000000,200.000000,0.000000,0.000000,-249.000000,0.000000,0.000000
-300.000000,0.000000,0.000000,0.000000,-2689.000000,196.000000,0.000000
-100.000000,-100.000000,0.000000,0.000000,-3717.000000,0.000000,0.000000
0.000000,-100.000000,0.000000,0.000000,-3419.000000,-196.000000,-196.000000
-300.000000,0.000000,0.000000,0.000000,-3727.000000,196.000000,196.000000
0.000000,0.000000,0.000000,0.000000,-3983.000000,-196.000000,-196.000000
0.000000,0.000000,0.000000,0.000000,-4178.000000,196.000000,0.000000
0.000000,-100.000000,0.000000,0.000000,-4509.000000,-196.000000,0.000000
0.000000,0.000000,0.000000,0.000000,-4966.000000,0.000000,-196.000000
-300.000000,300.000000,0.000000,0.000000,-5584.000000,0.000000,0.000000
0.000000,0.000000,0.000000,0.000000,-6098.000000,0.000000,-785.000000
0.000000,100.000000,0.000000,0.000000,-6427.000000,0.000000,-1374.000000
0.000000,-100.000000,0.000000,0.000000,-6927.000000,0.000000,-1570.000000
0.000000,300.000000,0.000000,0.000000,-6934.000000,0.000000,-1374.000000
100.000000,200.000000,0.000000,0.000000,-7532.000000,0.000000,-981.000000
-300.000000,0.000000,0.000000,0.000000,-8171.000000,0.000000,-1178.000000
100.000000,200.000000,0.000000,0.000000,-10384.000000,0.000000,-785.000000
300.000000,0.000000,0.000000,0.000000,-11276.000000,0.000000,-589.000000
0.000000,100.000000,0.000000,0.000000,-11156.000000,0.000000,-392.000000
0.000000,-100.000000,0.000000,0.000000,-11281.000000,0.000000,-589.000000
0.000000,200.000000,0.000000,0.000000,-11176.000000,0.000000,0.000000
-100.000000,0.000000,0.000000,0.000000,-11473.000000,0.000000,196.000000
0.000000,0.000000,0.000000,0.000000,-12148.000000,0.000000,0.000000
0.000000,-100.000000,0.000000,0.000000,-12269.000000,0.000000,-196.000000
0.000000,0.000000,0.000000,0.000000,-13685.000000,0.000000,-196.000000
0.000000,0.000000,0.000000,0.000000,-14035.000000,0.000000,-392.000000
200.000000,-300.000000,0.000000,0.000000,-13752.000000,0.000000,-392.000000
200.000000,-200.000000,78.000000,78.000000,-13915.000000,196.000000,-196.000000
-100.000000,0.000000,0.000000,0.000000,-14494.000000,0.000000,196.000000
-300.000000,0.000000,0.000000,0.000000,-14968.000000,-196.000000,0.000000
0.000000,0.000000,0.000000,0.000000,-14345.000000,196.000000,-196.000000
0.000000,0.000000,0.000000,0.000000,-14333.000000,-196.000000,-196.000000
0.000000,100.000000,0.000000,0.000000,-14580.000000,196.000000,196.000000
0.000000,100.000000,0.000000,0.000000,-14166.000000,0.000000,196.000000
-100.000000,100.000000,0.000000,0.000000,-14103.000000,-196.000000,0.000000
100.000000,0.000000,0.000000,0.000000,-14031.000000,0.000000,0.000000
100.000000,200.000000,0.000000,0.000000,-13787.000000,0.000000,0.000000
-100.000000,0.000000,0.000000,0.000000,-13333.000000,0.000000,0.000000
0.000000,-200.000000,0.000000,0.000000,-13230.000000,0.000000,0.000000
-200.000000,-300.000000,0.000000,0.000000,-12537.000000,196.000000,196.000000
-300.000000,0.000000,0.000000,0.000000,-12150.000000,0.000000,589.000000
0.000000,0.000000,0.000000,0.000000,-11927.000000,0.000000,1178.000000
0.000000,-100.000000,0.000000,0.000000,-11386.000000,0.000000,1570.000000
0.000000,-400.000000,0.000000,0.000000,-10928.000000,0.000000,1570.000000
200.000000,-100.000000,0.000000,0.000000,-10547.000000,-196.000000,1570.000000
-200.000000,0.000000,0.000000,0.000000,-10112.000000,0.000000,1374.000000
-100.000000,0.000000,0.000000,0.000000,-9528.000000,196.000000,1178.000000
200.000000,-100.000000,0.000000,0.000000,-8958.000000,0.000000,1178.000000
200.000000,0.000000,0.000000,0.000000,-8532.000000,-196.000000,981.000000
-100.000000,0.000000,0.000000,0.000000,-8088.000000,0.000000,785.000000
-100.000000,-300.000000,0.000000,0.000000,-7551.000000,196.000000,785.000000
-100.000000,100.000000,0.000000,0.000000,-6929.000000,0.000000,785.000000
-200.000000,-400.000000,0.000000,0.000000,-6514.000000,0.000000,981.000000
-300.000000,-300.000000,0.000000,0.000000,-6072.000000,0.000000,1374.000000
100.000000,-300.000000,0.000000,0.000000,-5453.000000,0.000000,1374.000000
-100.000000,100.000000,0.000000,0.000000,-4866.000000,0.000000,1374.000000
100.000000,0.000000,0.000000,0.000000,-4528.000000,-196.000000,1374.000000
0.000000,300.000000,0.000000,0.000000,-4105.000000,0.000000,1178.000000
-100.000000,-100.000000,0.000000,0.000000,-3740.000000,0.000000,1178.000000
0.000000,0.000000,0.000000,0.000000,-3320.000000,196.000000,981.000000
-100.000000,200.000000,0.000000,0.000000,-3036.000000,0.000000,785.000000
0.000000,300.000000,0.000000,0.000000,-2669.000000,-196.000000,785.000000
0.000000,-100.000000,0.000000,0.000000,-2285.000000,0.000000,589.000000
0.000000,0.000000,0.000000,0.000000,-1975.000000,196.000000,589.000000
0.000000,0.000000,0.000000,0.000000,-1814.000000,0.000000,196.000000
-100.000000,-300.000000,0.000000,0.000000,-1562.000000,0.000000,392.000000
100.000000,0.000000,0.000000,0.000000,-1326.000000,0.000000,392.000000
100.000000,-200.000000,78.000000,78.000000,-1178.000000,-196.000000,196.000000
100.000000,200.000000,0.000000,0.000000,-1075.000000,196.000000,196.000000
0.000000,-500.000000,0.000000,0.000000,-878.000000,-196.000000,196.000000
-100.000000,100.000000,0.000000,0.000000,-760.000000,196.000000,0.000000
0.000000,400.000000,0.000000,0.000000,-835.000000,0.000000,0.000000
100.000000,-100.000000,0.000000,0.000000,-838.000000,0.000000,0.000000
-200.000000,0.000000,0.000000,0.000000,-799.000000,0.000000,0.000000
0.000000,-100.000000,0.000000,0.000000,-856.000000,0.000000,0.000000
0.000000,-100.000000,0.000000,0.000000,-931.000000,0.000000,0.000000
100.000000,0.000000,0.000000,0.000000,-1117.000000,0.000000,0.000000
-100.000000,-100.000000,0.000000,0.000000,-1158.000000,0.000000,0.000000
-100.000000,100.000000,78.000000,78.000000,-1308.000000,0.000000,0.000000
0.000000,-100.000000,155.000000,156.000000,-539.000000,0.000000,0.000000
0.000000,0.000000,0.000000,0.000000,-600.000000,0.000000,0.000000
0.000000,-100.000000,0.000000,0.000000,-284.000000,-196.000000,-196.000000
-300.000000,-100.000000,0.000000,0.000000,-479.000000,0.000000,0.000000
-400.000000,200.000000,0.000000,0.000000,-662.000000,0.000000,0.000000
0.000000,0.000000,0.000000,0.000000,-899.000000,196.000000,-196.000000
-100.000000,0.000000,0.000000,0.000000,-1007.000000,0.000000,-785.000000
0.000000,300.000000,0.000000,0.000000,-1370.000000,-196.000000,-1178.000000
100.000000,0.000000,0.000000,0.000000,-1787.000000,196.000000,-1178.000000
0.000000,0.000000,0.000000,0.000000,-2077.000000,0.000000,-1178.000000
-100.000000,0.000000,0.000000,0.000000,-2503.000000,-196.000000,-1178.000000
100.000000,0.000000,0.000000,0.000000,-2988.000000,0.000000,-785.000000
0.000000,200.000000,0.000000,0.000000,-3488.000000,0.000000,-785.000000
0.000000,200.000000,0.000000,0.000000,-3780.000000,196.000000,-785.000000
-100.000000,200.000000,0.000000,0.000000,-4045.000000,-196.000000,-392.000000
0.000000,-300.000000,0.000000,0.000000,-4129.000000,0.000000,-392.000000
-200.000000,200.000000,0.000000,0.000000,-4509.000000,196.000000,-589.000000
0.000000,200.000000,0.000000,0.000000,-4813.000000,0.000000,-785.000000
-100.000000,0.000000,0.000000,0.000000,-4998.000000,0.000000,-785.000000
0.000000,100.000000,0.000000,0.000000,-5159.000000,-196.000000,-785.000000
0.000000,-100.000000,0.000000,0.000000,-5568.000000,0.000000,-785.000000
0.000000,300.000000,0.000000,0.000000,-5879.000000,0.000000,-392.000000
100.000000,-100.000000,0.000000,0.000000,-6060.000000,196.000000,-392.000000
100.000000,0.000000,0.000000,0.000000,-6310.000000,0.000000,-392.000000
-100.000000,100.000000,0.000000,0.000000,-6402.000000,0.000000,-196.000000
0.000000,0.000000,0.000000,0.000000,-6922.000000,0.000000,0.000000
200.000000,200.000000,0.000000,0.000000,-7284.000000,-196.000000,0.000000
0.000000,-300.000000,0.000000,0.000000,-7392.000000,0.000000,-196.000000
-100.000000,-100.000000,0.000000,0.000000,-7346.000000,0.000000,-196.000000
-100.000000,0.000000,0.000000,0.000000,-7227.000000,0.000000,-196.000000
-100.000000,-300.000000,0.000000,0.000000,-7181.000000,0.000000,0.000000
-300.000000,-100.000000,0.000000,0.000000,-7155.000000,0.000000,-196.000000
-300.000000,-200.000000,0.000000,0.000000,-7045.000000,196.000000,196.000000
-200.000000,200.000000,0.000000,0.000000,-6866.000000,0.000000,0.000000
0.000000,0.000000,0.000000,0.000000,-6631.000000,0.000000,0.000000
0.000000,0.000000,0.000000,0.000000,-6669.000000,0.000000,0.000000
0.000000,100.000000,0.000000,0.000000,-6498.000000,0.000000,0.000000
0.000000,-300.000000,0.000000,0.000000,-6301.000000,0.000000,0.000000
0.000000,100.000000,0.000000,0.000000,-6166.000000,0.000000,196.000000
-300.000000,-100.000000,0.000000,0.000000,-5976.000000,0.000000,0.000000
0.000000,0.000000,0.000000,0.000000,-5708.000000,0.000000,0.000000
0.000000,-100.000000,0.000000,0.000000,-5489.000000,0.000000,0.000000
-100.000000,-100.000000,0.000000,0.000000,-5317.000000,0.000000,0.000000
0.000000,-200.000000,0.000000,0.000000,-5124.000000,0.000000,0.000000
0.000000,100.000000,0.000000,0.000000,-4788.000000,-196.000000,0.000000
0.000000,-200.000000,0.000000,0.000000,-4560.000000,0.000000,0.000000
-200.000000,-100.000000,0.000000,0.000000,-4391.000000,196.000000,0.000000
-100.000000,0.000000,0.000000,0.000000,-4196.000000,0.000000,0.000000
0.000000,0.000000,0.000000,0.000000,-3944.000000,0.000000,0.000000
-100.000000,-100.000000,0.000000,0.000000,-3717.000000,0.000000,196.000000
-300.000000,-300.000000,0.000000,0.000000,-3560.000000,-196.000000,0.000000
-200.000000,100.000000,0.000000,0.000000,-3366.000000,0.000000,0.000000
0.000000,300.000000,0.000000,0.000000,-3172.000000,196.000000,0.000000
0.000000,100.000000,0.000000,0.000000,-3024.000000,0.000000,0.000000
-100.000000,300.000000,0.000000,0.000000,-2860.000000,-196.000000,0.000000
0.000000,0.000000,0.000000,0.000000,-2688.000000,0.000000,0.000000
-100.000000,-200.000000,0.000000,0.000000,-2539.000000,196.000000,196.000000
-100.000000,-300.000000,0.000000,0.000000,-2410.000000,0.000000,0.000000
0.000000,0.000000,0.000000,0.000000,-2370.000000,0.000000,0.000000
200.000000,-300.000000,0.000000,0.000000,-2257.000000,0.000000,0.000000
-100.000000,200.000000,0.000000,0.000000,-2158.000000,0.000000,0.000000
-200.000000,-200.000000,0.000000,0.000000,-2124.000000,0.000000,0.000000
-200.000000,-100.000000,0.000000,0.000000,-2128.000000,0.000000,0.000000
0.000000,100.000000,0.000000,0.000000,-2118.000000,0.000000,0.000000
0.000000,0.000000,0.000000,0.000000,-2112.000000,0.000000,0.000000
-300.000000,0.000000,0.000000,0.000000,-2116.000000,0.000000,0.000000
-100.000000,-200.000000,0.000000,0.000000,-2538.000000,0.000000,0.000000
0.000000,0.000000,0.000000,0.000000,-2567.000000,0.000000,0.000000
-100.000000,100.000000,0.000000,0.000000,-2556.000000,0.000000,-196.000000
100.000000,200.000000,0.000000,0.000000,-2628.000000,0.000000,0.000000
0.000000,-200.000000,0.000000,0.000000,-2443.000000,0.000000,0.000000
-200.000000,-100.000000,78.000000,78.000000,-2304.000000,0.000000,-196.000000
100.000000,400.000000,0.000000,0.000000,-2271.000000,-196.000000,0.000000
0.000000,-100.000000,0.000000,0.000000,-2564.000000,0.000000,0.000000
400.000000,0.000000,0.000000,0.000000,-2695.000000,0.000000,-196.000000
-100.000000,100.000000,0.000000,0.000000,-2955.000000,196.000000,-196.000000
0.000000,200.000000,0.000000,0.000000,-2993.000000,-196.000000,-981.000000
0.000000,200.000000,0.000000,0.000000,-3192.000000,0.000000,-1178.000000
0.000000,0.000000,0.000000,0.000000,-3292.000000,0.000000,-981.000000
0.000000,0.000000,0.000000,0.000000,-3534.000000,0.000000,-589.000000
0.000000,200.000000,0.000000,0.000000,-3672.000000,0.000000,-981.000000
200.000000,0.000000,0.000000,0.000000,-3753.000000,196.000000,-589.000000
100.000000,0.000000,0.000000,0.000000,-3840.000000,0.000000,-392.000000
300.000000,100.000000,0.000000,0.000000,-4044.000000,-196.000000,-392.000000
300.000000,100.000000,0.000000,0.000000,-4226.000000,196.000000,-196.000000
0.000000,-200.000000,0.000000,0.000000,-4243.000000,-196.000000,-392.000000
0.000000,200.000000,0.000000,0.000000,-4287.000000,196.000000,-589.000000
200.000000,0.000000,0.000000,0.000000,-4351.000000,-196.000000,-392.000000
300.000000,0.000000,0.000000,0.000000,-4406.000000,196.000000,-785.000000
-200.000000,0.000000,0.000000,0.000000,-4526.000000,0.000000,-589.000000
0.000000,-100.000000,0.000000,0.000000,-4646.000000,-196.000000,-589.000000
0.000000,0.000000,0.000000,0.000000,-4713.000000,196.000000,-392.000000
100.000000,200.000000,0.000000,0.000000,-4782.000000,-196.000000,-392.000000
100.000000,200.000000,0.000000,0.000000,-4899.000000,0.000000,-196.000000
700.000000,100.000000,0.000000,0.000000,-4966.000000,196.000000,-196.000000
0.000000,0.000000,0.000000,0.000000,-5019.000000,-196.000000,-196.000000
100.000000,200.000000,0.000000,0.000000,-5195.000000,0.000000,-392.000000
200.000000,100.000000,0.000000,0.000000,-5240.000000,196.000000,-392.000000
100.000000,0.000000,0.000000,0.000000,-5238.000000,0.000000,-392.000000
400.000000,0.000000,0.000000,0.000000,-5184.000000,-196.000000,-196.000000
100.000000,-100.000000,0.000000,0.000000,-5208.000000,0.000000,-196.000000
300.000000,0.000000,0.000000,0.000000,-5206.000000,0.000000,0.000000
0.000000,0.000000,0.000000,0.000000,-5225.000000,0.000000,-196.000000
-200.000000,300.000000,0.000000,0.000000,-5193.000000,0.000000,0.000000
0.000000,-200.000000,0.000000,0.000000,-5142.000000,0.000000,-196.000000
400.000000,0.000000,0.000000,0.000000,-5102.000000,0.000000,-196.000000
-100.000000,0.000000,0.000000,0.000000,-5026.000000,0.000000,-196.000000
0.000000,100.000000,0.000000,0.000000,-4978.000000,0.000000,0.000000
-400.000000,100.000000,0.000000,0.000000,-4893.000000,0.000000,0.000000
-400.000000,-100.000000,0.000000,0.000000,-4828.000000,0.000000,0.000000
-100.000000,100.000000,0.000000,0.000000,-4721.000000,0.000000,0.000000
-300.000000,-100.000000,0.000000,0.000000,-4614.000000,0.000000,0.000000
-400.000000,-200.000000,0.000000,0.000000,-4551.000000,0.000000,0.000000
-100.000000,-100.000000,0.000000,0.000000,-4455.000000,0.000000,0.000000
-300.000000,-300.000000,0.000000,0.000000,-4339.000000,0.000000,0.000000
0.000000,0.000000,0.000000,0.000000,-4272.000000,0.000000,0.000000
-300.000000,300.000000,0.000000,0.000000,-4169.000000,0.000000,0.000000
0.000000,200.000000,0.000000,0.000000,-4070.000000,0.000000,0.000000
-100.000000,-100.000000,0.000000,0.000000,-3974.000000,0.000000,0.000000
-200.000000,-100.000000,0.000000,0.000000,-3867.000000,196.000000,0.000000
200.000000,-100.000000,0.000000,0.000000,-3804.000000,0.000000,0.000000
-200.000000,0.000000,0.000000,0.000000,-3755.000000,0.000000,0.000000
-200.000000,-200.000000,0.000000,0.000000,-3698.000000,0.000000,0.000000
-200.000000,0.000000,0.000000,0.000000,-3622.000000,0.000000,0.000000
-100.000000,0.000000,0.000000,0.000000,-3549.000000,0.000000,0.000000
-100.000000,0.000000,0.000000,0.000000,-3488.000000,0.000000,0.000000
-100.000000,0.000000,0.000000,0.000000,-3450.000000,0.000000,0.000000
-200.000000,-100.000000,0.000000,0.000000,-3382.000000,0.000000,0.000000
-300.000000,0.000000,0.000000,0.000000,-3337.000000,0.000000,0.000000
0.000000,-200.000000,0.000000,0.000000,-3293.000000,0.000000,-196.000000
0.000000,100.000000,0.000000,0.000000,-3290.000000,0.000000,0.000000
-400.000000,0.000000,0.000000,0.000000,-3247.000000,0.000000,0.000000
500.000000,0.000000,0.000000,0.000000,-3235.000000,0.000000,-196.000000
400.000000,-300.000000,156.000000,156.000000,-3231.000000,0.000000,0.000000
0.000000,100.000000,0.000000,0.000000,-3203.000000,0.000000,-196.000000
100.000000,0.000000,0.000000,0.000000,-3188.000000,0.000000,0.000000
100.000000,100.000000,0.000000,0.000000,-3187.000000,0.000000,-196.000000
0.000000,-100.000000,0.000000,0.000000,-3204.000000,0.000000,0.000000
100.000000,0.000000,0.000000,0.000000,-3204.000000,-196.000000,0.000000
100.000000,0.000000,0.000000,0.000000,-3219.000000,0.000000,-196.000000
100.000000,-300.000000,0.000000,0.000000,-3233.000000,0.000000,0.000000
0.000000,0.000000,0.000000,0.000000,-3252.000000,0.000000,-196.000000
300.000000,-200.000000,0.000000,0.000000,-3301.000000,0.000000,-196.000000
0.000000,-200.000000,0.000000,0.000000,-3344.000000,0.000000,-196.000000
300.000000,-100.000000,0.000000,0.000000,-3409.000000,0.000000,-196.000000
200.000000,0.000000,0.000000,0.000000,-3458.000000,0.000000,-196.000000
-200.000000,0.000000,0.000000,0.000000,-3507.000000,0.000000,-196.000000
100.000000,-100.000000,0.000000,0.000000,-3556.000000,0.000000,0.000000
0.000000,-100.000000,0.000000,0.000000,-3595.000000,196.000000,0.000000
-200.000000,-300.000000,0.000000,0.000000,-3628.000000,0.000000,0.000000
200.000000,0.000000,0.000000,0.000000,-3661.000000,-196.000000,-196.000000
-100.000000,-100.000000,0.000000,0.000000,-3689.000000,196.000000,0.000000
100.000000,0.000000,0.000000,0.000000,-3754.000000,0.000000,-196.000000
-100.000000,0.000000,0.000000,0.000000,-3801.000000,-196.000000,-196.000000
0.000000,-100.000000,0.000000,0.000000,-3822.000000,0.000000,-196.000000
200.000000,0.000000,0.000000,0.000000,-3848.000000,0.000000,0.000000
0.000000,-100.000000,0.000000,0.000000,-3877.000000,0.000000,0.000000
-400.000000,-200.000000,0.000000,0.000000,-3862.000000,0.000000,0.000000
0.000000,-400.000000,0.000000,0.000000,-3851.000000,0.000000,-196.000000
300.000000,0.000000,0.000000,0.000000,-3904.000000,0.000000,0.000000
600.000000,0.000000,0.000000,0.000000,-3895.000000,196.000000,-196.000000
400.000000,0.000000,0.000000,0.000000,-3926.000000,0.000000,0.000000
0.000000,0.000000,0.000000,0.000000,-3926.000000,0.000000,0.000000
-100.000000,0.000000,0.000000,0.000000,-3955.000000,0.000000,0.000000
-100.000000,-100.000000,0.000000,0.000000,-4087.000000,0.000000,-196.000000
-100.000000,-300.000000,0.000000,0.000000,-4194.000000,0.000000,0.000000
-200.000000,100.000000,0.000000,0.000000,-4234.000000,0.000000,0.000000
-100.000000,-200.000000,0.000000,0.000000,-4274.000000,0.000000,0.000000
-200.000000,0.000000,0.000000,0.000000,-4215.000000,0.000000,0.000000
-100.000000,0.000000,0.000000,0.000000,-4195.000000,0.000000,0.000000
0.000000,-200.000000,0.000000,0.000000,-4227.000000,0.000000,0.000000
-100.000000,-200.000000,0.000000,0.000000,-4232.000000,0.000000,0.000000
0.000000,-100.000000,0.000000,0.000000,-4233.000000,0.000000,0.000000
-200.000000,0.000000,0.000000,0.000000,-4227.000000,0.000000,0.000000
-200.000000,0.000000,0.000000,0.000000,-4254.000000,0.000000,0.000000
-100.000000,0.000000,0.000000,0.000000,-4249.000000,0.000000,0.000000
-200.000000,100.000000,0.000000,0.000000,-4260.000000,0.000000,0.000000
0.000000,-200.000000,78.000000,78.000000,-4256.000000,0.000000,0.000000
-100.000000,-100.000000,0.000000,0.000000,-4268.000000,0.000000,0.000000
-100.000000,-200.000000,0.000000,0.000000,-4254.000000,0.000000,196.000000
-100.000000,-100.000000,0.000000,0.000000,-4252.000000,0.000000,-196.000000
-100.000000,-200.000000,0.000000,0.000000,-4265.000000,-196.000000,0.000000
-100.000000,-100.000000,0.000000,0.000000,-4271.000000,0.000000,0.000000
-100.000000,0.000000,0.000000,0.000000,-4273.000000,0.000000,0.000000
0.000000,100.000000,0.000000,0.000000,-4275.000000,0.000000,0.000000
100.000000,0.000000,0.000000,0.000000,-4284.000000,0.000000,0.000000
0.000000,100.000000,0.000000,0.000000,-4270.000000,0.000000,0.000000
-100.000000,0.000000,0.000000,0.000000,-4272.000000,0.000000,0.000000
-100.000000,-200.000000,0.000000,0.000000,-4279.000000,0.000000,0.000000
100.000000,-100.000000,0.000000,0.000000,-4275.000000,0.000000,0.000000
-200.000000,-100.000000,0.000000,0.000000,-4271.000000,0.000000,0.000000
0.000000,-100.000000,0.000000,0.000000,-4260.000000,0.000000,0.000000
0.000000,0.000000,0.000000,0.000000,-4281.000000,0.000000,0.000000
200.000000,0.000000,0.000000,0.000000,-4271.000000,0.000000,0.000000
-100.000000,100.000000,0.000000,0.000000,-4266.000000,0.000000,0.000000
100.000000,-200.000000,0.000000,0.000000,-4290.000000,0.000000,0.000000
0.000000,0.000000,0.000000,0.000000,-4301.000000,0.000000,0.000000
-200.000000,-100.000000,0.000000,0.000000,-4285.000000,0.000000,0.000000
-100.000000,100.000000,0.000000,0.000000,-4288.000000,0.000000,0.000000
0.000000,100.000000,0.000000,0.000000,-4305.000000,0.000000,0.000000
-100.000000,-100.000000,0.000000,0.000000,-4300.000000,0.000000,0.000000
-100.000000,-200.000000,0.000000,0.000000,-4286.000000,0.000000,0.000000
-100.000000,0.000000,0.000000,0.000000,-4307.000000,0.000000,0.000000
0.000000,100.000000,0.000000,0.000000,-4302.000000,0.000000,0.000000
100.000000,-200.000000,0.000000,0.000000,-4295.000000,0.000000,0.000000
0.000000,0.000000,0.000000,0.000000,-4297.000000,0.000000,0.000000
-200.000000,0.000000,0.000000,0.000000,-4303.000000,0.000000,0.000000
0.000000,-100.000000,0.000000,0.000000,-4314.000000,0.000000,0.000000
-300.000000,-100.000000,0.000000,0.000000,-4307.000000,0.000000,0.000000
-100.000000,-100.000000,0.000000,0.000000,-4281.000000,0.000000,0.000000
0.000000,-200.000000,0.000000,0.000000,-4295.000000,196.000000,0.000000
0.000000,-200.000000,0.000000,0.000000,-4295.000000,0.000000,0.000000
200.000000,300.000000,0.000000,0.000000,-4296.000000,0.000000,0.000000
-100.000000,0.000000,0.000000,0.000000,-4304.000000,0.000000,0.000000
-100.000000,-200.000000,0.000000,0.000000,-4311.000000,0.000000,0.000000
-100.000000,100.000000,0.000000,0.000000,-4311.000000,0.000000,0.000000
-100.000000,-100.000000,0.000000,0.000000,-4319.000000,0.000000,0.000000
-100.000000,-100.000000,0.000000,0.000000,-4318.000000,0.000000,0.000000
0.000000,-300.000000,0.000000,0.000000,-4311.000000,0.000000,0.000000
-100.000000,0.000000,0.000000,0.000000,-4313.000000,0.000000,0.000000
-100.000000,-100.000000,0.000000,0.000000,-4318.000000,0.000000,0.000000
-100.000000,-300.000000,0.000000,0.000000,-4329.000000,0.000000,0.000000
-100.000000,-100.000000,0.000000,0.000000,-4325.000000,0.000000,0.000000
-100.000000,-300.000000,0.000000,0.000000,-4323.000000,0.000000,0.000000
0.000000,-200.000000,0.000000,0.000000,-4310.000000,0.000000,0.000000
-100.000000,-400.000000,0.000000,0.000000,-4304.000000,0.000000,0.000000
-100.000000,100.000000,0.000000,0.000000,-4292.000000,0.000000,0.000000
-100.000000,300.000000,0.000000,0.000000,-4289.000000,0.000000,0.000000
0.000000,0.000000,0.000000,0.000000,-4276.000000,0.000000,0.000000
-100.000000,-100.000000,0.000000,0.000000,-4276.000000,0.000000,0.000000
0.000000,-400.000000,0.000000,0.000000,-4263.000000,0.000000,0.000000
-500.000000,0.000000,0.000000,0.000000,-4260.000000,0.000000,0.000000
0.000000,-200.000000,0.000000,0.000000,-4241.000000,0.000000,0.000000
0.000000,-100.000000,0.000000,0.000000,-4210.000000,0.000000,0.000000
-100.000000,0.000000,0.000000,0.000000,-4192.000000,0.000000,0.000000
0.000000,100.000000,0.000000,0.000000,-4178.000000,0.000000,0.000000
-100.000000,-400.000000,0.000000,0.000000,-4161.000000,0.000000,0.000000
0.000000,-100.000000,0.000000,0.000000,-4154.000000,0.000000,0.000000
-200.000000,-100.000000,0.000000,0.000000,-4148.000000,0.000000,0.000000
0.000000,0.000000,0.000000,0.000000,-4138.000000,0.000000,0.000000
-200.000000,0.000000,0.000000,0.000000,-4131.000000,0.000000,0.000000
0.000000,0.000000,0.000000,0.000000,-4122.000000,0.000000,0.000000
0.000000,100.000000,0.000000,0.000000,-4105.000000,0.000000,0.000000
-200.000000,100.000000,0.000000,0.000000,-4106.000000,0.000000,0.000000
100.000000,0.000000,0.000000,0.000000,-4095.000000,0.000000,0.000000
-100.000000,0.000000,0.000000,0.000000,-4082.000000,0.000000,0.000000
-300.000000,-300.000000,0.000000,0.000000,-4057.000000,0.000000,0.000000
-100.000000,-300.000000,0.000000,0.000000,-4060.000000,0.000000,0.000000
-100.000000,-300.000000,0.000000,0.000000,-4066.000000,0.000000,0.000000
0.000000,-100.000000,0.000000,0.000000,-4050.000000,0.000000,0.000000
-300.000000,-200.000000,0.000000,0.000000,-4033.000000,0.000000,0.000000
100.000000,100.000000,0.000000,0.000000,-4022.000000,0.000000,0.000000
-200.000000,-100.000000,0.000000,0.000000,-4028.000000,0.000000,0.000000
-200.000000,0.000000,0.000000,0.000000,-4049.000000,0.000000,0.000000
-100.000000,-100.000000,0.000000,0.000000,-4042.000000,0.000000,0.000000
-100.000000,0.000000,0.000000,0.000000,-4050.000000,0.000000,0.000000
0.000000,0.000000,0.000000,0.000000,-4060.000000,0.000000,0.000000
200.000000,-200.000000,0.000000,0.000000,-4085.000000,0.000000,0.000000
-200.000000,0.000000,78.000000,78.000000,-4088.000000,0.000000,0.000000
100.000000,100.000000,0.000000,0.000000,-4102.000000,0.000000,0.000000
-200.000000,100.000000,0.000000,0.000000,-4117.000000,0.000000,0.000000
-200.000000,0.000000,0.000000,0.000000,-4136.000000,0.000000,0.000000
0.000000,0.000000,0.000000,0.000000,-4119.000000,0.000000,0.000000
-200.000000,-100.000000,0.000000,0.000000,-4136.000000,0.000000,0.000000
0.000000,-100.000000,0.000000,0.000000,-4142.000000,0.000000,0.000000
0.000000,-100.000000,0.000000,0.000000,-4138.000000,0.000000,0.000000
100.000000,0.000000,0.000000,0.000000,-4145.000000,0.000000,0.000000
-200.000000,0.000000,0.000000,0.000000,-4150.000000,0.000000,0.000000
-100.000000,200.000000,0.000000,0.000000,-4153.000000,0.000000,0.000000
0.000000,-200.000000,0.000000,0.000000,-4163.000000,0.000000,0.000000
-100.000000,0.000000,0.000000,0.000000,-4192.000000,0.000000,0.000000
-100.000000,-200.000000,0.000000,0.000000,-4212.000000,0.000000,0.000000
0.000000,-100.000000,0.000000,0.000000,-4225.000000,0.000000,0.000000
-100.000000,-100.000000,0.000000,0.000000,-4243.000000,0.000000,0.000000
-200.000000,100.000000,0.000000,0.000000,-4255.000000,0.000000,0.000000
0.000000,-200.000000,0.000000,0.000000,-4257.000000,0.000000,0.000000
-200.000000,0.000000,0.000000,0.000000,-4251.000000,0.000000,0.000000
-300.000000,-200.000000,0.000000,0.000000,-4248.000000,0.000000,0.000000
-100.000000,-100.000000,0.000000,0.000000,-4256.000000,0.000000,0.000000
-100.000000,-100.000000,0.000000,0.000000,-4264.000000,0.000000,0.000000
-300.000000,-200.000000,0.000000,0.000000,-4258.000000,0.000000,0.000000
0.000000,-100.000000,0.000000,0.000000,-4266.000000,0.000000,0.000000
0.000000,-300.000000,0.000000,0.000000,-4279.000000,0.000000,0.000000
0.000000,-100.000000,0.000000,0.000000,-4307.000000,0.000000,0.000000
-600.000000,-200.000000,0.000000,0.000000,-4321.000000,0.000000,0.000000
-100.000000,-200.000000,0.000000,0.000000,-4312.000000,0.000000,0.000000
-200.000000,-100.000000,0.000000,0.000000,-4311.000000,0.000000,0.000000
0.000000,0.000000,0.000000,0.000000,-4295.000000,0.000000,0.000000
0.000000,200.000000,0.000000,0.000000,-4275.000000,0.000000,0.000000
-100.000000,200.000000,0.000000,0.000000,-4275.000000,0.000000,0.000000
-100.000000,-100.000000,0.000000,0.000000,-4269.000000,0.000000,0.000000
100.000000,0.000000,0.000000,0.000000,-4270.000000,0.000000,0.000000
-200.000000,-100.000000,0.000000,0.000000,-4270.000000,0.000000,0.000000
200.000000,100.000000,0.000000,0.000000,-4271.000000,0.000000,0.000000
0.000000,-200.000000,0.000000,0.000000,-4263.000000,0.000000,0.000000
-100.000000,-200.000000,0.000000,0.000000,-4261.000000,0.000000,0.000000
-100.000000,-200.000000,0.000000,0.000000,-4264.000000,0.000000,0.000000
-100.000000,-100.000000,0.000000,0.000000,-4244.000000,0.000000,0.000000
-100.000000,-100.000000,0.000000,0.000000,-4232.000000,0.000000,0.000000
0.000000,0.000000,0.000000,0.000000,-4241.000000,0.000000,0.000000
-200.000000,0.000000,0.000000,0.000000,-4232.000000,0.000000,0.000000
0.000000,100.000000,0.000000,0.000000,-4218.000000,0.000000,0.000000
0.000000,200.000000,0.000000,0.000000,-4205.000000,0.000000,0.000000
200.000000,0.000000,0.000000,0.000000,-4204.000000,0.000000,0.000000
200.000000,-200.000000,0.000000,0.000000,-4204.000000,0.000000,0.000000
-100.000000,0.000000,0.000000,0.000000,-4198.000000,0.000000,0.000000
0.000000,0.000000,0.000000,0.000000,-4188.000000,0.000000,0.000000
-100.000000,0.000000,0.000000,0.000000,-4178.000000,0.000000,0.000000
-200.000000,-300.000000,0.000000,0.000000,-4178.000000,0.000000,0.000000
0.000000,0.000000,0.000000,0.000000,-4167.000000,0.000000,0.000000
0.000000,0.000000,0.000000,0.000000,-4150.000000,0.000000,0.000000
0.000000,-100.000000,0.000000,0.000000,-4157.000000,0.000000,0.000000
0.000000,0.000000,0.000000,0.000000,-4155.000000,0.000000,0.000000
-200.000000,0.000000,0.000000,0.000000,-4147.000000,0.000000,0.000000
-200.000000,0.000000,0.000000,0.000000,-4143.000000,0.000000,0.000000
-200.000000,300.000000,0.000000,0.000000,-4149.000000,0.000000,0.000000
100.000000,0.000000,0.000000,0.000000,-4148.000000,0.000000,0.000000
0.000000,-100.000000,0.000000,0.000000,-4153.000000,0.000000,0.000000
100.000000,0.000000,0.000000,0.000000,-4140.000000,0.000000,0.000000
0.000000,-200.000000,0.000000,0.000000,-4131.000000,0.000000,0.000000
-100.000000,0.000000,0.000000,0.000000,-4127.000000,0.000000,0.000000
-200.000000,0.000000,0.000000,0.000000,-4136.000000,0.000000,0.000000
0.000000,-200.000000,0.000000,0.000000,-4134.000000,0.000000,0.000000
0.000000,-300.000000,0.000000,0.000000,-4126.000000,0.000000,0.000000
0.000000,0.000000,0.000000,0.000000,-4125.000000,0.000000,0.000000
-100.000000,-300.000000,0.000000,0.000000,-4131.000000,0.000000,0.000000
-200.000000,0.000000,0.000000,0.000000,-4127.000000,0.000000,0.000000
-200.000000,0.000000,0.000000,0.000000,-4122.000000,0.000000,0.000000
0.000000,-100.000000,0.000000,0.000000,-4112.000000,0.000000,0.000000
100.000000,-100.000000,0.000000,0.000000,-4098.000000,0.000000,0.000000
-200.000000,-200.000000,0.000000,0.000000,-4104.000000,0.000000,0.000000
100.000000,-100.000000,0.000000,0.000000,-4107.000000,0.000000,0.000000
-100.000000,-200.000000,0.000000,0.000000,-4105.000000,0.000000,0.000000
0.000000,-200.000000,0.000000,0.000000,-4098.000000,0.000000,0.000000
-100.000000,100.000000,0.000000,0.000000,-4086.000000,0.000000,0.000000
0.000000,-100.000000,0.000000,0.000000,-4082.000000,0.000000,0.000000
0.000000,-200.000000,0.000000,0.000000,-4072.000000,0.000000,0.000000
0.000000,-100.000000,0.000000,0.000000,-4085.000000,0.000000,0.000000
-200.000000,-200.000000,0.000000,0.000000,-4090.000000,0.000000,0.000000
-100.000000,-200.000000,0.000000,0.000000,-4080.000000,0.000000,0.000000
-100.000000,0.000000,0.000000,0.000000,-4072.000000,0.000000,0.000000
0.000000,0.000000,0.000000,0.000000,-4072.000000,0.000000,0.000000
0.000000,100.000000,0.000000,0.000000,-4074.000000,0.000000,0.000000
-100.000000,0.000000,0.000000,0.000000,-4078.000000,0.000000,0.000000
-100.000000,0.000000,0.000000,0.000000,-4078.000000,0.000000,0.000000
-100.000000,-100.000000,0.000000,0.000000,-4086.000000,0.000000,0.000000
100.000000,0.000000,0.000000,0.000000,-4088.000000,0.000000,0.000000
-200.000000,-100.000000,0.000000,0.000000,-4085.000000,0.000000,0.000000
0.000000,-100.000000,0.000000,0.000000,-4080.000000,0.000000,0.000000
-200.000000,-100.000000,0.000000,0.000000,-4087.000000,0.000000,0.000000
-100.000000,-100.000000,0.000000,0.000000,-4089.000000,0.000000,0.000000
-200.000000,200.000000,0.000000,0.000000,-4089.000000,0.000000,0.000000
-100.000000,-200.000000,0.000000,0.000000,-4098.000000,0.000000,0.000000
-100.000000,-100.000000,0.000000,0.000000,-4091.000000,0.000000,0.000000
-200.000000,0.000000,0.000000,0.000000,-4097.000000,0.000000,0.000000
0.000000,0.000000,0.000000,0.000000,-4081.000000,0.000000,0.000000
0.000000,-100.000000,0.000000,0.000000,-4075.000000,0.000000,0.000000
0.000000,100.000000,0.000000,0.000000,-4075.000000,0.000000,0.000000
-100.000000,-100.000000,0.000000,0.000000,-4079.000000,0.000000,0.000000
0.000000,-100.000000,0.000000,0.000000,-4074.000000,0.000000,0.000000
-200.000000,0.000000,0.000000,0.000000,-4071.000000,0.000000,0.000000
-100.000000,-200.000000,0.000000,0.000000,-4067.000000,0.000000,0.000000
0.000000,-100.000000,0.000000,0.000000,-4068.000000,0.000000,0.000000
-300.000000,0.000000,0.000000,0.000000,-4077.000000,0.000000,0.000000
-200.000000,-100.000000,0.000000,0.000000,-4086.000000,0.000000,0.000000
0.000000,0.000000,0.000000,0.000000,-4092.000000,0.000000,0.000000
-200.000000,0.000000,0.000000,0.000000,-4090.000000,0.000000,0.000000
0.000000,-200.000000,0.000000,0.000000,-4086.000000,0.000000,0.000000
-100.000000,-100.000000,0.000000,0.000000,-4096.000000,0.000000,0.000000
-100.000000,-200.000000,0.000000,0.000000,-4109.000000,0.000000,0.000000
-200.000000,-200.000000,0.000000,0.000000,-4104.000000,0.000000,0.000000
100.000000,-200.000000,0.000000,0.000000,-4109.000000,0.000000,0.000000
200.000000,0.000000,0.000000,0.000000,-4119.000000,0.000000,0.000000
-100.000000,0.000000,0.000000,0.000000,-4129.000000,0.000000,0.000000
0.000000,0.000000,0.000000,0.000000,-4135.000000,0.000000,0.000000
-300.000000,-200.000000,0.000000,0.000000,-4138.000000,0.000000,0.000000
-100.000000,-100.000000,0.000000,0.000000,-4146.000000,0.000000,0.000000
0.000000,0.000000,0.000000,0.000000,-4136.000000,0.000000,0.000000
0.000000,0.000000,0.000000,0.000000,-4144.000000,0.000000,0.000000
0.000000,100.000000,0.000000,0.000000,-4116.000000,0.000000,0.000000
-100.000000,300.000000,0.000000,0.000000,-4111.000000,0.000000,0.000000
-100.000000,-100.000000,0.000000,0.000000,-4097.000000,0.000000,0.000000
0.000000,0.000000,0.000000,0.000000,-4103.000000,0.000000,0.000000
-600.000000,0.000000,0.000000,0.000000,-4106.000000,0.000000,0.000000
0.000000,200.000000,0.000000,0.000000,-4114.000000,0.000000,0.000000
-300.000000,-100.000000,0.000000,0.000000,-4118.000000,0.000000,0.000000
100.000000,-200.000000,0.000000,0.000000,-4132.000000,0.000000,0.000000
-100.000000,0.000000,0.000000,0.000000,-4147.000000,0.000000,0.000000
-200.000000,100.000000,0.000000,0.000000,-4157.000000,0.000000,0.000000
0.000000,-100.000000,0.000000,0.000000,-4175.000000,0.000000,0.000000
-300.000000,100.000000,0.000000,0.000000,-4175.000000,0.000000,0.000000
-300.000000,0.000000,0.000000,0.000000,-4163.000000,0.000000,0.000000
-300.000000,0.000000,0.000000,0.000000,-4175.000000,0.000000,0.000000
-200.000000,-100.000000,0.000000,0.000000,-4169.000000,0.000000,0.000000
-100.000000,0.000000,0.000000,0.000000,-4166.000000,0.000000,0.000000
0.000000,-300.000000,0.000000,0.000000,-4181.000000,0.000000,0.000000
0.000000,0.000000,0.000000,0.000000,-4184.000000,0.000000,0.000000
-300.000000,-100.000000,0.000000,0.000000,-4186.000000,0.000000,0.000000
100.000000,-100.000000,0.000000,0.000000,-4181.000000,0.000000,0.000000
-300.000000,-100.000000,0.000000,0.000000,-4194.000000,0.000000,0.000000
0.000000,100.000000,0.000000,0.000000,-4190.000000,0.000000,0.000000
-300.000000,100.000000,0.000000,0.000000,-4177.000000,0.000000,0.000000
-100.000000,-100.000000,0.000000,0.000000,-4177.000000,0.000000,0.000000
0.000000,0.000000,0.000000,0.000000,-4175.000000,0.000000,0.000000
0.000000,0.000000,0.000000,0.000000,-4181.000000,0.000000,0.000000
-100.000000,-500.000000,0.000000,0.000000,-4187.000000,0.000000,0.000000
-200.000000,0.000000,0.000000,0.000000,-4200.000000,0.000000,-196.000000
-100.000000,0.000000,0.000000,0.000000,-4209.000000,0.000000,0.000000
-100.000000,-100.000000,0.000000,0.000000,-4214.000000,0.000000,0.000000
300.000000,0.000000,0.000000,0.000000,-4215.000000,0.000000,0.000000
-200.000000,0.000000,0.000000,0.000000,-4241.000000,0.000000,0.000000
-300.000000,200.000000,0.000000,0.000000,-4257.000000,0.000000,-196.000000
-200.000000,0.000000,0.000000,0.000000,-4251.000000,0.000000,0.000000
0.000000,-100.000000,0.000000,0.000000,-4276.000000,0.000000,0.000000
-100.000000,100.000000,0.000000,0.000000,-4268.000000,0.000000,0.000000
0.000000,100.000000,0.000000,0.000000,-4289.000000,0.000000,0.000000
0.000000,-100.000000,0.000000,0.000000,-4304.000000,0.000000,0.000000
0.000000,-200.000000,0.000000,0.000000,-4307.000000,0.000000,0.000000
-100.000000,0.000000,0.000000,0.000000,-4332.000000,0.000000,0.000000
0.000000,-100.000000,0.000000,0.000000,-4346.000000,0.000000,0.000000
-200.000000,200.000000,0.000000,0.000000,-4347.000000,0.000000,0.000000
-100.000000,0.000000,0.000000,0.000000,-4364.000000,0.000000,-196.000000
-100.000000,0.000000,0.000000,0.000000,-4360.000000,0.000000,0.000000
-200.000000,100.000000,0.000000,0.000000,-4370.000000,0.000000,0.000000
0.000000,0.000000,0.000000,0.000000,-4371.000000,0.000000,0.000000
-100.000000,-200.000000,0.000000,0.000000,-4360.000000,0.000000,0.000000
-100.000000,-100.000000,0.000000,0.000000,-4358.000000,0.000000,0.000000
0.000000,-500.000000,0.000000,0.000000,-4356.000000,0.000000,196.000000
-100.000000,-100.000000,0.000000,0.000000,-4338.000000,0.000000,0.000000
0.000000,0.000000,0.000000,0.000000,-4320.000000,0.000000,0.000000
0.000000,0.000000,0.000000,0.000000,-4305.000000,0.000000,0.000000
0.000000,100.000000,0.000000,0.000000,-4320.000000,0.000000,0.000000
-200.000000,0.000000,156.000000,156.000000,-4316.000000,0.000000,0.000000
0.000000,0.000000,0.000000,0.000000,-4311.000000,0.000000,0.000000
-100.000000,0.000000,0.000000,0.000000,-4317.000000,0.000000,0.000000
-100.000000,-100.000000,0.000000,0.000000,-4303.000000,0.000000,0.000000
-200.000000,200.000000,0.000000,0.000000,-4298.000000,0.000000,0.000000
0.000000,-100.000000,0.000000,0.000000,-4301.000000,0.000000,0.000000
0.000000,-100.000000,0.000000,0.000000,-4302.000000,0.000000,0.000000
0.000000,200.000000,0.000000,0.000000,-4322.000000,0.000000,0.000000
0.000000,-100.000000,0.000000,0.000000,-4312.000000,0.000000,0.000000
0.000000,300.000000,0.000000,0.000000,-4333.000000,0.000000,0.000000
-100.000000,200.000000,0.000000,0.000000,-4333.000000,0.000000,0.000000
0.000000,-200.000000,0.000000,0.000000,-4342.000000,0.000000,0.000000
-100.000000,-200.000000,0.000000,0.000000,-4349.000000,0.000000,0.000000
-200.000000,0.000000,0.000000,0.000000,-4345.000000,0.000000,0.000000
-200.000000,0.000000,0.000000,0.000000,-4341.000000,0.000000,0.000000
-100.000000,0.000000,0.000000,0.000000,-4347.000000,0.000000,0.000000
-300.000000,0.000000,78.000000,78.000000,-4346.000000,0.000000,0.000000
200.000000,-200.000000,0.000000,0.000000,-4349.000000,0.000000,0.000000
0.000000,100.000000,0.000000,0.000000,-4355.000000,0.000000,0.000000
-200.000000,100.000000,0.000000,0.000000,-4360.000000,0.000000,0.000000
-100.000000,-300.000000,0.000000,0.000000,-4348.000000,0.000000,0.000000
0.000000,0.000000,0.000000,0.000000,-4349.000000,0.000000,0.000000
0.000000,-100.000000,0.000000,0.000000,-4340.000000,0.000000,0.000000
0.000000,-100.000000,0.000000,0.000000,-4335.000000,0.000000,0.000000
-100.000000,0.000000,0.000000,0.000000,-4343.000000,0.000000,0.000000
-100.000000,-200.000000,0.000000,0.000000,-4329.000000,0.000000,0.000000
-300.000000,0.000000,0.000000,0.000000,-4342.000000,0.000000,0.000000
-100.000000,0.000000,0.000000,0.000000,-4338.000000,0.000000,0.000000
0.000000,200.000000,0.000000,0.000000,-4340.000000,0.000000,0.000000
-100.000000,-100.000000,0.000000,0.000000,-4345.000000,0.000000,0.000000
-200.000000,-100.000000,0.000000,0.000000,-4356.000000,0.000000,0.000000
-200.000000,-200.000000,0.000000,0.000000,-4353.000000,0.000000,0.000000
-200.000000,-200.000000,0.000000,0.000000,-4340.000000,0.000000,0.000000
0.000000,100.000000,0.000000,0.000000,-4338.000000,0.000000,0.000000
0.000000,0.000000,0.000000,0.000000,-4338.000000,0.000000,0.000000
-200.000000,-100.000000,0.000000,0.000000,-4331.000000,0.000000,0.000000
-200.000000,-100.000000,0.000000,0.000000,-4332.000000,0.000000,0.000000
0.000000,-300.000000,0.000000,0.000000,-4348.000000,0.000000,0.000000
0.000000,-100.000000,0.000000,0.000000,-4330.000000,0.000000,0.000000
-100.000000,-100.000000,0.000000,0.000000,-4335.000000,0.000000,0.000000
-100.000000,-200.000000,0.000000,0.000000,-4339.000000,0.000000,0.000000
