Channel 1,Channel 2,Channel 3,Channel 4,Channel 5,Channel 6,Channel 7
0.000000,-200.000000,0.000000,0.000000,-3667.000000,0.000000,0.000000
-300.000000,-200.000000,0.000000,0.000000,-3667.000000,0.000000,0.000000
0.000000,0.000000,0.000000,0.000000,-3671.000000,0.000000,0.000000
-200.000000,-200.000000,0.000000,0.000000,-3663.000000,0.000000,0.000000
200.000000,-100.000000,0.000000,0.000000,-3661.000000,0.000000,0.000000
-100.000000,-100.000000,0.000000,0.000000,-3657.000000,0.000000,0.000000
-100.000000,-300.000000,0.000000,0.000000,-3659.000000,0.000000,0.000000
-100.000000,-300.000000,0.000000,0.000000,-3647.000000,0.000000,-196.000000
100.000000,-100.000000,0.000000,0.000000,-3642.000000,0.000000,0.000000
-100.000000,-200.000000,0.000000,0.000000,-3627.000000,0.000000,0.000000
-100.000000,-100.000000,0.000000,0.000000,-3636.000000,0.000000,0.000000
0.000000,-300.000000,0.000000,0.000000,-3640.000000,0.000000,0.000000
0.000000,0.000000,0.000000,0.000000,-3638.000000,0.000000,0.000000
0.000000,-200.000000,0.000000,0.000000,-3621.000000,0.000000,0.000000
0.000000,100.000000,0.000000,0.000000,-3604.000000,0.000000,0.000000
0.000000,0.000000,0.000000,0.000000,-3608.000000,0.000000,0.000000
-200.000000,-100.000000,0.000000,0.000000,-3611.000000,0.000000,0.000000
-200.000000,0.000000,0.000000,0.000000,-3590.000000,0.000000,0.000000
-100.000000,-100.000000,0.000000,0.000000,-3589.000000,0.000000,0.000000
-100.000000,-100.000000,0.000000,0.000000,-3599.000000,0.000000,0.000000
-100.000000,-300.000000,0.000000,0.000000,-3604.000000,0.000000,0.000000
0.000000,-100.000000,0.000000,0.000000,-3606.000000,0.000000,0.000000
0.000000,0.000000,0.000000,0.000000,-3606.000000,0.000000,0.000000
0.000000,100.000000,0.000000,0.000000,-3619.000000,0.000000,0.000000
100.000000,-300.000000,0.000000,0.000000,-3608.000000,0.000000,0.000000
-100.000000,-400.000000,0.000000,0.000000,-3602.000000,0.000000,0.000000
0.000000,100.000000,0.000000,0.000000,-3607.000000,0.000000,0.000000
-100.000000,-300.000000,0.000000,0.000000,-3602.000000,0.000000,196.000000
-100.000000,100.000000,0.000000,0.000000,-3596.000000,0.000000,0.000000
-100.000000,0.000000,78.000000,78.000000,-3589.000000,0.000000,0.000000
0.000000,-100.000000,0.000000,0.000000,-3578.000000,0.000000,0.000000
-100.000000,0.000000,0.000000,0.000000,-3570.000000,0.000000,0.000000
-200.000000,-400.000000,0.000000,0.000000,-3556.000000,0.000000,0.000000
0.000000,0.000000,0.000000,0.000000,-3542.000000,0.000000,0.000000
-100.000000,-300.000000,0.000000,0.000000,-3535.000000,0.000000,0.000000
-200.000000,-400.000000,0.000000,0.000000,-3544.000000,0.000000,0.000000
-100.000000,-100.000000,0.000000,0.000000,-3555.000000,0.000000,0.000000
-300.000000,0.000000,0.000000,0.000000,-3545.000000,0.000000,0.000000
200.000000,-200.000000,0.000000,0.000000,-3559.000000,0.000000,0.000000
0.000000,0.000000,0.000000,0.000000,-3571.000000,0.000000,0.000000
0.000000,0.000000,156.000000,156.000000,-3604.000000,0.000000,0.000000
0.000000,0.000000,0.000000,0.000000,-3612.000000,0.000000,0.000000
-100.000000,0.000000,0.000000,0.000000,-3626.000000,0.000000,0.000000
0.000000,0.000000,0.000000,0.000000,-3640.000000,0.000000,0.000000
-100.000000,0.000000,0.000000,0.000000,-3643.000000,0.000000,0.000000
0.000000,100.000000,0.000000,0.000000,-3653.000000,0.000000,0.000000
0.000000,0.000000,0.000000,0.000000,-3647.000000,0.000000,0.000000
-200.000000,0.000000,0.000000,0.000000,-3649.000000,0.000000,0.000000
-200.000000,-100.000000,0.000000,0.000000,-3646.000000,0.000000,0.000000
0.000000,0.000000,0.000000,0.000000,-3660.000000,0.000000,0.000000
0.000000,-300.000000,0.000000,0.000000,-3672.000000,0.000000,0.000000
0.000000,-200.000000,0.000000,0.000000,-3676.000000,0.000000,0.000000
0.000000,-100.000000,0.000000,0.000000,-3666.000000,0.000000,0.000000
0.000000,-100.000000,0.000000,0.000000,-3664.000000,0.000000,0.000000
0.000000,-300.000000,0.000000,0.000000,-3673.000000,0.000000,0.000000
0.000000,-300.000000,0.000000,0.000000,-3666.000000,0.000000,0.000000
-100.000000,0.000000,0.000000,0.000000,-3662.000000,0.000000,0.000000
0.000000,-100.000000,0.000000,0.000000,-3685.000000,0.000000,0.000000
0.000000,-200.000000,0.000000,0.000000,-3690.000000,0.000000,0.000000
-100.000000,-300.000000,0.000000,0.000000,-3697.000000,0.000000,0.000000
0.000000,-100.000000,0.000000,0.000000,-3690.000000,0.000000,0.000000
0.000000,-200.000000,0.000000,0.000000,-3695.000000,0.000000,0.000000
0.000000,0.000000,0.000000,0.000000,-3697.000000,0.000000,0.000000
-100.000000,0.000000,0.000000,0.000000,-3690.000000,0.000000,0.000000
0.000000,-400.000000,0.000000,0.000000,-3687.000000,0.000000,0.000000
0.000000,-100.000000,0.000000,0.000000,-3705.000000,0.000000,0.000000
-100.000000,0.000000,0.000000,0.000000,-3692.000000,0.000000,0.000000
-200.000000,-100.000000,0.000000,0.000000,-3690.000000,0.000000,0.000000
-100.000000,100.000000,0.000000,0.000000,-3698.000000,0.000000,0.000000
0.000000,-100.000000,0.000000,0.000000,-3696.000000,0.000000,0.000000
0.000000,0.000000,0.000000,0.000000,-3691.000000,0.000000,0.000000
-100.000000,-100.000000,0.000000,0.000000,-3705.000000,0.000000,0.000000
-100.000000,0.000000,0.000000,0.000000,-3713.000000,0.000000,0.000000
-200.000000,-300.000000,0.000000,0.000000,-3719.000000,0.000000,0.000000
0.000000,100.000000,0.000000,0.000000,-3719.000000,0.000000,0.000000
-100.000000,-200.000000,0.000000,0.000000,-3714.000000,0.000000,0.000000
-100.000000,-100.000000,0.000000,0.000000,-3692.000000,0.000000,0.000000
100.000000,-100.000000,0.000000,0.000000,-3704.000000,0.000000,0.000000
0.000000,0.000000,0.000000,0.000000,-3699.000000,0.000000,0.000000
0.000000,200.000000,0.000000,0.000000,-3699.000000,0.000000,0.000000
0.000000,-100.000000,0.000000,0.000000,-3693.000000,0.000000,0.000000
-300.000000,-100.000000,0.000000,0.000000,-3685.000000,0.000000,0.000000
200.000000,100.000000,0.000000,0.000000,-3673.000000,0.000000,0.000000
0.000000,-200.000000,0.000000,0.000000,-3685.000000,0.000000,0.000000
0.000000,100.000000,0.000000,0.000000,-3685.000000,0.000000,0.000000
-200.000000,-200.000000,0.000000,0.000000,-3689.000000,0.000000,0.000000
0.000000,-100.000000,0.000000,0.000000,-3677.000000,0.000000,0.000000
0.000000,-200.000000,0.000000,0.000000,-3664.000000,0.000000,0.000000
0.000000,0.000000,0.000000,0.000000,-3662.000000,0.000000,0.000000
0.000000,-100.000000,0.000000,0.000000,-3666.000000,0.000000,0.000000
-100.000000,-200.000000,0.000000,0.000000,-3654.000000,0.000000,0.000000
0.000000,0.000000,156.000000,156.000000,-3643.000000,0.000000,0.000000
100.000000,200.000000,0.000000,0.000000,-3640.000000,0.000000,0.000000
100.000000,-100.000000,0.000000,0.000000,-3633.000000,0.000000,0.000000
0.000000,0.000000,0.000000,0.000000,-3619.000000,0.000000,0.000000
-200.000000,-100.000000,0.000000,0.000000,-3628.000000,0.000000,0.000000
0.000000,-200.000000,0.000000,0.000000,-3630.000000,0.000000,0.000000
0.000000,-100.000000,0.000000,0.000000,-3633.000000,0.000000,0.000000
0.000000,-300.000000,0.000000,0.000000,-3637.000000,0.000000,0.000000
-200.000000,500.000000,10000.000000,10000.000000,-3633.000000,196.000000,196.000000
9900.000000,9300.000000,10000.000000,10000.000000,-3674.000000,1963.000000,1963.000000
8700.000000,10400.000000,10000.000000,10000.000000,-3615.000000,1963.000000,1963.000000
9700.000000,10600.000000,10000.000000,10000.000000,-3164.000000,981.000000,785.000000
10200.000000,9100.000000,10000.000000,10000.000000,-2744.000000,-392.000000,-392.000000
10000.000000,9300.000000,10000.000000,10000.000000,-2735.000000,196.000000,0.000000
10100.000000,10500.000000,10000.000000,10000.000000,-2869.000000,981.000000,785.000000
9500.000000,9300.000000,10000.000000,10000.000000,-2520.000000,1570.000000,1374.000000
10200.000000,8500.000000,10000.000000,10000.000000,-1926.000000,2356.000000,1963.000000
10200.000000,9100.000000,10000.000000,10000.000000,-1510.000000,1767.000000,2159.000000
9100.000000,9900.000000,10000.000000,10000.000000,-1186.000000,1178.000000,1570.000000
10900.000000,10900.000000,10000.000000,10000.000000,-802.000000,1178.000000,981.000000
9600.000000,9300.000000,10000.000000,10000.000000,-403.000000,1570.000000,1570.000000
8600.000000,8600.000000,10000.000000,10000.000000,41.000000,2748.000000,2356.000000
8900.000000,11500.000000,10000.000000,10000.000000,648.000000,2552.000000,2748.000000
11000.000000,9000.000000,10000.000000,10000.000000,1327.000000,2356.000000,2552.000000
9400.000000,8900.000000,10000.000000,10000.000000,1879.000000,1767.000000,2356.000000
9200.000000,9100.000000,10000.000000,10000.000000,2246.000000,1963.000000,1963.000000
9000.000000,9100.000000,10000.000000,10000.000000,2671.000000,2552.000000,1767.000000
8900.000000,9100.000000,10000.000000,10000.000000,3207.000000,2748.000000,1963.000000
8700.000000,11300.000000,10000.000000,10000.000000,3764.000000,3141.000000,2552.000000
11500.000000,8900.000000,10000.000000,10000.000000,4347.000000,2748.000000,2552.000000
9100.000000,9600.000000,10000.000000,10000.000000,4818.000000,2356.000000,2552.000000
10200.000000,11500.000000,10000.000000,10000.000000,5205.000000,2159.000000,2159.000000
11700.000000,11700.000000,10000.000000,10000.000000,5611.000000,2356.000000,2159.000000
11400.000000,8700.000000,10000.000000,10000.000000,6101.000000,2748.000000,2552.000000
9100.000000,9400.000000,10000.000000,10000.000000,6628.000000,2748.000000,2748.000000
9000.000000,11500.000000,10000.000000,10000.000000,7063.000000,2356.000000,2748.000000
11400.000000,9500.000000,10000.000000,10000.000000,7454.000000,2159.000000,2748.000000
8800.000000,9500.000000,10000.000000,10000.000000,7754.000000,2159.000000,2356.000000
9300.000000,8500.000000,10000.000000,10000.000000,7976.000000,2552.000000,1767.000000
8900.000000,9200.000000,10000.000000,10000.000000,8279.000000,2356.000000,1963.000000
8600.000000,9300.000000,10000.000000,10000.000000,8544.000000,2356.000000,1963.000000
8800.000000,11400.000000,10000.000000,10000.000000,8767.000000,2159.000000,2356.000000
9100.000000,11600.000000,10000.000000,10000.000000,8857.000000,2159.000000,2356.000000
9600.000000,11200.000000,10000.000000,10000.000000,8866.000000,1963.000000,1767.000000
9700.000000,11500.000000,10000.000000,10000.000000,8851.000000,1963.000000,1570.000000
9200.000000,11300.000000,10000.000000,10000.000000,8939.000000,2159.000000,1570.000000
9300.000000,11400.000000,10000.000000,10000.000000,8915.000000,1963.000000,1570.000000
11100.000000,11500.000000,10000.000000,10000.000000,8827.000000,1570.000000,1767.000000
100.000000,0.000000,0.000000,0.000000,8799.000000,785.000000,1178.000000
0.000000,0.000000,0.000000,0.000000,8554.000000,-392.000000,-392.000000
0.000000,200.000000,0.000000,0.000000,7991.000000,0.000000,-589.000000
100.000000,0.000000,0.000000,0.000000,7702.000000,-196.000000,0.000000
-200.000000,100.000000,0.000000,0.000000,7583.000000,-392.000000,-392.000000
200.000000,0.000000,0.000000,0.000000,7125.000000,0.000000,-196.000000
0.000000,-100.000000,0.000000,0.000000,6544.000000,196.000000,196.000000
100.000000,0.000000,0.000000,0.000000,5907.000000,-196.000000,0.000000
-100.000000,0.000000,0.000000,0.000000,5124.000000,392.000000,196.000000
-100.000000,-100.000000,0.000000,0.000000,4384.000000,0.000000,-196.000000
-100.000000,200.000000,0.000000,0.000000,3519.000000,0.000000,0.000000
100.000000,-100.000000,0.000000,0.000000,2640.000000,-196.000000,0.000000
-200.000000,-100.000000,0.000000,0.000000,1663.000000,-196.000000,0.000000
-200.000000,100.000000,0.000000,0.000000,725.000000,0.000000,0.000000
-300.000000,-100.000000,0.000000,0.000000,-172.000000,196.000000,-196.000000
0.000000,-100.000000,0.000000,0.000000,-1103.000000,0.000000,0.000000
100.000000,-100.000000,0.000000,0.000000,-2184.000000,-196.000000,-196.000000
100.000000,0.000000,0.000000,0.000000,-3221.000000,0.000000,-785.000000
200.000000,0.000000,0.000000,0.000000,-4035.000000,0.000000,-1374.000000
0.000000,0.000000,0.000000,0.000000,-4821.000000,0.000000,-1570.000000
100.000000,0.000000,0.000000,0.000000,-5757.000000,-196.000000,-981.000000
200.000000,200.000000,0.000000,0.000000,-6666.000000,-392.000000,-1178.000000
100.000000,200.000000,0.000000,0.000000,-7378.000000,-589.000000,-981.000000
100.000000,200.000000,0.000000,0.000000,-8016.000000,-196.000000,-785.000000
200.000000,200.000000,0.000000,0.000000,-8817.000000,-392.000000,-589.000000
0.000000,-200.000000,0.000000,0.000000,-9572.000000,-196.000000,-196.000000
0.000000,0.000000,0.000000,0.000000,-10136.000000,0.000000,-196.000000
100.000000,-200.000000,0.000000,0.000000,-10639.000000,392.000000,0.000000
0.000000,-300.000000,0.000000,0.000000,-11090.000000,0.000000,196.000000
-200.000000,0.000000,0.000000,0.000000,-11465.000000,0.000000,0.000000
300.000000,-200.000000,0.000000,0.000000,-11796.000000,0.000000,0.000000
-200.000000,-100.000000,0.000000,0.000000,-12071.000000,0.000000,196.000000
100.000000,0.000000,0.000000,0.000000,-12303.000000,196.000000,0.000000
200.000000,-200.000000,0.000000,0.000000,-12507.000000,392.000000,392.000000
-100.000000,200.000000,0.000000,0.000000,-12716.000000,1570.000000,589.000000
-300.000000,0.000000,0.000000,0.000000,-12843.000000,2748.000000,1374.000000
0.000000,0.000000,0.000000,0.000000,-12941.000000,3337.000000,1767.000000
0.000000,100.000000,0.000000,0.000000,-12707.000000,3141.000000,1767.000000
-200.000000,-200.000000,0.000000,0.000000,-12368.000000,2945.000000,1963.000000
100.000000,0.000000,0.000000,0.000000,-11984.000000,2945.000000,1767.000000
100.000000,0.000000,0.000000,0.000000,-11763.000000,2748.000000,1767.000000
-100.000000,0.000000,0.000000,0.000000,-11379.000000,2356.000000,1963.000000
-200.000000,200.000000,0.000000,0.000000,-10876.000000,2552.000000,2159.000000
-100.000000,-100.000000,0.000000,0.000000,-10442.000000,2356.000000,2748.000000
0.000000,0.000000,0.000000,0.000000,-10021.000000,2748.000000,2945.000000
-100.000000,0.000000,0.000000,0.000000,-9423.000000,3730.000000,2748.000000
-100.000000,0.000000,0.000000,0.000000,-8705.000000,4319.000000,2748.000000
-100.000000,100.000000,0.000000,0.000000,-8181.000000,4123.000000,2552.000000
0.000000,0.000000,0.000000,0.000000,-7616.000000,4319.000000,2552.000000
100.000000,-200.000000,0.000000,0.000000,-6853.000000,3926.000000,2552.000000
0.000000,300.000000,0.000000,0.000000,-6198.000000,3730.000000,2552.000000
400.000000,0.000000,0.000000,0.000000,-5627.000000,3730.000000,2945.000000
0.000000,0.000000,0.000000,0.000000,-4883.000000,3337.000000,3141.000000
100.000000,100.000000,0.000000,0.000000,-4068.000000,3337.000000,3141.000000
100.000000,300.000000,0.000000,0.000000,-3436.000000,3141.000000,3141.000000
-100.000000,0.000000,0.000000,0.000000,-2812.000000,3337.000000,2945.000000
100.000000,0.000000,0.000000,0.000000,-2045.000000,3534.000000,2945.000000
0.000000,100.000000,0.000000,0.000000,-1316.000000,3926.000000,2748.000000
-200.000000,0.000000,0.000000,0.000000,-781.000000,3730.000000,2748.000000
-300.000000,0.000000,0.000000,0.000000,-335.000000,3730.000000,2552.000000
0.000000,0.000000,0.000000,0.000000,207.000000,3534.000000,2356.000000
0.000000,0.000000,0.000000,0.000000,823.000000,3337.000000,2356.000000
-100.000000,-100.000000,0.000000,0.000000,1224.000000,2945.000000,2159.000000
-400.000000,-100.000000,0.000000,0.000000,1613.000000,2945.000000,1963.000000
200.000000,-200.000000,0.000000,0.000000,2094.000000,2748.000000,1963.000000
0.000000,100.000000,0.000000,0.000000,2483.000000,2552.000000,1767.000000
0.000000,100.000000,0.000000,0.000000,2661.000000,2356.000000,1570.000000
-100.000000,100.000000,0.000000,0.000000,2828.000000,2159.000000,1570.000000
0.000000,0.000000,0.000000,0.000000,3069.000000,2159.000000,1178.000000
-400.000000,100.000000,0.000000,0.000000,3214.000000,1767.000000,1178.000000
-100.000000,0.000000,0.000000,0.000000,3220.000000,1767.000000,981.000000
-100.000000,-100.000000,0.000000,0.000000,3229.000000,1570.000000,981.000000
-200.000000,0.000000,0.000000,0.000000,3227.000000,1374.000000,785.000000
-100.000000,-100.000000,0.000000,0.000000,3074.000000,1178.000000,589.000000
-100.000000,0.000000,0.000000,0.000000,2810.000000,981.000000,589.000000
100.000000,-100.000000,0.000000,0.000000,2593.000000,981.000000,196.000000
-300.000000,0.000000,0.000000,0.000000,2370.000000,589.000000,392.000000
-100.000000,100.000000,0.000000,0.000000,1953.000000,589.000000,196.000000
-200.000000,0.000000,0.000000,0.000000,1484.000000,589.000000,0.000000
-200.000000,0.000000,0.000000,0.000000,1098.000000,196.000000,0.000000
-300.000000,0.000000,0.000000,0.000000,702.000000,0.000000,-196.000000
0.000000,0.000000,0.000000,0.000000,145.000000,0.000000,0.000000
-100.000000,-100.000000,0.000000,0.000000,-425.000000,0.000000,0.000000
100.000000,-100.000000,0.000000,0.000000,-917.000000,0.000000,0.000000
0.000000,-100.000000,0.000000,0.000000,-1476.000000,0.000000,-196.000000
0.000000,0.000000,0.000000,0.000000,-2157.000000,0.000000,-589.000000
0.000000,100.000000,0.000000,0.000000,-2808.000000,0.000000,-1178.000000
0.000000,-100.000000,0.000000,0.000000,-3291.000000,0.000000,-1374.000000
0.000000,-100.000000,0.000000,0.000000,-3870.000000,-196.000000,-1178.000000
0.000000,0.000000,0.000000,0.000000,-4580.000000,-196.000000,-1178.000000
-100.000000,0.000000,0.000000,0.000000,-5142.000000,0.000000,-785.000000
100.000000,0.000000,0.000000,0.000000,-5564.000000,0.000000,-785.000000
200.000000,-200.000000,0.000000,0.000000,-6108.000000,0.000000,-589.000000
400.000000,-100.000000,0.000000,0.000000,-6715.000000,0.000000,-392.000000
0.000000,-100.000000,0.000000,0.000000,-7174.000000,0.000000,-196.000000
200.000000,0.000000,0.000000,0.000000,-7558.000000,0.000000,-196.000000
0.000000,0.000000,0.000000,0.000000,-8023.000000,0.000000,-196.000000
100.000000,0.000000,0.000000,0.000000,-8489.000000,0.000000,0.000000
100.000000,0.000000,0.000000,0.000000,-8841.000000,196.000000,0.000000
-100.000000,0.000000,0.000000,0.000000,-9149.000000,0.000000,0.000000
-200.000000,200.000000,0.000000,0.000000,-9472.000000,-196.000000,196.000000
100.000000,0.000000,0.000000,0.000000,-9715.000000,0.000000,0.000000
0.000000,0.000000,0.000000,0.000000,-9868.000000,196.000000,0.000000
100.000000,-200.000000,0.000000,0.000000,-9984.000000,196.000000,0.000000
0.000000,0.000000,0.000000,0.000000,-10053.000000,0.000000,196.000000
200.000000,-200.000000,0.000000,0.000000,-10050.000000,0.000000,0.000000
-100.000000,-100.000000,0.000000,0.000000,-9996.000000,0.000000,0.000000
100.000000,0.000000,0.000000,0.000000,-9957.000000,0.000000,0.000000
-200.000000,-200.000000,0.000000,0.000000,-9871.000000,196.000000,589.000000
-100.000000,0.000000,0.000000,0.000000,-9760.000000,392.000000,1178.000000
0.000000,-100.000000,0.000000,0.000000,-9716.000000,1374.000000,1963.000000
0.000000,300.000000,0.000000,0.000000,-9506.000000,2159.000000,2159.000000
0.000000,100.000000,0.000000,0.000000,-9272.000000,2356.000000,1963.000000
-100.000000,200.000000,0.000000,0.000000,-9140.000000,2159.000000,1767.000000
100.000000,100.000000,0.000000,0.000000,-8749.000000,1963.000000,1570.000000
0.000000,-100.000000,0.000000,0.000000,-8369.000000,1963.000000,1374.000000
-100.000000,100.000000,0.000000,0.000000,-8107.000000,1767.000000,1570.000000
0.000000,-100.000000,0.000000,0.000000,-7730.000000,1570.000000,1374.000000
100.000000,-100.000000,0.000000,0.000000,-7181.000000,1570.000000,1374.000000
0.000000,200.000000,0.000000,0.000000,-6709.000000,1374.000000,1767.000000
100.000000,100.000000,0.000000,0.000000,-6353.000000,1178.000000,2356.000000
100.000000,0.000000,0.000000,0.000000,-5881.000000,1374.000000,2552.000000
100.000000,0.000000,0.000000,0.000000,-5292.000000,1570.000000,2159.000000
0.000000,-100.000000,0.000000,0.000000,-4826.000000,2159.000000,2356.000000
0.000000,-100.000000,0.000000,0.000000,-4442.000000,2159.000000,2159.000000
0.000000,200.000000,0.000000,0.000000,-3907.000000,1963.000000,1963.000000
-300.000000,0.000000,0.000000,0.000000,-3341.000000,1963.000000,1767.000000
-100.000000,-100.000000,0.000000,0.000000,-2924.000000,1767.000000,1570.000000
-200.000000,-200.000000,0.000000,0.000000,-2560.000000,1570.000000,1570.000000
300.000000,-100.000000,0.000000,0.000000,-2119.000000,1570.000000,1570.000000
0.000000,0.000000,0.000000,0.000000,-1704.000000,1374.000000,1570.000000
0.000000,-300.000000,0.000000,0.000000,-1412.000000,1178.000000,1570.000000
0.000000,0.000000,0.000000,0.000000,-1108.000000,1178.000000,1767.000000
100.000000,-600.000000,0.000000,0.000000,-749.000000,981.000000,1374.000000
-300.000000,200.000000,0.000000,0.000000,-442.000000,981.000000,1570.000000
0.000000,0.000000,0.000000,0.000000,-238.000000,785.000000,1178.000000
-100.000000,0.000000,0.000000,0.000000,-22.000000,589.000000,1178.000000
-100.000000,300.000000,0.000000,0.000000,198.000000,589.000000,981.000000
-100.000000,-100.000000,0.000000,0.000000,321.000000,392.000000,981.000000
0.000000,100.000000,0.000000,0.000000,348.000000,392.000000,785.000000
0.000000,200.000000,0.000000,0.000000,377.000000,392.000000,589.000000
0.000000,100.000000,0.000000,0.000000,444.000000,392.000000,392.000000
-100.000000,0.000000,0.000000,0.000000,430.000000,196.000000,392.000000
100.000000,-100.000000,0.000000,0.000000,302.000000,196.000000,0.000000
200.000000,100.000000,0.000000,0.000000,213.000000,-196.000000,0.000000
-400.000000,200.000000,0.000000,0.000000,127.000000,0.000000,-196.000000
0.000000,-200.000000,0.000000,0.000000,-51.000000,0.000000,0.000000
0.000000,0.000000,0.000000,0.000000,-320.000000,0.000000,0.000000
-500.000000,-100.000000,0.000000,0.000000,-536.000000,0.000000,0.000000
-500.000000,0.000000,0.000000,0.000000,-772.000000,0.000000,0.000000
0.000000,0.000000,0.000000,0.000000,-1122.000000,0.000000,0.000000
0.000000,0.000000,0.000000,0.000000,-1467.000000,0.000000,-196.000000
0.000000,-200.000000,0.000000,0.000000,-1791.000000,-392.000000,0.000000
0.000000,100.000000,0.000000,0.000000,-2139.000000,0.000000,0.000000
100.000000,0.000000,0.000000,0.000000,-2569.000000,0.000000,-196.000000
100.000000,-100.000000,0.000000,0.000000,-2942.000000,-392.000000,-392.000000
0.000000,200.000000,0.000000,0.000000,-3224.000000,-785.000000,-785.000000
-100.000000,-100.000000,0.000000,0.000000,-3476.000000,-1178.000000,-981.000000
300.000000,0.000000,0.000000,0.000000,-3902.000000,-1570.000000,-981.000000
0.000000,-100.000000,0.000000,0.000000,-4333.000000,-1178.000000,-589.000000
0.000000,100.000000,0.000000,0.000000,-4626.000000,-1178.000000,-785.000000
0.000000,0.000000,0.000000,0.000000,-4895.000000,-1178.000000,-392.000000
100.000000,100.000000,0.000000,0.000000,-5283.000000,-981.000000,-392.000000
0.000000,100.000000,0.000000,0.000000,-5643.000000,-589.000000,-196.000000
0.000000,0.000000,0.000000,0.000000,-5922.000000,-589.000000,-392.000000
100.000000,-100.000000,0.000000,0.000000,-6169.000000,-785.000000,-196.000000
0.000000,400.000000,0.000000,0.000000,-6445.000000,-196.000000,-196.000000
0.000000,600.000000,0.000000,0.000000,-6690.000000,-392.000000,-196.000000
-100.000000,-100.000000,0.000000,0.000000,-6907.000000,0.000000,0.000000
0.000000,0.000000,0.000000,0.000000,-7125.000000,0.000000,-196.000000
0.000000,100.000000,0.000000,0.000000,-7274.000000,-196.000000,196.000000
200.000000,200.000000,0.000000,0.000000,-7326.000000,-392.000000,0.000000
0.000000,200.000000,0.000000,0.000000,-7412.000000,-392.000000,0.000000
0.000000,100.000000,0.000000,0.000000,-7543.000000,-392.000000,0.000000
100.000000,0.000000,0.000000,0.000000,-7551.000000,0.000000,196.000000
-300.000000,-200.000000,0.000000,0.000000,-7492.000000,-196.000000,0.000000
-100.000000,-500.000000,0.000000,0.000000,-7405.000000,0.000000,0.000000
-100.000000,-100.000000,0.000000,0.000000,-7360.000000,196.000000,0.000000
100.000000,300.000000,0.000000,0.000000,-7288.000000,196.000000,0.000000
0.000000,-100.000000,0.000000,0.000000,-7143.000000,0.000000,196.000000
100.000000,100.000000,0.000000,0.000000,-6967.000000,0.000000,0.000000
0.000000,-100.000000,0.000000,0.000000,-6737.000000,0.000000,392.000000
0.000000,0.000000,0.000000,0.000000,-6546.000000,0.000000,981.000000
-100.000000,-200.000000,0.000000,0.000000,-6339.000000,0.000000,1374.000000
0.000000,0.000000,0.000000,0.000000,-6052.000000,0.000000,1374.000000
-100.000000,0.000000,0.000000,0.000000,-5743.000000,0.000000,1178.000000
0.000000,0.000000,0.000000,0.000000,-5491.000000,0.000000,1178.000000
-200.000000,0.000000,0.000000,0.000000,-5245.000000,0.000000,981.000000
-100.000000,0.000000,0.000000,0.000000,-4955.000000,392.000000,981.000000
0.000000,0.000000,0.000000,0.000000,-4701.000000,981.000000,589.000000
0.000000,0.000000,0.000000,0.000000,-4442.000000,1374.000000,785.000000
0.000000,0.000000,0.000000,0.000000,-4151.000000,1178.000000,589.000000
0.000000,200.000000,0.000000,0.000000,-3867.000000,1374.000000,392.000000
-100.000000,-100.000000,0.000000,0.000000,-3602.000000,981.000000,785.000000
-300.000000,200.000000,0.000000,0.000000,-3348.000000,981.000000,785.000000
-100.000000,200.000000,0.000000,0.000000,-3115.000000,981.000000,785.000000
-100.000000,200.000000,0.000000,0.000000,-2834.000000,589.000000,981.000000
-200.000000,-100.000000,0.000000,0.000000,-2565.000000,589.000000,785.000000
-100.000000,0.000000,0.000000,0.000000,-2358.000000,589.000000,785.000000
200.000000,0.000000,0.000000,0.000000,-2167.000000,392.000000,589.000000
200.000000,0.000000,0.000000,0.000000,-1974.000000,392.000000,589.000000
0.000000,-100.000000,0.000000,0.000000,-1808.000000,0.000000,392.000000
-100.000000,0.000000,0.000000,0.000000,-1658.000000,196.000000,392.000000
-100.000000,-100.000000,0.000000,0.000000,-1557.000000,0.000000,196.000000
-100.000000,-300.000000,0.000000,0.000000,-1446.000000,196.000000,196.000000
-100.000000,100.000000,0.000000,0.000000,-1347.000000,392.000000,0.000000
-100.000000,0.000000,0.000000,0.000000,-1292.000000,392.000000,0.000000
0.000000,0.000000,0.000000,0.000000,-1268.000000,392.000000,0.000000
-800.000000,0.000000,0.000000,0.000000,-1227.000000,196.000000,0.000000
-100.000000,200.000000,0.000000,0.000000,-1238.000000,196.000000,0.000000
0.000000,-300.000000,0.000000,0.000000,-1321.000000,0.000000,0.000000
-300.000000,100.000000,0.000000,0.000000,-1376.000000,0.000000,0.000000
-200.000000,0.000000,0.000000,0.000000,-1442.000000,-196.000000,0.000000
0.000000,0.000000,0.000000,0.000000,-1563.000000,0.000000,0.000000
0.000000,0.000000,0.000000,0.000000,-1734.000000,0.000000,0.000000
-200.000000,0.000000,0.000000,0.000000,-1866.000000,0.000000,0.000000
0.000000,0.000000,0.000000,0.000000,-2015.000000,0.000000,0.000000
100.000000,0.000000,0.000000,0.000000,-2202.000000,0.000000,0.000000
-100.000000,-200.000000,0.000000,0.000000,-2399.000000,0.000000,-196.000000
100.000000,-300.000000,0.000000,0.000000,-2587.000000,0.000000,0.000000
0.000000,100.000000,0.000000,0.000000,-2786.000000,0.000000,0.000000
300.000000,-100.000000,0.000000,0.000000,-3042.000000,-196.000000,-196.000000
100.000000,0.000000,0.000000,0.000000,-3300.000000,0.000000,-196.000000
100.000000,-200.000000,0.000000,0.000000,-3505.000000,0.000000,-392.000000
100.000000,-200.000000,0.000000,0.000000,-3726.000000,-196.000000,-589.000000
0.000000,0.000000,0.000000,0.000000,-3966.000000,0.000000,-785.000000
-100.000000,100.000000,0.000000,0.000000,-4148.000000,-196.000000,-589.000000
100.000000,100.000000,0.000000,0.000000,-4320.000000,-196.000000,-589.000000
0.000000,0.000000,0.000000,0.000000,-4458.000000,-392.000000,-392.000000
100.000000,400.000000,0.000000,0.000000,-4606.000000,-785.000000,-392.000000
0.000000,0.000000,0.000000,0.000000,-4796.000000,-589.000000,-392.000000
0.000000,100.000000,0.000000,0.000000,-4974.000000,-392.000000,0.000000
100.000000,0.000000,0.000000,0.000000,-5086.000000,-392.000000,-196.000000
0.000000,0.000000,0.000000,0.000000,-5197.000000,-196.000000,0.000000
0.000000,200.000000,0.000000,0.000000,-5292.000000,0.000000,-196.000000
100.000000,100.000000,0.000000,0.000000,-5386.000000,0.000000,-196.000000
100.000000,0.000000,0.000000,0.000000,-5447.000000,0.000000,-392.000000
200.000000,-100.000000,0.000000,0.000000,-5467.000000,0.000000,-392.000000
0.000000,0.000000,0.000000,0.000000,-5480.000000,0.000000,-196.000000
400.000000,-100.000000,0.000000,0.000000,-5484.000000,0.000000,0.000000
0.000000,0.000000,0.000000,0.000000,-5459.000000,0.000000,0.000000
-100.000000,-200.000000,0.000000,0.000000,-5426.000000,0.000000,0.000000
-500.000000,0.000000,0.000000,0.000000,-5392.000000,0.000000,196.000000
0.000000,200.000000,0.000000,0.000000,-5317.000000,0.000000,0.000000
0.000000,0.000000,0.000000,0.000000,-5228.000000,0.000000,0.000000
-200.000000,-100.000000,0.000000,0.000000,-5141.000000,0.000000,0.000000
-100.000000,-100.000000,0.000000,0.000000,-5057.000000,0.000000,0.000000
0.000000,-200.000000,0.000000,0.000000,-4908.000000,0.000000,0.000000
0.000000,0.000000,0.000000,0.000000,-4784.000000,196.000000,0.000000
-100.000000,0.000000,0.000000,0.000000,-4661.000000,196.000000,0.000000
-100.000000,0.000000,0.000000,0.000000,-4533.000000,0.000000,0.000000
200.000000,0.000000,0.000000,0.000000,-4398.000000,0.000000,0.000000
-200.000000,0.000000,0.000000,0.000000,-4233.000000,0.000000,0.000000
-100.000000,-200.000000,0.000000,0.000000,-4074.000000,0.000000,196.000000
-200.000000,0.000000,0.000000,0.000000,-3923.000000,0.000000,0.000000
0.000000,200.000000,0.000000,0.000000,-3756.000000,0.000000,196.000000
-200.000000,-100.000000,0.000000,0.000000,-3627.000000,0.000000,196.000000
100.000000,-100.000000,0.000000,0.000000,-3479.000000,0.000000,196.000000
0.000000,100.000000,0.000000,0.000000,-3342.000000,0.000000,196.000000
0.000000,100.000000,0.000000,0.000000,-3220.000000,0.000000,392.000000
0.000000,300.000000,78.000000,78.000000,-3106.000000,0.000000,392.000000
0.000000,100.000000,0.000000,0.000000,-2999.000000,0.000000,392.000000
-300.000000,0.000000,0.000000,0.000000,-2913.000000,0.000000,392.000000
0.000000,-300.000000,0.000000,0.000000,-2832.000000,0.000000,196.000000
-200.000000,0.000000,0.000000,0.000000,-2748.000000,0.000000,0.000000
0.000000,-300.000000,0.000000,0.000000,-2685.000000,0.000000,0.000000
-100.000000,-100.000000,0.000000,0.000000,-2630.000000,0.000000,0.000000
0.000000,200.000000,0.000000,0.000000,-2577.000000,0.000000,0.000000
-400.000000,0.000000,0.000000,0.000000,-2549.000000,0.000000,0.000000
-200.000000,0.000000,0.000000,0.000000,-2543.000000,0.000000,0.000000
-200.000000,0.000000,0.000000,0.000000,-2551.000000,0.000000,0.000000
0.000000,0.000000,0.000000,0.000000,-2543.000000,0.000000,0.000000
0.000000,0.000000,0.000000,0.000000,-2568.000000,0.000000,0.000000
0.000000,-300.000000,0.000000,0.000000,-2612.000000,0.000000,0.000000
100.000000,-300.000000,0.000000,0.000000,-2645.000000,0.000000,0.000000
-100.000000,-100.000000,0.000000,0.000000,-2684.000000,0.000000,0.000000
0.000000,-400.000000,0.000000,0.000000,-2764.000000,0.000000,0.000000
-200.000000,-200.000000,0.000000,0.000000,-2837.000000,0.000000,0.000000
100.000000,100.000000,0.000000,0.000000,-2927.000000,0.000000,0.000000
-200.000000,-200.000000,0.000000,0.000000,-3008.000000,0.000000,0.000000
100.000000,0.000000,0.000000,0.000000,-3112.000000,0.000000,0.000000
0.000000,-100.000000,0.000000,0.000000,-3197.000000,0.000000,0.000000
-100.000000,-300.000000,0.000000,0.000000,-3295.000000,0.000000,0.000000
0.000000,-300.000000,0.000000,0.000000,-3413.000000,0.000000,0.000000
-200.000000,0.000000,0.000000,0.000000,-3519.000000,0.000000,-196.000000
100.000000,-100.000000,0.000000,0.000000,-3627.000000,-196.000000,0.000000
-100.000000,-500.000000,0.000000,0.000000,-3756.000000,-196.000000,-196.000000
-100.000000,-300.000000,0.000000,0.000000,-3868.000000,0.000000,0.000000
0.000000,-100.000000,0.000000,0.000000,-3980.000000,0.000000,0.000000
-100.000000,200.000000,0.000000,0.000000,-4098.000000,0.000000,0.000000
100.000000,-300.000000,0.000000,0.000000,-4203.000000,0.000000,-196.000000
200.000000,-300.000000,0.000000,0.000000,-4287.000000,0.000000,-196.000000
100.000000,-200.000000,0.000000,0.000000,-4348.000000,0.000000,-196.000000
-100.000000,200.000000,0.000000,0.000000,-4406.000000,-196.000000,-196.000000
0.000000,0.000000,0.000000,0.000000,-4419.000000,-196.000000,-196.000000
100.000000,100.000000,0.000000,0.000000,-4451.000000,-196.000000,0.000000
0.000000,100.000000,0.000000,0.000000,-4480.000000,-196.000000,0.000000
0.000000,100.000000,0.000000,0.000000,-4503.000000,-196.000000,0.000000
0.000000,100.000000,0.000000,0.000000,-4491.000000,0.000000,0.000000
100.000000,0.000000,0.000000,0.000000,-4469.000000,0.000000,0.000000
0.000000,-200.000000,0.000000,0.000000,-4466.000000,0.000000,-196.000000
-300.000000,0.000000,0.000000,0.000000,-4429.000000,0.000000,196.000000
0.000000,-200.000000,0.000000,0.000000,-4410.000000,0.000000,0.000000
-100.000000,-200.000000,0.000000,0.000000,-4357.000000,0.000000,0.000000
100.000000,0.000000,0.000000,0.000000,-4310.000000,0.000000,0.000000
100.000000,-500.000000,78.000000,78.000000,-4263.000000,0.000000,0.000000
0.000000,200.000000,77.000000,78.000000,-4197.000000,0.000000,0.000000
-100.000000,-200.000000,0.000000,0.000000,-4156.000000,0.000000,0.000000
-200.000000,-200.000000,0.000000,0.000000,-4073.000000,0.000000,0.000000
0.000000,-100.000000,0.000000,0.000000,-3988.000000,0.000000,0.000000
100.000000,-200.000000,0.000000,0.000000,-3928.000000,0.000000,0.000000
-100.000000,0.000000,0.000000,0.000000,-3860.000000,0.000000,0.000000
0.000000,0.000000,0.000000,0.000000,-3764.000000,0.000000,196.000000
-100.000000,-200.000000,0.000000,0.000000,-3686.000000,196.000000,0.000000
0.000000,0.000000,0.000000,0.000000,-3628.000000,0.000000,0.000000
-100.000000,0.000000,0.000000,0.000000,-3567.000000,196.000000,0.000000
-200.000000,0.000000,0.000000,0.000000,-3505.000000,0.000000,0.000000
-200.000000,0.000000,0.000000,0.000000,-3425.000000,0.000000,0.000000
-100.000000,-200.000000,0.000000,0.000000,-3380.000000,0.000000,0.000000
-100.000000,0.000000,0.000000,0.000000,-3315.000000,0.000000,0.000000
0.000000,-200.000000,0.000000,0.000000,-3275.000000,0.000000,0.000000
-100.000000,-200.000000,0.000000,0.000000,-3224.000000,0.000000,0.000000
-100.000000,-300.000000,0.000000,0.000000,-3179.000000,0.000000,0.000000
0.000000,0.000000,0.000000,0.000000,-3141.000000,0.000000,0.000000
0.000000,0.000000,0.000000,0.000000,-3114.000000,0.000000,0.000000
100.000000,-200.000000,0.000000,0.000000,-3076.000000,0.000000,0.000000
0.000000,0.000000,0.000000,0.000000,-3079.000000,0.000000,196.000000
0.000000,-100.000000,0.000000,0.000000,-3075.000000,0.000000,0.000000
0.000000,0.000000,0.000000,0.000000,-3069.000000,0.000000,0.000000
0.000000,-100.000000,0.000000,0.000000,-3065.000000,0.000000,0.000000
0.000000,-100.000000,0.000000,0.000000,-3083.000000,0.000000,0.000000
-100.000000,-100.000000,0.000000,0.000000,-3094.000000,0.000000,0.000000
0.000000,-100.000000,0.000000,0.000000,-3122.000000,0.000000,0.000000
-300.000000,-300.000000,0.000000,0.000000,-3150.000000,0.000000,0.000000
0.000000,-100.000000,0.000000,0.000000,-3187.000000,0.000000,0.000000
100.000000,-600.000000,0.000000,0.000000,-3226.000000,0.000000,0.000000
-100.000000,-400.000000,0.000000,0.000000,-3269.000000,0.000000,0.000000
-200.000000,-200.000000,0.000000,0.000000,-3317.000000,0.000000,0.000000
-200.000000,-200.000000,0.000000,0.000000,-3369.000000,0.000000,0.000000
-100.000000,0.000000,0.000000,0.000000,-3414.000000,-196.000000,0.000000
-300.000000,-300.000000,0.000000,0.000000,-3478.000000,0.000000,0.000000
-100.000000,0.000000,0.000000,0.000000,-3547.000000,-196.000000,0.000000
-200.000000,0.000000,0.000000,0.000000,-3617.000000,0.000000,-196.000000
-200.000000,-100.000000,0.000000,0.000000,-3679.000000,0.000000,0.000000
-100.000000,-100.000000,0.000000,0.000000,-3742.000000,0.000000,0.000000
0.000000,0.000000,0.000000,0.000000,-3794.000000,0.000000,-196.000000
-500.000000,-300.000000,0.000000,0.000000,-3842.000000,0.000000,0.000000
-100.000000,-200.000000,0.000000,0.000000,-3915.000000,0.000000,0.000000
0.000000,-200.000000,0.000000,0.000000,-3959.000000,0.000000,0.000000
-200.000000,-100.000000,0.000000,0.000000,-4008.000000,0.000000,0.000000
-200.000000,-200.000000,0.000000,0.000000,-4054.000000,0.000000,0.000000
-200.000000,0.000000,0.000000,0.000000,-4082.000000,0.000000,0.000000
-200.000000,-300.000000,0.000000,0.000000,-4116.000000,0.000000,0.000000
-100.000000,0.000000,0.000000,0.000000,-4150.000000,0.000000,0.000000
-300.000000,0.000000,0.000000,0.000000,-4180.000000,0.000000,0.000000
-100.000000,-200.000000,0.000000,0.000000,-4188.000000,0.000000,0.000000
0.000000,-200.000000,0.000000,0.000000,-4197.000000,0.000000,0.000000
-100.000000,-400.000000,0.000000,0.000000,-4197.000000,0.000000,0.000000
-100.000000,-300.000000,0.000000,0.000000,-4191.000000,0.000000,0.000000
-100.000000,0.000000,0.000000,0.000000,-4202.000000,0.000000,0.000000
0.000000,-400.000000,0.000000,0.000000,-4172.000000,0.000000,0.000000
-200.000000,-200.000000,0.000000,0.000000,-4161.000000,0.000000,0.000000
0.000000,-100.000000,0.000000,0.000000,-4141.000000,0.000000,0.000000
-300.000000,-200.000000,0.000000,0.000000,-4118.000000,0.000000,0.000000
-100.000000,-100.000000,0.000000,0.000000,-4090.000000,0.000000,0.000000
-100.000000,0.000000,0.000000,0.000000,-4064.000000,0.000000,0.000000
0.000000,0.000000,0.000000,0.000000,-4025.000000,0.000000,0.000000
-100.000000,-200.000000,0.000000,0.000000,-3990.000000,0.000000,0.000000
-300.000000,-200.000000,0.000000,0.000000,-3933.000000,0.000000,0.000000
-100.000000,-100.000000,0.000000,0.000000,-3888.000000,0.000000,0.000000
-300.000000,200.000000,0.000000,0.000000,-3834.000000,0.000000,0.000000
-100.000000,-200.000000,0.000000,0.000000,-3790.000000,0.000000,196.000000
-200.000000,0.000000,0.000000,0.000000,-3738.000000,0.000000,0.000000
0.000000,200.000000,0.000000,0.000000,-3691.000000,0.000000,196.000000
100.000000,0.000000,0.000000,0.000000,-3646.000000,196.000000,0.000000
0.000000,-100.000000,0.000000,0.000000,-3608.000000,0.000000,0.000000
-100.000000,0.000000,0.000000,0.000000,-3571.000000,196.000000,0.000000
-200.000000,-200.000000,156.000000,156.000000,-3531.000000,0.000000,0.000000
200.000000,0.000000,0.000000,0.000000,-3505.000000,0.000000,0.000000
-200.000000,-300.000000,156.000000,156.000000,-3473.000000,0.000000,0.000000
100.000000,0.000000,0.000000,0.000000,-3446.000000,0.000000,0.000000
100.000000,0.000000,0.000000,0.000000,-3412.000000,0.000000,0.000000
0.000000,100.000000,0.000000,0.000000,-3383.000000,0.000000,0.000000
-200.000000,100.000000,0.000000,0.000000,-3358.000000,0.000000,0.000000
-100.000000,-200.000000,0.000000,0.000000,-3335.000000,0.000000,0.000000
0.000000,0.000000,0.000000,0.000000,-3328.000000,0.000000,0.000000
-100.000000,0.000000,0.000000,0.000000,-3326.000000,0.000000,0.000000
0.000000,0.000000,0.000000,0.000000,-3329.000000,0.000000,0.000000
-200.000000,-200.000000,0.000000,0.000000,-3336.000000,0.000000,0.000000
-100.000000,0.000000,0.000000,0.000000,-3342.000000,0.000000,0.000000
-200.000000,-300.000000,0.000000,0.000000,-3342.000000,0.000000,0.000000
-100.000000,100.000000,0.000000,0.000000,-3371.000000,0.000000,0.000000
0.000000,0.000000,0.000000,0.000000,-3402.000000,0.000000,0.000000
100.000000,100.000000,0.000000,0.000000,-3421.000000,0.000000,0.000000
100.000000,-100.000000,0.000000,0.000000,-3458.000000,0.000000,0.000000
0.000000,0.000000,0.000000,0.000000,-3488.000000,0.000000,0.000000
-100.000000,0.000000,0.000000,0.000000,-3528.000000,-196.000000,0.000000
0.000000,0.000000,0.000000,0.000000,-3574.000000,0.000000,0.000000
200.000000,-200.000000,0.000000,0.000000,-3597.000000,0.000000,0.000000
0.000000,0.000000,0.000000,0.000000,-3634.000000,-196.000000,0.000000
-200.000000,-300.000000,0.000000,0.000000,-3656.000000,0.000000,0.000000
200.000000,-200.000000,0.000000,0.000000,-3686.000000,0.000000,0.000000
0.000000,-100.000000,0.000000,0.000000,-3716.000000,0.000000,-196.000000
-100.000000,0.000000,0.000000,0.000000,-3743.000000,0.000000,0.000000
0.000000,-300.000000,156.000000,156.000000,-3786.000000,0.000000,0.000000
-100.000000,400.000000,0.000000,0.000000,-3818.000000,0.000000,-196.000000
0.000000,-100.000000,0.000000,0.000000,-3847.000000,0.000000,0.000000
0.000000,-200.000000,0.000000,0.000000,-3869.000000,0.000000,0.000000
0.000000,-100.000000,0.000000,0.000000,-3881.000000,0.000000,0.000000
-100.000000,0.000000,0.000000,0.000000,-3894.000000,0.000000,0.000000
100.000000,-200.000000,0.000000,0.000000,-3914.000000,0.000000,0.000000
0.000000,-200.000000,0.000000,0.000000,-3925.000000,0.000000,0.000000
0.000000,0.000000,0.000000,0.000000,-3933.000000,0.000000,0.000000
0.000000,-100.000000,0.000000,0.000000,-3961.000000,0.000000,0.000000
0.000000,100.000000,0.000000,0.000000,-3956.000000,0.000000,0.000000
100.000000,-100.000000,0.000000,0.000000,-3967.000000,0.000000,0.000000
-100.000000,-100.000000,0.000000,0.000000,-3972.000000,0.000000,0.000000
-200.000000,-300.000000,0.000000,0.000000,-3971.000000,0.000000,0.000000
-200.000000,-200.000000,0.000000,0.000000,-3966.000000,0.000000,0.000000
-300.000000,-100.000000,0.000000,0.000000,-3960.000000,0.000000,0.000000
0.000000,0.000000,0.000000,0.000000,-3951.000000,0.000000,0.000000
-200.000000,-100.000000,156.000000,156.000000,-3935.000000,0.000000,0.000000
100.000000,0.000000,153.000000,156.000000,-3916.000000,0.000000,196.000000
0.000000,0.000000,0.000000,0.000000,-3897.000000,0.000000,0.000000
0.000000,-100.000000,0.000000,0.000000,-3894.000000,0.000000,0.000000
0.000000,-200.000000,0.000000,0.000000,-3879.000000,0.000000,0.000000
-300.000000,-100.000000,0.000000,0.000000,-3864.000000,0.000000,0.000000
0.000000,-100.000000,0.000000,0.000000,-3841.000000,0.000000,0.000000
0.000000,-200.000000,0.000000,0.000000,-3819.000000,0.000000,0.000000
0.000000,-100.000000,0.000000,0.000000,-3787.000000,0.000000,0.000000
0.000000,0.000000,0.000000,0.000000,-3750.000000,0.000000,0.000000
0.000000,100.000000,0.000000,0.000000,-3710.000000,0.000000,0.000000
0.000000,-300.000000,0.000000,0.000000,-3695.000000,0.000000,0.000000
-200.000000,0.000000,0.000000,0.000000,-3680.000000,0.000000,0.000000
100.000000,0.000000,0.000000,0.000000,-3669.000000,0.000000,196.000000
-200.000000,-200.000000,0.000000,0.000000,-3636.000000,0.000000,0.000000
0.000000,0.000000,0.000000,0.000000,-3605.000000,0.000000,0.000000
0.000000,-200.000000,0.000000,0.000000,-3588.000000,0.000000,0.000000
0.000000,0.000000,0.000000,0.000000,-3558.000000,0.000000,0.000000
-100.000000,0.000000,0.000000,0.000000,-3551.000000,0.000000,0.000000
-100.000000,-200.000000,0.000000,0.000000,-3528.000000,0.000000,0.000000
-200.000000,-300.000000,0.000000,0.000000,-3506.000000,0.000000,0.000000
0.000000,-200.000000,0.000000,0.000000,-3495.000000,0.000000,0.000000
-100.000000,-300.000000,0.000000,0.000000,-3500.000000,0.000000,0.000000
0.000000,-100.000000,0.000000,0.000000,-3493.000000,0.000000,0.000000
0.000000,100.000000,0.000000,0.000000,-3475.000000,0.000000,0.000000
-300.000000,0.000000,0.000000,0.000000,-3489.000000,0.000000,0.000000
-200.000000,-200.000000,0.000000,0.000000,-3491.000000,0.000000,0.000000
0.000000,-200.000000,0.000000,0.000000,-3504.000000,0.000000,0.000000
100.000000,0.000000,0.000000,0.000000,-3508.000000,0.000000,0.000000
0.000000,-200.000000,0.000000,0.000000,-3512.000000,0.000000,0.000000
0.000000,0.000000,0.000000,0.000000,-3527.000000,0.000000,0.000000
200.000000,-300.000000,0.000000,0.000000,-3547.000000,0.000000,0.000000
0.000000,0.000000,0.000000,0.000000,-3551.000000,0.000000,0.000000
0.000000,100.000000,0.000000,0.000000,-3553.000000,0.000000,0.000000
0.000000,0.000000,0.000000,0.000000,-3568.000000,0.000000,0.000000
-100.000000,-100.000000,0.000000,0.000000,-3581.000000,0.000000,-196.000000
-100.000000,-500.000000,0.000000,0.000000,-3600.000000,0.000000,0.000000
0.000000,-100.000000,0.000000,0.000000,-3622.000000,0.000000,0.000000
-100.000000,100.000000,0.000000,0.000000,-3649.000000,0.000000,0.000000
-100.000000,-100.000000,0.000000,0.000000,-3666.000000,0.000000,0.000000
0.000000,-200.000000,0.000000,0.000000,-3696.000000,0.000000,0.000000
200.000000,-200.000000,0.000000,0.000000,-3723.000000,0.000000,0.000000
0.000000,0.000000,0.000000,0.000000,-3752.000000,0.000000,0.000000
0.000000,100.000000,0.000000,0.000000,-3767.000000,0.000000,0.000000
0.000000,200.000000,156.000000,156.000000,-3797.000000,0.000000,0.000000
0.000000,0.000000,0.000000,0.000000,-3812.000000,0.000000,0.000000
-100.000000,-200.000000,0.000000,0.000000,-3814.000000,0.000000,0.000000
-100.000000,-400.000000,0.000000,0.000000,-3829.000000,0.000000,0.000000
-100.000000,-300.000000,0.000000,0.000000,-3843.000000,0.000000,0.000000
100.000000,-200.000000,0.000000,0.000000,-3855.000000,0.000000,0.000000
-300.000000,-300.000000,0.000000,0.000000,-3879.000000,0.000000,0.000000
-100.000000,-200.000000,0.000000,0.000000,-3889.000000,0.000000,0.000000
0.000000,-100.000000,0.000000,0.000000,-3910.000000,0.000000,0.000000
0.000000,-100.000000,0.000000,0.000000,-3912.000000,0.000000,0.000000
0.000000,200.000000,0.000000,0.000000,-3920.000000,0.000000,0.000000
0.000000,200.000000,0.000000,0.000000,-3925.000000,0.000000,0.000000
0.000000,-200.000000,0.000000,0.000000,-3923.000000,0.000000,0.000000
-100.000000,-100.000000,0.000000,0.000000,-3919.000000,0.000000,0.000000
-100.000000,0.000000,0.000000,0.000000,-3895.000000,0.000000,0.000000
0.000000,-100.000000,0.000000,0.000000,-3881.000000,0.000000,0.000000
-100.000000,0.000000,0.000000,0.000000,-3875.000000,0.000000,0.000000
100.000000,-100.000000,0.000000,0.000000,-3876.000000,0.000000,0.000000
-100.000000,0.000000,0.000000,0.000000,-3875.000000,0.000000,0.000000
-200.000000,-100.000000,0.000000,0.000000,-3872.000000,0.000000,0.000000
0.000000,-200.000000,0.000000,0.000000,-3847.000000,0.000000,0.000000
0.000000,-100.000000,0.000000,0.000000,-3813.000000,0.000000,0.000000
0.000000,-100.000000,0.000000,0.000000,-3798.000000,0.000000,0.000000
-200.000000,-200.000000,0.000000,0.000000,-3775.000000,0.000000,0.000000
0.000000,0.000000,0.000000,0.000000,-3778.000000,0.000000,0.000000
300.000000,100.000000,156.000000,156.000000,-3768.000000,0.000000,0.000000
-100.000000,-100.000000,0.000000,0.000000,-3747.000000,0.000000,0.000000
100.000000,-100.000000,0.000000,0.000000,-3745.000000,0.000000,0.000000
-100.000000,-200.000000,0.000000,0.000000,-3727.000000,0.000000,196.000000
-100.000000,0.000000,0.000000,0.000000,-3723.000000,0.000000,0.000000
0.000000,-100.000000,0.000000,0.000000,-3716.000000,0.000000,0.000000
-100.000000,0.000000,0.000000,0.000000,-3698.000000,0.000000,0.000000
100.000000,-200.000000,0.000000,0.000000,-3685.000000,0.000000,0.000000
0.000000,0.000000,0.000000,0.000000,-3692.000000,0.000000,0.000000
0.000000,-100.000000,0.000000,0.000000,-3669.000000,0.000000,0.000000
0.000000,100.000000,0.000000,0.000000,-3655.000000,0.000000,0.000000
-200.000000,-200.000000,0.000000,0.000000,-3645.000000,0.000000,0.000000
0.000000,-200.000000,0.000000,0.000000,-3641.000000,0.000000,0.000000
-100.000000,-200.000000,0.000000,0.000000,-3643.000000,0.000000,0.000000
-100.000000,-300.000000,0.000000,0.000000,-3646.000000,0.000000,0.000000
0.000000,-100.000000,0.000000,0.000000,-3633.000000,0.000000,0.000000
-100.000000,0.000000,0.000000,0.000000,-3626.000000,0.000000,0.000000
0.000000,-100.000000,0.000000,0.000000,-3621.000000,0.000000,0.000000
-300.000000,-200.000000,0.000000,0.000000,-3628.000000,0.000000,0.000000
-200.000000,-200.000000,0.000000,0.000000,-3645.000000,0.000000,0.000000
-200.000000,-200.000000,0.000000,0.000000,-3657.000000,0.000000,0.000000
-200.000000,-100.000000,0.000000,0.000000,-3655.000000,0.000000,0.000000
0.000000,0.000000,0.000000,0.000000,-3661.000000,0.000000,0.000000
-100.000000,-100.000000,0.000000,0.000000,-3649.000000,0.000000,0.000000
-200.000000,0.000000,0.000000,0.000000,-3660.000000,0.000000,-196.000000
0.000000,-100.000000,0.000000,0.000000,-3678.000000,0.000000,0.000000
-100.000000,100.000000,0.000000,0.000000,-3677.000000,0.000000,0.000000
100.000000,-200.000000,0.000000,0.000000,-3680.000000,0.000000,0.000000
-200.000000,-200.000000,0.000000,0.000000,-3694.000000,0.000000,0.000000
-300.000000,-300.000000,0.000000,0.000000,-3714.000000,0.000000,0.000000
-200.000000,0.000000,0.000000,0.000000,-3726.000000,0.000000,0.000000
100.000000,0.000000,0.000000,0.000000,-3740.000000,0.000000,0.000000
-100.000000,-200.000000,0.000000,0.000000,-3749.000000,0.000000,0.000000
-300.000000,-200.000000,0.000000,0.000000,-3758.000000,0.000000,0.000000
-200.000000,-100.000000,0.000000,0.000000,-3763.000000,0.000000,0.000000
100.000000,0.000000,0.000000,0.000000,-3787.000000,0.000000,0.000000
0.000000,-200.000000,0.000000,0.000000,-3795.000000,0.000000,0.000000
-200.000000,-300.000000,0.000000,0.000000,-3801.000000,0.000000,0.000000
-300.000000,-200.000000,0.000000,0.000000,-3807.000000,0.000000,0.000000
-100.000000,-200.000000,0.000000,0.000000,-3798.000000,0.000000,0.000000
0.000000,-100.000000,0.000000,0.000000,-3812.000000,0.000000,0.000000
0.000000,-100.000000,0.000000,0.000000,-3799.000000,0.000000,0.000000
0.000000,-100.000000,0.000000,0.000000,-3810.000000,0.000000,0.000000
-100.000000,100.000000,0.000000,0.000000,-3803.000000,0.000000,0.000000
-200.000000,-200.000000,0.000000,0.000000,-3808.000000,0.000000,0.000000
0.000000,-400.000000,0.000000,0.000000,-3817.000000,0.000000,0.000000
-100.000000,-200.000000,0.000000,0.000000,-3822.000000,0.000000,0.000000
-100.000000,-200.000000,0.000000,0.000000,-3801.000000,0.000000,0.000000
-200.000000,-300.000000,0.000000,0.000000,-3803.000000,0.000000,0.000000
-100.000000,-300.000000,0.000000,0.000000,-3796.000000,0.000000,0.000000
-200.000000,100.000000,0.000000,0.000000,-3774.000000,0.000000,0.000000
0.000000,-100.000000,0.000000,0.000000,-3763.000000,0.000000,0.000000
-200.000000,-100.000000,0.000000,0.000000,-3755.000000,0.000000,0.000000
-200.000000,-100.000000,0.000000,0.000000,-3749.000000,0.000000,0.000000
0.000000,0.000000,0.000000,0.000000,-3747.000000,0.000000,0.000000
-100.000000,0.000000,0.000000,0.000000,-3731.000000,0.000000,0.000000
-200.000000,-100.000000,0.000000,0.000000,-3721.000000,0.000000,0.000000
-200.000000,0.000000,0.000000,0.000000,-3717.000000,0.000000,0.000000
0.000000,-100.000000,0.000000,0.000000,-3695.000000,0.000000,0.000000
-100.000000,-200.000000,0.000000,0.000000,-3699.000000,0.000000,0.000000
0.000000,-100.000000,0.000000,0.000000,-3690.000000,0.000000,0.000000
0.000000,100.000000,0.000000,0.000000,-3688.000000,0.000000,0.000000
0.000000,-100.000000,0.000000,0.000000,-3684.000000,0.000000,0.000000
-200.000000,-100.000000,0.000000,0.000000,-3673.000000,0.000000,0.000000
0.000000,-100.000000,0.000000,0.000000,-3656.000000,0.000000,0.000000
-200.000000,-100.000000,78.000000,78.000000,-3668.000000,0.000000,0.000000
0.000000,-100.000000,0.000000,0.000000,-3659.000000,0.000000,0.000000
-100.000000,-200.000000,0.000000,0.000000,-3652.000000,0.000000,0.000000
-300.000000,-100.000000,0.000000,0.000000,-3638.000000,0.000000,0.000000
200.000000,-200.000000,0.000000,0.000000,-3625.000000,0.000000,0.000000
0.000000,-200.000000,0.000000,0.000000,-3634.000000,0.000000,0.000000
-200.000000,0.000000,0.000000,0.000000,-3643.000000,0.000000,0.000000
-200.000000,0.000000,0.000000,0.000000,-3656.000000,0.000000,0.000000
-200.000000,300.000000,0.000000,0.000000,-3674.000000,0.000000,0.000000
-100.000000,-100.000000,0.000000,0.000000,-3687.000000,0.000000,0.000000
-200.000000,-300.000000,0.000000,0.000000,-3681.000000,0.000000,0.000000
-200.000000,-200.000000,0.000000,0.000000,-3680.000000,0.000000,0.000000
-200.000000,0.000000,0.000000,0.000000,-3690.000000,0.000000,0.000000
-100.000000,0.000000,0.000000,0.000000,-3677.000000,0.000000,0.000000
-300.000000,-200.000000,0.000000,0.000000,-3684.000000,0.000000,0.000000
0.000000,-100.000000,0.000000,0.000000,-3698.000000,0.000000,0.000000
-200.000000,0.000000,0.000000,0.000000,-3697.000000,0.000000,0.000000
