Channel 1,Channel 2,Channel 3,Channel 4,Channel 5,Channel 6,Channel 7
0.000000,-400.000000,0.000000,0.000000,-3560.000000,0.000000,0.000000
-200.000000,0.000000,0.000000,0.000000,-3560.000000,0.000000,0.000000
-200.000000,-300.000000,0.000000,0.000000,-3560.000000,0.000000,0.000000
-100.000000,100.000000,0.000000,0.000000,-3564.000000,0.000000,0.000000
0.000000,0.000000,0.000000,0.000000,-3586.000000,0.000000,0.000000
-100.000000,-200.000000,156.000000,156.000000,-3590.000000,0.000000,0.000000
-100.000000,0.000000,0.000000,0.000000,-3601.000000,0.000000,0.000000
0.000000,100.000000,0.000000,0.000000,-3599.000000,0.000000,0.000000
0.000000,-100.000000,0.000000,0.000000,-3587.000000,0.000000,0.000000
-200.000000,0.000000,0.000000,0.000000,-3591.000000,0.000000,0.000000
-100.000000,-100.000000,0.000000,0.000000,-3603.000000,0.000000,0.000000
-100.000000,-100.000000,0.000000,0.000000,-3600.000000,0.000000,0.000000
0.000000,-100.000000,0.000000,0.000000,-3602.000000,0.000000,0.000000
-200.000000,0.000000,0.000000,0.000000,-3600.000000,0.000000,0.000000
0.000000,0.000000,0.000000,0.000000,-3596.000000,0.000000,0.000000
-100.000000,-200.000000,0.000000,0.000000,-3605.000000,0.000000,0.000000
-100.000000,-100.000000,0.000000,0.000000,-3609.000000,0.000000,0.000000
-300.000000,0.000000,0.000000,0.000000,-3627.000000,0.000000,0.000000
-100.000000,-100.000000,0.000000,0.000000,-3626.000000,0.000000,0.000000
0.000000,0.000000,0.000000,0.000000,-3634.000000,0.000000,0.000000
0.000000,-200.000000,0.000000,0.000000,-3636.000000,0.000000,0.000000
-200.000000,-100.000000,0.000000,0.000000,-3642.000000,0.000000,0.000000
-100.000000,0.000000,0.000000,0.000000,-3652.000000,0.000000,0.000000
100.000000,0.000000,0.000000,0.000000,-3645.000000,0.000000,0.000000
-200.000000,0.000000,0.000000,0.000000,-3638.000000,0.000000,0.000000
0.000000,-100.000000,0.000000,0.000000,-3632.000000,0.000000,0.000000
100.000000,0.000000,0.000000,0.000000,-3639.000000,0.000000,0.000000
-200.000000,-100.000000,0.000000,0.000000,-3640.000000,0.000000,0.000000
-400.000000,-200.000000,0.000000,0.000000,-3637.000000,0.000000,0.000000
-100.000000,-400.000000,0.000000,0.000000,-3642.000000,0.000000,0.000000
-100.000000,-100.000000,0.000000,0.000000,-3640.000000,0.000000,0.000000
0.000000,-100.000000,0.000000,0.000000,-3645.000000,0.000000,0.000000
-100.000000,0.000000,0.000000,0.000000,-3642.000000,0.000000,0.000000
-200.000000,-100.000000,0.000000,0.000000,-3667.000000,0.000000,0.000000
0.000000,-100.000000,0.000000,0.000000,-3656.000000,0.000000,0.000000
-100.000000,0.000000,0.000000,0.000000,-3664.000000,0.000000,0.000000
-100.000000,0.000000,0.000000,0.000000,-3636.000000,0.000000,0.000000
0.000000,100.000000,0.000000,0.000000,-3616.000000,0.000000,0.000000
300.000000,-100.000000,0.000000,0.000000,-3613.000000,0.000000,0.000000
0.000000,0.000000,0.000000,0.000000,-3617.000000,0.000000,0.000000
0.000000,100.000000,0.000000,0.000000,-3630.000000,0.000000,0.000000
0.000000,-100.000000,0.000000,0.000000,-3620.000000,0.000000,0.000000
-100.000000,-200.000000,0.000000,0.000000,-3617.000000,0.000000,0.000000
-100.000000,0.000000,0.000000,0.000000,-3619.000000,0.000000,0.000000
0.000000,0.000000,0.000000,0.000000,-3621.000000,0.000000,0.000000
-100.000000,-200.000000,0.000000,0.000000,-3623.000000,0.000000,0.000000
0.000000,-100.000000,0.000000,0.000000,-3621.000000,0.000000,0.000000
-100.000000,0.000000,0.000000,0.000000,-3625.000000,0.000000,0.000000
-100.000000,100.000000,0.000000,0.000000,-3648.000000,0.000000,0.000000
-100.000000,0.000000,0.000000,0.000000,-3654.000000,0.000000,0.000000
0.000000,-100.000000,0.000000,0.000000,-3663.000000,0.000000,0.000000
0.000000,100.000000,0.000000,0.000000,-3653.000000,0.000000,0.000000
0.000000,-100.000000,0.000000,0.000000,-3644.000000,0.000000,0.000000
0.000000,100.000000,0.000000,0.000000,-3635.000000,0.000000,0.000000
-100.000000,0.000000,0.000000,0.000000,-3643.000000,0.000000,0.000000
100.000000,100.000000,0.000000,0.000000,-3645.000000,0.000000,0.000000
-100.000000,-300.000000,0.000000,0.000000,-3646.000000,0.000000,0.000000
-200.000000,0.000000,0.000000,0.000000,-3637.000000,0.000000,0.000000
9500.000000,8700.000000,10000.000000,10000.000000,-3624.000000,392.000000,196.000000
11200.000000,9700.000000,10000.000000,10000.000000,-3626.000000,1963.000000,2159.000000
9200.000000,8700.000000,10000.000000,10000.000000,-3762.000000,4319.000000,2552.000000
9600.000000,9600.000000,10000.000000,10000.000000,-4008.000000,5301.000000,1178.000000
11000.000000,10900.000000,10000.000000,10000.000000,-3201.000000,2159.000000,-392.000000
9300.000000,9000.000000,10000.000000,10000.000000,-1867.000000,-1374.000000,-589.000000
9600.000000,8100.000000,10000.000000,10000.000000,-2240.000000,-1570.000000,981.000000
11400.000000,9200.000000,10000.000000,10000.000000,-3066.000000,196.000000,1963.000000
9700.000000,9200.000000,10000.000000,10000.000000,-2158.000000,2552.000000,2552.000000
8400.000000,8500.000000,10000.000000,10000.000000,-1173.000000,3926.000000,1767.000000
11400.000000,10100.000000,10000.000000,10000.000000,-950.000000,2945.000000,1374.000000
9900.000000,9900.000000,10000.000000,10000.000000,-192.000000,589.000000,1178.000000
8600.000000,9700.000000,10000.000000,10000.000000,200.000000,0.000000,1178.000000
8200.000000,8900.000000,10000.000000,10000.000000,173.000000,1570.000000,1963.000000
8400.000000,8200.000000,10000.000000,10000.000000,664.000000,3141.000000,2748.000000
11600.000000,9000.000000,10000.000000,10000.000000,1554.000000,3926.000000,2552.000000
8300.000000,9500.000000,10000.000000,10000.000000,2032.000000,3141.000000,2159.000000
8000.000000,9900.000000,10000.000000,10000.000000,2801.000000,1570.000000,2159.000000
8600.000000,9100.000000,10000.000000,10000.000000,3085.000000,1570.000000,2552.000000
11900.000000,9600.000000,10000.000000,10000.000000,3054.000000,2356.000000,2748.000000
8500.000000,8300.000000,10000.000000,10000.000000,3675.000000,3141.000000,2748.000000
9100.000000,9200.000000,10000.000000,10000.000000,4611.000000,3730.000000,2552.000000
11800.000000,10800.000000,10000.000000,10000.000000,5146.000000,3141.000000,2748.000000
8700.000000,8900.000000,10000.000000,10000.000000,5712.000000,1963.000000,2552.000000
8800.000000,10000.000000,10000.000000,10000.000000,6194.000000,1767.000000,2356.000000
11600.000000,9900.000000,10000.000000,10000.000000,6270.000000,2356.000000,2552.000000
9100.000000,8600.000000,10000.000000,10000.000000,6664.000000,2945.000000,2945.000000
9000.000000,9600.000000,10000.000000,10000.000000,7487.000000,3141.000000,2748.000000
12300.000000,9400.000000,10000.000000,10000.000000,8008.000000,2748.000000,2552.000000
8600.000000,9600.000000,10000.000000,10000.000000,8190.000000,1963.000000,2552.000000
8400.000000,9900.000000,10000.000000,10000.000000,8510.000000,1767.000000,2356.000000
10900.000000,9200.000000,10000.000000,10000.000000,8733.000000,2356.000000,2552.000000
11700.000000,11500.000000,10000.000000,10000.000000,8864.000000,2552.000000,2159.000000
10400.000000,9200.000000,10000.000000,10000.000000,9109.000000,2748.000000,1963.000000
8800.000000,8800.000000,10000.000000,10000.000000,9472.000000,2159.000000,1963.000000
8200.000000,9100.000000,10000.000000,10000.000000,9622.000000,1963.000000,1963.000000
8500.000000,9000.000000,10000.000000,10000.000000,9587.000000,1570.000000,1767.000000
8600.000000,11300.000000,10000.000000,10000.000000,9573.000000,1570.000000,1570.000000
8800.000000,11400.000000,10000.000000,10000.000000,9581.000000,1963.000000,1767.000000
9800.000000,11300.000000,10000.000000,10000.000000,9584.000000,2159.000000,1570.000000
12000.000000,11300.000000,10000.000000,10000.000000,9502.000000,1767.000000,1570.000000
10000.000000,9500.000000,10000.000000,10000.000000,9416.000000,1178.000000,1374.000000
9600.000000,8200.000000,10000.000000,10000.000000,9190.000000,1570.000000,1374.000000
8900.000000,11200.000000,10000.000000,10000.000000,8811.000000,1374.000000,1570.000000
10600.000000,9700.000000,10000.000000,10000.000000,8471.000000,1570.000000,1374.000000
9900.000000,9600.000000,10000.000000,10000.000000,8275.000000,1570.000000,1374.000000
9000.000000,8700.000000,10000.000000,10000.000000,7975.000000,1374.000000,1374.000000
8500.000000,10900.000000,10000.000000,10000.000000,7506.000000,1374.000000,1374.000000
11400.000000,9800.000000,10000.000000,10000.000000,7030.000000,1178.000000,1374.000000
9600.000000,8800.000000,10000.000000,10000.000000,6614.000000,1374.000000,1178.000000
8400.000000,10800.000000,10000.000000,10000.000000,6084.000000,1570.000000,1374.000000
12000.000000,9800.000000,10000.000000,10000.000000,5517.000000,1570.000000,1374.000000
9600.000000,9900.000000,10000.000000,10000.000000,5043.000000,1570.000000,1374.000000
8900.000000,8600.000000,10000.000000,10000.000000,4570.000000,1374.000000,1374.000000
9500.000000,10300.000000,10000.000000,10000.000000,3974.000000,1767.000000,1570.000000
12100.000000,10300.000000,10000.000000,10000.000000,3442.000000,1767.000000,1374.000000
9400.000000,11800.000000,10000.000000,10000.000000,3003.000000,1767.000000,1374.000000
9100.000000,10700.000000,10000.000000,10000.000000,2568.000000,1963.000000,1767.000000
8800.000000,10600.000000,10000.000000,10000.000000,2072.000000,1963.000000,1767.000000
8500.000000,9800.000000,10000.000000,10000.000000,1610.000000,1963.000000,1767.000000
7900.000000,10100.000000,10000.000000,10000.000000,1137.000000,2159.000000,1963.000000
8100.000000,10800.000000,10000.000000,10000.000000,680.000000,2356.000000,1963.000000
7900.000000,11100.000000,10000.000000,10000.000000,290.000000,2552.000000,2159.000000
8700.000000,8700.000000,10000.000000,10000.000000,-150.000000,2552.000000,2356.000000
10700.000000,9400.000000,10000.000000,10000.000000,-314.000000,2748.000000,2552.000000
10700.000000,11300.000000,10000.000000,10000.000000,-654.000000,2748.000000,2748.000000
8100.000000,8700.000000,10000.000000,10000.000000,-845.000000,2945.000000,2748.000000
10900.000000,10400.000000,10000.000000,10000.000000,-1034.000000,3141.000000,3141.000000
9800.000000,8600.000000,10000.000000,10000.000000,-1197.000000,3534.000000,3337.000000
8400.000000,9500.000000,10000.000000,10000.000000,-1311.000000,3730.000000,3337.000000
10200.000000,10600.000000,10000.000000,10000.000000,-1499.000000,3730.000000,3534.000000
11800.000000,11700.000000,10000.000000,10000.000000,-1506.000000,3730.000000,3337.000000
8300.000000,11000.000000,10000.000000,10000.000000,-1525.000000,3730.000000,3534.000000
8300.000000,9600.000000,10000.000000,10000.000000,-1575.000000,3926.000000,3730.000000
8200.000000,9300.000000,10000.000000,10000.000000,-1559.000000,4123.000000,3926.000000
9900.000000,10400.000000,10000.000000,10000.000000,-1403.000000,4516.000000,4123.000000
11200.000000,11000.000000,10000.000000,10000.000000,-1215.000000,4712.000000,4319.000000
8700.000000,8600.000000,10000.000000,10000.000000,-954.000000,4908.000000,4319.000000
10200.000000,11100.000000,10000.000000,10000.000000,-704.000000,4908.000000,4516.000000
10200.000000,8700.000000,10000.000000,10000.000000,-377.000000,5105.000000,4908.000000
10400.000000,11300.000000,10000.000000,10000.000000,-96.000000,4712.000000,4908.000000
8700.000000,9000.000000,10000.000000,10000.000000,210.000000,5105.000000,5105.000000
10500.000000,11100.000000,10000.000000,10000.000000,517.000000,5105.000000,5301.000000
9200.000000,8600.000000,10000.000000,10000.000000,888.000000,5497.000000,5694.000000
11100.000000,9000.000000,10000.000000,10000.000000,1250.000000,5694.000000,5694.000000
8900.000000,9300.000000,10000.000000,10000.000000,1737.000000,5890.000000,5694.000000
8400.000000,9600.000000,10000.000000,10000.000000,2228.000000,5694.000000,5301.000000
9700.000000,10300.000000,10000.000000,10000.000000,2654.000000,5301.000000,4712.000000
9600.000000,10000.000000,10000.000000,10000.000000,3012.000000,5301.000000,4908.000000
9000.000000,8700.000000,10000.000000,10000.000000,3359.000000,5890.000000,5497.000000
10600.000000,8900.000000,10000.000000,10000.000000,3699.000000,6086.000000,5890.000000
10900.000000,8500.000000,10000.000000,10000.000000,4149.000000,6283.000000,6283.000000
10200.000000,9600.000000,10000.000000,10000.000000,4547.000000,5890.000000,5890.000000
10300.000000,8800.000000,10000.000000,10000.000000,4795.000000,5497.000000,5497.000000
11400.000000,8900.000000,10000.000000,10000.000000,5018.000000,5301.000000,5105.000000
8500.000000,10600.000000,10000.000000,10000.000000,5288.000000,5890.000000,5105.000000
9500.000000,10900.000000,10000.000000,10000.000000,5619.000000,6086.000000,5301.000000
9500.000000,10000.000000,10000.000000,10000.000000,5987.000000,6283.000000,6479.000000
8400.000000,9500.000000,10000.000000,10000.000000,6369.000000,5890.000000,6283.000000
9300.000000,10300.000000,10000.000000,10000.000000,6657.000000,5301.000000,5890.000000
8700.000000,100.000000,0.000000,0.000000,6921.000000,4319.000000,4319.000000
-100.000000,0.000000,0.000000,0.000000,6928.000000,3534.000000,2945.000000
-500.000000,0.000000,0.000000,0.000000,6985.000000,2945.000000,2945.000000
-100.000000,-200.000000,0.000000,0.000000,7216.000000,2945.000000,2945.000000
-200.000000,0.000000,0.000000,0.000000,7301.000000,2748.000000,4319.000000
0.000000,0.000000,0.000000,0.000000,7058.000000,3337.000000,5301.000000
-100.000000,100.000000,0.000000,0.000000,6838.000000,4712.000000,4908.000000
0.000000,-100.000000,0.000000,0.000000,6702.000000,5301.000000,6086.000000
0.000000,200.000000,0.000000,0.000000,6063.000000,4908.000000,5694.000000
0.000000,0.000000,0.000000,0.000000,5448.000000,5301.000000,4712.000000
0.000000,0.000000,0.000000,0.000000,5089.000000,4516.000000,3337.000000
-200.000000,0.000000,0.000000,0.000000,4517.000000,4516.000000,2159.000000
100.000000,200.000000,0.000000,0.000000,3757.000000,4123.000000,2159.000000
-100.000000,0.000000,0.000000,0.000000,3119.000000,3337.000000,1570.000000
-200.000000,0.000000,0.000000,0.000000,2658.000000,2552.000000,1374.000000
0.000000,100.000000,0.000000,0.000000,1921.000000,1963.000000,1570.000000
0.000000,0.000000,0.000000,0.000000,819.000000,1963.000000,2159.000000
100.000000,200.000000,0.000000,0.000000,-37.000000,1570.000000,3141.000000
0.000000,-100.000000,0.000000,0.000000,-716.000000,1374.000000,3534.000000
0.000000,0.000000,0.000000,0.000000,-1500.000000,1178.000000,3534.000000
0.000000,0.000000,0.000000,0.000000,-2632.000000,1178.000000,3141.000000
-100.000000,-100.000000,0.000000,0.000000,-3675.000000,1374.000000,2945.000000
100.000000,0.000000,0.000000,0.000000,-4496.000000,2159.000000,2748.000000
-100.000000,-100.000000,0.000000,0.000000,-5273.000000,3337.000000,2945.000000
0.000000,0.000000,0.000000,0.000000,-6291.000000,3534.000000,2356.000000
-100.000000,100.000000,0.000000,0.000000,-7145.000000,3534.000000,2159.000000
-100.000000,0.000000,0.000000,0.000000,-7687.000000,3337.000000,2159.000000
0.000000,100.000000,0.000000,0.000000,-8445.000000,3141.000000,1767.000000
0.000000,-100.000000,0.000000,0.000000,-9358.000000,3141.000000,1963.000000
0.000000,0.000000,0.000000,0.000000,-10004.000000,2945.000000,2159.000000
200.000000,0.000000,0.000000,0.000000,-10384.000000,2748.000000,3337.000000
-300.000000,-100.000000,0.000000,0.000000,-11120.000000,2552.000000,4123.000000
100.000000,0.000000,0.000000,0.000000,-11734.000000,2945.000000,3730.000000
100.000000,-100.000000,0.000000,0.000000,-12100.000000,3534.000000,4123.000000
100.000000,-100.000000,0.000000,0.000000,-12418.000000,4516.000000,3926.000000
0.000000,0.000000,0.000000,0.000000,-12841.000000,4712.000000,3534.000000
-100.000000,-100.000000,0.000000,0.000000,-13023.000000,4516.000000,3730.000000
-200.000000,0.000000,0.000000,0.000000,-12948.000000,4516.000000,3926.000000
0.000000,0.000000,0.000000,0.000000,-13020.000000,4516.000000,4712.000000
-100.000000,100.000000,0.000000,0.000000,-13214.000000,4516.000000,4712.000000
0.000000,0.000000,0.000000,0.000000,-13173.000000,4908.000000,4908.000000
0.000000,-100.000000,0.000000,0.000000,-12963.000000,5301.000000,5301.000000
100.000000,0.000000,0.000000,0.000000,-12873.000000,5694.000000,4908.000000
0.000000,-300.000000,0.000000,0.000000,-12649.000000,5694.000000,4908.000000
200.000000,100.000000,0.000000,0.000000,-12182.000000,6086.000000,4908.000000
0.000000,0.000000,0.000000,0.000000,-11729.000000,5890.000000,5301.000000
100.000000,0.000000,0.000000,0.000000,-11400.000000,5890.000000,5890.000000
0.000000,300.000000,0.000000,0.000000,-10927.000000,5890.000000,6086.000000
200.000000,100.000000,0.000000,0.000000,-10200.000000,6283.000000,5890.000000
0.000000,-300.000000,0.000000,0.000000,-9613.000000,6283.000000,5694.000000
-300.000000,100.000000,0.000000,0.000000,-9097.000000,6872.000000,5105.000000
-100.000000,100.000000,0.000000,0.000000,-8304.000000,6872.000000,4908.000000
0.000000,0.000000,0.000000,0.000000,-7524.000000,6675.000000,5694.000000
-100.000000,0.000000,0.000000,0.000000,-6829.000000,6675.000000,6086.000000
-200.000000,0.000000,0.000000,0.000000,-6063.000000,6479.000000,6086.000000
-300.000000,0.000000,0.000000,0.000000,-5265.000000,6479.000000,6283.000000
-100.000000,0.000000,0.000000,0.000000,-4539.000000,6479.000000,6086.000000
100.000000,0.000000,0.000000,0.000000,-3808.000000,6872.000000,6283.000000
-200.000000,200.000000,0.000000,0.000000,-3009.000000,6675.000000,5890.000000
-100.000000,0.000000,0.000000,0.000000,-2290.000000,6675.000000,5694.000000
0.000000,0.000000,0.000000,0.000000,-1512.000000,6479.000000,5694.000000
0.000000,200.000000,0.000000,0.000000,-902.000000,6675.000000,5497.000000
0.000000,0.000000,0.000000,0.000000,-276.000000,6283.000000,5301.000000
0.000000,-100.000000,0.000000,0.000000,289.000000,6283.000000,5301.000000
100.000000,0.000000,0.000000,0.000000,810.000000,6086.000000,5301.000000
0.000000,0.000000,0.000000,0.000000,1342.000000,5890.000000,5301.000000
0.000000,0.000000,0.000000,0.000000,1807.000000,5694.000000,5497.000000
0.000000,0.000000,0.000000,0.000000,2253.000000,5694.000000,4516.000000
-200.000000,100.000000,0.000000,0.000000,2589.000000,5301.000000,3926.000000
200.000000,0.000000,0.000000,0.000000,2857.000000,5105.000000,3926.000000
-100.000000,0.000000,0.000000,0.000000,3079.000000,5105.000000,4123.000000
0.000000,0.000000,0.000000,0.000000,3247.000000,4908.000000,3730.000000
-200.000000,-100.000000,0.000000,0.000000,3374.000000,4712.000000,3534.000000
-100.000000,100.000000,0.000000,0.000000,3409.000000,4516.000000,3337.000000
200.000000,0.000000,0.000000,0.000000,3400.000000,4319.000000,3141.000000
0.000000,100.000000,0.000000,0.000000,3334.000000,4123.000000,2945.000000
0.000000,100.000000,0.000000,0.000000,3189.000000,4123.000000,2945.000000
0.000000,0.000000,0.000000,0.000000,2943.000000,3926.000000,2552.000000
0.000000,0.000000,0.000000,0.000000,2681.000000,3730.000000,2552.000000
-400.000000,0.000000,0.000000,0.000000,2362.000000,3534.000000,2552.000000
0.000000,0.000000,0.000000,0.000000,1973.000000,3337.000000,1963.000000
0.000000,0.000000,0.000000,0.000000,1582.000000,3337.000000,1767.000000
-300.000000,200.000000,0.000000,0.000000,1140.000000,3141.000000,1570.000000
0.000000,-200.000000,0.000000,0.000000,667.000000,2945.000000,1374.000000
-200.000000,-100.000000,0.000000,0.000000,62.000000,2748.000000,1570.000000
-100.000000,0.000000,0.000000,0.000000,-570.000000,2748.000000,1374.000000
100.000000,0.000000,0.000000,0.000000,-1208.000000,2552.000000,1178.000000
0.000000,100.000000,0.000000,0.000000,-1870.000000,2748.000000,1374.000000
0.000000,-200.000000,0.000000,0.000000,-2593.000000,2552.000000,1178.000000
200.000000,0.000000,0.000000,0.000000,-3297.000000,2552.000000,1178.000000
100.000000,-100.000000,0.000000,0.000000,-3979.000000,2748.000000,1178.000000
-200.000000,200.000000,0.000000,0.000000,-4633.000000,2748.000000,1178.000000
0.000000,-200.000000,0.000000,0.000000,-5275.000000,2945.000000,981.000000
100.000000,0.000000,0.000000,0.000000,-5929.000000,2748.000000,981.000000
-100.000000,-100.000000,0.000000,0.000000,-6585.000000,2945.000000,1178.000000
300.000000,0.000000,0.000000,0.000000,-7188.000000,2748.000000,1374.000000
0.000000,0.000000,0.000000,0.000000,-7761.000000,2945.000000,1374.000000
0.000000,0.000000,0.000000,0.000000,-8298.000000,2748.000000,1570.000000
-100.000000,100.000000,0.000000,0.000000,-8801.000000,2748.000000,1570.000000
-100.000000,0.000000,0.000000,0.000000,-9328.000000,2945.000000,1570.000000
-200.000000,300.000000,0.000000,0.000000,-9809.000000,3337.000000,1570.000000
-100.000000,0.000000,0.000000,0.000000,-10204.000000,3337.000000,1767.000000
200.000000,100.000000,0.000000,0.000000,-10534.000000,3337.000000,1570.000000
0.000000,0.000000,0.000000,0.000000,-10742.000000,3730.000000,1963.000000
0.000000,100.000000,0.000000,0.000000,-10956.000000,3730.000000,2159.000000
0.000000,0.000000,0.000000,0.000000,-11110.000000,3926.000000,2356.000000
-100.000000,0.000000,0.000000,0.000000,-11256.000000,4123.000000,2552.000000
0.000000,200.000000,0.000000,0.000000,-11354.000000,4123.000000,2552.000000
-200.000000,100.000000,0.000000,0.000000,-11491.000000,3926.000000,2552.000000
0.000000,0.000000,0.000000,0.000000,-11489.000000,4123.000000,2552.000000
200.000000,0.000000,0.000000,0.000000,-11390.000000,4123.000000,2552.000000
0.000000,-100.000000,0.000000,0.000000,-11249.000000,4516.000000,2552.000000
-100.000000,100.000000,0.000000,0.000000,-11086.000000,4908.000000,3141.000000
-200.000000,0.000000,0.000000,0.000000,-10781.000000,4908.000000,3141.000000
0.000000,-100.000000,0.000000,0.000000,-10503.000000,4908.000000,3337.000000
-100.000000,100.000000,0.000000,0.000000,-10198.000000,4908.000000,3337.000000
0.000000,200.000000,0.000000,0.000000,-9767.000000,4712.000000,3337.000000
0.000000,0.000000,0.000000,0.000000,-9311.000000,4712.000000,3534.000000
0.000000,0.000000,0.000000,0.000000,-8917.000000,4712.000000,3730.000000
100.000000,0.000000,0.000000,0.000000,-8435.000000,5105.000000,3730.000000
0.000000,0.000000,0.000000,0.000000,-7908.000000,5301.000000,3926.000000
0.000000,-100.000000,0.000000,0.000000,-7311.000000,5694.000000,3534.000000
0.000000,0.000000,0.000000,0.000000,-6802.000000,5497.000000,3730.000000
0.000000,0.000000,0.000000,0.000000,-6218.000000,5497.000000,3534.000000
0.000000,0.000000,0.000000,0.000000,-5538.000000,5301.000000,3730.000000
0.000000,0.000000,0.000000,0.000000,-4936.000000,5301.000000,3926.000000
0.000000,0.000000,0.000000,0.000000,-4430.000000,4908.000000,3926.000000
200.000000,0.000000,0.000000,0.000000,-3807.000000,4908.000000,4319.000000
0.000000,0.000000,0.000000,0.000000,-3150.000000,4908.000000,3534.000000
-100.000000,200.000000,0.000000,0.000000,-2673.000000,4908.000000,3337.000000
0.000000,-100.000000,0.000000,0.000000,-2244.000000,5105.000000,3337.000000
-100.000000,100.000000,0.000000,0.000000,-1739.000000,5105.000000,3534.000000
-200.000000,200.000000,0.000000,0.000000,-1211.000000,4908.000000,3337.000000
-100.000000,0.000000,0.000000,0.000000,-753.000000,4908.000000,3141.000000
-100.000000,0.000000,0.000000,0.000000,-332.000000,4712.000000,2945.000000
100.000000,100.000000,0.000000,0.000000,76.000000,4516.000000,2748.000000
-100.000000,200.000000,0.000000,0.000000,494.000000,4516.000000,2945.000000
0.000000,100.000000,0.000000,0.000000,785.000000,4123.000000,2748.000000
-100.000000,200.000000,0.000000,0.000000,1061.000000,3926.000000,2945.000000
0.000000,-100.000000,0.000000,0.000000,1311.000000,3730.000000,2945.000000
-100.000000,-100.000000,0.000000,0.000000,1552.000000,3730.000000,2552.000000
0.000000,-100.000000,0.000000,0.000000,1696.000000,3337.000000,2552.000000
0.000000,100.000000,0.000000,0.000000,1722.000000,3337.000000,2356.000000
-100.000000,-400.000000,0.000000,0.000000,1784.000000,3141.000000,1963.000000
0.000000,0.000000,0.000000,0.000000,1784.000000,2945.000000,1767.000000
-100.000000,0.000000,0.000000,0.000000,1691.000000,2748.000000,1570.000000
0.000000,0.000000,0.000000,0.000000,1589.000000,2552.000000,1374.000000
-200.000000,0.000000,0.000000,0.000000,1446.000000,2356.000000,1374.000000
0.000000,0.000000,0.000000,0.000000,1274.000000,2552.000000,1178.000000
0.000000,0.000000,0.000000,0.000000,1044.000000,2159.000000,981.000000
-100.000000,0.000000,0.000000,0.000000,790.000000,2159.000000,589.000000
0.000000,0.000000,0.000000,0.000000,549.000000,1963.000000,589.000000
0.000000,-200.000000,0.000000,0.000000,204.000000,1767.000000,392.000000
0.000000,200.000000,0.000000,0.000000,-208.000000,1963.000000,589.000000
-200.000000,200.000000,0.000000,0.000000,-649.000000,1767.000000,392.000000
0.000000,0.000000,0.000000,0.000000,-1083.000000,1570.000000,392.000000
100.000000,0.000000,0.000000,0.000000,-1583.000000,1767.000000,392.000000
200.000000,0.000000,0.000000,0.000000,-2096.000000,1374.000000,392.000000
0.000000,100.000000,0.000000,0.000000,-2603.000000,1570.000000,392.000000
100.000000,0.000000,0.000000,0.000000,-3035.000000,1374.000000,196.000000
0.000000,0.000000,0.000000,0.000000,-3547.000000,1374.000000,392.000000
0.000000,0.000000,0.000000,0.000000,-4053.000000,1178.000000,0.000000
100.000000,0.000000,0.000000,0.000000,-4536.000000,1178.000000,0.000000
-100.000000,-200.000000,0.000000,0.000000,-5014.000000,1374.000000,196.000000
-100.000000,0.000000,0.000000,0.000000,-5501.000000,1178.000000,196.000000
-100.000000,0.000000,0.000000,0.000000,-5998.000000,1374.000000,196.000000
-100.000000,-100.000000,0.000000,0.000000,-6482.000000,1570.000000,392.000000
0.000000,0.000000,0.000000,0.000000,-6941.000000,1374.000000,392.000000
-100.000000,0.000000,0.000000,0.000000,-7366.000000,1570.000000,392.000000
0.000000,-100.000000,0.000000,0.000000,-7758.000000,1570.000000,589.000000
0.000000,-100.000000,0.000000,0.000000,-8120.000000,1570.000000,392.000000
-100.000000,300.000000,0.000000,0.000000,-8427.000000,1570.000000,589.000000
-100.000000,-100.000000,0.000000,0.000000,-8744.000000,1767.000000,589.000000
0.000000,0.000000,0.000000,0.000000,-8977.000000,1963.000000,785.000000
0.000000,-100.000000,0.000000,0.000000,-9170.000000,1963.000000,981.000000
-100.000000,0.000000,0.000000,0.000000,-9325.000000,2159.000000,981.000000
100.000000,-300.000000,0.000000,0.000000,-9443.000000,2159.000000,981.000000
0.000000,0.000000,0.000000,0.000000,-9503.000000,2356.000000,981.000000
0.000000,0.000000,0.000000,0.000000,-9501.000000,2356.000000,1178.000000
0.000000,0.000000,0.000000,0.000000,-9469.000000,2552.000000,981.000000
0.000000,0.000000,0.000000,0.000000,-9398.000000,2552.000000,1178.000000
-100.000000,0.000000,0.000000,0.000000,-9267.000000,2552.000000,1570.000000
0.000000,0.000000,0.000000,0.000000,-9089.000000,2748.000000,1570.000000
0.000000,0.000000,0.000000,0.000000,-8879.000000,2748.000000,1570.000000
-200.000000,-200.000000,0.000000,0.000000,-8598.000000,2552.000000,1767.000000
-100.000000,0.000000,0.000000,0.000000,-8301.000000,2748.000000,1767.000000
0.000000,0.000000,0.000000,0.000000,-8009.000000,2945.000000,1963.000000
-100.000000,0.000000,0.000000,0.000000,-7681.000000,3141.000000,1767.000000
0.000000,-100.000000,0.000000,0.000000,-7320.000000,3141.000000,1963.000000
100.000000,0.000000,0.000000,0.000000,-6931.000000,3141.000000,1963.000000
0.000000,-100.000000,0.000000,0.000000,-6527.000000,3141.000000,2159.000000
0.000000,0.000000,0.000000,0.000000,-6044.000000,3141.000000,1963.000000
-200.000000,0.000000,0.000000,0.000000,-5611.000000,3141.000000,2159.000000
0.000000,0.000000,0.000000,0.000000,-5122.000000,3141.000000,1963.000000
0.000000,100.000000,0.000000,0.000000,-4637.000000,3141.000000,1963.000000
0.000000,0.000000,0.000000,0.000000,-4190.000000,2945.000000,1963.000000
-200.000000,200.000000,0.000000,0.000000,-3761.000000,2945.000000,1963.000000
0.000000,100.000000,0.000000,0.000000,-3329.000000,2945.000000,1963.000000
0.000000,0.000000,0.000000,0.000000,-2909.000000,2748.000000,1963.000000
0.000000,-100.000000,0.000000,0.000000,-2508.000000,2945.000000,1963.000000
-100.000000,-100.000000,0.000000,0.000000,-2155.000000,2748.000000,1767.000000
200.000000,0.000000,0.000000,0.000000,-1798.000000,2748.000000,1767.000000
0.000000,100.000000,0.000000,0.000000,-1457.000000,2552.000000,1374.000000
-200.000000,0.000000,0.000000,0.000000,-1136.000000,2552.000000,1374.000000
0.000000,100.000000,0.000000,0.000000,-832.000000,2552.000000,1374.000000
-100.000000,0.000000,0.000000,0.000000,-549.000000,2356.000000,1178.000000
-100.000000,0.000000,0.000000,0.000000,-283.000000,2356.000000,981.000000
300.000000,0.000000,0.000000,0.000000,-55.000000,2159.000000,981.000000
0.000000,0.000000,0.000000,0.000000,156.000000,1963.000000,981.000000
-100.000000,-300.000000,0.000000,0.000000,314.000000,1767.000000,785.000000
-200.000000,0.000000,0.000000,0.000000,442.000000,1570.000000,981.000000
0.000000,0.000000,0.000000,0.000000,487.000000,1570.000000,589.000000
200.000000,-100.000000,0.000000,0.000000,527.000000,1374.000000,589.000000
-200.000000,0.000000,0.000000,0.000000,550.000000,1178.000000,589.000000
0.000000,100.000000,0.000000,0.000000,504.000000,981.000000,392.000000
0.000000,0.000000,0.000000,0.000000,425.000000,785.000000,392.000000
-100.000000,100.000000,0.000000,0.000000,316.000000,785.000000,0.000000
-100.000000,200.000000,0.000000,0.000000,193.000000,392.000000,0.000000
-100.000000,0.000000,0.000000,0.000000,19.000000,392.000000,0.000000
-200.000000,0.000000,0.000000,0.000000,-176.000000,392.000000,0.000000
0.000000,0.000000,0.000000,0.000000,-365.000000,196.000000,0.000000
0.000000,0.000000,0.000000,0.000000,-606.000000,0.000000,0.000000
100.000000,0.000000,0.000000,0.000000,-885.000000,196.000000,0.000000
0.000000,0.000000,0.000000,0.000000,-1199.000000,0.000000,0.000000
0.000000,100.000000,0.000000,0.000000,-1511.000000,0.000000,-196.000000
-800.000000,0.000000,0.000000,0.000000,-1850.000000,0.000000,0.000000
400.000000,0.000000,0.000000,0.000000,-2188.000000,0.000000,0.000000
200.000000,0.000000,0.000000,0.000000,-2555.000000,0.000000,-392.000000
300.000000,-100.000000,0.000000,0.000000,-2938.000000,-196.000000,-589.000000
300.000000,-100.000000,0.000000,0.000000,-3311.000000,0.000000,-589.000000
0.000000,-100.000000,0.000000,0.000000,-3662.000000,-196.000000,-981.000000
100.000000,100.000000,0.000000,0.000000,-3983.000000,0.000000,-785.000000
0.000000,100.000000,0.000000,0.000000,-4318.000000,0.000000,-589.000000
100.000000,-100.000000,0.000000,0.000000,-4669.000000,0.000000,-589.000000
200.000000,-200.000000,0.000000,0.000000,-5003.000000,0.000000,-589.000000
200.000000,-100.000000,0.000000,0.000000,-5246.000000,-196.000000,-392.000000
0.000000,-100.000000,0.000000,0.000000,-5547.000000,-196.000000,-196.000000
200.000000,100.000000,0.000000,0.000000,-5808.000000,-196.000000,-392.000000
0.000000,100.000000,0.000000,0.000000,-6066.000000,-196.000000,-392.000000
0.000000,100.000000,0.000000,0.000000,-6303.000000,-196.000000,-196.000000
500.000000,-200.000000,0.000000,0.000000,-6473.000000,0.000000,-392.000000
0.000000,100.000000,0.000000,0.000000,-6610.000000,0.000000,0.000000
300.000000,0.000000,0.000000,0.000000,-6748.000000,0.000000,-196.000000
0.000000,0.000000,0.000000,0.000000,-6846.000000,0.000000,0.000000
-100.000000,0.000000,0.000000,0.000000,-6907.000000,0.000000,0.000000
0.000000,0.000000,0.000000,0.000000,-6941.000000,0.000000,196.000000
0.000000,0.000000,0.000000,0.000000,-6973.000000,196.000000,0.000000
-200.000000,100.000000,0.000000,0.000000,-6935.000000,196.000000,0.000000
200.000000,-100.000000,0.000000,0.000000,-6903.000000,0.000000,0.000000
0.000000,400.000000,78.000000,78.000000,-6834.000000,0.000000,196.000000
-100.000000,-200.000000,0.000000,0.000000,-6738.000000,0.000000,0.000000
-100.000000,100.000000,0.000000,0.000000,-6611.000000,0.000000,0.000000
0.000000,0.000000,0.000000,0.000000,-6497.000000,196.000000,0.000000
0.000000,0.000000,0.000000,0.000000,-6334.000000,392.000000,196.000000
-200.000000,200.000000,0.000000,0.000000,-6160.000000,785.000000,196.000000
0.000000,100.000000,0.000000,0.000000,-5943.000000,981.000000,196.000000
-100.000000,-100.000000,0.000000,0.000000,-5734.000000,981.000000,785.000000
-100.000000,0.000000,0.000000,0.000000,-5538.000000,785.000000,785.000000
0.000000,0.000000,0.000000,0.000000,-5264.000000,785.000000,785.000000
100.000000,0.000000,0.000000,0.000000,-5015.000000,785.000000,981.000000
100.000000,0.000000,0.000000,0.000000,-4835.000000,589.000000,785.000000
0.000000,-100.000000,0.000000,0.000000,-4615.000000,589.000000,589.000000
-100.000000,0.000000,0.000000,0.000000,-4319.000000,589.000000,589.000000
-100.000000,0.000000,0.000000,0.000000,-4079.000000,392.000000,589.000000
0.000000,300.000000,0.000000,0.000000,-3869.000000,589.000000,392.000000
200.000000,300.000000,78.000000,78.000000,-3591.000000,589.000000,589.000000
0.000000,0.000000,0.000000,0.000000,-3346.000000,785.000000,392.000000
0.000000,200.000000,0.000000,0.000000,-3146.000000,589.000000,589.000000
-100.000000,0.000000,0.000000,0.000000,-2950.000000,589.000000,589.000000
0.000000,0.000000,0.000000,0.000000,-2709.000000,392.000000,589.000000
0.000000,100.000000,0.000000,0.000000,-2521.000000,392.000000,392.000000
0.000000,-100.000000,0.000000,0.000000,-2367.000000,392.000000,392.000000
0.000000,0.000000,0.000000,0.000000,-2195.000000,196.000000,392.000000
0.000000,-200.000000,0.000000,0.000000,-2021.000000,196.000000,392.000000
200.000000,-200.000000,0.000000,0.000000,-1875.000000,196.000000,0.000000
0.000000,0.000000,0.000000,0.000000,-1769.000000,196.000000,0.000000
0.000000,0.000000,0.000000,0.000000,-1683.000000,0.000000,0.000000
-300.000000,0.000000,0.000000,0.000000,-1592.000000,0.000000,0.000000
0.000000,0.000000,0.000000,0.000000,-1561.000000,0.000000,0.000000
-300.000000,0.000000,0.000000,0.000000,-1546.000000,0.000000,0.000000
0.000000,-100.000000,0.000000,0.000000,-1526.000000,0.000000,0.000000
0.000000,0.000000,0.000000,0.000000,-1502.000000,0.000000,0.000000
200.000000,0.000000,0.000000,0.000000,-1518.000000,0.000000,0.000000
0.000000,-200.000000,0.000000,0.000000,-1562.000000,0.000000,0.000000
-100.000000,-100.000000,0.000000,0.000000,-1614.000000,0.000000,0.000000
-200.000000,-200.000000,0.000000,0.000000,-1677.000000,-196.000000,-196.000000
-100.000000,100.000000,0.000000,0.000000,-1802.000000,-196.000000,0.000000
0.000000,-100.000000,0.000000,0.000000,-1923.000000,0.000000,0.000000
0.000000,200.000000,0.000000,0.000000,-2044.000000,-196.000000,-196.000000
0.000000,100.000000,0.000000,0.000000,-2118.000000,-196.000000,-392.000000
0.000000,100.000000,0.000000,0.000000,-2219.000000,-589.000000,-589.000000
0.000000,100.000000,0.000000,0.000000,-2303.000000,-981.000000,-785.000000
0.000000,200.000000,0.000000,0.000000,-2446.000000,-981.000000,-785.000000
0.000000,100.000000,0.000000,0.000000,-2625.000000,-785.000000,-785.000000
0.000000,0.000000,0.000000,0.000000,-2752.000000,-785.000000,-785.000000
0.000000,0.000000,0.000000,0.000000,-2806.000000,-785.000000,-589.000000
100.000000,100.000000,0.000000,0.000000,-2941.000000,-589.000000,-392.000000
-100.000000,100.000000,0.000000,0.000000,-3130.000000,-392.000000,-589.000000
0.000000,0.000000,0.000000,0.000000,-3273.000000,-392.000000,-589.000000
200.000000,0.000000,0.000000,0.000000,-3375.000000,-589.000000,-589.000000
0.000000,100.000000,0.000000,0.000000,-3473.000000,-589.000000,-589.000000
0.000000,300.000000,0.000000,0.000000,-3573.000000,-785.000000,-589.000000
200.000000,0.000000,0.000000,0.000000,-3696.000000,-785.000000,-785.000000
0.000000,0.000000,0.000000,0.000000,-3816.000000,-589.000000,-392.000000
-200.000000,0.000000,0.000000,0.000000,-3885.000000,-589.000000,-589.000000
0.000000,-100.000000,0.000000,0.000000,-3922.000000,-589.000000,-589.000000
400.000000,0.000000,0.000000,0.000000,-3984.000000,-392.000000,-392.000000
-100.000000,0.000000,0.000000,0.000000,-4087.000000,-392.000000,-392.000000
0.000000,0.000000,0.000000,0.000000,-4145.000000,-392.000000,-392.000000
0.000000,0.000000,0.000000,0.000000,-4173.000000,-392.000000,-392.000000
100.000000,100.000000,156.000000,156.000000,-4158.000000,-196.000000,-392.000000
-200.000000,100.000000,0.000000,0.000000,-4191.000000,-392.000000,-392.000000
200.000000,100.000000,0.000000,0.000000,-4206.000000,-392.000000,-196.000000
-100.000000,0.000000,0.000000,0.000000,-4179.000000,-392.000000,-196.000000
300.000000,300.000000,0.000000,0.000000,-4170.000000,-392.000000,-392.000000
0.000000,0.000000,0.000000,0.000000,-4154.000000,-196.000000,-196.000000
0.000000,0.000000,0.000000,0.000000,-4110.000000,-196.000000,-196.000000
300.000000,100.000000,0.000000,0.000000,-4040.000000,0.000000,-196.000000
200.000000,200.000000,0.000000,0.000000,-4000.000000,0.000000,-196.000000
0.000000,100.000000,0.000000,0.000000,-3910.000000,-196.000000,0.000000
-300.000000,200.000000,0.000000,0.000000,-3815.000000,0.000000,0.000000
-500.000000,100.000000,0.000000,0.000000,-3739.000000,-196.000000,-196.000000
-100.000000,100.000000,0.000000,0.000000,-3670.000000,-196.000000,0.000000
0.000000,100.000000,0.000000,0.000000,-3582.000000,-196.000000,-196.000000
0.000000,-100.000000,0.000000,0.000000,-3472.000000,-196.000000,-196.000000
100.000000,100.000000,0.000000,0.000000,-3361.000000,0.000000,-196.000000
0.000000,-100.000000,0.000000,0.000000,-3255.000000,0.000000,-196.000000
100.000000,0.000000,0.000000,0.000000,-3144.000000,0.000000,0.000000
400.000000,-100.000000,0.000000,0.000000,-3021.000000,0.000000,-196.000000
0.000000,0.000000,0.000000,0.000000,-2888.000000,0.000000,0.000000
-200.000000,-100.000000,0.000000,0.000000,-2800.000000,0.000000,0.000000
-200.000000,-200.000000,0.000000,0.000000,-2688.000000,0.000000,0.000000
-200.000000,-100.000000,0.000000,0.000000,-2576.000000,-196.000000,0.000000
-100.000000,200.000000,0.000000,0.000000,-2449.000000,0.000000,0.000000
0.000000,100.000000,0.000000,0.000000,-2357.000000,0.000000,-196.000000
0.000000,-200.000000,0.000000,0.000000,-2251.000000,-196.000000,-196.000000
100.000000,0.000000,0.000000,0.000000,-2135.000000,-196.000000,-392.000000
-200.000000,0.000000,0.000000,0.000000,-2061.000000,-196.000000,-196.000000
-100.000000,100.000000,0.000000,0.000000,-1972.000000,-196.000000,-196.000000
100.000000,200.000000,0.000000,0.000000,-1881.000000,0.000000,-196.000000
-100.000000,100.000000,0.000000,0.000000,-1801.000000,-196.000000,-196.000000
0.000000,100.000000,0.000000,0.000000,-1753.000000,-392.000000,-392.000000
0.000000,0.000000,0.000000,0.000000,-1697.000000,-196.000000,-196.000000
-100.000000,200.000000,0.000000,0.000000,-1664.000000,-392.000000,-196.000000
0.000000,100.000000,0.000000,0.000000,-1631.000000,-392.000000,-196.000000
0.000000,-100.000000,0.000000,0.000000,-1569.000000,-392.000000,-392.000000
0.000000,200.000000,156.000000,156.000000,-1545.000000,-196.000000,-589.000000
100.000000,100.000000,0.000000,0.000000,-1511.000000,-392.000000,-392.000000
0.000000,0.000000,0.000000,0.000000,-1492.000000,-392.000000,-589.000000
100.000000,200.000000,0.000000,0.000000,-1518.000000,-589.000000,-392.000000
0.000000,0.000000,0.000000,0.000000,-1579.000000,-589.000000,-589.000000
-100.000000,200.000000,0.000000,0.000000,-1604.000000,-392.000000,-392.000000
100.000000,0.000000,0.000000,0.000000,-1632.000000,-589.000000,-589.000000
0.000000,-100.000000,0.000000,0.000000,-1704.000000,-589.000000,-589.000000
200.000000,0.000000,0.000000,0.000000,-1749.000000,-589.000000,-785.000000
-100.000000,100.000000,0.000000,0.000000,-1795.000000,-589.000000,-589.000000
300.000000,100.000000,0.000000,0.000000,-1867.000000,-589.000000,-981.000000
0.000000,0.000000,0.000000,0.000000,-1966.000000,-785.000000,-589.000000
-100.000000,100.000000,156.000000,156.000000,-2030.000000,-589.000000,-785.000000
-100.000000,0.000000,0.000000,0.000000,-2088.000000,-785.000000,-785.000000
0.000000,0.000000,0.000000,0.000000,-2173.000000,-785.000000,-785.000000
0.000000,0.000000,0.000000,0.000000,-2278.000000,-589.000000,-785.000000
100.000000,100.000000,0.000000,0.000000,-2364.000000,-589.000000,-785.000000
-200.000000,100.000000,0.000000,0.000000,-2461.000000,-785.000000,-785.000000
0.000000,-200.000000,0.000000,0.000000,-2558.000000,-785.000000,-785.000000
0.000000,200.000000,0.000000,0.000000,-2637.000000,-981.000000,-785.000000
-100.000000,0.000000,0.000000,0.000000,-2724.000000,-785.000000,-785.000000
-100.000000,0.000000,0.000000,0.000000,-2812.000000,-785.000000,-785.000000
100.000000,0.000000,0.000000,0.000000,-2899.000000,-785.000000,-589.000000
0.000000,200.000000,0.000000,0.000000,-2996.000000,-785.000000,-785.000000
0.000000,-100.000000,0.000000,0.000000,-3088.000000,-981.000000,-785.000000
0.000000,0.000000,0.000000,0.000000,-3171.000000,-785.000000,-785.000000
0.000000,-200.000000,0.000000,0.000000,-3247.000000,-785.000000,-589.000000
0.000000,0.000000,0.000000,0.000000,-3324.000000,-785.000000,-785.000000
300.000000,-200.000000,0.000000,0.000000,-3410.000000,-785.000000,-589.000000
0.000000,0.000000,0.000000,0.000000,-3466.000000,-981.000000,-785.000000
0.000000,0.000000,0.000000,0.000000,-3508.000000,-785.000000,-589.000000
100.000000,100.000000,0.000000,0.000000,-3572.000000,-785.000000,-589.000000
200.000000,200.000000,0.000000,0.000000,-3623.000000,-785.000000,-589.000000
0.000000,0.000000,0.000000,0.000000,-3659.000000,-785.000000,-589.000000
100.000000,100.000000,0.000000,0.000000,-3710.000000,-785.000000,-589.000000
0.000000,300.000000,0.000000,0.000000,-3721.000000,-589.000000,-589.000000
100.000000,100.000000,0.000000,0.000000,-3714.000000,-785.000000,-392.000000
0.000000,100.000000,0.000000,0.000000,-3718.000000,-589.000000,-392.000000
0.000000,300.000000,0.000000,0.000000,-3700.000000,-785.000000,-589.000000
200.000000,0.000000,0.000000,0.000000,-3640.000000,-589.000000,-589.000000
100.000000,0.000000,0.000000,0.000000,-3622.000000,-589.000000,-392.000000
100.000000,200.000000,0.000000,0.000000,-3618.000000,-589.000000,-392.000000
0.000000,0.000000,156.000000,156.000000,-3563.000000,-589.000000,-392.000000
400.000000,0.000000,0.000000,0.000000,-3514.000000,-589.000000,-392.000000
100.000000,-200.000000,0.000000,0.000000,-3461.000000,-392.000000,-392.000000
0.000000,300.000000,0.000000,0.000000,-3371.000000,-589.000000,-392.000000
200.000000,200.000000,0.000000,0.000000,-3320.000000,-392.000000,-392.000000
400.000000,0.000000,0.000000,0.000000,-3270.000000,-392.000000,-392.000000
200.000000,100.000000,0.000000,0.000000,-3173.000000,-589.000000,-392.000000
100.000000,0.000000,0.000000,0.000000,-3100.000000,-392.000000,-392.000000
500.000000,0.000000,0.000000,0.000000,-3059.000000,-392.000000,-392.000000
100.000000,400.000000,0.000000,0.000000,-3012.000000,-392.000000,-392.000000
0.000000,100.000000,156.000000,156.000000,-2945.000000,-392.000000,-196.000000
400.000000,100.000000,0.000000,0.000000,-2862.000000,-196.000000,-392.000000
300.000000,100.000000,0.000000,0.000000,-2786.000000,-196.000000,-392.000000
400.000000,0.000000,0.000000,0.000000,-2674.000000,-392.000000,-589.000000
0.000000,300.000000,0.000000,0.000000,-2584.000000,-589.000000,-392.000000
0.000000,400.000000,0.000000,0.000000,-2546.000000,-392.000000,-392.000000
0.000000,200.000000,0.000000,0.000000,-2491.000000,-196.000000,-392.000000
200.000000,500.000000,156.000000,156.000000,-2395.000000,-392.000000,-196.000000
0.000000,0.000000,0.000000,0.000000,-2355.000000,-196.000000,-392.000000
100.000000,0.000000,0.000000,0.000000,-2309.000000,-196.000000,-392.000000
0.000000,0.000000,0.000000,0.000000,-2220.000000,-392.000000,-392.000000
200.000000,-100.000000,78.000000,78.000000,-2173.000000,-392.000000,-589.000000
-100.000000,0.000000,0.000000,0.000000,-2139.000000,-392.000000,-589.000000
200.000000,-200.000000,0.000000,0.000000,-2104.000000,-196.000000,-392.000000
100.000000,-200.000000,0.000000,0.000000,-2032.000000,-196.000000,-589.000000
100.000000,100.000000,0.000000,0.000000,-1987.000000,-196.000000,-392.000000
200.000000,0.000000,0.000000,0.000000,-1931.000000,-392.000000,-589.000000
100.000000,0.000000,0.000000,0.000000,-1908.000000,-589.000000,-392.000000
0.000000,100.000000,0.000000,0.000000,-1936.000000,-392.000000,-392.000000
100.000000,300.000000,0.000000,0.000000,-1936.000000,-392.000000,-589.000000
100.000000,0.000000,0.000000,0.000000,-1920.000000,-196.000000,-589.000000
0.000000,100.000000,0.000000,0.000000,-1919.000000,-392.000000,-589.000000
200.000000,100.000000,0.000000,0.000000,-1952.000000,-392.000000,-785.000000
100.000000,300.000000,0.000000,0.000000,-1945.000000,-392.000000,-589.000000
100.000000,0.000000,0.000000,0.000000,-1954.000000,-392.000000,-589.000000
0.000000,-100.000000,0.000000,0.000000,-1997.000000,-392.000000,-392.000000
200.000000,0.000000,0.000000,0.000000,-2029.000000,-392.000000,-589.000000
100.000000,-100.000000,0.000000,0.000000,-2055.000000,-589.000000,-589.000000
0.000000,0.000000,0.000000,0.000000,-2137.000000,-392.000000,-589.000000
200.000000,0.000000,0.000000,0.000000,-2185.000000,-392.000000,-589.000000
100.000000,200.000000,0.000000,0.000000,-2198.000000,-392.000000,-785.000000
100.000000,100.000000,0.000000,0.000000,-2206.000000,-589.000000,-589.000000
100.000000,100.000000,0.000000,0.000000,-2259.000000,-392.000000,-589.000000
300.000000,0.000000,0.000000,0.000000,-2323.000000,-589.000000,-589.000000
-200.000000,0.000000,0.000000,0.000000,-2362.000000,-392.000000,-392.000000
100.000000,100.000000,0.000000,0.000000,-2411.000000,-589.000000,-589.000000
0.000000,200.000000,0.000000,0.000000,-2491.000000,-392.000000,-392.000000
500.000000,0.000000,0.000000,0.000000,-2548.000000,-589.000000,-392.000000
300.000000,100.000000,0.000000,0.000000,-2598.000000,-392.000000,-392.000000
100.000000,200.000000,0.000000,0.000000,-2661.000000,-589.000000,-392.000000
0.000000,100.000000,0.000000,0.000000,-2722.000000,-589.000000,-392.000000
0.000000,-100.000000,0.000000,0.000000,-2770.000000,-392.000000,-392.000000
0.000000,0.000000,0.000000,0.000000,-2801.000000,-589.000000,-392.000000
200.000000,0.000000,0.000000,0.000000,-2849.000000,-589.000000,-392.000000
100.000000,0.000000,156.000000,156.000000,-2886.000000,-392.000000,-392.000000
-100.000000,-200.000000,0.000000,0.000000,-2949.000000,-589.000000,-392.000000
300.000000,100.000000,0.000000,0.000000,-3004.000000,-392.000000,-196.000000
300.000000,200.000000,0.000000,0.000000,-3045.000000,-589.000000,-392.000000
200.000000,100.000000,0.000000,0.000000,-3089.000000,-392.000000,-196.000000
200.000000,-100.000000,0.000000,0.000000,-3118.000000,-589.000000,-392.000000
100.000000,0.000000,0.000000,0.000000,-3158.000000,-392.000000,-392.000000
0.000000,0.000000,0.000000,0.000000,-3169.000000,-392.000000,-196.000000
0.000000,400.000000,78.000000,78.000000,-3187.000000,-589.000000,-392.000000
0.000000,200.000000,0.000000,0.000000,-3221.000000,-392.000000,-196.000000
0.000000,100.000000,0.000000,0.000000,-3232.000000,-392.000000,-196.000000
0.000000,100.000000,0.000000,0.000000,-3231.000000,-392.000000,-392.000000
200.000000,300.000000,0.000000,0.000000,-3218.000000,-392.000000,-196.000000
0.000000,-100.000000,0.000000,0.000000,-3221.000000,-589.000000,-196.000000
-100.000000,0.000000,0.000000,0.000000,-3226.000000,-392.000000,-196.000000
-200.000000,100.000000,0.000000,0.000000,-3225.000000,-196.000000,-196.000000
0.000000,200.000000,0.000000,0.000000,-3201.000000,-196.000000,0.000000
-100.000000,100.000000,0.000000,0.000000,-3199.000000,-392.000000,0.000000
0.000000,0.000000,0.000000,0.000000,-3175.000000,-392.000000,0.000000
0.000000,100.000000,0.000000,0.000000,-3150.000000,-392.000000,-196.000000
-100.000000,200.000000,156.000000,156.000000,-3131.000000,-392.000000,-196.000000
0.000000,0.000000,0.000000,0.000000,-3086.000000,-196.000000,-196.000000
0.000000,0.000000,0.000000,0.000000,-3020.000000,-196.000000,-196.000000
0.000000,500.000000,0.000000,0.000000,-2968.000000,-196.000000,-196.000000
100.000000,300.000000,0.000000,0.000000,-2921.000000,-196.000000,-196.000000
0.000000,200.000000,0.000000,0.000000,-2873.000000,-392.000000,0.000000
-200.000000,400.000000,0.000000,0.000000,-2854.000000,-392.000000,0.000000
0.000000,200.000000,0.000000,0.000000,-2823.000000,-196.000000,0.000000
-100.000000,100.000000,0.000000,0.000000,-2740.000000,-196.000000,0.000000
0.000000,100.000000,0.000000,0.000000,-2688.000000,0.000000,0.000000
-100.000000,300.000000,0.000000,0.000000,-2685.000000,-196.000000,0.000000
0.000000,300.000000,0.000000,0.000000,-2609.000000,-196.000000,0.000000
400.000000,100.000000,0.000000,0.000000,-2544.000000,-196.000000,0.000000
0.000000,300.000000,0.000000,0.000000,-2543.000000,-392.000000,0.000000
300.000000,0.000000,0.000000,0.000000,-2525.000000,-392.000000,-196.000000
100.000000,100.000000,0.000000,0.000000,-2473.000000,-196.000000,0.000000
0.000000,100.000000,0.000000,0.000000,-2407.000000,-196.000000,-196.000000
0.000000,100.000000,0.000000,0.000000,-2356.000000,0.000000,-196.000000
0.000000,100.000000,0.000000,0.000000,-2335.000000,-196.000000,0.000000
0.000000,0.000000,0.000000,0.000000,-2315.000000,0.000000,0.000000
-200.000000,0.000000,0.000000,0.000000,-2275.000000,-196.000000,0.000000
400.000000,0.000000,0.000000,0.000000,-2225.000000,-196.000000,0.000000
0.000000,300.000000,0.000000,0.000000,-2231.000000,-392.000000,-196.000000
100.000000,100.000000,0.000000,0.000000,-2231.000000,-392.000000,0.000000
0.000000,100.000000,0.000000,0.000000,-2199.000000,-392.000000,-196.000000
0.000000,100.000000,0.000000,0.000000,-2166.000000,-196.000000,-392.000000
0.000000,0.000000,0.000000,0.000000,-2153.000000,0.000000,-196.000000
-200.000000,100.000000,0.000000,0.000000,-2155.000000,-196.000000,-196.000000
0.000000,200.000000,0.000000,0.000000,-2162.000000,0.000000,-196.000000
0.000000,-200.000000,78.000000,78.000000,-2149.000000,-196.000000,-196.000000
-400.000000,-100.000000,0.000000,0.000000,-2142.000000,-196.000000,-196.000000
0.000000,100.000000,0.000000,0.000000,-2161.000000,-392.000000,0.000000
-100.000000,0.000000,0.000000,0.000000,-2177.000000,-392.000000,0.000000
0.000000,0.000000,0.000000,0.000000,-2214.000000,-392.000000,-196.000000
-300.000000,0.000000,0.000000,0.000000,-2242.000000,-392.000000,-196.000000
0.000000,0.000000,0.000000,0.000000,-2224.000000,0.000000,-196.000000
0.000000,-200.000000,0.000000,0.000000,-2244.000000,-196.000000,-392.000000
200.000000,0.000000,0.000000,0.000000,-2285.000000,0.000000,-392.000000
-200.000000,0.000000,0.000000,0.000000,-2289.000000,-196.000000,-392.000000
100.000000,0.000000,0.000000,0.000000,-2270.000000,-196.000000,-392.000000
-100.000000,100.000000,0.000000,0.000000,-2291.000000,-589.000000,-196.000000
100.000000,100.000000,0.000000,0.000000,-2364.000000,-392.000000,0.000000
0.000000,0.000000,0.000000,0.000000,-2397.000000,-392.000000,-196.000000
0.000000,100.000000,0.000000,0.000000,-2408.000000,-196.000000,-196.000000
100.000000,200.000000,0.000000,0.000000,-2438.000000,0.000000,-196.000000
-200.000000,0.000000,0.000000,0.000000,-2496.000000,0.000000,-392.000000
200.000000,0.000000,0.000000,0.000000,-2522.000000,-196.000000,-392.000000
0.000000,100.000000,0.000000,0.000000,-2499.000000,-196.000000,-392.000000
-400.000000,200.000000,0.000000,0.000000,-2529.000000,-196.000000,-196.000000
0.000000,300.000000,0.000000,0.000000,-2588.000000,-392.000000,-196.000000
0.000000,100.000000,0.000000,0.000000,-2629.000000,-392.000000,-196.000000
0.000000,0.000000,0.000000,0.000000,-2674.000000,-196.000000,-196.000000
0.000000,0.000000,0.000000,0.000000,-2702.000000,-196.000000,-392.000000
0.000000,100.000000,0.000000,0.000000,-2736.000000,0.000000,-392.000000
0.000000,100.000000,0.000000,0.000000,-2771.000000,0.000000,-392.000000
0.000000,100.000000,0.000000,0.000000,-2784.000000,-196.000000,-196.000000
-100.000000,0.000000,0.000000,0.000000,-2787.000000,0.000000,-196.000000
-200.000000,100.000000,0.000000,0.000000,-2801.000000,-392.000000,-196.000000
0.000000,200.000000,0.000000,0.000000,-2829.000000,-392.000000,-196.000000
-100.000000,-100.000000,0.000000,0.000000,-2860.000000,-196.000000,-196.000000
100.000000,200.000000,0.000000,0.000000,-2885.000000,-392.000000,-392.000000
100.000000,400.000000,156.000000,156.000000,-2866.000000,0.000000,-196.000000
-200.000000,-100.000000,0.000000,0.000000,-2854.000000,0.000000,-196.000000
-100.000000,-200.000000,0.000000,0.000000,-2869.000000,0.000000,-196.000000
0.000000,0.000000,0.000000,0.000000,-2879.000000,-196.000000,0.000000
0.000000,100.000000,0.000000,0.000000,-2856.000000,0.000000,-196.000000
100.000000,0.000000,0.000000,0.000000,-2834.000000,-392.000000,0.000000
-100.000000,0.000000,0.000000,0.000000,-2863.000000,0.000000,-196.000000
0.000000,300.000000,0.000000,0.000000,-2864.000000,-196.000000,-196.000000
0.000000,300.000000,0.000000,0.000000,-2822.000000,-196.000000,-392.000000
0.000000,400.000000,0.000000,0.000000,-2802.000000,0.000000,-392.000000
0.000000,200.000000,0.000000,0.000000,-2779.000000,-196.000000,-196.000000
-100.000000,300.000000,0.000000,0.000000,-2756.000000,-196.000000,-196.000000
0.000000,100.000000,0.000000,0.000000,-2750.000000,-196.000000,0.000000
0.000000,100.000000,0.000000,0.000000,-2744.000000,-196.000000,0.000000
100.000000,200.000000,0.000000,0.000000,-2725.000000,-196.000000,0.000000
0.000000,300.000000,0.000000,0.000000,-2717.000000,0.000000,0.000000
0.000000,-100.000000,0.000000,0.000000,-2708.000000,0.000000,-196.000000
0.000000,-200.000000,156.000000,156.000000,-2689.000000,-196.000000,0.000000
200.000000,300.000000,0.000000,0.000000,-2655.000000,0.000000,0.000000
0.000000,0.000000,0.000000,0.000000,-2629.000000,-196.000000,-196.000000
0.000000,100.000000,0.000000,0.000000,-2625.000000,-392.000000,-196.000000
0.000000,400.000000,0.000000,0.000000,-2619.000000,-196.000000,-196.000000
200.000000,300.000000,0.000000,0.000000,-2591.000000,0.000000,-196.000000
100.000000,0.000000,0.000000,0.000000,-2552.000000,-196.000000,-196.000000
0.000000,300.000000,0.000000,0.000000,-2508.000000,-196.000000,-196.000000
0.000000,100.000000,0.000000,0.000000,-2478.000000,-196.000000,-196.000000
-100.000000,100.000000,0.000000,0.000000,-2462.000000,-196.000000,0.000000
-200.000000,200.000000,0.000000,0.000000,-2454.000000,-392.000000,0.000000
0.000000,200.000000,0.000000,0.000000,-2466.000000,-196.000000,0.000000
0.000000,100.000000,0.000000,0.000000,-2453.000000,-196.000000,0.000000
100.000000,0.000000,0.000000,0.000000,-2444.000000,-196.000000,0.000000
-100.000000,0.000000,0.000000,0.000000,-2428.000000,-196.000000,-196.000000
0.000000,0.000000,0.000000,0.000000,-2404.000000,-392.000000,0.000000
-100.000000,200.000000,0.000000,0.000000,-2398.000000,-392.000000,-196.000000
0.000000,0.000000,0.000000,0.000000,-2432.000000,-392.000000,-196.000000
-100.000000,0.000000,0.000000,0.000000,-2434.000000,-392.000000,-196.000000
-100.000000,100.000000,0.000000,0.000000,-2432.000000,-196.000000,0.000000
100.000000,100.000000,0.000000,0.000000,-2416.000000,-392.000000,-196.000000
100.000000,0.000000,0.000000,0.000000,-2409.000000,-196.000000,0.000000
0.000000,0.000000,0.000000,0.000000,-2397.000000,-392.000000,-196.000000
0.000000,100.000000,0.000000,0.000000,-2386.000000,-589.000000,-196.000000
0.000000,200.000000,0.000000,0.000000,-2409.000000,-392.000000,-392.000000
0.000000,200.000000,0.000000,0.000000,-2436.000000,-392.000000,-196.000000
100.000000,100.000000,0.000000,0.000000,-2396.000000,-392.000000,-196.000000
200.000000,0.000000,0.000000,0.000000,-2384.000000,-392.000000,-196.000000
100.000000,100.000000,0.000000,0.000000,-2424.000000,-589.000000,0.000000
0.000000,100.000000,0.000000,0.000000,-2441.000000,-392.000000,-196.000000
-100.000000,-100.000000,0.000000,0.000000,-2444.000000,-589.000000,0.000000
-300.000000,200.000000,0.000000,0.000000,-2460.000000,-392.000000,0.000000
200.000000,200.000000,0.000000,0.000000,-2492.000000,-589.000000,-196.000000
0.000000,0.000000,0.000000,0.000000,-2504.000000,-589.000000,-196.000000
0.000000,0.000000,0.000000,0.000000,-2516.000000,-392.000000,-392.000000
100.000000,100.000000,0.000000,0.000000,-2531.000000,-589.000000,-392.000000
0.000000,100.000000,0.000000,0.000000,-2515.000000,-392.000000,-392.000000
100.000000,0.000000,0.000000,0.000000,-2534.000000,-589.000000,-196.000000
200.000000,200.000000,0.000000,0.000000,-2543.000000,-589.000000,-392.000000
0.000000,200.000000,0.000000,0.000000,-2561.000000,-589.000000,0.000000
0.000000,100.000000,0.000000,0.000000,-2576.000000,-589.000000,0.000000
-100.000000,100.000000,0.000000,0.000000,-2591.000000,-392.000000,-196.000000
0.000000,200.000000,0.000000,0.000000,-2589.000000,-589.000000,0.000000
0.000000,200.000000,0.000000,0.000000,-2613.000000,-589.000000,-392.000000
200.000000,100.000000,0.000000,0.000000,-2645.000000,-392.000000,-392.000000
-200.000000,-100.000000,0.000000,0.000000,-2648.000000,-589.000000,-589.000000
0.000000,0.000000,0.000000,0.000000,-2648.000000,-589.000000,-392.000000
200.000000,0.000000,0.000000,0.000000,-2674.000000,-589.000000,-392.000000
100.000000,300.000000,0.000000,0.000000,-2679.000000,-589.000000,-392.000000
-100.000000,-200.000000,0.000000,0.000000,-2659.000000,-392.000000,-196.000000
200.000000,0.000000,0.000000,0.000000,-2647.000000,-392.000000,-196.000000
-100.000000,200.000000,0.000000,0.000000,-2650.000000,-392.000000,-392.000000
0.000000,200.000000,0.000000,0.000000,-2639.000000,-589.000000,-196.000000
100.000000,200.000000,0.000000,0.000000,-2649.000000,-392.000000,-196.000000
0.000000,0.000000,0.000000,0.000000,-2653.000000,-392.000000,-196.000000
0.000000,100.000000,0.000000,0.000000,-2668.000000,-392.000000,-392.000000
0.000000,100.000000,0.000000,0.000000,-2685.000000,-392.000000,-589.000000
0.000000,0.000000,0.000000,0.000000,-2676.000000,-392.000000,-392.000000
100.000000,100.000000,0.000000,0.000000,-2675.000000,-196.000000,-589.000000
0.000000,400.000000,0.000000,0.000000,-2687.000000,-392.000000,-392.000000
100.000000,200.000000,0.000000,0.000000,-2674.000000,-392.000000,-392.000000
100.000000,100.000000,0.000000,0.000000,-2683.000000,-589.000000,-392.000000
0.000000,100.000000,0.000000,0.000000,-2722.000000,-392.000000,-392.000000
0.000000,100.000000,0.000000,0.000000,-2745.000000,-196.000000,-196.000000
100.000000,0.000000,0.000000,0.000000,-2725.000000,-392.000000,-196.000000
0.000000,100.000000,0.000000,0.000000,-2718.000000,-196.000000,-196.000000
0.000000,300.000000,0.000000,0.000000,-2740.000000,-196.000000,-196.000000
200.000000,100.000000,78.000000,78.000000,-2741.000000,-392.000000,-196.000000
100.000000,100.000000,0.000000,0.000000,-2736.000000,-392.000000,-196.000000
100.000000,100.000000,0.000000,0.000000,-2745.000000,-196.000000,-392.000000
0.000000,200.000000,0.000000,0.000000,-2751.000000,-196.000000,-392.000000
200.000000,0.000000,0.000000,0.000000,-2725.000000,-196.000000,-392.000000
100.000000,200.000000,0.000000,0.000000,-2711.000000,-196.000000,-392.000000
100.000000,100.000000,0.000000,0.000000,-2719.000000,-392.000000,-196.000000
200.000000,0.000000,0.000000,0.000000,-2735.000000,-196.000000,-392.000000
100.000000,200.000000,0.000000,0.000000,-2744.000000,-392.000000,-392.000000
0.000000,100.000000,0.000000,0.000000,-2741.000000,-196.000000,-196.000000
0.000000,0.000000,0.000000,0.000000,-2717.000000,0.000000,-196.000000
200.000000,100.000000,0.000000,0.000000,-2716.000000,-196.000000,-196.000000
-100.000000,0.000000,0.000000,0.000000,-2729.000000,0.000000,0.000000
0.000000,-100.000000,0.000000,0.000000,-2717.000000,-196.000000,0.000000
0.000000,100.000000,0.000000,0.000000,-2688.000000,-196.000000,0.000000
100.000000,0.000000,0.000000,0.000000,-2698.000000,-196.000000,-196.000000
100.000000,100.000000,0.000000,0.000000,-2718.000000,-196.000000,0.000000
0.000000,100.000000,0.000000,0.000000,-2690.000000,-196.000000,-392.000000
0.000000,-100.000000,0.000000,0.000000,-2681.000000,-196.000000,-196.000000
300.000000,100.000000,0.000000,0.000000,-2671.000000,-196.000000,-392.000000
-100.000000,100.000000,0.000000,0.000000,-2677.000000,0.000000,-392.000000
0.000000,-100.000000,0.000000,0.000000,-2657.000000,-196.000000,-196.000000
0.000000,-400.000000,0.000000,0.000000,-2658.000000,0.000000,0.000000
-100.000000,100.000000,0.000000,0.000000,-2643.000000,0.000000,0.000000
-200.000000,200.000000,0.000000,0.000000,-2628.000000,-196.000000,0.000000
100.000000,200.000000,0.000000,0.000000,-2623.000000,-196.000000,0.000000
-100.000000,0.000000,0.000000,0.000000,-2625.000000,-196.000000,0.000000
-200.000000,100.000000,0.000000,0.000000,-2636.000000,-196.000000,0.000000
100.000000,100.000000,0.000000,0.000000,-2610.000000,0.000000,0.000000
0.000000,100.000000,0.000000,0.000000,-2609.000000,0.000000,-196.000000
-100.000000,100.000000,0.000000,0.000000,-2596.000000,-196.000000,0.000000
-100.000000,100.000000,0.000000,0.000000,-2572.000000,-196.000000,0.000000
