Channel 1,Channel 2,Channel 3,Channel 4,Channel 5,Channel 6,Channel 7
-400.000000,-100.000000,0.000000,0.000000,-3325.000000,0.000000,0.000000
0.000000,100.000000,0.000000,0.000000,-3332.000000,0.000000,0.000000
-200.000000,0.000000,0.000000,0.000000,-3340.000000,0.000000,0.000000
-100.000000,0.000000,0.000000,0.000000,-3339.000000,0.000000,0.000000
-100.000000,0.000000,0.000000,0.000000,-3347.000000,0.000000,0.000000
0.000000,-100.000000,0.000000,0.000000,-3337.000000,0.000000,0.000000
-200.000000,0.000000,0.000000,0.000000,-3321.000000,0.000000,0.000000
0.000000,-100.000000,0.000000,0.000000,-3325.000000,0.000000,0.000000
100.000000,-100.000000,0.000000,0.000000,-3329.000000,0.000000,0.000000
0.000000,-100.000000,0.000000,0.000000,-3326.000000,0.000000,0.000000
-100.000000,-300.000000,0.000000,0.000000,-3336.000000,0.000000,0.000000
-100.000000,100.000000,0.000000,0.000000,-3333.000000,0.000000,0.000000
-100.000000,-100.000000,0.000000,0.000000,-3331.000000,0.000000,0.000000
100.000000,-200.000000,0.000000,0.000000,-3321.000000,0.000000,0.000000
100.000000,-600.000000,0.000000,0.000000,-3314.000000,0.000000,0.000000
-200.000000,-100.000000,0.000000,0.000000,-3325.000000,0.000000,0.000000
-100.000000,-200.000000,0.000000,0.000000,-3333.000000,0.000000,0.000000
0.000000,100.000000,0.000000,0.000000,-3340.000000,0.000000,0.000000
-100.000000,-300.000000,0.000000,0.000000,-3332.000000,0.000000,0.000000
-100.000000,-200.000000,0.000000,0.000000,-3333.000000,0.000000,0.000000
0.000000,0.000000,78.000000,78.000000,-3324.000000,0.000000,0.000000
-300.000000,0.000000,0.000000,0.000000,-3330.000000,0.000000,0.000000
-100.000000,-200.000000,0.000000,0.000000,-3330.000000,0.000000,0.000000
-200.000000,-200.000000,0.000000,0.000000,-3327.000000,0.000000,0.000000
0.000000,-100.000000,0.000000,0.000000,-3328.000000,0.000000,0.000000
-100.000000,-100.000000,0.000000,0.000000,-3325.000000,0.000000,0.000000
-200.000000,-300.000000,0.000000,0.000000,-3335.000000,0.000000,0.000000
-200.000000,0.000000,0.000000,0.000000,-3332.000000,0.000000,0.000000
0.000000,200.000000,156.000000,156.000000,-3331.000000,0.000000,0.000000
0.000000,0.000000,0.000000,0.000000,-3328.000000,0.000000,0.000000
0.000000,-300.000000,0.000000,0.000000,-3346.000000,0.000000,0.000000
0.000000,-100.000000,0.000000,0.000000,-3350.000000,0.000000,0.000000
-100.000000,-300.000000,0.000000,0.000000,-3337.000000,0.000000,0.000000
-100.000000,-100.000000,0.000000,0.000000,-3336.000000,0.000000,0.000000
-200.000000,0.000000,0.000000,0.000000,-3329.000000,0.000000,0.000000
0.000000,-200.000000,0.000000,0.000000,-3324.000000,0.000000,0.000000
0.000000,-100.000000,0.000000,0.000000,-3317.000000,0.000000,0.000000
-100.000000,100.000000,0.000000,0.000000,-3324.000000,0.000000,0.000000
-100.000000,0.000000,0.000000,0.000000,-3339.000000,0.000000,0.000000
0.000000,-200.000000,0.000000,0.000000,-3329.000000,0.000000,0.000000
-100.000000,0.000000,0.000000,0.000000,-3327.000000,0.000000,0.000000
0.000000,0.000000,0.000000,0.000000,-3329.000000,0.000000,0.000000
-200.000000,0.000000,0.000000,0.000000,-3338.000000,0.000000,0.000000
100.000000,100.000000,156.000000,156.000000,-3339.000000,0.000000,0.000000
0.000000,-300.000000,0.000000,0.000000,-3339.000000,0.000000,0.000000
0.000000,-300.000000,0.000000,0.000000,-3324.000000,0.000000,0.000000
0.000000,-100.000000,0.000000,0.000000,-3313.000000,0.000000,0.000000
0.000000,-300.000000,0.000000,0.000000,-3317.000000,0.000000,0.000000
-200.000000,0.000000,0.000000,0.000000,-3324.000000,0.000000,0.000000
0.000000,0.000000,0.000000,0.000000,-3311.000000,0.000000,0.000000
0.000000,-100.000000,0.000000,0.000000,-3305.000000,0.000000,0.000000
-100.000000,-200.000000,0.000000,0.000000,-3294.000000,0.000000,0.000000
100.000000,0.000000,0.000000,0.000000,-3309.000000,0.000000,0.000000
-300.000000,-200.000000,0.000000,0.000000,-3303.000000,0.000000,0.000000
0.000000,-100.000000,0.000000,0.000000,-3305.000000,0.000000,0.000000
-100.000000,200.000000,0.000000,0.000000,-3309.000000,0.000000,0.000000
200.000000,-300.000000,0.000000,0.000000,-3321.000000,0.000000,0.000000
200.000000,-100.000000,0.000000,0.000000,-3328.000000,0.000000,0.000000
-100.000000,-100.000000,0.000000,0.000000,-3331.000000,0.000000,0.000000
0.000000,0.000000,0.000000,0.000000,-3338.000000,0.000000,0.000000
-100.000000,-200.000000,0.000000,0.000000,-3326.000000,0.000000,0.000000
-200.000000,-100.000000,0.000000,0.000000,-3326.000000,0.000000,0.000000
0.000000,-300.000000,0.000000,0.000000,-3328.000000,0.000000,0.000000
-100.000000,-100.000000,0.000000,0.000000,-3321.000000,0.000000,0.000000
-200.000000,-200.000000,0.000000,0.000000,-3330.000000,0.000000,0.000000
-100.000000,-100.000000,0.000000,0.000000,-3319.000000,0.000000,0.000000
-300.000000,-200.000000,0.000000,0.000000,-3308.000000,0.000000,0.000000
100.000000,-100.000000,0.000000,0.000000,-3320.000000,0.000000,0.000000
0.000000,14600.000000,15000.000000,15000.000000,-3383.000000,589.000000,589.000000
13700.000000,15000.000000,15000.000000,15000.000000,-3318.000000,2748.000000,2945.000000
16100.000000,14400.000000,15000.000000,15000.000000,-2900.000000,2748.000000,3141.000000
14300.000000,15800.000000,15000.000000,15000.000000,-2152.000000,392.000000,981.000000
15400.000000,13600.000000,15000.000000,15000.000000,-1783.000000,-392.000000,-392.000000
14600.000000,16200.000000,15000.000000,15000.000000,-1899.000000,196.000000,392.000000
14500.000000,13200.000000,15000.000000,15000.000000,-1880.000000,1963.000000,1374.000000
14300.000000,15700.000000,15000.000000,15000.000000,-1252.000000,2945.000000,2748.000000
16500.000000,14300.000000,15000.000000,15000.000000,-218.000000,3141.000000,3141.000000
13400.000000,17400.000000,15000.000000,15000.000000,541.000000,2159.000000,2748.000000
16700.000000,14400.000000,15000.000000,15000.000000,882.000000,1178.000000,1767.000000
16299.000000,13500.000000,15000.000000,15000.000000,1290.000000,1963.000000,1767.000000
15100.000000,14800.000000,15000.000000,15000.000000,1968.000000,3141.000000,2552.000000
15500.000000,15000.000000,15000.000000,15000.000000,2693.000000,4319.000000,3926.000000
16100.000000,16900.000000,15000.000000,15000.000000,3490.000000,3926.000000,4123.000000
14800.000000,13900.000000,15000.000000,15000.000000,4430.000000,3141.000000,3730.000000
17000.000000,16800.000000,15000.000000,15000.000000,5201.000000,2945.000000,3141.000000
13500.000000,13600.000000,15000.000000,15000.000000,5755.000000,3337.000000,3141.000000
13800.000000,13700.000000,15000.000000,15000.000000,6459.000000,3926.000000,3337.000000
16100.000000,13300.000000,15000.000000,15000.000000,7270.000000,4123.000000,3534.000000
15800.000000,13800.000000,15000.000000,15000.000000,8034.000000,3926.000000,3730.000000
15300.000000,13900.000000,15000.000000,15000.000000,8760.000000,3730.000000,3337.000000
16299.000000,13800.000000,15000.000000,15000.000000,9439.000000,3534.000000,3337.000000
16600.000000,16000.000000,15000.000000,15000.000000,10091.000000,3926.000000,3337.000000
13400.000000,15300.000000,15000.000000,15000.000000,10917.000000,4123.000000,3730.000000
13400.000000,13800.000000,15000.000000,15000.000000,11722.000000,4319.000000,4123.000000
13400.000000,0.000000,0.000000,0.000000,12433.000000,3926.000000,3926.000000
0.000000,0.000000,0.000000,0.000000,13109.000000,1374.000000,1570.000000
-100.000000,100.000000,0.000000,0.000000,13313.000000,0.000000,0.000000
300.000000,100.000000,0.000000,0.000000,13290.000000,196.000000,196.000000
-100.000000,-100.000000,0.000000,0.000000,13654.000000,0.000000,196.000000
0.000000,200.000000,0.000000,0.000000,13839.000000,196.000000,1178.000000
-100.000000,100.000000,0.000000,0.000000,13287.000000,589.000000,2356.000000
-100.000000,0.000000,0.000000,0.000000,12659.000000,1570.000000,2748.000000
0.000000,0.000000,0.000000,0.000000,12156.000000,2356.000000,2552.000000
-100.000000,0.000000,0.000000,0.000000,11604.000000,1963.000000,2552.000000
-300.000000,100.000000,0.000000,0.000000,11112.000000,1963.000000,2159.000000
0.000000,0.000000,0.000000,0.000000,10557.000000,1963.000000,785.000000
200.000000,200.000000,0.000000,0.000000,9680.000000,1767.000000,-981.000000
-200.000000,-100.000000,0.000000,0.000000,8596.000000,1178.000000,-1963.000000
200.000000,0.000000,0.000000,0.000000,7822.000000,981.000000,-1570.000000
200.000000,300.000000,0.000000,0.000000,7049.000000,-196.000000,-1767.000000
0.000000,100.000000,0.000000,0.000000,6215.000000,-1570.000000,-1178.000000
200.000000,-100.000000,0.000000,0.000000,4985.000000,-2159.000000,-1178.000000
300.000000,100.000000,0.000000,0.000000,3396.000000,-2356.000000,-1178.000000
200.000000,300.000000,0.000000,0.000000,2299.000000,-1963.000000,-785.000000
200.000000,100.000000,0.000000,0.000000,1342.000000,-1767.000000,-785.000000
0.000000,-100.000000,0.000000,0.000000,-94.000000,-1570.000000,-981.000000
0.000000,300.000000,0.000000,0.000000,-1565.000000,-1374.000000,-1767.000000
0.000000,100.000000,0.000000,0.000000,-2683.000000,-1570.000000,-2552.000000
-100.000000,100.000000,0.000000,0.000000,-3894.000000,-1178.000000,-2748.000000
100.000000,200.000000,0.000000,0.000000,-5423.000000,-1178.000000,-2356.000000
100.000000,0.000000,0.000000,0.000000,-6773.000000,-785.000000,-2552.000000
200.000000,100.000000,0.000000,0.000000,-7795.000000,-785.000000,-2159.000000
-100.000000,0.000000,0.000000,0.000000,-8935.000000,-589.000000,-1767.000000
100.000000,100.000000,0.000000,0.000000,-10286.000000,-589.000000,-1570.000000
400.000000,0.000000,0.000000,0.000000,-11385.000000,-589.000000,-1570.000000
400.000000,200.000000,0.000000,0.000000,-12236.000000,-785.000000,-1178.000000
200.000000,200.000000,0.000000,0.000000,-13297.000000,-785.000000,-981.000000
100.000000,0.000000,0.000000,0.000000,-14293.000000,-589.000000,-785.000000
-100.000000,0.000000,0.000000,0.000000,-14887.000000,-196.000000,-589.000000
-100.000000,-100.000000,0.000000,0.000000,-15456.000000,-196.000000,-196.000000
200.000000,0.000000,0.000000,0.000000,-16150.000000,-196.000000,-196.000000
0.000000,-200.000000,0.000000,0.000000,-16629.000000,0.000000,0.000000
0.000000,0.000000,0.000000,0.000000,-16921.000000,196.000000,196.000000
-100.000000,-100.000000,0.000000,0.000000,-17229.000000,0.000000,589.000000
0.000000,-100.000000,0.000000,0.000000,-17512.000000,196.000000,785.000000
-100.000000,0.000000,0.000000,0.000000,-17635.000000,589.000000,1570.000000
100.000000,-100.000000,0.000000,0.000000,-17839.000000,2159.000000,1963.000000
-200.000000,100.000000,0.000000,0.000000,-17883.000000,3730.000000,1767.000000
0.000000,0.000000,0.000000,0.000000,-17760.000000,4319.000000,1963.000000
0.000000,-100.000000,0.000000,0.000000,-17458.000000,4123.000000,1963.000000
-100.000000,-200.000000,0.000000,0.000000,-17011.000000,3926.000000,2356.000000
-100.000000,200.000000,0.000000,0.000000,-16535.000000,3730.000000,2748.000000
200.000000,0.000000,0.000000,0.000000,-16091.000000,3534.000000,3337.000000
-300.000000,0.000000,0.000000,0.000000,-15445.000000,3337.000000,3337.000000
100.000000,-100.000000,0.000000,0.000000,-14723.000000,3141.000000,3337.000000
-200.000000,200.000000,0.000000,0.000000,-13920.000000,3141.000000,3337.000000
-200.000000,100.000000,0.000000,0.000000,-13134.000000,4123.000000,3337.000000
0.000000,100.000000,0.000000,0.000000,-12147.000000,5301.000000,3337.000000
-200.000000,-100.000000,0.000000,0.000000,-11112.000000,5497.000000,3730.000000
100.000000,0.000000,0.000000,0.000000,-10107.000000,5694.000000,4123.000000
-200.000000,0.000000,0.000000,0.000000,-8934.000000,5301.000000,4319.000000
-200.000000,-100.000000,0.000000,0.000000,-7702.000000,5301.000000,4319.000000
-200.000000,-100.000000,0.000000,0.000000,-6618.000000,4908.000000,4319.000000
0.000000,0.000000,0.000000,0.000000,-5655.000000,4712.000000,4319.000000
-400.000000,-100.000000,0.000000,0.000000,-4410.000000,4516.000000,4123.000000
0.000000,300.000000,0.000000,0.000000,-3195.000000,4319.000000,3926.000000
0.000000,0.000000,0.000000,0.000000,-2196.000000,4319.000000,3926.000000
-300.000000,-100.000000,0.000000,0.000000,-1251.000000,4319.000000,3730.000000
-100.000000,0.000000,0.000000,0.000000,-214.000000,4516.000000,3534.000000
0.000000,-100.000000,0.000000,0.000000,773.000000,4712.000000,3730.000000
-100.000000,-200.000000,0.000000,0.000000,1576.000000,4908.000000,3534.000000
0.000000,0.000000,0.000000,0.000000,2407.000000,4319.000000,3926.000000
100.000000,0.000000,0.000000,0.000000,3260.000000,4908.000000,3730.000000
-100.000000,-100.000000,0.000000,0.000000,4099.000000,4123.000000,3534.000000
0.000000,0.000000,0.000000,0.000000,4738.000000,4123.000000,3337.000000
-100.000000,-100.000000,0.000000,0.000000,5255.000000,3926.000000,3337.000000
-100.000000,0.000000,0.000000,0.000000,5807.000000,3534.000000,2945.000000
-100.000000,0.000000,0.000000,0.000000,6351.000000,3141.000000,2748.000000
-100.000000,0.000000,0.000000,0.000000,6645.000000,3141.000000,2552.000000
-200.000000,200.000000,0.000000,0.000000,6916.000000,2945.000000,2159.000000
0.000000,-100.000000,0.000000,0.000000,7150.000000,2748.000000,1963.000000
0.000000,400.000000,0.000000,0.000000,7251.000000,2356.000000,1767.000000
-100.000000,0.000000,0.000000,0.000000,7198.000000,1963.000000,1570.000000
-100.000000,0.000000,0.000000,0.000000,7176.000000,1178.000000,1178.000000
-200.000000,-100.000000,0.000000,0.000000,7172.000000,196.000000,785.000000
-100.000000,300.000000,0.000000,0.000000,6762.000000,0.000000,589.000000
0.000000,-200.000000,0.000000,0.000000,6199.000000,0.000000,-196.000000
0.000000,200.000000,0.000000,0.000000,5911.000000,0.000000,-196.000000
200.000000,-100.000000,0.000000,0.000000,5560.000000,0.000000,-392.000000
0.000000,0.000000,0.000000,0.000000,4850.000000,0.000000,-196.000000
300.000000,-100.000000,0.000000,0.000000,4103.000000,-196.000000,-392.000000
-500.000000,100.000000,0.000000,0.000000,3528.000000,-196.000000,-785.000000
500.000000,0.000000,0.000000,0.000000,2904.000000,-589.000000,-981.000000
-300.000000,100.000000,0.000000,0.000000,2093.000000,-1178.000000,-1178.000000
100.000000,200.000000,0.000000,0.000000,1211.000000,-1374.000000,-1374.000000
-100.000000,100.000000,0.000000,0.000000,320.000000,-1374.000000,-1178.000000
0.000000,200.000000,0.000000,0.000000,-540.000000,-1178.000000,-981.000000
100.000000,0.000000,0.000000,0.000000,-1440.000000,-1178.000000,-1178.000000
-100.000000,0.000000,0.000000,0.000000,-2396.000000,-981.000000,-1178.000000
100.000000,0.000000,0.000000,0.000000,-3331.000000,-981.000000,-1374.000000
-200.000000,0.000000,0.000000,0.000000,-4267.000000,-981.000000,-1570.000000
100.000000,0.000000,0.000000,0.000000,-5174.000000,-981.000000,-1178.000000
0.000000,100.000000,0.000000,0.000000,-6078.000000,-1178.000000,-1374.000000
300.000000,0.000000,0.000000,0.000000,-6949.000000,-1178.000000,-981.000000
200.000000,100.000000,0.000000,0.000000,-7831.000000,-981.000000,-981.000000
0.000000,-300.000000,0.000000,0.000000,-8750.000000,-981.000000,-785.000000
1000.000000,300.000000,0.000000,0.000000,-9617.000000,-981.000000,-785.000000
200.000000,100.000000,0.000000,0.000000,-10304.000000,-589.000000,-392.000000
300.000000,0.000000,0.000000,0.000000,-10981.000000,-589.000000,-392.000000
200.000000,0.000000,0.000000,0.000000,-11631.000000,-392.000000,-392.000000
100.000000,200.000000,0.000000,0.000000,-12138.000000,0.000000,0.000000
-200.000000,300.000000,0.000000,0.000000,-12553.000000,-196.000000,196.000000
-100.000000,0.000000,0.000000,0.000000,-12971.000000,196.000000,196.000000
0.000000,100.000000,0.000000,0.000000,-13296.000000,0.000000,0.000000
-100.000000,0.000000,0.000000,0.000000,-13539.000000,0.000000,0.000000
0.000000,-200.000000,0.000000,0.000000,-13724.000000,0.000000,0.000000
-100.000000,100.000000,0.000000,0.000000,-13826.000000,0.000000,0.000000
-200.000000,-100.000000,0.000000,0.000000,-13806.000000,0.000000,589.000000
-100.000000,-100.000000,0.000000,0.000000,-13729.000000,196.000000,1570.000000
-300.000000,0.000000,0.000000,0.000000,-13684.000000,0.000000,2552.000000
-100.000000,0.000000,0.000000,0.000000,-13569.000000,981.000000,2748.000000
-200.000000,-100.000000,0.000000,0.000000,-13221.000000,2159.000000,2552.000000
0.000000,200.000000,0.000000,0.000000,-12917.000000,3337.000000,2356.000000
0.000000,-100.000000,0.000000,0.000000,-12609.000000,3337.000000,2159.000000
0.000000,0.000000,0.000000,0.000000,-12296.000000,3141.000000,2159.000000
-100.000000,0.000000,0.000000,0.000000,-11773.000000,2945.000000,2159.000000
0.000000,400.000000,0.000000,0.000000,-11306.000000,2748.000000,2552.000000
-200.000000,0.000000,0.000000,0.000000,-10818.000000,2552.000000,3141.000000
0.000000,0.000000,0.000000,0.000000,-10136.000000,2356.000000,3337.000000
-300.000000,100.000000,0.000000,0.000000,-9407.000000,2159.000000,3141.000000
-100.000000,0.000000,0.000000,0.000000,-8716.000000,2159.000000,3141.000000
-300.000000,100.000000,0.000000,0.000000,-8046.000000,1963.000000,2945.000000
0.000000,0.000000,0.000000,0.000000,-7269.000000,2159.000000,2945.000000
0.000000,200.000000,0.000000,0.000000,-6449.000000,2552.000000,2945.000000
0.000000,-100.000000,0.000000,0.000000,-5654.000000,3534.000000,2945.000000
0.000000,100.000000,0.000000,0.000000,-4864.000000,3926.000000,3337.000000
-100.000000,100.000000,0.000000,0.000000,-4030.000000,3730.000000,3534.000000
-100.000000,0.000000,0.000000,0.000000,-3106.000000,3730.000000,3730.000000
-100.000000,100.000000,0.000000,0.000000,-2297.000000,3141.000000,3337.000000
0.000000,-100.000000,0.000000,0.000000,-1750.000000,3337.000000,3337.000000
0.000000,0.000000,0.000000,0.000000,-1126.000000,3141.000000,2945.000000
-100.000000,100.000000,0.000000,0.000000,-357.000000,2748.000000,2748.000000
0.000000,-100.000000,0.000000,0.000000,319.000000,2748.000000,2552.000000
100.000000,0.000000,0.000000,0.000000,844.000000,2356.000000,2356.000000
-100.000000,0.000000,0.000000,0.000000,1429.000000,2356.000000,2159.000000
0.000000,100.000000,0.000000,0.000000,2072.000000,1963.000000,1963.000000
-200.000000,100.000000,0.000000,0.000000,2510.000000,1963.000000,1570.000000
100.000000,100.000000,0.000000,0.000000,2820.000000,1570.000000,1767.000000
-100.000000,0.000000,0.000000,0.000000,3174.000000,1570.000000,1374.000000
-200.000000,0.000000,0.000000,0.000000,3506.000000,1178.000000,1570.000000
0.000000,0.000000,0.000000,0.000000,3717.000000,1178.000000,1178.000000
-100.000000,0.000000,0.000000,0.000000,3830.000000,981.000000,1178.000000
0.000000,200.000000,0.000000,0.000000,3947.000000,785.000000,1178.000000
0.000000,200.000000,0.000000,0.000000,3984.000000,589.000000,785.000000
-100.000000,0.000000,0.000000,0.000000,3897.000000,392.000000,785.000000
100.000000,0.000000,0.000000,0.000000,3778.000000,392.000000,785.000000
-100.000000,-100.000000,0.000000,0.000000,3640.000000,0.000000,392.000000
0.000000,0.000000,0.000000,0.000000,3407.000000,196.000000,392.000000
0.000000,-200.000000,0.000000,0.000000,3055.000000,0.000000,196.000000
-100.000000,100.000000,0.000000,0.000000,2696.000000,0.000000,0.000000
-300.000000,200.000000,0.000000,0.000000,2346.000000,-196.000000,-196.000000
-200.000000,-100.000000,0.000000,0.000000,1877.000000,0.000000,-196.000000
-200.000000,200.000000,0.000000,0.000000,1354.000000,-196.000000,0.000000
-200.000000,100.000000,0.000000,0.000000,898.000000,-589.000000,0.000000
0.000000,0.000000,0.000000,0.000000,466.000000,-1178.000000,0.000000
300.000000,200.000000,0.000000,0.000000,-234.000000,-1570.000000,-589.000000
200.000000,400.000000,0.000000,0.000000,-1020.000000,-1374.000000,-981.000000
100.000000,-100.000000,0.000000,0.000000,-1560.000000,-1178.000000,-1374.000000
-100.000000,100.000000,0.000000,0.000000,-2044.000000,-1178.000000,-1374.000000
200.000000,200.000000,0.000000,0.000000,-2738.000000,-981.000000,-1178.000000
200.000000,100.000000,0.000000,0.000000,-3481.000000,-785.000000,-981.000000
300.000000,-100.000000,0.000000,0.000000,-4072.000000,-785.000000,-981.000000
100.000000,0.000000,0.000000,0.000000,-4628.000000,-589.000000,-785.000000
100.000000,-100.000000,0.000000,0.000000,-5308.000000,-589.000000,-589.000000
0.000000,200.000000,0.000000,0.000000,-5918.000000,-981.000000,-392.000000
0.000000,-200.000000,0.000000,0.000000,-6425.000000,-981.000000,-589.000000
100.000000,200.000000,0.000000,0.000000,-7026.000000,-785.000000,-589.000000
0.000000,0.000000,0.000000,0.000000,-7613.000000,-785.000000,-589.000000
0.000000,0.000000,0.000000,0.000000,-8110.000000,-589.000000,-589.000000
0.000000,0.000000,0.000000,0.000000,-8577.000000,-392.000000,-589.000000
0.000000,200.000000,0.000000,0.000000,-9085.000000,-196.000000,-196.000000
300.000000,0.000000,0.000000,0.000000,-9465.000000,-196.000000,-196.000000
200.000000,200.000000,0.000000,0.000000,-9780.000000,0.000000,0.000000
-100.000000,200.000000,0.000000,0.000000,-10015.000000,196.000000,196.000000
100.000000,0.000000,0.000000,0.000000,-10184.000000,196.000000,196.000000
0.000000,-100.000000,0.000000,0.000000,-10318.000000,0.000000,0.000000
-100.000000,0.000000,0.000000,0.000000,-10425.000000,0.000000,0.000000
-200.000000,-100.000000,0.000000,0.000000,-10475.000000,0.000000,0.000000
-100.000000,0.000000,0.000000,0.000000,-10454.000000,0.000000,0.000000
0.000000,-200.000000,0.000000,0.000000,-10429.000000,0.000000,589.000000
-100.000000,0.000000,78.000000,78.000000,-10376.000000,392.000000,1374.000000
-300.000000,-100.000000,0.000000,0.000000,-10349.000000,1178.000000,1767.000000
-100.000000,0.000000,0.000000,0.000000,-10142.000000,2159.000000,1963.000000
0.000000,0.000000,0.000000,0.000000,-9972.000000,2552.000000,1963.000000
-100.000000,0.000000,0.000000,0.000000,-9849.000000,2356.000000,1767.000000
-100.000000,200.000000,0.000000,0.000000,-9382.000000,2159.000000,1767.000000
-200.000000,-200.000000,0.000000,0.000000,-8946.000000,2159.000000,1374.000000
-100.000000,-100.000000,0.000000,0.000000,-8665.000000,1767.000000,1570.000000
0.000000,100.000000,78.000000,78.000000,-8212.000000,1963.000000,1570.000000
0.000000,0.000000,0.000000,0.000000,-7623.000000,1570.000000,1963.000000
-100.000000,0.000000,0.000000,0.000000,-7149.000000,1570.000000,2356.000000
0.000000,300.000000,0.000000,0.000000,-6749.000000,1963.000000,2356.000000
0.000000,0.000000,0.000000,0.000000,-6222.000000,2159.000000,2356.000000
100.000000,0.000000,0.000000,0.000000,-5604.000000,2552.000000,2356.000000
-100.000000,0.000000,0.000000,0.000000,-5113.000000,2748.000000,2159.000000
-100.000000,-100.000000,0.000000,0.000000,-4592.000000,2356.000000,1963.000000
0.000000,0.000000,0.000000,0.000000,-3976.000000,2356.000000,1963.000000
0.000000,0.000000,0.000000,0.000000,-3438.000000,2159.000000,1963.000000
0.000000,0.000000,0.000000,0.000000,-2963.000000,2159.000000,2159.000000
100.000000,200.000000,0.000000,0.000000,-2458.000000,2159.000000,2356.000000
0.000000,0.000000,0.000000,0.000000,-1916.000000,1963.000000,1963.000000
0.000000,100.000000,0.000000,0.000000,-1491.000000,1767.000000,1963.000000
-100.000000,0.000000,0.000000,0.000000,-1105.000000,1963.000000,1963.000000
100.000000,0.000000,0.000000,0.000000,-666.000000,1963.000000,1570.000000
100.000000,0.000000,0.000000,0.000000,-245.000000,1767.000000,1570.000000
0.000000,200.000000,0.000000,0.000000,114.000000,1767.000000,1374.000000
0.000000,-100.000000,0.000000,0.000000,424.000000,1767.000000,1178.000000
-200.000000,-100.000000,0.000000,0.000000,737.000000,1570.000000,1178.000000
-100.000000,-100.000000,0.000000,0.000000,1031.000000,1374.000000,981.000000
0.000000,-200.000000,0.000000,0.000000,1244.000000,1178.000000,981.000000
-100.000000,0.000000,0.000000,0.000000,1379.000000,1178.000000,785.000000
0.000000,0.000000,0.000000,0.000000,1501.000000,981.000000,785.000000
-100.000000,-100.000000,0.000000,0.000000,1598.000000,981.000000,589.000000
0.000000,0.000000,0.000000,0.000000,1585.000000,589.000000,589.000000
-100.000000,0.000000,0.000000,0.000000,1520.000000,589.000000,392.000000
200.000000,0.000000,0.000000,0.000000,1484.000000,589.000000,392.000000
-100.000000,0.000000,0.000000,0.000000,1395.000000,196.000000,392.000000
400.000000,0.000000,0.000000,0.000000,1219.000000,196.000000,196.000000
-100.000000,0.000000,0.000000,0.000000,996.000000,196.000000,196.000000
-200.000000,0.000000,0.000000,0.000000,796.000000,0.000000,0.000000
200.000000,200.000000,0.000000,0.000000,536.000000,-196.000000,0.000000
0.000000,-100.000000,0.000000,0.000000,189.000000,0.000000,0.000000
-200.000000,0.000000,0.000000,0.000000,-172.000000,0.000000,0.000000
0.000000,0.000000,0.000000,0.000000,-525.000000,0.000000,0.000000
0.000000,-100.000000,0.000000,0.000000,-948.000000,0.000000,0.000000
-100.000000,-200.000000,0.000000,0.000000,-1443.000000,-196.000000,0.000000
-200.000000,100.000000,0.000000,0.000000,-1874.000000,0.000000,-196.000000
-200.000000,0.000000,0.000000,0.000000,-2312.000000,-196.000000,0.000000
0.000000,-100.000000,0.000000,0.000000,-2815.000000,0.000000,0.000000
100.000000,100.000000,0.000000,0.000000,-3262.000000,-392.000000,0.000000
200.000000,-200.000000,0.000000,0.000000,-3589.000000,-589.000000,0.000000
0.000000,200.000000,0.000000,0.000000,-3989.000000,-1178.000000,-589.000000
0.000000,-200.000000,0.000000,0.000000,-4557.000000,-981.000000,-589.000000
100.000000,0.000000,78.000000,78.000000,-4984.000000,-589.000000,-785.000000
0.000000,200.000000,0.000000,0.000000,-5282.000000,-785.000000,-589.000000
100.000000,100.000000,0.000000,0.000000,-5695.000000,-589.000000,-392.000000
0.000000,0.000000,0.000000,0.000000,-6103.000000,-392.000000,-196.000000
0.000000,0.000000,0.000000,0.000000,-6392.000000,-196.000000,-392.000000
300.000000,0.000000,0.000000,0.000000,-6641.000000,-196.000000,0.000000
400.000000,0.000000,0.000000,0.000000,-6951.000000,-196.000000,0.000000
0.000000,100.000000,0.000000,0.000000,-7231.000000,0.000000,0.000000
0.000000,100.000000,0.000000,0.000000,-7386.000000,0.000000,196.000000
200.000000,-100.000000,0.000000,0.000000,-7551.000000,0.000000,0.000000
0.000000,100.000000,0.000000,0.000000,-7736.000000,196.000000,196.000000
-100.000000,0.000000,0.000000,0.000000,-7891.000000,196.000000,0.000000
-100.000000,0.000000,0.000000,0.000000,-7938.000000,0.000000,0.000000
0.000000,-200.000000,0.000000,0.000000,-7959.000000,0.000000,196.000000
-100.000000,0.000000,0.000000,0.000000,-7977.000000,0.000000,0.000000
0.000000,0.000000,0.000000,0.000000,-7966.000000,0.000000,0.000000
-200.000000,-100.000000,0.000000,0.000000,-7887.000000,0.000000,0.000000
200.000000,-100.000000,0.000000,0.000000,-7755.000000,0.000000,196.000000
0.000000,300.000000,0.000000,0.000000,-7620.000000,0.000000,392.000000
0.000000,0.000000,0.000000,0.000000,-7509.000000,392.000000,785.000000
0.000000,0.000000,0.000000,0.000000,-7382.000000,785.000000,1178.000000
0.000000,400.000000,0.000000,0.000000,-7173.000000,1570.000000,1374.000000
200.000000,0.000000,0.000000,0.000000,-6968.000000,1767.000000,1374.000000
0.000000,0.000000,0.000000,0.000000,-6746.000000,1570.000000,1178.000000
-100.000000,-300.000000,78.000000,78.000000,-6495.000000,1570.000000,1178.000000
0.000000,-100.000000,0.000000,0.000000,-6149.000000,1374.000000,785.000000
0.000000,100.000000,0.000000,0.000000,-5912.000000,1178.000000,981.000000
-100.000000,0.000000,0.000000,0.000000,-5675.000000,1178.000000,785.000000
100.000000,0.000000,0.000000,0.000000,-5262.000000,981.000000,981.000000
100.000000,0.000000,0.000000,0.000000,-4891.000000,981.000000,1178.000000
-100.000000,0.000000,0.000000,0.000000,-4682.000000,1178.000000,1374.000000
-200.000000,200.000000,0.000000,0.000000,-4353.000000,1178.000000,1374.000000
0.000000,0.000000,0.000000,0.000000,-3949.000000,1767.000000,1178.000000
0.000000,-100.000000,0.000000,0.000000,-3635.000000,1570.000000,1178.000000
-200.000000,300.000000,0.000000,0.000000,-3380.000000,1570.000000,1178.000000
-200.000000,0.000000,0.000000,0.000000,-3051.000000,1570.000000,981.000000
-200.000000,-100.000000,78.000000,78.000000,-2672.000000,1374.000000,981.000000
-100.000000,0.000000,0.000000,0.000000,-2432.000000,1178.000000,981.000000
-100.000000,0.000000,0.000000,0.000000,-2217.000000,981.000000,785.000000
0.000000,0.000000,0.000000,0.000000,-1931.000000,1178.000000,981.000000
100.000000,100.000000,156.000000,156.000000,-1660.000000,785.000000,785.000000
100.000000,0.000000,0.000000,0.000000,-1495.000000,785.000000,785.000000
0.000000,0.000000,0.000000,0.000000,-1319.000000,785.000000,589.000000
-100.000000,0.000000,0.000000,0.000000,-1102.000000,589.000000,785.000000
0.000000,100.000000,0.000000,0.000000,-953.000000,589.000000,392.000000
-100.000000,-200.000000,0.000000,0.000000,-883.000000,392.000000,589.000000
200.000000,0.000000,0.000000,0.000000,-816.000000,589.000000,196.000000
0.000000,0.000000,0.000000,0.000000,-736.000000,196.000000,392.000000
-200.000000,200.000000,0.000000,0.000000,-687.000000,392.000000,196.000000
0.000000,-200.000000,0.000000,0.000000,-742.000000,392.000000,196.000000
-300.000000,0.000000,0.000000,0.000000,-800.000000,196.000000,196.000000
-300.000000,-300.000000,0.000000,0.000000,-816.000000,196.000000,0.000000
-200.000000,-100.000000,0.000000,0.000000,-890.000000,0.000000,0.000000
0.000000,-400.000000,0.000000,0.000000,-1042.000000,-196.000000,0.000000
0.000000,-100.000000,0.000000,0.000000,-1174.000000,0.000000,0.000000
-100.000000,-400.000000,0.000000,0.000000,-1277.000000,0.000000,0.000000
0.000000,0.000000,0.000000,0.000000,-1459.000000,0.000000,0.000000
-100.000000,0.000000,0.000000,0.000000,-1700.000000,0.000000,0.000000
0.000000,-200.000000,0.000000,0.000000,-1899.000000,0.000000,0.000000
-200.000000,0.000000,0.000000,0.000000,-2097.000000,0.000000,0.000000
-200.000000,200.000000,0.000000,0.000000,-2377.000000,0.000000,0.000000
-200.000000,-100.000000,0.000000,0.000000,-2665.000000,0.000000,-196.000000
0.000000,-100.000000,0.000000,0.000000,-2905.000000,0.000000,-196.000000
-200.000000,0.000000,0.000000,0.000000,-3148.000000,0.000000,0.000000
-200.000000,0.000000,0.000000,0.000000,-3478.000000,-196.000000,0.000000
-100.000000,0.000000,0.000000,0.000000,-3776.000000,-196.000000,-196.000000
100.000000,0.000000,0.000000,0.000000,-4039.000000,0.000000,-392.000000
-100.000000,-200.000000,0.000000,0.000000,-4301.000000,0.000000,-785.000000
-100.000000,100.000000,0.000000,0.000000,-4582.000000,-196.000000,-785.000000
0.000000,100.000000,0.000000,0.000000,-4784.000000,-196.000000,-785.000000
0.000000,0.000000,0.000000,0.000000,-4980.000000,-392.000000,-589.000000
-100.000000,100.000000,0.000000,0.000000,-5192.000000,-589.000000,-392.000000
-200.000000,0.000000,0.000000,0.000000,-5421.000000,-589.000000,-392.000000
-100.000000,0.000000,0.000000,0.000000,-5634.000000,-392.000000,-196.000000
-100.000000,0.000000,0.000000,0.000000,-5791.000000,-392.000000,0.000000
100.000000,0.000000,0.000000,0.000000,-5928.000000,-392.000000,0.000000
0.000000,300.000000,0.000000,0.000000,-6042.000000,0.000000,0.000000
-200.000000,-200.000000,0.000000,0.000000,-6124.000000,0.000000,0.000000
-200.000000,-200.000000,0.000000,0.000000,-6192.000000,0.000000,0.000000
-200.000000,-100.000000,0.000000,0.000000,-6269.000000,0.000000,0.000000
-100.000000,-100.000000,0.000000,0.000000,-6302.000000,0.000000,0.000000
0.000000,0.000000,0.000000,0.000000,-6308.000000,0.000000,0.000000
-100.000000,0.000000,0.000000,0.000000,-6274.000000,0.000000,0.000000
-300.000000,-100.000000,0.000000,0.000000,-6233.000000,0.000000,0.000000
0.000000,-300.000000,0.000000,0.000000,-6161.000000,0.000000,0.000000
0.000000,0.000000,0.000000,0.000000,-6043.000000,0.000000,196.000000
100.000000,0.000000,0.000000,0.000000,-5921.000000,0.000000,196.000000
-100.000000,-200.000000,0.000000,0.000000,-5821.000000,196.000000,0.000000
0.000000,100.000000,0.000000,0.000000,-5669.000000,196.000000,0.000000
-100.000000,0.000000,0.000000,0.000000,-5488.000000,0.000000,0.000000
0.000000,200.000000,0.000000,0.000000,-5310.000000,0.000000,0.000000
-100.000000,100.000000,0.000000,0.000000,-5132.000000,0.000000,0.000000
0.000000,100.000000,0.000000,0.000000,-4942.000000,0.000000,0.000000
300.000000,100.000000,0.000000,0.000000,-4717.000000,0.000000,196.000000
0.000000,-100.000000,0.000000,0.000000,-4495.000000,0.000000,196.000000
100.000000,0.000000,0.000000,0.000000,-4276.000000,0.000000,392.000000
0.000000,0.000000,0.000000,0.000000,-4066.000000,0.000000,785.000000
-200.000000,-100.000000,0.000000,0.000000,-3852.000000,196.000000,589.000000
0.000000,-200.000000,0.000000,0.000000,-3660.000000,392.000000,785.000000
100.000000,0.000000,0.000000,0.000000,-3464.000000,589.000000,589.000000
-200.000000,100.000000,0.000000,0.000000,-3284.000000,589.000000,392.000000
-100.000000,0.000000,0.000000,0.000000,-3106.000000,589.000000,392.000000
300.000000,100.000000,0.000000,0.000000,-2930.000000,785.000000,392.000000
-300.000000,-400.000000,0.000000,0.000000,-2779.000000,392.000000,196.000000
100.000000,0.000000,0.000000,0.000000,-2627.000000,392.000000,0.000000
-100.000000,0.000000,0.000000,0.000000,-2484.000000,196.000000,0.000000
0.000000,-100.000000,0.000000,0.000000,-2381.000000,392.000000,0.000000
-200.000000,-200.000000,0.000000,0.000000,-2282.000000,0.000000,0.000000
-300.000000,0.000000,0.000000,0.000000,-2200.000000,196.000000,196.000000
-200.000000,0.000000,0.000000,0.000000,-2126.000000,0.000000,0.000000
-200.000000,-200.000000,0.000000,0.000000,-2074.000000,0.000000,0.000000
-300.000000,-100.000000,0.000000,0.000000,-2051.000000,0.000000,0.000000
-200.000000,100.000000,0.000000,0.000000,-2049.000000,0.000000,-196.000000
-200.000000,-100.000000,0.000000,0.000000,-2065.000000,0.000000,0.000000
-100.000000,100.000000,0.000000,0.000000,-2086.000000,0.000000,0.000000
-300.000000,-100.000000,0.000000,0.000000,-2140.000000,0.000000,0.000000
-300.000000,0.000000,156.000000,156.000000,-2206.000000,0.000000,0.000000
0.000000,0.000000,0.000000,0.000000,-2263.000000,0.000000,0.000000
-300.000000,100.000000,156.000000,156.000000,-2344.000000,0.000000,0.000000
0.000000,200.000000,0.000000,0.000000,-2437.000000,0.000000,0.000000
300.000000,-100.000000,0.000000,0.000000,-2547.000000,0.000000,0.000000
0.000000,-200.000000,0.000000,0.000000,-2667.000000,0.000000,0.000000
-100.000000,0.000000,0.000000,0.000000,-2792.000000,0.000000,0.000000
0.000000,0.000000,0.000000,0.000000,-2938.000000,0.000000,-196.000000
-200.000000,-300.000000,0.000000,0.000000,-3088.000000,0.000000,0.000000
100.000000,0.000000,0.000000,0.000000,-3256.000000,-196.000000,0.000000
-100.000000,-300.000000,0.000000,0.000000,-3418.000000,-196.000000,-196.000000
0.000000,0.000000,156.000000,156.000000,-3568.000000,0.000000,-196.000000
100.000000,-200.000000,0.000000,0.000000,-3716.000000,0.000000,-196.000000
800.000000,0.000000,0.000000,0.000000,-3878.000000,-196.000000,-589.000000
200.000000,300.000000,0.000000,0.000000,-4011.000000,0.000000,-589.000000
400.000000,100.000000,0.000000,0.000000,-4109.000000,-392.000000,-589.000000
200.000000,0.000000,0.000000,0.000000,-4183.000000,-392.000000,-392.000000
100.000000,0.000000,0.000000,0.000000,-4309.000000,-785.000000,-392.000000
100.000000,200.000000,0.000000,0.000000,-4461.000000,-589.000000,-196.000000
100.000000,200.000000,0.000000,0.000000,-4551.000000,-392.000000,-196.000000
300.000000,0.000000,0.000000,0.000000,-4591.000000,-196.000000,0.000000
-300.000000,100.000000,0.000000,0.000000,-4645.000000,-392.000000,0.000000
100.000000,100.000000,0.000000,0.000000,-4734.000000,0.000000,-196.000000
200.000000,100.000000,0.000000,0.000000,-4784.000000,-196.000000,-196.000000
0.000000,300.000000,0.000000,0.000000,-4769.000000,-196.000000,-196.000000
300.000000,200.000000,0.000000,0.000000,-4782.000000,0.000000,-196.000000
0.000000,0.000000,0.000000,0.000000,-4788.000000,0.000000,0.000000
-300.000000,-100.000000,0.000000,0.000000,-4765.000000,-196.000000,0.000000
-100.000000,0.000000,0.000000,0.000000,-4729.000000,0.000000,0.000000
-200.000000,0.000000,0.000000,0.000000,-4700.000000,0.000000,0.000000
-200.000000,-200.000000,0.000000,0.000000,-4650.000000,0.000000,0.000000
-100.000000,0.000000,0.000000,0.000000,-4590.000000,196.000000,0.000000
0.000000,0.000000,0.000000,0.000000,-4537.000000,0.000000,0.000000
0.000000,-100.000000,78.000000,78.000000,-4463.000000,0.000000,0.000000
0.000000,0.000000,0.000000,0.000000,-4380.000000,0.000000,0.000000
0.000000,-300.000000,0.000000,0.000000,-4294.000000,0.000000,0.000000
-200.000000,-100.000000,0.000000,0.000000,-4199.000000,0.000000,0.000000
300.000000,-300.000000,0.000000,0.000000,-4110.000000,0.000000,196.000000
0.000000,0.000000,0.000000,0.000000,-4030.000000,0.000000,0.000000
-200.000000,-100.000000,0.000000,0.000000,-3925.000000,0.000000,0.000000
-200.000000,-300.000000,0.000000,0.000000,-3831.000000,0.000000,0.000000
-100.000000,-200.000000,0.000000,0.000000,-3741.000000,196.000000,0.000000
0.000000,0.000000,0.000000,0.000000,-3647.000000,0.000000,0.000000
100.000000,-100.000000,0.000000,0.000000,-3531.000000,196.000000,0.000000
-400.000000,-100.000000,0.000000,0.000000,-3425.000000,0.000000,0.000000
0.000000,-200.000000,0.000000,0.000000,-3337.000000,0.000000,0.000000
0.000000,-300.000000,0.000000,0.000000,-3239.000000,0.000000,0.000000
-100.000000,0.000000,0.000000,0.000000,-3149.000000,0.000000,0.000000
-200.000000,-200.000000,0.000000,0.000000,-3084.000000,0.000000,0.000000
0.000000,0.000000,0.000000,0.000000,-3019.000000,0.000000,0.000000
-200.000000,-200.000000,0.000000,0.000000,-2943.000000,0.000000,0.000000
0.000000,-100.000000,0.000000,0.000000,-2876.000000,0.000000,0.000000
100.000000,300.000000,0.000000,0.000000,-2833.000000,0.000000,0.000000
-100.000000,0.000000,0.000000,0.000000,-2800.000000,0.000000,0.000000
-300.000000,200.000000,0.000000,0.000000,-2778.000000,0.000000,0.000000
0.000000,100.000000,0.000000,0.000000,-2761.000000,0.000000,0.000000
200.000000,-100.000000,0.000000,0.000000,-2754.000000,0.000000,0.000000
0.000000,200.000000,0.000000,0.000000,-2742.000000,0.000000,0.000000
0.000000,-200.000000,0.000000,0.000000,-2749.000000,0.000000,0.000000
-100.000000,-200.000000,0.000000,0.000000,-2781.000000,0.000000,0.000000
-300.000000,-100.000000,0.000000,0.000000,-2796.000000,0.000000,0.000000
0.000000,-200.000000,0.000000,0.000000,-2820.000000,0.000000,0.000000
0.000000,-300.000000,0.000000,0.000000,-2858.000000,0.000000,0.000000
0.000000,0.000000,0.000000,0.000000,-2918.000000,0.000000,0.000000
-200.000000,-100.000000,0.000000,0.000000,-2967.000000,0.000000,0.000000
-300.000000,-100.000000,0.000000,0.000000,-3035.000000,0.000000,0.000000
0.000000,0.000000,0.000000,0.000000,-3101.000000,0.000000,0.000000
0.000000,-100.000000,0.000000,0.000000,-3180.000000,0.000000,-196.000000
-100.000000,0.000000,0.000000,0.000000,-3242.000000,0.000000,0.000000
-200.000000,-200.000000,0.000000,0.000000,-3321.000000,0.000000,0.000000
0.000000,-100.000000,0.000000,0.000000,-3402.000000,0.000000,0.000000
-300.000000,0.000000,0.000000,0.000000,-3489.000000,0.000000,0.000000
0.000000,-200.000000,0.000000,0.000000,-3573.000000,-196.000000,0.000000
200.000000,0.000000,0.000000,0.000000,-3644.000000,0.000000,0.000000
0.000000,0.000000,0.000000,0.000000,-3713.000000,-196.000000,0.000000
-200.000000,0.000000,0.000000,0.000000,-3790.000000,0.000000,-196.000000
-100.000000,-100.000000,0.000000,0.000000,-3863.000000,0.000000,0.000000
200.000000,-100.000000,0.000000,0.000000,-3939.000000,0.000000,-196.000000
0.000000,0.000000,0.000000,0.000000,-4007.000000,0.000000,-196.000000
0.000000,-100.000000,0.000000,0.000000,-4054.000000,0.000000,0.000000
200.000000,0.000000,0.000000,0.000000,-4086.000000,0.000000,-196.000000
-200.000000,-100.000000,0.000000,0.000000,-4123.000000,0.000000,196.000000
100.000000,-200.000000,0.000000,0.000000,-4141.000000,0.000000,0.000000
200.000000,0.000000,156.000000,156.000000,-4151.000000,0.000000,0.000000
0.000000,-200.000000,0.000000,0.000000,-4158.000000,-196.000000,0.000000
-200.000000,0.000000,0.000000,0.000000,-4164.000000,0.000000,0.000000
-200.000000,-100.000000,0.000000,0.000000,-4128.000000,0.000000,0.000000
-100.000000,100.000000,0.000000,0.000000,-4116.000000,0.000000,0.000000
-200.000000,100.000000,0.000000,0.000000,-4106.000000,0.000000,0.000000
0.000000,100.000000,0.000000,0.000000,-4077.000000,0.000000,0.000000
-100.000000,-200.000000,0.000000,0.000000,-4037.000000,0.000000,0.000000
0.000000,0.000000,0.000000,0.000000,-3999.000000,0.000000,0.000000
0.000000,100.000000,0.000000,0.000000,-3955.000000,0.000000,0.000000
-100.000000,100.000000,0.000000,0.000000,-3919.000000,196.000000,0.000000
-200.000000,0.000000,0.000000,0.000000,-3868.000000,0.000000,0.000000
-500.000000,-200.000000,0.000000,0.000000,-3822.000000,0.000000,0.000000
0.000000,-100.000000,0.000000,0.000000,-3775.000000,0.000000,0.000000
0.000000,-100.000000,0.000000,0.000000,-3724.000000,0.000000,196.000000
-200.000000,-300.000000,0.000000,0.000000,-3676.000000,0.000000,0.000000
0.000000,0.000000,0.000000,0.000000,-3620.000000,0.000000,0.000000
0.000000,0.000000,0.000000,0.000000,-3580.000000,0.000000,0.000000
100.000000,0.000000,0.000000,0.000000,-3533.000000,0.000000,0.000000
-200.000000,-100.000000,0.000000,0.000000,-3469.000000,196.000000,0.000000
0.000000,-100.000000,0.000000,0.000000,-3416.000000,0.000000,0.000000
-100.000000,-100.000000,0.000000,0.000000,-3373.000000,0.000000,0.000000
-100.000000,0.000000,0.000000,0.000000,-3347.000000,0.000000,0.000000
100.000000,-200.000000,0.000000,0.000000,-3297.000000,0.000000,0.000000
0.000000,0.000000,0.000000,0.000000,-3246.000000,0.000000,0.000000
0.000000,0.000000,0.000000,0.000000,-3215.000000,0.000000,0.000000
0.000000,-100.000000,0.000000,0.000000,-3190.000000,0.000000,0.000000
-300.000000,-100.000000,0.000000,0.000000,-3166.000000,0.000000,0.000000
0.000000,-200.000000,0.000000,0.000000,-3162.000000,0.000000,0.000000
0.000000,0.000000,0.000000,0.000000,-3152.000000,0.000000,0.000000
0.000000,-400.000000,0.000000,0.000000,-3139.000000,0.000000,0.000000
-200.000000,-400.000000,0.000000,0.000000,-3138.000000,0.000000,0.000000
-300.000000,0.000000,0.000000,0.000000,-3152.000000,0.000000,0.000000
-200.000000,0.000000,0.000000,0.000000,-3170.000000,0.000000,0.000000
-100.000000,0.000000,0.000000,0.000000,-3185.000000,0.000000,0.000000
-100.000000,0.000000,0.000000,0.000000,-3205.000000,0.000000,0.000000
0.000000,-200.000000,0.000000,0.000000,-3244.000000,0.000000,0.000000
-200.000000,-100.000000,0.000000,0.000000,-3282.000000,0.000000,0.000000
0.000000,-200.000000,0.000000,0.000000,-3306.000000,0.000000,0.000000
-100.000000,-300.000000,0.000000,0.000000,-3325.000000,0.000000,0.000000
0.000000,0.000000,0.000000,0.000000,-3364.000000,0.000000,0.000000
0.000000,-100.000000,0.000000,0.000000,-3406.000000,0.000000,0.000000
0.000000,0.000000,0.000000,0.000000,-3440.000000,0.000000,0.000000
0.000000,0.000000,78.000000,78.000000,-3481.000000,0.000000,0.000000
-100.000000,-200.000000,0.000000,0.000000,-3521.000000,0.000000,0.000000
-100.000000,0.000000,0.000000,0.000000,-3562.000000,0.000000,0.000000
0.000000,-100.000000,0.000000,0.000000,-3607.000000,0.000000,0.000000
-400.000000,-100.000000,0.000000,0.000000,-3659.000000,0.000000,0.000000
0.000000,-200.000000,0.000000,0.000000,-3713.000000,0.000000,0.000000
-100.000000,-200.000000,0.000000,0.000000,-3749.000000,0.000000,0.000000
-300.000000,-100.000000,0.000000,0.000000,-3803.000000,0.000000,0.000000
-200.000000,-100.000000,0.000000,0.000000,-3833.000000,0.000000,-196.000000
0.000000,-200.000000,0.000000,0.000000,-3861.000000,-196.000000,0.000000
-100.000000,-100.000000,0.000000,0.000000,-3886.000000,0.000000,0.000000
-100.000000,0.000000,0.000000,0.000000,-3924.000000,0.000000,0.000000
100.000000,-300.000000,0.000000,0.000000,-3954.000000,0.000000,0.000000
-300.000000,-200.000000,0.000000,0.000000,-3984.000000,0.000000,0.000000
0.000000,-300.000000,0.000000,0.000000,-3994.000000,0.000000,0.000000
-200.000000,0.000000,0.000000,0.000000,-4002.000000,0.000000,0.000000
-100.000000,0.000000,0.000000,0.000000,-4007.000000,0.000000,0.000000
-100.000000,-200.000000,0.000000,0.000000,-4016.000000,0.000000,0.000000
-300.000000,0.000000,0.000000,0.000000,-4020.000000,0.000000,0.000000
-100.000000,0.000000,0.000000,0.000000,-4033.000000,0.000000,0.000000
-100.000000,0.000000,0.000000,0.000000,-4030.000000,0.000000,0.000000
-100.000000,0.000000,0.000000,0.000000,-4014.000000,0.000000,0.000000
-100.000000,-200.000000,0.000000,0.000000,-4011.000000,0.000000,0.000000
-300.000000,-100.000000,0.000000,0.000000,-4005.000000,0.000000,0.000000
0.000000,-200.000000,0.000000,0.000000,-3994.000000,0.000000,0.000000
0.000000,-300.000000,0.000000,0.000000,-3970.000000,0.000000,0.000000
0.000000,0.000000,0.000000,0.000000,-3938.000000,0.000000,0.000000
-100.000000,-100.000000,0.000000,0.000000,-3910.000000,0.000000,0.000000
-100.000000,-100.000000,0.000000,0.000000,-3877.000000,0.000000,0.000000
200.000000,100.000000,78.000000,78.000000,-3849.000000,0.000000,0.000000
-200.000000,-100.000000,0.000000,0.000000,-3820.000000,0.000000,0.000000
-200.000000,0.000000,0.000000,0.000000,-3792.000000,0.000000,0.000000
-100.000000,-100.000000,0.000000,0.000000,-3760.000000,0.000000,0.000000
-100.000000,0.000000,0.000000,0.000000,-3726.000000,0.000000,0.000000
-300.000000,200.000000,0.000000,0.000000,-3699.000000,0.000000,0.000000
-100.000000,-200.000000,0.000000,0.000000,-3662.000000,0.000000,0.000000
0.000000,-100.000000,0.000000,0.000000,-3651.000000,0.000000,0.000000
-100.000000,0.000000,0.000000,0.000000,-3620.000000,0.000000,0.000000
0.000000,-100.000000,156.000000,156.000000,-3585.000000,0.000000,0.000000
0.000000,-400.000000,0.000000,0.000000,-3573.000000,0.000000,0.000000
0.000000,-100.000000,0.000000,0.000000,-3558.000000,196.000000,0.000000
-200.000000,-200.000000,0.000000,0.000000,-3541.000000,0.000000,0.000000
-100.000000,-100.000000,0.000000,0.000000,-3531.000000,0.000000,0.000000
0.000000,0.000000,0.000000,0.000000,-3514.000000,0.000000,0.000000
0.000000,-100.000000,0.000000,0.000000,-3484.000000,0.000000,0.000000
-100.000000,-200.000000,0.000000,0.000000,-3458.000000,0.000000,0.000000
-300.000000,-200.000000,0.000000,0.000000,-3435.000000,0.000000,0.000000
0.000000,-200.000000,0.000000,0.000000,-3414.000000,0.000000,0.000000
0.000000,-200.000000,0.000000,0.000000,-3411.000000,0.000000,0.000000
0.000000,0.000000,0.000000,0.000000,-3406.000000,0.000000,0.000000
-100.000000,-100.000000,0.000000,0.000000,-3411.000000,0.000000,0.000000
-100.000000,0.000000,0.000000,0.000000,-3424.000000,0.000000,0.000000
0.000000,-200.000000,0.000000,0.000000,-3419.000000,0.000000,0.000000
0.000000,-100.000000,0.000000,0.000000,-3434.000000,0.000000,0.000000
100.000000,-100.000000,0.000000,0.000000,-3455.000000,0.000000,0.000000
-200.000000,-200.000000,0.000000,0.000000,-3469.000000,0.000000,0.000000
-100.000000,-100.000000,0.000000,0.000000,-3489.000000,0.000000,0.000000
0.000000,-100.000000,0.000000,0.000000,-3499.000000,0.000000,0.000000
0.000000,-200.000000,0.000000,0.000000,-3514.000000,0.000000,0.000000
0.000000,-200.000000,0.000000,0.000000,-3527.000000,0.000000,0.000000
0.000000,-100.000000,0.000000,0.000000,-3557.000000,0.000000,0.000000
0.000000,-100.000000,0.000000,0.000000,-3584.000000,-196.000000,0.000000
0.000000,-300.000000,0.000000,0.000000,-3618.000000,0.000000,0.000000
-200.000000,-100.000000,0.000000,0.000000,-3640.000000,0.000000,0.000000
200.000000,-100.000000,0.000000,0.000000,-3655.000000,0.000000,0.000000
0.000000,-100.000000,0.000000,0.000000,-3671.000000,0.000000,0.000000
0.000000,-200.000000,0.000000,0.000000,-3693.000000,0.000000,0.000000
0.000000,-200.000000,0.000000,0.000000,-3711.000000,0.000000,0.000000
-100.000000,-200.000000,0.000000,0.000000,-3735.000000,0.000000,0.000000
-100.000000,0.000000,0.000000,0.000000,-3763.000000,0.000000,0.000000
-100.000000,-100.000000,0.000000,0.000000,-3766.000000,0.000000,0.000000
0.000000,-200.000000,0.000000,0.000000,-3788.000000,0.000000,0.000000
-100.000000,-200.000000,0.000000,0.000000,-3806.000000,0.000000,0.000000
0.000000,-200.000000,0.000000,0.000000,-3805.000000,0.000000,0.000000
-300.000000,0.000000,0.000000,0.000000,-3818.000000,0.000000,0.000000
-200.000000,-200.000000,0.000000,0.000000,-3813.000000,0.000000,0.000000
300.000000,0.000000,0.000000,0.000000,-3810.000000,0.000000,0.000000
-200.000000,-200.000000,0.000000,0.000000,-3810.000000,0.000000,0.000000
0.000000,0.000000,0.000000,0.000000,-3815.000000,0.000000,0.000000
-200.000000,-100.000000,0.000000,0.000000,-3819.000000,0.000000,0.000000
100.000000,0.000000,0.000000,0.000000,-3815.000000,0.000000,0.000000
0.000000,-200.000000,0.000000,0.000000,-3831.000000,0.000000,0.000000
-100.000000,-300.000000,0.000000,0.000000,-3824.000000,0.000000,0.000000
0.000000,-100.000000,0.000000,0.000000,-3821.000000,0.000000,0.000000
-200.000000,-100.000000,0.000000,0.000000,-3817.000000,0.000000,0.000000
100.000000,-200.000000,0.000000,0.000000,-3829.000000,0.000000,0.000000
0.000000,0.000000,0.000000,0.000000,-3826.000000,0.000000,0.000000
0.000000,-300.000000,0.000000,0.000000,-3797.000000,0.000000,0.000000
-100.000000,-200.000000,0.000000,0.000000,-3781.000000,0.000000,0.000000
-200.000000,-100.000000,0.000000,0.000000,-3761.000000,0.000000,0.000000
100.000000,-100.000000,0.000000,0.000000,-3750.000000,0.000000,0.000000
0.000000,0.000000,0.000000,0.000000,-3745.000000,0.000000,0.000000
-100.000000,0.000000,0.000000,0.000000,-3729.000000,0.000000,0.000000
0.000000,-100.000000,0.000000,0.000000,-3702.000000,0.000000,0.000000
0.000000,-100.000000,78.000000,78.000000,-3698.000000,0.000000,0.000000
-100.000000,-200.000000,0.000000,0.000000,-3698.000000,0.000000,0.000000
100.000000,-100.000000,0.000000,0.000000,-3690.000000,0.000000,0.000000
-200.000000,-200.000000,0.000000,0.000000,-3686.000000,0.000000,0.000000
0.000000,-200.000000,0.000000,0.000000,-3676.000000,0.000000,0.000000
0.000000,-200.000000,0.000000,0.000000,-3664.000000,196.000000,0.000000
0.000000,-300.000000,0.000000,0.000000,-3655.000000,0.000000,0.000000
-300.000000,0.000000,0.000000,0.000000,-3638.000000,0.000000,0.000000
-200.000000,-100.000000,0.000000,0.000000,-3626.000000,0.000000,0.000000
0.000000,-100.000000,0.000000,0.000000,-3623.000000,0.000000,0.000000
-100.000000,-300.000000,0.000000,0.000000,-3609.000000,0.000000,0.000000
0.000000,-100.000000,0.000000,0.000000,-3594.000000,0.000000,196.000000
-100.000000,-300.000000,0.000000,0.000000,-3598.000000,0.000000,0.000000
-100.000000,-200.000000,0.000000,0.000000,-3608.000000,0.000000,0.000000
0.000000,0.000000,0.000000,0.000000,-3614.000000,0.000000,0.000000
0.000000,-200.000000,0.000000,0.000000,-3597.000000,0.000000,0.000000
0.000000,-100.000000,0.000000,0.000000,-3594.000000,0.000000,0.000000
100.000000,-200.000000,0.000000,0.000000,-3584.000000,0.000000,0.000000
-300.000000,0.000000,0.000000,0.000000,-3582.000000,0.000000,0.000000
-100.000000,0.000000,0.000000,0.000000,-3573.000000,0.000000,0.000000
0.000000,300.000000,156.000000,156.000000,-3574.000000,0.000000,0.000000
0.000000,-100.000000,76.000000,78.000000,-3588.000000,0.000000,0.000000
-100.000000,100.000000,0.000000,0.000000,-3601.000000,0.000000,0.000000
-200.000000,-200.000000,0.000000,0.000000,-3608.000000,0.000000,0.000000
0.000000,-100.000000,0.000000,0.000000,-3600.000000,0.000000,0.000000
-100.000000,0.000000,0.000000,0.000000,-3600.000000,0.000000,0.000000
-300.000000,-100.000000,0.000000,0.000000,-3613.000000,0.000000,0.000000
-100.000000,-100.000000,0.000000,0.000000,-3620.000000,0.000000,0.000000
0.000000,-200.000000,0.000000,0.000000,-3636.000000,0.000000,-196.000000
0.000000,0.000000,0.000000,0.000000,-3636.000000,0.000000,0.000000
-100.000000,-400.000000,0.000000,0.000000,-3643.000000,0.000000,0.000000
100.000000,-100.000000,0.000000,0.000000,-3648.000000,-196.000000,0.000000
-200.000000,0.000000,0.000000,0.000000,-3644.000000,0.000000,0.000000
0.000000,0.000000,0.000000,0.000000,-3669.000000,0.000000,0.000000
-100.000000,0.000000,0.000000,0.000000,-3682.000000,0.000000,0.000000
0.000000,-200.000000,0.000000,0.000000,-3704.000000,0.000000,0.000000
0.000000,-200.000000,0.000000,0.000000,-3692.000000,0.000000,0.000000
0.000000,0.000000,0.000000,0.000000,-3705.000000,0.000000,0.000000
0.000000,-200.000000,0.000000,0.000000,-3722.000000,0.000000,0.000000
-300.000000,-200.000000,0.000000,0.000000,-3723.000000,0.000000,0.000000
-200.000000,-200.000000,0.000000,0.000000,-3732.000000,0.000000,0.000000
0.000000,0.000000,0.000000,0.000000,-3742.000000,0.000000,0.000000
-300.000000,-200.000000,0.000000,0.000000,-3749.000000,0.000000,0.000000
0.000000,0.000000,0.000000,0.000000,-3754.000000,0.000000,0.000000
-100.000000,0.000000,0.000000,0.000000,-3743.000000,0.000000,0.000000
0.000000,0.000000,0.000000,0.000000,-3746.000000,0.000000,0.000000
100.000000,-100.000000,0.000000,0.000000,-3761.000000,0.000000,0.000000
0.000000,-100.000000,0.000000,0.000000,-3784.000000,0.000000,0.000000
-100.000000,0.000000,0.000000,0.000000,-3790.000000,0.000000,0.000000
-200.000000,-300.000000,0.000000,0.000000,-3786.000000,0.000000,0.000000
-100.000000,0.000000,0.000000,0.000000,-3782.000000,0.000000,0.000000
300.000000,0.000000,0.000000,0.000000,-3769.000000,0.000000,0.000000
0.000000,0.000000,0.000000,0.000000,-3750.000000,0.000000,0.000000
-100.000000,-100.000000,0.000000,0.000000,-3741.000000,0.000000,0.000000
300.000000,0.000000,156.000000,156.000000,-3741.000000,0.000000,0.000000
-200.000000,-300.000000,0.000000,0.000000,-3730.000000,0.000000,0.000000
100.000000,-100.000000,156.000000,156.000000,-3731.000000,0.000000,0.000000
-200.000000,-200.000000,0.000000,0.000000,-3728.000000,0.000000,0.000000
-200.000000,-200.000000,0.000000,0.000000,-3723.000000,0.000000,0.000000
0.000000,0.000000,0.000000,0.000000,-3711.000000,0.000000,0.000000
100.000000,-100.000000,0.000000,0.000000,-3698.000000,0.000000,0.000000
-100.000000,-100.000000,0.000000,0.000000,-3691.000000,0.000000,0.000000
-100.000000,0.000000,0.000000,0.000000,-3683.000000,0.000000,0.000000
-100.000000,-100.000000,0.000000,0.000000,-3687.000000,0.000000,0.000000
100.000000,0.000000,0.000000,0.000000,-3678.000000,0.000000,0.000000
-100.000000,-100.000000,0.000000,0.000000,-3669.000000,0.000000,0.000000
-300.000000,-100.000000,0.000000,0.000000,-3675.000000,0.000000,0.000000
200.000000,100.000000,0.000000,0.000000,-3652.000000,0.000000,0.000000
-100.000000,-100.000000,0.000000,0.000000,-3653.000000,0.000000,0.000000
-100.000000,-100.000000,0.000000,0.000000,-3662.000000,0.000000,0.000000
100.000000,-200.000000,0.000000,0.000000,-3639.000000,0.000000,0.000000
-200.000000,-100.000000,0.000000,0.000000,-3636.000000,0.000000,0.000000
0.000000,-200.000000,0.000000,0.000000,-3645.000000,0.000000,0.000000
0.000000,0.000000,0.000000,0.000000,-3629.000000,0.000000,0.000000
0.000000,-300.000000,0.000000,0.000000,-3636.000000,0.000000,0.000000
100.000000,0.000000,0.000000,0.000000,-3627.000000,0.000000,0.000000
-100.000000,-100.000000,0.000000,0.000000,-3622.000000,0.000000,0.000000
-100.000000,0.000000,0.000000,0.000000,-3629.000000,0.000000,0.000000
-200.000000,-200.000000,0.000000,0.000000,-3622.000000,0.000000,0.000000
0.000000,-200.000000,0.000000,0.000000,-3614.000000,0.000000,0.000000
-200.000000,-200.000000,0.000000,0.000000,-3612.000000,0.000000,0.000000
-200.000000,0.000000,0.000000,0.000000,-3623.000000,0.000000,0.000000
0.000000,-200.000000,0.000000,0.000000,-3628.000000,0.000000,0.000000
0.000000,-200.000000,0.000000,0.000000,-3644.000000,0.000000,0.000000
0.000000,0.000000,0.000000,0.000000,-3655.000000,0.000000,0.000000
0.000000,0.000000,0.000000,0.000000,-3659.000000,0.000000,0.000000
-200.000000,-100.000000,0.000000,0.000000,-3674.000000,0.000000,0.000000
0.000000,-200.000000,0.000000,0.000000,-3670.000000,0.000000,0.000000
-200.000000,-200.000000,0.000000,0.000000,-3662.000000,0.000000,0.000000
0.000000,-200.000000,0.000000,0.000000,-3663.000000,0.000000,0.000000
0.000000,-100.000000,0.000000,0.000000,-3674.000000,0.000000,0.000000
-200.000000,-200.000000,0.000000,0.000000,-3675.000000,0.000000,0.000000
0.000000,-200.000000,0.000000,0.000000,-3667.000000,0.000000,0.000000
-100.000000,0.000000,0.000000,0.000000,-3664.000000,0.000000,0.000000
-200.000000,0.000000,0.000000,0.000000,-3662.000000,0.000000,0.000000
-100.000000,-200.000000,0.000000,0.000000,-3662.000000,0.000000,0.000000
0.000000,-100.000000,0.000000,0.000000,-3664.000000,0.000000,0.000000
-300.000000,-100.000000,0.000000,0.000000,-3667.000000,0.000000,0.000000
0.000000,-200.000000,0.000000,0.000000,-3680.000000,0.000000,0.000000
-100.000000,-300.000000,0.000000,0.000000,-3689.000000,0.000000,0.000000
0.000000,-300.000000,0.000000,0.000000,-3695.000000,0.000000,0.000000
0.000000,-400.000000,0.000000,0.000000,-3690.000000,0.000000,0.000000
0.000000,-300.000000,0.000000,0.000000,-3690.000000,0.000000,0.000000
100.000000,-300.000000,0.000000,0.000000,-3693.000000,0.000000,0.000000
0.000000,0.000000,78.000000,78.000000,-3684.000000,0.000000,0.000000
-100.000000,0.000000,0.000000,0.000000,-3681.000000,0.000000,0.000000
-200.000000,0.000000,0.000000,0.000000,-3674.000000,0.000000,0.000000
-200.000000,0.000000,0.000000,0.000000,-3681.000000,0.000000,0.000000
-100.000000,0.000000,0.000000,0.000000,-3671.000000,0.000000,0.000000
-200.000000,100.000000,0.000000,0.000000,-3666.000000,0.000000,0.000000
-300.000000,0.000000,0.000000,0.000000,-3668.000000,0.000000,0.000000
-100.000000,-200.000000,0.000000,0.000000,-3658.000000,0.000000,196.000000
-100.000000,0.000000,0.000000,0.000000,-3641.000000,0.000000,0.000000
-100.000000,0.000000,0.000000,0.000000,-3633.000000,0.000000,0.000000
-100.000000,-100.000000,0.000000,0.000000,-3630.000000,0.000000,0.000000
0.000000,0.000000,0.000000,0.000000,-3638.000000,196.000000,0.000000
-200.000000,-100.000000,0.000000,0.000000,-3643.000000,0.000000,0.000000
-200.000000,0.000000,0.000000,0.000000,-3636.000000,0.000000,0.000000
-100.000000,-100.000000,0.000000,0.000000,-3623.000000,0.000000,0.000000
-100.000000,100.000000,0.000000,0.000000,-3598.000000,0.000000,0.000000
0.000000,-100.000000,0.000000,0.000000,-3589.000000,0.000000,0.000000
-100.000000,-200.000000,0.000000,0.000000,-3572.000000,0.000000,0.000000
-100.000000,0.000000,78.000000,78.000000,-3566.000000,0.000000,0.000000
-200.000000,-100.000000,0.000000,0.000000,-3548.000000,0.000000,0.000000
200.000000,-200.000000,0.000000,0.000000,-3543.000000,0.000000,0.000000
0.000000,0.000000,0.000000,0.000000,-3540.000000,0.000000,0.000000
-100.000000,-300.000000,0.000000,0.000000,-3538.000000,0.000000,0.000000
100.000000,-300.000000,0.000000,0.000000,-3517.000000,0.000000,0.000000
0.000000,-100.000000,0.000000,0.000000,-3508.000000,0.000000,0.000000
-300.000000,-100.000000,0.000000,0.000000,-3502.000000,0.000000,0.000000
-100.000000,0.000000,0.000000,0.000000,-3505.000000,0.000000,0.000000
-100.000000,-100.000000,0.000000,0.000000,-3499.000000,0.000000,0.000000
200.000000,0.000000,156.000000,156.000000,-3494.000000,0.000000,0.000000
100.000000,0.000000,0.000000,0.000000,-3491.000000,0.000000,0.000000
-100.000000,0.000000,0.000000,0.000000,-3492.000000,0.000000,0.000000
0.000000,-100.000000,0.000000,0.000000,-3489.000000,0.000000,0.000000
0.000000,-200.000000,0.000000,0.000000,-3489.000000,0.000000,0.000000
0.000000,-100.000000,0.000000,0.000000,-3501.000000,0.000000,0.000000
-200.000000,0.000000,0.000000,0.000000,-3514.000000,0.000000,0.000000
-200.000000,-200.000000,0.000000,0.000000,-3525.000000,0.000000,0.000000
-200.000000,-200.000000,0.000000,0.000000,-3520.000000,0.000000,0.000000
-200.000000,0.000000,0.000000,0.000000,-3525.000000,0.000000,0.000000
0.000000,0.000000,156.000000,156.000000,-3539.000000,0.000000,0.000000
0.000000,-200.000000,0.000000,0.000000,-3555.000000,0.000000,0.000000
-100.000000,-300.000000,0.000000,0.000000,-3565.000000,0.000000,0.000000
0.000000,-100.000000,0.000000,0.000000,-3582.000000,0.000000,0.000000
-100.000000,-100.000000,0.000000,0.000000,-3580.000000,0.000000,-196.000000
-200.000000,-100.000000,0.000000,0.000000,-3600.000000,0.000000,0.000000
-200.000000,0.000000,0.000000,0.000000,-3609.000000,0.000000,0.000000
-300.000000,0.000000,0.000000,0.000000,-3618.000000,0.000000,0.000000
-100.000000,-200.000000,0.000000,0.000000,-3648.000000,-196.000000,0.000000
100.000000,0.000000,0.000000,0.000000,-3657.000000,0.000000,0.000000
0.000000,0.000000,0.000000,0.000000,-3676.000000,0.000000,0.000000
-100.000000,-200.000000,0.000000,0.000000,-3697.000000,0.000000,0.000000
-100.000000,-200.000000,0.000000,0.000000,-3698.000000,0.000000,0.000000
0.000000,200.000000,78.000000,78.000000,-3712.000000,0.000000,0.000000
0.000000,-200.000000,0.000000,0.000000,-3728.000000,0.000000,0.000000
0.000000,0.000000,0.000000,0.000000,-3733.000000,0.000000,0.000000
-200.000000,-100.000000,0.000000,0.000000,-3735.000000,0.000000,0.000000
-300.000000,-100.000000,0.000000,0.000000,-3752.000000,0.000000,0.000000
-100.000000,0.000000,0.000000,0.000000,-3758.000000,0.000000,0.000000
-200.000000,-100.000000,0.000000,0.000000,-3755.000000,0.000000,0.000000
-400.000000,0.000000,0.000000,0.000000,-3758.000000,0.000000,0.000000
0.000000,-200.000000,0.000000,0.000000,-3775.000000,0.000000,0.000000
-200.000000,100.000000,0.000000,0.000000,-3773.000000,0.000000,0.000000
-400.000000,-100.000000,0.000000,0.000000,-3772.000000,0.000000,0.000000
-400.000000,-100.000000,0.000000,0.000000,-3765.000000,0.000000,0.000000
-300.000000,0.000000,0.000000,0.000000,-3748.000000,0.000000,0.000000
-200.000000,-100.000000,0.000000,0.000000,-3747.000000,0.000000,0.000000
-100.000000,-300.000000,0.000000,0.000000,-3743.000000,0.000000,0.000000
0.000000,-300.000000,0.000000,0.000000,-3734.000000,0.000000,0.000000
0.000000,-100.000000,0.000000,0.000000,-3729.000000,0.000000,0.000000
-300.000000,0.000000,0.000000,0.000000,-3717.000000,0.000000,0.000000
0.000000,0.000000,0.000000,0.000000,-3708.000000,0.000000,0.000000
0.000000,-100.000000,0.000000,0.000000,-3697.000000,0.000000,0.000000
0.000000,0.000000,0.000000,0.000000,-3680.000000,0.000000,0.000000
