Channel 1,Channel 2,Channel 3,Channel 4,Channel 5,Channel 6,Channel 7
0.000000,0.000000,0.000000,0.000000,-3876.000000,0.000000,0.000000
0.000000,-300.000000,0.000000,0.000000,-3894.000000,0.000000,0.000000
-100.000000,-200.000000,0.000000,0.000000,-3903.000000,0.000000,0.000000
-100.000000,-200.000000,0.000000,0.000000,-3917.000000,0.000000,0.000000
0.000000,-400.000000,0.000000,0.000000,-3925.000000,0.000000,0.000000
0.000000,0.000000,156.000000,156.000000,-3940.000000,0.000000,0.000000
100.000000,200.000000,0.000000,0.000000,-3937.000000,0.000000,0.000000
0.000000,0.000000,0.000000,0.000000,-3928.000000,0.000000,0.000000
-100.000000,200.000000,0.000000,0.000000,-3915.000000,0.000000,0.000000
-100.000000,-300.000000,0.000000,0.000000,-3910.000000,0.000000,0.000000
0.000000,-200.000000,0.000000,0.000000,-3915.000000,0.000000,0.000000
0.000000,100.000000,0.000000,0.000000,-3922.000000,0.000000,0.000000
100.000000,-100.000000,0.000000,0.000000,-3921.000000,0.000000,0.000000
-200.000000,-100.000000,0.000000,0.000000,-3915.000000,0.000000,0.000000
0.000000,-300.000000,0.000000,0.000000,-3919.000000,0.000000,0.000000
0.000000,0.000000,0.000000,0.000000,-3922.000000,0.000000,0.000000
-400.000000,-300.000000,0.000000,0.000000,-3924.000000,0.000000,0.000000
0.000000,-200.000000,0.000000,0.000000,-3919.000000,0.000000,0.000000
0.000000,-100.000000,156.000000,156.000000,-3922.000000,0.000000,0.000000
-300.000000,500.000000,0.000000,0.000000,-3906.000000,0.000000,0.000000
0.000000,0.000000,0.000000,0.000000,-3904.000000,0.000000,0.000000
-200.000000,-200.000000,0.000000,0.000000,-3897.000000,0.000000,0.000000
0.000000,-300.000000,0.000000,0.000000,-3879.000000,0.000000,0.000000
200.000000,-100.000000,0.000000,0.000000,-3871.000000,0.000000,0.000000
-100.000000,-200.000000,0.000000,0.000000,-3851.000000,0.000000,0.000000
0.000000,-300.000000,0.000000,0.000000,-3828.000000,0.000000,0.000000
0.000000,-200.000000,0.000000,0.000000,-3809.000000,0.000000,0.000000
-100.000000,-100.000000,0.000000,0.000000,-3791.000000,0.000000,196.000000
0.000000,-200.000000,0.000000,0.000000,-3771.000000,0.000000,0.000000
100.000000,0.000000,0.000000,0.000000,-3757.000000,0.000000,0.000000
-100.000000,-200.000000,0.000000,0.000000,-3743.000000,0.000000,0.000000
-100.000000,-100.000000,0.000000,0.000000,-3732.000000,0.000000,0.000000
-100.000000,-100.000000,0.000000,0.000000,-3725.000000,0.000000,0.000000
-100.000000,-100.000000,0.000000,0.000000,-3719.000000,0.000000,0.000000
-100.000000,-200.000000,0.000000,0.000000,-3705.000000,0.000000,0.000000
-100.000000,300.000000,0.000000,0.000000,-3695.000000,0.000000,0.000000
100.000000,0.000000,0.000000,0.000000,-3694.000000,0.000000,0.000000
-100.000000,-200.000000,0.000000,0.000000,-3689.000000,0.000000,0.000000
0.000000,0.000000,0.000000,0.000000,-3676.000000,0.000000,0.000000
-200.000000,-200.000000,0.000000,0.000000,-3664.000000,0.000000,0.000000
-200.000000,0.000000,0.000000,0.000000,-3679.000000,0.000000,0.000000
-400.000000,-200.000000,0.000000,0.000000,-3683.000000,0.000000,0.000000
-100.000000,0.000000,0.000000,0.000000,-3688.000000,0.000000,0.000000
-100.000000,-200.000000,0.000000,0.000000,-3684.000000,0.000000,0.000000
-200.000000,0.000000,0.000000,0.000000,-3691.000000,0.000000,0.000000
0.000000,-100.000000,0.000000,0.000000,-3701.000000,0.000000,0.000000
-200.000000,-200.000000,0.000000,0.000000,-3704.000000,0.000000,0.000000
-100.000000,0.000000,0.000000,0.000000,-3700.000000,0.000000,0.000000
0.000000,-300.000000,0.000000,0.000000,-3722.000000,0.000000,0.000000
0.000000,-100.000000,0.000000,0.000000,-3719.000000,0.000000,0.000000
-200.000000,-200.000000,0.000000,0.000000,-3719.000000,0.000000,-196.000000
-100.000000,-200.000000,0.000000,0.000000,-3727.000000,0.000000,0.000000
-200.000000,-100.000000,0.000000,0.000000,-3741.000000,0.000000,0.000000
-300.000000,0.000000,0.000000,0.000000,-3732.000000,0.000000,0.000000
0.000000,-300.000000,0.000000,0.000000,-3721.000000,0.000000,0.000000
-100.000000,-300.000000,0.000000,0.000000,-3710.000000,0.000000,0.000000
200.000000,-100.000000,0.000000,0.000000,-3695.000000,0.000000,0.000000
0.000000,-200.000000,0.000000,0.000000,-3694.000000,0.000000,0.000000
0.000000,-100.000000,0.000000,0.000000,-3704.000000,0.000000,0.000000
0.000000,-200.000000,0.000000,0.000000,-3713.000000,0.000000,0.000000
14700.000000,0.000000,15000.000000,15000.000000,-3702.000000,589.000000,785.000000
16900.000000,15000.000000,15000.000000,15000.000000,-3804.000000,4123.000000,3337.000000
17600.000000,15400.000000,15000.000000,15000.000000,-3679.000000,6283.000000,3141.000000
15800.000000,15300.000000,15000.000000,15000.000000,-3583.000000,4319.000000,785.000000
13900.000000,16100.000000,15000.000000,15000.000000,-1470.000000,-196.000000,-589.000000
15600.000000,14100.000000,15000.000000,15000.000000,-966.000000,-1963.000000,0.000000
15400.000000,13500.000000,15000.000000,15000.000000,-1692.000000,-392.000000,1767.000000
12400.000000,15800.000000,15000.000000,15000.000000,-1524.000000,2552.000000,3337.000000
13700.000000,13500.000000,15000.000000,15000.000000,-321.000000,4908.000000,3534.000000
14700.000000,15000.000000,15000.000000,15000.000000,453.000000,4908.000000,2748.000000
15600.000000,16200.000000,15000.000000,15000.000000,1576.000000,1767.000000,1767.000000
14200.000000,15800.000000,15000.000000,15000.000000,2330.000000,196.000000,1767.000000
14600.000000,14100.000000,15000.000000,15000.000000,2151.000000,1374.000000,2552.000000
13300.000000,13700.000000,15000.000000,15000.000000,2897.000000,4123.000000,3926.000000
17400.000000,15300.000000,15000.000000,15000.000000,4247.000000,5890.000000,3926.000000
14800.000000,16600.000000,15000.000000,15000.000000,5334.000000,5105.000000,3141.000000
13800.000000,14500.000000,15000.000000,15000.000000,6427.000000,2945.000000,2748.000000
15300.000000,15600.000000,15000.000000,15000.000000,7307.000000,1963.000000,3141.000000
14700.000000,14900.000000,15000.000000,15000.000000,7508.000000,2945.000000,4319.000000
15700.000000,13000.000000,15000.000000,15000.000000,8203.000000,4516.000000,4712.000000
13400.000000,13400.000000,15000.000000,15000.000000,9481.000000,5301.000000,4319.000000
13800.000000,14100.000000,15000.000000,15000.000000,10380.000000,4712.000000,3926.000000
16700.000000,14100.000000,15000.000000,15000.000000,11276.000000,3534.000000,3337.000000
15900.000000,13700.000000,15000.000000,15000.000000,12047.000000,2748.000000,3534.000000
15000.000000,13700.000000,15000.000000,15000.000000,12338.000000,3534.000000,4123.000000
17000.000000,13000.000000,15000.000000,15000.000000,12799.000000,4712.000000,4516.000000
14500.000000,15700.000000,15000.000000,15000.000000,13696.000000,5301.000000,4319.000000
15000.000000,13500.000000,15000.000000,15000.000000,14452.000000,4712.000000,3926.000000
17100.000000,15700.000000,15000.000000,15000.000000,14752.000000,3337.000000,3534.000000
14500.000000,13800.000000,15000.000000,15000.000000,15127.000000,2748.000000,3730.000000
13100.000000,14300.000000,15000.000000,15000.000000,15293.000000,3141.000000,3730.000000
13300.000000,13100.000000,15000.000000,15000.000000,15436.000000,4319.000000,3534.000000
13300.000000,13200.000000,15000.000000,15000.000000,15923.000000,4319.000000,3337.000000
15600.000000,14700.000000,15000.000000,15000.000000,16549.000000,3926.000000,3337.000000
15800.000000,13800.000000,15000.000000,15000.000000,16680.000000,3337.000000,3337.000000
12800.000000,14100.000000,15000.000000,15000.000000,16564.000000,2945.000000,3337.000000
16700.000000,14100.000000,15000.000000,15000.000000,16581.000000,2945.000000,3337.000000
13800.000000,13900.000000,15000.000000,15000.000000,16800.000000,3337.000000,3141.000000
13200.000000,16400.000000,15000.000000,15000.000000,16756.000000,3337.000000,3141.000000
17400.000000,13600.000000,15000.000000,15000.000000,16613.000000,2945.000000,2945.000000
13200.000000,17200.000000,15000.000000,15000.000000,16442.000000,2552.000000,2356.000000
13500.000000,13300.000000,15000.000000,15000.000000,16160.000000,2356.000000,2552.000000
16100.000000,13500.000000,15000.000000,15000.000000,15686.000000,2748.000000,2552.000000
16200.000000,15500.000000,15000.000000,15000.000000,15250.000000,2748.000000,2552.000000
12900.000000,13900.000000,15000.000000,15000.000000,14990.000000,2748.000000,2356.000000
13600.000000,13400.000000,15000.000000,15000.000000,14666.000000,2552.000000,2356.000000
14100.000000,16500.000000,15000.000000,15000.000000,14097.000000,2552.000000,2159.000000
16500.000000,15800.000000,15000.000000,15000.000000,13478.000000,2356.000000,2356.000000
17500.000000,13300.000000,15000.000000,15000.000000,12897.000000,2552.000000,2159.000000
14700.000000,13800.000000,15000.000000,15000.000000,12343.000000,2748.000000,2356.000000
12600.000000,16500.000000,15000.000000,15000.000000,11727.000000,2748.000000,2356.000000
13900.000000,13500.000000,15000.000000,15000.000000,11051.000000,2356.000000,2356.000000
17300.000000,13900.000000,15000.000000,15000.000000,10366.000000,2356.000000,2552.000000
15700.000000,15800.000000,15000.000000,15000.000000,9491.000000,2552.000000,2356.000000
12300.000000,14500.000000,15000.000000,15000.000000,8750.000000,2748.000000,2748.000000
13600.000000,13800.000000,15000.000000,15000.000000,8136.000000,2945.000000,2748.000000
17300.000000,16800.000000,15000.000000,15000.000000,7440.000000,2945.000000,2748.000000
12800.000000,13100.000000,15000.000000,15000.000000,6710.000000,2945.000000,2945.000000
14500.000000,16600.000000,15000.000000,15000.000000,5971.000000,3141.000000,3337.000000
13700.000000,13200.000000,15000.000000,15000.000000,5288.000000,3337.000000,3337.000000
15600.000000,13400.000000,15000.000000,15000.000000,4692.000000,3730.000000,3337.000000
12700.000000,13700.000000,15000.000000,15000.000000,4066.000000,3926.000000,3534.000000
14500.000000,13900.000000,15000.000000,15000.000000,3512.000000,3730.000000,4123.000000
14900.000000,14800.000000,15000.000000,15000.000000,2908.000000,3730.000000,4123.000000
14100.000000,15700.000000,15000.000000,15000.000000,2219.000000,3926.000000,4319.000000
13400.000000,14500.000000,15000.000000,15000.000000,1609.000000,4516.000000,4123.000000
12700.000000,13300.000000,0.000000,0.000000,1195.000000,4908.000000,4123.000000
-300.000000,-100.000000,0.000000,0.000000,885.000000,2748.000000,1570.000000
-100.000000,0.000000,0.000000,0.000000,225.000000,1767.000000,1570.000000
-200.000000,100.000000,0.000000,0.000000,-636.000000,1767.000000,1570.000000
-200.000000,0.000000,0.000000,0.000000,-975.000000,1374.000000,2748.000000
-200.000000,0.000000,0.000000,0.000000,-919.000000,1963.000000,5105.000000
0.000000,0.000000,0.000000,0.000000,-1653.000000,3730.000000,6283.000000
0.000000,0.000000,0.000000,0.000000,-2325.000000,6086.000000,6675.000000
0.000000,-200.000000,0.000000,0.000000,-2898.000000,6283.000000,6086.000000
0.000000,0.000000,0.000000,0.000000,-3583.000000,6479.000000,4516.000000
-200.000000,0.000000,0.000000,0.000000,-4046.000000,6283.000000,3337.000000
0.000000,0.000000,0.000000,0.000000,-4003.000000,6283.000000,2552.000000
-100.000000,0.000000,0.000000,0.000000,-4602.000000,5301.000000,2552.000000
0.000000,-100.000000,0.000000,0.000000,-5340.000000,5301.000000,2748.000000
100.000000,0.000000,0.000000,0.000000,-5497.000000,4712.000000,3534.000000
0.000000,200.000000,0.000000,0.000000,-5522.000000,3926.000000,5694.000000
-100.000000,100.000000,0.000000,0.000000,-6163.000000,3730.000000,6283.000000
0.000000,0.000000,0.000000,0.000000,-6729.000000,3730.000000,6086.000000
-200.000000,100.000000,0.000000,0.000000,-6920.000000,3141.000000,5890.000000
-200.000000,-100.000000,0.000000,0.000000,-7090.000000,3141.000000,5301.000000
-200.000000,-100.000000,0.000000,0.000000,-7514.000000,2945.000000,4908.000000
-200.000000,0.000000,0.000000,0.000000,-7733.000000,3337.000000,3926.000000
-100.000000,100.000000,0.000000,0.000000,-7892.000000,4712.000000,3730.000000
-100.000000,0.000000,0.000000,0.000000,-8077.000000,6479.000000,3141.000000
0.000000,0.000000,0.000000,0.000000,-8265.000000,6675.000000,3534.000000
-300.000000,0.000000,0.000000,0.000000,-8263.000000,6675.000000,3926.000000
-100.000000,0.000000,0.000000,0.000000,-8182.000000,6479.000000,5105.000000
0.000000,0.000000,0.000000,0.000000,-8286.000000,6283.000000,6283.000000
-200.000000,0.000000,0.000000,0.000000,-8255.000000,5890.000000,6283.000000
-100.000000,0.000000,0.000000,0.000000,-8131.000000,5694.000000,6283.000000
0.000000,0.000000,0.000000,0.000000,-7996.000000,5301.000000,5694.000000
-100.000000,-100.000000,0.000000,0.000000,-7925.000000,5301.000000,5694.000000
-100.000000,0.000000,0.000000,0.000000,-7779.000000,5105.000000,4908.000000
100.000000,300.000000,0.000000,0.000000,-7646.000000,4908.000000,4908.000000
-100.000000,0.000000,0.000000,0.000000,-7446.000000,4516.000000,4908.000000
-200.000000,100.000000,0.000000,0.000000,-7083.000000,4516.000000,5105.000000
-100.000000,0.000000,0.000000,0.000000,-6917.000000,5105.000000,5497.000000
0.000000,0.000000,0.000000,0.000000,-6729.000000,6283.000000,6086.000000
-200.000000,0.000000,0.000000,0.000000,-6187.000000,6872.000000,5890.000000
-200.000000,0.000000,0.000000,0.000000,-5837.000000,6872.000000,5890.000000
-300.000000,0.000000,0.000000,0.000000,-5820.000000,6872.000000,6086.000000
0.000000,0.000000,0.000000,0.000000,-5572.000000,6479.000000,5497.000000
-300.000000,400.000000,0.000000,0.000000,-5127.000000,6479.000000,5890.000000
-200.000000,0.000000,0.000000,0.000000,-4827.000000,6086.000000,4908.000000
0.000000,300.000000,0.000000,0.000000,-4508.000000,5890.000000,5497.000000
-200.000000,0.000000,0.000000,0.000000,-4164.000000,5694.000000,6086.000000
-200.000000,-100.000000,0.000000,0.000000,-3696.000000,5497.000000,5890.000000
-100.000000,0.000000,0.000000,0.000000,-3427.000000,5301.000000,5890.000000
-300.000000,0.000000,0.000000,0.000000,-3189.000000,5105.000000,5890.000000
0.000000,0.000000,0.000000,0.000000,-2869.000000,5497.000000,5497.000000
-600.000000,200.000000,0.000000,0.000000,-2528.000000,5890.000000,5301.000000
-300.000000,0.000000,0.000000,0.000000,-2351.000000,6479.000000,5301.000000
-100.000000,100.000000,0.000000,0.000000,-2245.000000,6283.000000,5105.000000
0.000000,0.000000,0.000000,0.000000,-1921.000000,6479.000000,4712.000000
-200.000000,0.000000,0.000000,0.000000,-1599.000000,6086.000000,4319.000000
-100.000000,0.000000,0.000000,0.000000,-1342.000000,5694.000000,4908.000000
0.000000,0.000000,0.000000,0.000000,-1207.000000,5890.000000,5105.000000
-100.000000,0.000000,0.000000,0.000000,-954.000000,5301.000000,5301.000000
-300.000000,0.000000,0.000000,0.000000,-705.000000,5301.000000,5105.000000
-300.000000,100.000000,0.000000,0.000000,-571.000000,4908.000000,5105.000000
-100.000000,0.000000,0.000000,0.000000,-577.000000,4908.000000,4908.000000
-200.000000,-100.000000,0.000000,0.000000,-500.000000,4516.000000,4516.000000
0.000000,0.000000,0.000000,0.000000,-393.000000,4319.000000,4319.000000
-200.000000,0.000000,0.000000,0.000000,-437.000000,4319.000000,4123.000000
-200.000000,0.000000,0.000000,0.000000,-524.000000,4123.000000,3730.000000
-200.000000,0.000000,0.000000,0.000000,-558.000000,4123.000000,3534.000000
-100.000000,100.000000,0.000000,0.000000,-580.000000,4319.000000,3926.000000
-100.000000,0.000000,0.000000,0.000000,-662.000000,4908.000000,3730.000000
-100.000000,-200.000000,0.000000,0.000000,-777.000000,4712.000000,3730.000000
-200.000000,0.000000,0.000000,0.000000,-891.000000,4712.000000,3730.000000
-200.000000,200.000000,0.000000,0.000000,-1076.000000,4712.000000,3534.000000
0.000000,200.000000,0.000000,0.000000,-1297.000000,4319.000000,3534.000000
0.000000,-100.000000,0.000000,0.000000,-1648.000000,4123.000000,3534.000000
-100.000000,0.000000,0.000000,0.000000,-1911.000000,3926.000000,3337.000000
-100.000000,0.000000,0.000000,0.000000,-2147.000000,3926.000000,3141.000000
-300.000000,-100.000000,0.000000,0.000000,-2493.000000,3730.000000,3141.000000
0.000000,-100.000000,0.000000,0.000000,-2868.000000,3730.000000,3141.000000
0.000000,0.000000,0.000000,0.000000,-3207.000000,3730.000000,2552.000000
-200.000000,100.000000,0.000000,0.000000,-3548.000000,3926.000000,2748.000000
100.000000,-100.000000,0.000000,0.000000,-3949.000000,4123.000000,2552.000000
-200.000000,0.000000,0.000000,0.000000,-4342.000000,4319.000000,2552.000000
-200.000000,0.000000,0.000000,0.000000,-4634.000000,4516.000000,2945.000000
100.000000,-200.000000,0.000000,0.000000,-4977.000000,4319.000000,3141.000000
-200.000000,-200.000000,0.000000,0.000000,-5303.000000,4123.000000,2945.000000
-200.000000,300.000000,0.000000,0.000000,-5600.000000,4123.000000,3141.000000
0.000000,0.000000,0.000000,0.000000,-5929.000000,3926.000000,2748.000000
0.000000,0.000000,0.000000,0.000000,-6291.000000,3730.000000,2748.000000
-200.000000,100.000000,0.000000,0.000000,-6590.000000,4123.000000,2748.000000
-300.000000,0.000000,0.000000,0.000000,-6883.000000,4319.000000,2748.000000
0.000000,0.000000,0.000000,0.000000,-7137.000000,4712.000000,2945.000000
-100.000000,100.000000,0.000000,0.000000,-7283.000000,5105.000000,3141.000000
-200.000000,0.000000,0.000000,0.000000,-7470.000000,4712.000000,3141.000000
-200.000000,-100.000000,0.000000,0.000000,-7540.000000,4712.000000,3337.000000
0.000000,0.000000,0.000000,0.000000,-7631.000000,4712.000000,3141.000000
0.000000,0.000000,0.000000,0.000000,-7767.000000,4319.000000,2945.000000
0.000000,100.000000,0.000000,0.000000,-7901.000000,4516.000000,2945.000000
-200.000000,0.000000,0.000000,0.000000,-7804.000000,4712.000000,2748.000000
-100.000000,0.000000,0.000000,0.000000,-7758.000000,5301.000000,2748.000000
-100.000000,0.000000,0.000000,0.000000,-7735.000000,5497.000000,2945.000000
0.000000,0.000000,0.000000,0.000000,-7698.000000,5497.000000,3141.000000
-200.000000,0.000000,0.000000,0.000000,-7565.000000,5105.000000,3534.000000
0.000000,-100.000000,0.000000,0.000000,-7498.000000,5105.000000,3534.000000
-100.000000,0.000000,0.000000,0.000000,-7355.000000,4908.000000,3730.000000
0.000000,0.000000,0.000000,0.000000,-7206.000000,4908.000000,3534.000000
-200.000000,200.000000,0.000000,0.000000,-6951.000000,4908.000000,3926.000000
-200.000000,0.000000,0.000000,0.000000,-6744.000000,5497.000000,3730.000000
-200.000000,100.000000,0.000000,0.000000,-6508.000000,5694.000000,3730.000000
-300.000000,-100.000000,0.000000,0.000000,-6305.000000,5497.000000,3534.000000
-100.000000,100.000000,0.000000,0.000000,-6000.000000,5497.000000,3534.000000
-100.000000,0.000000,0.000000,0.000000,-5637.000000,5497.000000,3534.000000
-100.000000,0.000000,0.000000,0.000000,-5376.000000,5497.000000,3730.000000
0.000000,-100.000000,0.000000,0.000000,-5097.000000,5301.000000,3730.000000
0.000000,-100.000000,0.000000,0.000000,-4710.000000,5497.000000,3730.000000
-100.000000,0.000000,0.000000,0.000000,-4331.000000,5301.000000,3730.000000
-100.000000,300.000000,0.000000,0.000000,-4049.000000,5497.000000,3926.000000
-100.000000,0.000000,0.000000,0.000000,-3820.000000,5497.000000,3730.000000
-100.000000,100.000000,0.000000,0.000000,-3502.000000,5301.000000,3730.000000
0.000000,0.000000,0.000000,0.000000,-3195.000000,5301.000000,3534.000000
-200.000000,0.000000,0.000000,0.000000,-2988.000000,5301.000000,3534.000000
-100.000000,200.000000,0.000000,0.000000,-2727.000000,5105.000000,3337.000000
0.000000,0.000000,0.000000,0.000000,-2390.000000,4908.000000,3534.000000
0.000000,0.000000,0.000000,0.000000,-2061.000000,4908.000000,3337.000000
-100.000000,100.000000,0.000000,0.000000,-1835.000000,4908.000000,3534.000000
0.000000,0.000000,0.000000,0.000000,-1557.000000,4712.000000,3534.000000
-100.000000,-200.000000,0.000000,0.000000,-1205.000000,4908.000000,3534.000000
-300.000000,0.000000,0.000000,0.000000,-1006.000000,4712.000000,2748.000000
0.000000,0.000000,0.000000,0.000000,-893.000000,4712.000000,2748.000000
-200.000000,0.000000,0.000000,0.000000,-788.000000,4712.000000,2552.000000
-200.000000,200.000000,0.000000,0.000000,-676.000000,4516.000000,2945.000000
0.000000,0.000000,0.000000,0.000000,-619.000000,4319.000000,2552.000000
-200.000000,0.000000,0.000000,0.000000,-587.000000,4319.000000,2552.000000
0.000000,300.000000,0.000000,0.000000,-545.000000,4123.000000,2159.000000
-100.000000,0.000000,0.000000,0.000000,-480.000000,3926.000000,2159.000000
-400.000000,0.000000,0.000000,0.000000,-510.000000,4123.000000,1963.000000
-200.000000,-100.000000,0.000000,0.000000,-641.000000,3730.000000,1963.000000
-300.000000,0.000000,0.000000,0.000000,-782.000000,3730.000000,1963.000000
-100.000000,0.000000,0.000000,0.000000,-847.000000,3534.000000,1963.000000
-200.000000,200.000000,0.000000,0.000000,-981.000000,3730.000000,1963.000000
-200.000000,0.000000,0.000000,0.000000,-1262.000000,3337.000000,1963.000000
-100.000000,0.000000,0.000000,0.000000,-1451.000000,3534.000000,1963.000000
-100.000000,-100.000000,0.000000,0.000000,-1589.000000,3534.000000,1767.000000
-100.000000,-100.000000,0.000000,0.000000,-1848.000000,3337.000000,1767.000000
-100.000000,100.000000,0.000000,0.000000,-2101.000000,3534.000000,1570.000000
-100.000000,0.000000,0.000000,0.000000,-2348.000000,3141.000000,1374.000000
0.000000,0.000000,0.000000,0.000000,-2629.000000,3141.000000,1178.000000
0.000000,100.000000,0.000000,0.000000,-2983.000000,3141.000000,981.000000
0.000000,-100.000000,0.000000,0.000000,-3313.000000,2945.000000,1178.000000
-400.000000,0.000000,0.000000,0.000000,-3576.000000,2945.000000,981.000000
-100.000000,100.000000,0.000000,0.000000,-3827.000000,2945.000000,1178.000000
0.000000,0.000000,0.000000,0.000000,-4122.000000,2945.000000,1178.000000
-200.000000,0.000000,0.000000,0.000000,-4426.000000,3337.000000,1178.000000
100.000000,0.000000,0.000000,0.000000,-4684.000000,3337.000000,1374.000000
-300.000000,0.000000,0.000000,0.000000,-4991.000000,3141.000000,981.000000
-100.000000,0.000000,0.000000,0.000000,-5353.000000,3141.000000,1178.000000
0.000000,-100.000000,0.000000,0.000000,-5658.000000,3141.000000,1178.000000
-200.000000,100.000000,0.000000,0.000000,-5907.000000,2945.000000,981.000000
-300.000000,200.000000,0.000000,0.000000,-6160.000000,2748.000000,1178.000000
-300.000000,0.000000,0.000000,0.000000,-6366.000000,2945.000000,1178.000000
0.000000,0.000000,0.000000,0.000000,-6546.000000,2945.000000,1374.000000
-200.000000,-100.000000,0.000000,0.000000,-6723.000000,3141.000000,1374.000000
0.000000,0.000000,0.000000,0.000000,-6882.000000,3534.000000,1374.000000
-100.000000,200.000000,0.000000,0.000000,-7019.000000,3337.000000,1374.000000
0.000000,0.000000,0.000000,0.000000,-7131.000000,3534.000000,1178.000000
-300.000000,0.000000,0.000000,0.000000,-7270.000000,3534.000000,1374.000000
0.000000,0.000000,0.000000,0.000000,-7364.000000,3337.000000,1374.000000
-200.000000,200.000000,0.000000,0.000000,-7438.000000,3141.000000,1178.000000
-100.000000,300.000000,0.000000,0.000000,-7480.000000,3141.000000,1374.000000
0.000000,0.000000,0.000000,0.000000,-7460.000000,3141.000000,1374.000000
-100.000000,200.000000,0.000000,0.000000,-7441.000000,3337.000000,1570.000000
-300.000000,-200.000000,0.000000,0.000000,-7416.000000,3534.000000,1767.000000
0.000000,-100.000000,0.000000,0.000000,-7370.000000,3926.000000,1963.000000
0.000000,0.000000,0.000000,0.000000,-7274.000000,3730.000000,1767.000000
0.000000,0.000000,0.000000,0.000000,-7170.000000,3730.000000,1963.000000
-200.000000,0.000000,0.000000,0.000000,-7009.000000,3730.000000,1963.000000
-400.000000,0.000000,0.000000,0.000000,-6778.000000,3730.000000,1963.000000
0.000000,400.000000,0.000000,0.000000,-6567.000000,3534.000000,1963.000000
0.000000,100.000000,0.000000,0.000000,-6370.000000,3534.000000,2159.000000
0.000000,200.000000,0.000000,0.000000,-6103.000000,3337.000000,1963.000000
-100.000000,0.000000,0.000000,0.000000,-5811.000000,3730.000000,2159.000000
0.000000,-100.000000,0.000000,0.000000,-5547.000000,3534.000000,2159.000000
0.000000,0.000000,0.000000,0.000000,-5269.000000,3730.000000,1963.000000
0.000000,0.000000,0.000000,0.000000,-4956.000000,3926.000000,2159.000000
0.000000,0.000000,0.000000,0.000000,-4661.000000,3926.000000,1963.000000
0.000000,0.000000,0.000000,0.000000,-4393.000000,3730.000000,1963.000000
0.000000,0.000000,0.000000,0.000000,-4054.000000,3534.000000,1963.000000
-200.000000,0.000000,0.000000,0.000000,-3757.000000,3534.000000,1963.000000
0.000000,0.000000,0.000000,0.000000,-3479.000000,3337.000000,1963.000000
0.000000,-100.000000,0.000000,0.000000,-3165.000000,3337.000000,1767.000000
-300.000000,-100.000000,0.000000,0.000000,-2909.000000,3141.000000,1767.000000
100.000000,200.000000,0.000000,0.000000,-2676.000000,3141.000000,1570.000000
-100.000000,200.000000,0.000000,0.000000,-2479.000000,3141.000000,1570.000000
0.000000,-100.000000,0.000000,0.000000,-2274.000000,3337.000000,1374.000000
-100.000000,0.000000,0.000000,0.000000,-2131.000000,3337.000000,1570.000000
-200.000000,-100.000000,0.000000,0.000000,-1991.000000,3141.000000,1374.000000
-100.000000,0.000000,0.000000,0.000000,-1844.000000,3141.000000,1374.000000
-300.000000,0.000000,0.000000,0.000000,-1708.000000,3141.000000,1178.000000
0.000000,-100.000000,0.000000,0.000000,-1632.000000,2748.000000,1374.000000
0.000000,300.000000,0.000000,0.000000,-1550.000000,2748.000000,1178.000000
0.000000,-200.000000,0.000000,0.000000,-1483.000000,2552.000000,1178.000000
-300.000000,0.000000,0.000000,0.000000,-1419.000000,2356.000000,981.000000
-200.000000,0.000000,0.000000,0.000000,-1385.000000,2159.000000,981.000000
-100.000000,0.000000,0.000000,0.000000,-1374.000000,2159.000000,785.000000
-200.000000,0.000000,0.000000,0.000000,-1398.000000,1767.000000,981.000000
0.000000,0.000000,0.000000,0.000000,-1469.000000,1767.000000,589.000000
100.000000,100.000000,0.000000,0.000000,-1550.000000,1767.000000,589.000000
-100.000000,-100.000000,0.000000,0.000000,-1625.000000,1570.000000,589.000000
0.000000,0.000000,0.000000,0.000000,-1752.000000,1570.000000,589.000000
-600.000000,100.000000,0.000000,0.000000,-1918.000000,1767.000000,392.000000
-100.000000,0.000000,0.000000,0.000000,-2079.000000,1570.000000,589.000000
-200.000000,0.000000,0.000000,0.000000,-2232.000000,1767.000000,392.000000
-100.000000,0.000000,0.000000,0.000000,-2406.000000,1570.000000,392.000000
-100.000000,100.000000,0.000000,0.000000,-2577.000000,1374.000000,196.000000
0.000000,0.000000,0.000000,0.000000,-2784.000000,1374.000000,196.000000
0.000000,0.000000,0.000000,0.000000,-3003.000000,1178.000000,0.000000
-100.000000,0.000000,0.000000,0.000000,-3237.000000,1178.000000,196.000000
-100.000000,100.000000,0.000000,0.000000,-3436.000000,981.000000,196.000000
0.000000,0.000000,0.000000,0.000000,-3673.000000,981.000000,196.000000
0.000000,0.000000,0.000000,0.000000,-3939.000000,785.000000,196.000000
-100.000000,300.000000,0.000000,0.000000,-4188.000000,981.000000,196.000000
-200.000000,500.000000,0.000000,0.000000,-4463.000000,785.000000,0.000000
0.000000,-200.000000,0.000000,0.000000,-4687.000000,1178.000000,0.000000
0.000000,0.000000,0.000000,0.000000,-4901.000000,981.000000,0.000000
-300.000000,200.000000,0.000000,0.000000,-5122.000000,1178.000000,0.000000
-200.000000,0.000000,0.000000,0.000000,-5361.000000,1178.000000,196.000000
-100.000000,100.000000,0.000000,0.000000,-5560.000000,1178.000000,0.000000
-200.000000,0.000000,0.000000,0.000000,-5786.000000,981.000000,0.000000
-100.000000,0.000000,0.000000,0.000000,-6014.000000,981.000000,196.000000
0.000000,-100.000000,0.000000,0.000000,-6227.000000,981.000000,196.000000
0.000000,-100.000000,0.000000,0.000000,-6424.000000,981.000000,196.000000
-200.000000,-100.000000,156.000000,156.000000,-6538.000000,1178.000000,392.000000
0.000000,100.000000,0.000000,0.000000,-6657.000000,1178.000000,392.000000
-100.000000,200.000000,0.000000,0.000000,-6773.000000,1374.000000,392.000000
-100.000000,0.000000,0.000000,0.000000,-6860.000000,1178.000000,392.000000
-100.000000,0.000000,0.000000,0.000000,-6916.000000,1374.000000,589.000000
200.000000,-100.000000,0.000000,0.000000,-6968.000000,1178.000000,392.000000
-300.000000,0.000000,0.000000,0.000000,-6989.000000,1178.000000,589.000000
-300.000000,0.000000,0.000000,0.000000,-6994.000000,1374.000000,589.000000
0.000000,0.000000,0.000000,0.000000,-6993.000000,1178.000000,785.000000
0.000000,0.000000,0.000000,0.000000,-6972.000000,1178.000000,785.000000
0.000000,200.000000,0.000000,0.000000,-6921.000000,1374.000000,785.000000
0.000000,-100.000000,0.000000,0.000000,-6852.000000,1374.000000,785.000000
100.000000,0.000000,0.000000,0.000000,-6777.000000,1374.000000,981.000000
0.000000,0.000000,0.000000,0.000000,-6668.000000,1570.000000,785.000000
-200.000000,0.000000,0.000000,0.000000,-6511.000000,1178.000000,785.000000
-200.000000,-200.000000,0.000000,0.000000,-6362.000000,1374.000000,981.000000
0.000000,-200.000000,0.000000,0.000000,-6207.000000,1374.000000,785.000000
0.000000,-100.000000,0.000000,0.000000,-6054.000000,1374.000000,981.000000
0.000000,0.000000,0.000000,0.000000,-5872.000000,1374.000000,981.000000
-200.000000,0.000000,0.000000,0.000000,-5700.000000,1374.000000,981.000000
-100.000000,300.000000,0.000000,0.000000,-5521.000000,1374.000000,981.000000
0.000000,0.000000,0.000000,0.000000,-5337.000000,1374.000000,981.000000
0.000000,0.000000,0.000000,0.000000,-5153.000000,1374.000000,981.000000
0.000000,-100.000000,0.000000,0.000000,-4971.000000,1374.000000,785.000000
0.000000,-100.000000,0.000000,0.000000,-4767.000000,1374.000000,981.000000
-100.000000,0.000000,0.000000,0.000000,-4558.000000,1178.000000,981.000000
100.000000,200.000000,0.000000,0.000000,-4355.000000,1178.000000,785.000000
100.000000,0.000000,0.000000,0.000000,-4168.000000,1178.000000,981.000000
-200.000000,0.000000,0.000000,0.000000,-3988.000000,1178.000000,785.000000
-100.000000,100.000000,0.000000,0.000000,-3802.000000,1178.000000,785.000000
100.000000,-200.000000,0.000000,0.000000,-3648.000000,1178.000000,589.000000
0.000000,300.000000,0.000000,0.000000,-3491.000000,1178.000000,589.000000
0.000000,300.000000,0.000000,0.000000,-3361.000000,1178.000000,785.000000
-100.000000,100.000000,0.000000,0.000000,-3237.000000,981.000000,785.000000
200.000000,-200.000000,0.000000,0.000000,-3125.000000,981.000000,589.000000
100.000000,-300.000000,78.000000,78.000000,-3034.000000,785.000000,589.000000
100.000000,-100.000000,0.000000,0.000000,-2936.000000,785.000000,589.000000
-100.000000,0.000000,0.000000,0.000000,-2865.000000,589.000000,392.000000
-100.000000,100.000000,0.000000,0.000000,-2802.000000,589.000000,589.000000
-100.000000,0.000000,0.000000,0.000000,-2753.000000,589.000000,392.000000
0.000000,-200.000000,0.000000,0.000000,-2712.000000,589.000000,392.000000
-200.000000,0.000000,0.000000,0.000000,-2718.000000,392.000000,196.000000
-500.000000,0.000000,0.000000,0.000000,-2703.000000,196.000000,392.000000
0.000000,0.000000,0.000000,0.000000,-2681.000000,392.000000,392.000000
-200.000000,100.000000,0.000000,0.000000,-2711.000000,196.000000,196.000000
-100.000000,0.000000,0.000000,0.000000,-2752.000000,392.000000,196.000000
100.000000,0.000000,0.000000,0.000000,-2806.000000,196.000000,0.000000
-200.000000,0.000000,0.000000,0.000000,-2860.000000,196.000000,0.000000
-500.000000,0.000000,0.000000,0.000000,-2924.000000,0.000000,0.000000
0.000000,0.000000,0.000000,0.000000,-2996.000000,0.000000,0.000000
-100.000000,0.000000,0.000000,0.000000,-3071.000000,0.000000,0.000000
0.000000,0.000000,0.000000,0.000000,-3186.000000,0.000000,0.000000
-100.000000,-100.000000,0.000000,0.000000,-3297.000000,-196.000000,0.000000
-200.000000,0.000000,78.000000,78.000000,-3412.000000,0.000000,0.000000
0.000000,200.000000,0.000000,0.000000,-3526.000000,0.000000,0.000000
-100.000000,-100.000000,0.000000,0.000000,-3667.000000,0.000000,0.000000
100.000000,-200.000000,0.000000,0.000000,-3794.000000,0.000000,0.000000
-200.000000,0.000000,0.000000,0.000000,-3946.000000,0.000000,0.000000
-200.000000,-100.000000,0.000000,0.000000,-4057.000000,0.000000,0.000000
-300.000000,-200.000000,0.000000,0.000000,-4172.000000,0.000000,-196.000000
-100.000000,-100.000000,0.000000,0.000000,-4285.000000,0.000000,0.000000
0.000000,-100.000000,0.000000,0.000000,-4387.000000,0.000000,0.000000
0.000000,-500.000000,0.000000,0.000000,-4479.000000,0.000000,0.000000
-600.000000,-100.000000,0.000000,0.000000,-4579.000000,0.000000,-196.000000
-400.000000,-300.000000,0.000000,0.000000,-4675.000000,0.000000,0.000000
-300.000000,-100.000000,0.000000,0.000000,-4770.000000,0.000000,0.000000
-200.000000,-100.000000,0.000000,0.000000,-4834.000000,0.000000,0.000000
0.000000,-200.000000,0.000000,0.000000,-4903.000000,0.000000,0.000000
0.000000,0.000000,0.000000,0.000000,-4961.000000,-196.000000,0.000000
-400.000000,0.000000,0.000000,0.000000,-4998.000000,0.000000,0.000000
0.000000,-100.000000,0.000000,0.000000,-5019.000000,-196.000000,0.000000
-200.000000,0.000000,0.000000,0.000000,-5030.000000,0.000000,0.000000
0.000000,0.000000,156.000000,156.000000,-5003.000000,0.000000,0.000000
100.000000,0.000000,0.000000,0.000000,-4974.000000,0.000000,0.000000
-100.000000,0.000000,0.000000,0.000000,-4943.000000,0.000000,0.000000
100.000000,-300.000000,0.000000,0.000000,-4900.000000,0.000000,0.000000
100.000000,-100.000000,0.000000,0.000000,-4828.000000,0.000000,0.000000
0.000000,0.000000,0.000000,0.000000,-4753.000000,0.000000,0.000000
-200.000000,-100.000000,0.000000,0.000000,-4686.000000,0.000000,0.000000
-200.000000,-100.000000,0.000000,0.000000,-4609.000000,0.000000,0.000000
-100.000000,-100.000000,0.000000,0.000000,-4505.000000,0.000000,196.000000
0.000000,-100.000000,0.000000,0.000000,-4399.000000,0.000000,0.000000
-300.000000,-300.000000,0.000000,0.000000,-4292.000000,0.000000,0.000000
-100.000000,-200.000000,0.000000,0.000000,-4201.000000,0.000000,0.000000
-200.000000,-200.000000,0.000000,0.000000,-4082.000000,196.000000,0.000000
-100.000000,-200.000000,0.000000,0.000000,-3963.000000,0.000000,0.000000
0.000000,-100.000000,0.000000,0.000000,-3855.000000,0.000000,0.000000
0.000000,0.000000,0.000000,0.000000,-3771.000000,196.000000,0.000000
-200.000000,0.000000,0.000000,0.000000,-3670.000000,0.000000,0.000000
0.000000,0.000000,156.000000,156.000000,-3561.000000,0.000000,0.000000
100.000000,300.000000,0.000000,0.000000,-3459.000000,0.000000,0.000000
-100.000000,-100.000000,0.000000,0.000000,-3352.000000,0.000000,0.000000
-100.000000,0.000000,0.000000,0.000000,-3249.000000,0.000000,0.000000
-300.000000,-200.000000,0.000000,0.000000,-3149.000000,0.000000,0.000000
-100.000000,-100.000000,0.000000,0.000000,-3053.000000,0.000000,0.000000
0.000000,-200.000000,0.000000,0.000000,-2975.000000,0.000000,0.000000
-100.000000,0.000000,0.000000,0.000000,-2904.000000,0.000000,0.000000
0.000000,-100.000000,0.000000,0.000000,-2851.000000,0.000000,0.000000
-100.000000,0.000000,0.000000,0.000000,-2805.000000,0.000000,0.000000
-200.000000,-200.000000,78.000000,78.000000,-2758.000000,0.000000,-196.000000
0.000000,0.000000,0.000000,0.000000,-2735.000000,0.000000,0.000000
0.000000,-200.000000,0.000000,0.000000,-2729.000000,0.000000,0.000000
0.000000,100.000000,0.000000,0.000000,-2716.000000,-196.000000,0.000000
400.000000,-100.000000,0.000000,0.000000,-2687.000000,-196.000000,-196.000000
200.000000,-100.000000,0.000000,0.000000,-2668.000000,0.000000,0.000000
-100.000000,100.000000,0.000000,0.000000,-2674.000000,0.000000,-392.000000
200.000000,-100.000000,0.000000,0.000000,-2673.000000,0.000000,-392.000000
300.000000,-100.000000,0.000000,0.000000,-2672.000000,0.000000,-392.000000
0.000000,0.000000,0.000000,0.000000,-2695.000000,0.000000,-392.000000
100.000000,100.000000,0.000000,0.000000,-2721.000000,-196.000000,-392.000000
300.000000,100.000000,0.000000,0.000000,-2713.000000,0.000000,-392.000000
0.000000,0.000000,0.000000,0.000000,-2710.000000,-196.000000,-196.000000
400.000000,500.000000,0.000000,0.000000,-2733.000000,-392.000000,-196.000000
100.000000,400.000000,0.000000,0.000000,-2777.000000,-392.000000,-196.000000
0.000000,200.000000,0.000000,0.000000,-2818.000000,-196.000000,-196.000000
0.000000,0.000000,0.000000,0.000000,-2848.000000,-392.000000,-589.000000
200.000000,100.000000,0.000000,0.000000,-2869.000000,-392.000000,-392.000000
0.000000,-100.000000,0.000000,0.000000,-2917.000000,-392.000000,-392.000000
0.000000,400.000000,0.000000,0.000000,-2960.000000,-196.000000,-392.000000
0.000000,100.000000,0.000000,0.000000,-2980.000000,-196.000000,-196.000000
300.000000,-100.000000,156.000000,156.000000,-3018.000000,-196.000000,-196.000000
400.000000,200.000000,0.000000,0.000000,-3056.000000,-196.000000,-196.000000
0.000000,200.000000,0.000000,0.000000,-3084.000000,-392.000000,-392.000000
0.000000,-200.000000,0.000000,0.000000,-3114.000000,-392.000000,-392.000000
0.000000,0.000000,0.000000,0.000000,-3153.000000,-392.000000,-196.000000
0.000000,0.000000,0.000000,0.000000,-3199.000000,-196.000000,-196.000000
100.000000,100.000000,0.000000,0.000000,-3218.000000,-196.000000,-392.000000
0.000000,100.000000,0.000000,0.000000,-3236.000000,-196.000000,-196.000000
100.000000,0.000000,0.000000,0.000000,-3277.000000,0.000000,-392.000000
0.000000,300.000000,0.000000,0.000000,-3291.000000,-196.000000,-196.000000
0.000000,-100.000000,0.000000,0.000000,-3266.000000,-196.000000,-392.000000
100.000000,100.000000,0.000000,0.000000,-3300.000000,-392.000000,-196.000000
100.000000,100.000000,0.000000,0.000000,-3331.000000,-392.000000,0.000000
100.000000,200.000000,0.000000,0.000000,-3362.000000,-196.000000,0.000000
0.000000,0.000000,0.000000,0.000000,-3361.000000,-196.000000,0.000000
0.000000,100.000000,0.000000,0.000000,-3364.000000,0.000000,-196.000000
0.000000,-200.000000,0.000000,0.000000,-3382.000000,0.000000,-392.000000
200.000000,-100.000000,0.000000,0.000000,-3370.000000,0.000000,-196.000000
0.000000,-100.000000,0.000000,0.000000,-3350.000000,0.000000,-196.000000
0.000000,0.000000,0.000000,0.000000,-3329.000000,-196.000000,-392.000000
100.000000,200.000000,0.000000,0.000000,-3314.000000,0.000000,0.000000
0.000000,0.000000,0.000000,0.000000,-3286.000000,-196.000000,0.000000
-200.000000,100.000000,0.000000,0.000000,-3262.000000,-196.000000,0.000000
-100.000000,0.000000,0.000000,0.000000,-3256.000000,0.000000,0.000000
0.000000,100.000000,0.000000,0.000000,-3226.000000,0.000000,0.000000
100.000000,100.000000,0.000000,0.000000,-3194.000000,0.000000,0.000000
-100.000000,0.000000,0.000000,0.000000,-3178.000000,0.000000,0.000000
-100.000000,0.000000,0.000000,0.000000,-3159.000000,0.000000,0.000000
0.000000,-300.000000,156.000000,156.000000,-3142.000000,0.000000,-196.000000
-100.000000,400.000000,0.000000,0.000000,-3088.000000,0.000000,0.000000
0.000000,-200.000000,0.000000,0.000000,-3051.000000,0.000000,-196.000000
100.000000,0.000000,0.000000,0.000000,-3024.000000,0.000000,0.000000
-100.000000,0.000000,0.000000,0.000000,-3003.000000,0.000000,0.000000
0.000000,0.000000,0.000000,0.000000,-2954.000000,0.000000,0.000000
-100.000000,0.000000,0.000000,0.000000,-2919.000000,0.000000,0.000000
0.000000,0.000000,0.000000,0.000000,-2893.000000,0.000000,0.000000
0.000000,-100.000000,0.000000,0.000000,-2886.000000,0.000000,0.000000
100.000000,-200.000000,0.000000,0.000000,-2863.000000,0.000000,0.000000
0.000000,-100.000000,0.000000,0.000000,-2838.000000,0.000000,0.000000
0.000000,0.000000,0.000000,0.000000,-2814.000000,0.000000,0.000000
-200.000000,-100.000000,0.000000,0.000000,-2795.000000,0.000000,0.000000
0.000000,-300.000000,0.000000,0.000000,-2780.000000,0.000000,0.000000
0.000000,-100.000000,0.000000,0.000000,-2767.000000,0.000000,0.000000
100.000000,-200.000000,0.000000,0.000000,-2757.000000,0.000000,0.000000
-100.000000,-200.000000,0.000000,0.000000,-2726.000000,0.000000,-196.000000
0.000000,0.000000,0.000000,0.000000,-2717.000000,0.000000,0.000000
-100.000000,-200.000000,0.000000,0.000000,-2703.000000,0.000000,0.000000
-100.000000,-100.000000,0.000000,0.000000,-2691.000000,-196.000000,0.000000
0.000000,0.000000,0.000000,0.000000,-2672.000000,0.000000,0.000000
-200.000000,-300.000000,0.000000,0.000000,-2662.000000,0.000000,0.000000
-100.000000,200.000000,0.000000,0.000000,-2649.000000,0.000000,0.000000
0.000000,0.000000,0.000000,0.000000,-2641.000000,0.000000,0.000000
-100.000000,0.000000,0.000000,0.000000,-2646.000000,0.000000,0.000000
0.000000,-200.000000,0.000000,0.000000,-2648.000000,-196.000000,0.000000
0.000000,100.000000,0.000000,0.000000,-2654.000000,0.000000,0.000000
100.000000,0.000000,0.000000,0.000000,-2666.000000,0.000000,-196.000000
0.000000,300.000000,156.000000,156.000000,-2671.000000,0.000000,0.000000
-200.000000,0.000000,0.000000,0.000000,-2684.000000,0.000000,0.000000
0.000000,0.000000,0.000000,0.000000,-2690.000000,0.000000,0.000000
100.000000,200.000000,0.000000,0.000000,-2705.000000,-196.000000,0.000000
0.000000,0.000000,0.000000,0.000000,-2729.000000,0.000000,0.000000
0.000000,0.000000,0.000000,0.000000,-2746.000000,0.000000,0.000000
200.000000,0.000000,0.000000,0.000000,-2756.000000,-196.000000,0.000000
0.000000,0.000000,0.000000,0.000000,-2782.000000,0.000000,-196.000000
-100.000000,200.000000,0.000000,0.000000,-2799.000000,0.000000,0.000000
0.000000,0.000000,0.000000,0.000000,-2817.000000,0.000000,0.000000
0.000000,-100.000000,0.000000,0.000000,-2823.000000,0.000000,0.000000
-200.000000,-100.000000,0.000000,0.000000,-2873.000000,0.000000,0.000000
200.000000,-100.000000,0.000000,0.000000,-2900.000000,0.000000,0.000000
-100.000000,-100.000000,0.000000,0.000000,-2911.000000,0.000000,0.000000
-300.000000,0.000000,0.000000,0.000000,-2944.000000,0.000000,-196.000000
0.000000,-300.000000,0.000000,0.000000,-2954.000000,0.000000,0.000000
-100.000000,-100.000000,0.000000,0.000000,-2978.000000,0.000000,0.000000
-200.000000,-200.000000,0.000000,0.000000,-2982.000000,0.000000,0.000000
100.000000,0.000000,0.000000,0.000000,-2987.000000,0.000000,-196.000000
0.000000,0.000000,0.000000,0.000000,-2995.000000,0.000000,0.000000
-200.000000,0.000000,78.000000,78.000000,-3019.000000,0.000000,0.000000
0.000000,0.000000,0.000000,0.000000,-3040.000000,0.000000,0.000000
0.000000,0.000000,0.000000,0.000000,-3049.000000,0.000000,-196.000000
100.000000,-200.000000,0.000000,0.000000,-3072.000000,0.000000,0.000000
400.000000,-200.000000,0.000000,0.000000,-3091.000000,0.000000,0.000000
300.000000,-200.000000,0.000000,0.000000,-3118.000000,0.000000,0.000000
-400.000000,-100.000000,0.000000,0.000000,-3143.000000,0.000000,0.000000
-300.000000,-100.000000,0.000000,0.000000,-3163.000000,0.000000,-196.000000
0.000000,-100.000000,0.000000,0.000000,-3190.000000,0.000000,0.000000
0.000000,-300.000000,0.000000,0.000000,-3207.000000,0.000000,0.000000
0.000000,-200.000000,0.000000,0.000000,-3218.000000,0.000000,0.000000
100.000000,-200.000000,0.000000,0.000000,-3238.000000,0.000000,0.000000
0.000000,-300.000000,0.000000,0.000000,-3252.000000,0.000000,0.000000
-200.000000,-100.000000,0.000000,0.000000,-3275.000000,0.000000,0.000000
300.000000,-100.000000,0.000000,0.000000,-3304.000000,0.000000,0.000000
100.000000,0.000000,0.000000,0.000000,-3327.000000,0.000000,0.000000
100.000000,-200.000000,0.000000,0.000000,-3340.000000,0.000000,0.000000
-100.000000,-100.000000,0.000000,0.000000,-3349.000000,0.000000,0.000000
-100.000000,-100.000000,0.000000,0.000000,-3361.000000,0.000000,0.000000
0.000000,-300.000000,0.000000,0.000000,-3365.000000,0.000000,0.000000
0.000000,-100.000000,0.000000,0.000000,-3360.000000,0.000000,0.000000
0.000000,0.000000,0.000000,0.000000,-3371.000000,0.000000,0.000000
0.000000,-100.000000,0.000000,0.000000,-3367.000000,0.000000,0.000000
-100.000000,-100.000000,0.000000,0.000000,-3358.000000,0.000000,0.000000
0.000000,-200.000000,0.000000,0.000000,-3356.000000,0.000000,0.000000
0.000000,0.000000,0.000000,0.000000,-3340.000000,0.000000,0.000000
0.000000,-100.000000,0.000000,0.000000,-3320.000000,0.000000,0.000000
-200.000000,-100.000000,0.000000,0.000000,-3309.000000,0.000000,0.000000
-200.000000,0.000000,0.000000,0.000000,-3300.000000,0.000000,0.000000
0.000000,-200.000000,0.000000,0.000000,-3292.000000,0.000000,0.000000
-100.000000,0.000000,0.000000,0.000000,-3275.000000,0.000000,0.000000
-200.000000,-200.000000,0.000000,0.000000,-3276.000000,0.000000,0.000000
0.000000,-200.000000,0.000000,0.000000,-3270.000000,0.000000,0.000000
-100.000000,-100.000000,0.000000,0.000000,-3265.000000,0.000000,0.000000
0.000000,0.000000,0.000000,0.000000,-3257.000000,0.000000,0.000000
0.000000,-300.000000,0.000000,0.000000,-3234.000000,0.000000,0.000000
-100.000000,-300.000000,0.000000,0.000000,-3229.000000,0.000000,0.000000
0.000000,-200.000000,0.000000,0.000000,-3220.000000,0.000000,0.000000
-100.000000,0.000000,0.000000,0.000000,-3212.000000,0.000000,0.000000
-100.000000,-200.000000,0.000000,0.000000,-3193.000000,0.000000,0.000000
100.000000,-200.000000,0.000000,0.000000,-3187.000000,0.000000,0.000000
-100.000000,0.000000,0.000000,0.000000,-3183.000000,0.000000,0.000000
0.000000,-200.000000,156.000000,156.000000,-3184.000000,0.000000,0.000000
0.000000,300.000000,0.000000,0.000000,-3189.000000,0.000000,0.000000
0.000000,-100.000000,0.000000,0.000000,-3189.000000,0.000000,0.000000
0.000000,-400.000000,0.000000,0.000000,-3184.000000,0.000000,0.000000
-100.000000,-100.000000,0.000000,0.000000,-3191.000000,0.000000,0.000000
-300.000000,0.000000,0.000000,0.000000,-3187.000000,0.000000,0.000000
-200.000000,0.000000,0.000000,0.000000,-3185.000000,0.000000,0.000000
-100.000000,-400.000000,0.000000,0.000000,-3187.000000,0.000000,0.000000
-200.000000,-100.000000,0.000000,0.000000,-3172.000000,0.000000,0.000000
0.000000,-200.000000,0.000000,0.000000,-3145.000000,0.000000,0.000000
-300.000000,-100.000000,0.000000,0.000000,-3135.000000,0.000000,0.000000
-200.000000,-200.000000,0.000000,0.000000,-3137.000000,0.000000,0.000000
-100.000000,-400.000000,0.000000,0.000000,-3128.000000,0.000000,0.000000
0.000000,0.000000,0.000000,0.000000,-3122.000000,0.000000,0.000000
-100.000000,200.000000,0.000000,0.000000,-3127.000000,0.000000,0.000000
0.000000,-200.000000,0.000000,0.000000,-3126.000000,0.000000,0.000000
-100.000000,-100.000000,156.000000,156.000000,-3126.000000,0.000000,0.000000
200.000000,200.000000,153.000000,156.000000,-3112.000000,0.000000,0.000000
200.000000,400.000000,0.000000,0.000000,-3104.000000,0.000000,0.000000
-200.000000,0.000000,0.000000,0.000000,-3107.000000,0.000000,0.000000
-300.000000,-300.000000,0.000000,0.000000,-3118.000000,0.000000,0.000000
0.000000,-400.000000,0.000000,0.000000,-3118.000000,0.000000,0.000000
0.000000,-100.000000,0.000000,0.000000,-3123.000000,0.000000,0.000000
-300.000000,0.000000,0.000000,0.000000,-3107.000000,0.000000,0.000000
-100.000000,-200.000000,0.000000,0.000000,-3105.000000,0.000000,0.000000
