Channel 1,Channel 2,Channel 3,Channel 4,Channel 5,Channel 6,Channel 7
-100.000000,-300.000000,0.000000,0.000000,-3929.000000,0.000000,0.000000
-200.000000,-200.000000,0.000000,0.000000,-3936.000000,0.000000,0.000000
0.000000,-100.000000,0.000000,0.000000,-3934.000000,0.000000,0.000000
-200.000000,-100.000000,0.000000,0.000000,-3922.000000,0.000000,196.000000
0.000000,0.000000,0.000000,0.000000,-3922.000000,0.000000,0.000000
-100.000000,-200.000000,0.000000,0.000000,-3908.000000,0.000000,0.000000
0.000000,0.000000,0.000000,0.000000,-3912.000000,196.000000,-196.000000
100.000000,-200.000000,0.000000,0.000000,-3888.000000,0.000000,0.000000
-300.000000,0.000000,0.000000,0.000000,-3892.000000,0.000000,0.000000
0.000000,100.000000,0.000000,0.000000,-3883.000000,0.000000,0.000000
-100.000000,-200.000000,0.000000,0.000000,-3912.000000,0.000000,0.000000
-100.000000,-200.000000,0.000000,0.000000,-3925.000000,0.000000,0.000000
-100.000000,-100.000000,0.000000,0.000000,-3929.000000,0.000000,0.000000
-100.000000,0.000000,0.000000,0.000000,-3923.000000,0.000000,0.000000
-100.000000,0.000000,0.000000,0.000000,-3917.000000,0.000000,0.000000
-300.000000,0.000000,0.000000,0.000000,-3927.000000,-196.000000,0.000000
0.000000,-100.000000,0.000000,0.000000,-3914.000000,0.000000,0.000000
-100.000000,-300.000000,0.000000,0.000000,-3935.000000,0.000000,196.000000
-100.000000,-100.000000,0.000000,0.000000,-3961.000000,0.000000,0.000000
-200.000000,0.000000,0.000000,0.000000,-3983.000000,0.000000,0.000000
0.000000,0.000000,0.000000,0.000000,-3993.000000,0.000000,0.000000
-200.000000,-100.000000,0.000000,0.000000,-4011.000000,0.000000,0.000000
200.000000,-100.000000,0.000000,0.000000,-4001.000000,0.000000,0.000000
0.000000,-100.000000,0.000000,0.000000,-4016.000000,0.000000,0.000000
0.000000,0.000000,0.000000,0.000000,-4021.000000,0.000000,0.000000
-100.000000,0.000000,0.000000,0.000000,-4026.000000,0.000000,0.000000
200.000000,-100.000000,0.000000,0.000000,-4031.000000,0.000000,0.000000
0.000000,-300.000000,0.000000,0.000000,-4035.000000,0.000000,0.000000
0.000000,-200.000000,0.000000,0.000000,-4018.000000,0.000000,0.000000
-100.000000,0.000000,0.000000,0.000000,-4020.000000,0.000000,0.000000
0.000000,0.000000,0.000000,0.000000,-4020.000000,0.000000,0.000000
100.000000,-100.000000,0.000000,0.000000,-4010.000000,0.000000,0.000000
-200.000000,-100.000000,0.000000,0.000000,-4003.000000,196.000000,0.000000
-200.000000,100.000000,0.000000,0.000000,-4005.000000,0.000000,0.000000
0.000000,-300.000000,0.000000,0.000000,-3974.000000,0.000000,0.000000
-100.000000,-200.000000,0.000000,0.000000,-3965.000000,0.000000,0.000000
-400.000000,0.000000,0.000000,0.000000,-3943.000000,0.000000,0.000000
-200.000000,0.000000,0.000000,0.000000,-3938.000000,0.000000,0.000000
0.000000,0.000000,0.000000,0.000000,-3938.000000,0.000000,0.000000
100.000000,-100.000000,0.000000,0.000000,-3925.000000,0.000000,0.000000
0.000000,100.000000,0.000000,0.000000,-3910.000000,0.000000,0.000000
0.000000,-100.000000,0.000000,0.000000,-3899.000000,0.000000,0.000000
-100.000000,0.000000,0.000000,0.000000,-3863.000000,0.000000,0.000000
0.000000,-100.000000,0.000000,0.000000,-3838.000000,0.000000,0.000000
0.000000,0.000000,0.000000,0.000000,-3815.000000,0.000000,0.000000
0.000000,-100.000000,0.000000,0.000000,-3818.000000,0.000000,0.000000
-100.000000,0.000000,0.000000,0.000000,-3823.000000,0.000000,0.000000
100.000000,-100.000000,0.000000,0.000000,-3839.000000,0.000000,0.000000
0.000000,-200.000000,0.000000,0.000000,-3847.000000,0.000000,0.000000
-100.000000,-200.000000,0.000000,0.000000,-3860.000000,0.000000,0.000000
0.000000,0.000000,0.000000,0.000000,-3865.000000,0.000000,0.000000
0.000000,-300.000000,0.000000,0.000000,-3831.000000,0.000000,0.000000
0.000000,-100.000000,0.000000,0.000000,-3812.000000,0.000000,0.000000
-200.000000,-200.000000,0.000000,0.000000,-3779.000000,0.000000,0.000000
100.000000,0.000000,0.000000,0.000000,-3766.000000,0.000000,0.000000
-200.000000,-200.000000,0.000000,0.000000,-3750.000000,0.000000,0.000000
-100.000000,-200.000000,0.000000,0.000000,-3705.000000,0.000000,-196.000000
-200.000000,0.000000,0.000000,0.000000,-3681.000000,-196.000000,0.000000
-200.000000,-200.000000,0.000000,0.000000,-3666.000000,0.000000,0.000000
0.000000,-100.000000,0.000000,0.000000,-3686.000000,-196.000000,0.000000
-300.000000,0.000000,0.000000,0.000000,-3703.000000,0.000000,0.000000
-100.000000,-100.000000,78.000000,78.000000,-3752.000000,0.000000,0.000000
0.000000,0.000000,0.000000,0.000000,-3827.000000,0.000000,0.000000
-100.000000,-200.000000,0.000000,0.000000,-3894.000000,0.000000,0.000000
0.000000,0.000000,0.000000,0.000000,-3918.000000,0.000000,0.000000
0.000000,0.000000,0.000000,0.000000,-3961.000000,0.000000,0.000000
0.000000,0.000000,0.000000,0.000000,-4014.000000,0.000000,-196.000000
-300.000000,100.000000,0.000000,0.000000,-4072.000000,0.000000,-196.000000
0.000000,100.000000,0.000000,0.000000,-4128.000000,-196.000000,-196.000000
400.000000,0.000000,0.000000,0.000000,-4215.000000,-196.000000,0.000000
-100.000000,0.000000,0.000000,0.000000,-4306.000000,-196.000000,-196.000000
-100.000000,100.000000,0.000000,0.000000,-4379.000000,-196.000000,0.000000
300.000000,100.000000,0.000000,0.000000,-4450.000000,0.000000,-196.000000
300.000000,0.000000,0.000000,0.000000,-4519.000000,-196.000000,0.000000
-100.000000,0.000000,0.000000,0.000000,-4571.000000,0.000000,0.000000
100.000000,0.000000,0.000000,0.000000,-4640.000000,0.000000,0.000000
-100.000000,0.000000,0.000000,0.000000,-4683.000000,0.000000,0.000000
100.000000,300.000000,0.000000,0.000000,-4721.000000,0.000000,0.000000
0.000000,0.000000,0.000000,0.000000,-4745.000000,0.000000,0.000000
0.000000,100.000000,0.000000,0.000000,-4794.000000,0.000000,0.000000
-200.000000,0.000000,0.000000,0.000000,-4820.000000,196.000000,0.000000
-100.000000,0.000000,0.000000,0.000000,-4839.000000,0.000000,0.000000
0.000000,0.000000,0.000000,0.000000,-4846.000000,0.000000,0.000000
0.000000,0.000000,0.000000,0.000000,-4860.000000,0.000000,0.000000
-100.000000,200.000000,0.000000,0.000000,-4831.000000,0.000000,0.000000
-200.000000,-100.000000,0.000000,0.000000,-4790.000000,0.000000,196.000000
-200.000000,100.000000,0.000000,0.000000,-4742.000000,0.000000,0.000000
0.000000,0.000000,0.000000,0.000000,-4686.000000,0.000000,0.000000
-200.000000,-100.000000,0.000000,0.000000,-4632.000000,196.000000,0.000000
0.000000,100.000000,0.000000,0.000000,-4577.000000,196.000000,0.000000
0.000000,0.000000,0.000000,0.000000,-4508.000000,0.000000,0.000000
-100.000000,100.000000,156.000000,156.000000,-4420.000000,0.000000,0.000000
0.000000,300.000000,0.000000,0.000000,-4340.000000,0.000000,196.000000
-200.000000,0.000000,0.000000,0.000000,-4247.000000,0.000000,196.000000
-200.000000,-400.000000,0.000000,0.000000,-4170.000000,0.000000,0.000000
0.000000,-200.000000,0.000000,0.000000,-4096.000000,0.000000,196.000000
-100.000000,-400.000000,0.000000,0.000000,-4033.000000,0.000000,196.000000
-200.000000,0.000000,0.000000,0.000000,-3977.000000,0.000000,196.000000
-200.000000,-100.000000,0.000000,0.000000,-3918.000000,0.000000,0.000000
100.000000,-100.000000,0.000000,0.000000,-3825.000000,0.000000,196.000000
-300.000000,-200.000000,0.000000,0.000000,-3762.000000,0.000000,0.000000
-300.000000,-300.000000,0.000000,0.000000,-3718.000000,0.000000,0.000000
0.000000,-200.000000,0.000000,0.000000,-3695.000000,0.000000,0.000000
-100.000000,-400.000000,0.000000,0.000000,-3640.000000,0.000000,0.000000
0.000000,0.000000,0.000000,0.000000,-3596.000000,0.000000,0.000000
0.000000,-100.000000,0.000000,0.000000,-3555.000000,0.000000,0.000000
0.000000,0.000000,0.000000,0.000000,-3533.000000,0.000000,0.000000
-300.000000,0.000000,0.000000,0.000000,-3509.000000,0.000000,0.000000
-100.000000,-100.000000,0.000000,0.000000,-3523.000000,0.000000,0.000000
0.000000,-200.000000,0.000000,0.000000,-3547.000000,0.000000,0.000000
-100.000000,0.000000,0.000000,0.000000,-3595.000000,0.000000,0.000000
0.000000,0.000000,0.000000,0.000000,-3638.000000,0.000000,0.000000
0.000000,0.000000,0.000000,0.000000,-3684.000000,0.000000,-196.000000
0.000000,19500.000000,20000.000000,20000.000000,-3666.000000,589.000000,981.000000
20500.000000,18200.000000,20000.000000,20000.000000,-3949.000000,4908.000000,3926.000000
18600.000000,19500.000000,20000.000000,20000.000000,-4392.000000,5890.000000,3926.000000
19600.000000,23300.000000,20000.000000,20000.000000,-3133.000000,1767.000000,785.000000
16600.000000,19400.000000,20000.000000,20000.000000,-1648.000000,-1374.000000,-785.000000
20500.000000,19200.000000,20000.000000,20000.000000,-2245.000000,-981.000000,196.000000
19200.000000,17200.000000,20000.000000,20000.000000,-3029.000000,1963.000000,2552.000000
21400.000000,20100.000000,20000.000000,20000.000000,-2222.000000,4123.000000,3730.000000
21000.000000,18800.000000,20000.000000,20000.000000,-862.000000,4908.000000,4319.000000
21900.000000,19700.000000,20000.000000,20000.000000,-84.000000,3730.000000,3730.000000
22900.000000,19700.000000,20000.000000,20000.000000,621.000000,1570.000000,2356.000000
20900.000000,17000.000000,20000.000000,20000.000000,1165.000000,1963.000000,1963.000000
20800.000000,18500.000000,20000.000000,20000.000000,1805.000000,4123.000000,3730.000000
21100.000000,20700.000000,20000.000000,20000.000000,2882.000000,5890.000000,5694.000000
21700.000000,22800.000000,20000.000000,20000.000000,4317.000000,5497.000000,5497.000000
20200.000000,22900.000000,20000.000000,20000.000000,5451.000000,3926.000000,4516.000000
22100.000000,17900.000000,20000.000000,20000.000000,6425.000000,3141.000000,3730.000000
20600.000000,17900.000000,20000.000000,20000.000000,6959.000000,4319.000000,4123.000000
21600.000000,17900.000000,20000.000000,20000.000000,7612.000000,5890.000000,4516.000000
18000.000000,20500.000000,20000.000000,20000.000000,9122.000000,6675.000000,5105.000000
18200.000000,20700.000000,20000.000000,20000.000000,10705.000000,5694.000000,5105.000000
18700.000000,22400.000000,20000.000000,20000.000000,11591.000000,4123.000000,4908.000000
20400.000000,18400.000000,20000.000000,20000.000000,12487.000000,3730.000000,4516.000000
21300.000000,21000.000000,20000.000000,20000.000000,13549.000000,4712.000000,4712.000000
17800.000000,18600.000000,20000.000000,20000.000000,14612.000000,6479.000000,5694.000000
17900.000000,19400.000000,20000.000000,20000.000000,15813.000000,6675.000000,5890.000000
18600.000000,19100.000000,20000.000000,20000.000000,17143.000000,5694.000000,5105.000000
19500.000000,19100.000000,20000.000000,20000.000000,18010.000000,4123.000000,4516.000000
18100.000000,18600.000000,20000.000000,20000.000000,18429.000000,3730.000000,4516.000000
18600.000000,17800.000000,20000.000000,20000.000000,18957.000000,4908.000000,5497.000000
18000.000000,21500.000000,20000.000000,20000.000000,19600.000000,5694.000000,5890.000000
18600.000000,20800.000000,20000.000000,20000.000000,20270.000000,5694.000000,5301.000000
22700.000000,21000.000000,20000.000000,20000.000000,21011.000000,4908.000000,4516.000000
18500.000000,18800.000000,20000.000000,20000.000000,21624.000000,4123.000000,3926.000000
18800.000000,18700.000000,20000.000000,20000.000000,21840.000000,3534.000000,4123.000000
18200.000000,18500.000000,20000.000000,20000.000000,21819.000000,3926.000000,4516.000000
18100.000000,18300.000000,20000.000000,20000.000000,22268.000000,4712.000000,4712.000000
18900.000000,18500.000000,20000.000000,20000.000000,22570.000000,4712.000000,4319.000000
18600.000000,21100.000000,20000.000000,20000.000000,22468.000000,4123.000000,3534.000000
18400.000000,20300.000000,20000.000000,20000.000000,22437.000000,3337.000000,3141.000000
22700.000000,21600.000000,20000.000000,20000.000000,22400.000000,3730.000000,3141.000000
17900.000000,19700.000000,20000.000000,20000.000000,22229.000000,3926.000000,3926.000000
17600.000000,20600.000000,20000.000000,20000.000000,22161.000000,3926.000000,3926.000000
18000.000000,20200.000000,20000.000000,20000.000000,22014.000000,3534.000000,3926.000000
18400.000000,18400.000000,20000.000000,20000.000000,21650.000000,3141.000000,3534.000000
22500.000000,21300.000000,20000.000000,20000.000000,21032.000000,3141.000000,3141.000000
17300.000000,18800.000000,20000.000000,20000.000000,20418.000000,3337.000000,3141.000000
22300.000000,18000.000000,20000.000000,20000.000000,19935.000000,3534.000000,3337.000000
17900.000000,19900.000000,20000.000000,20000.000000,19391.000000,3534.000000,3534.000000
17900.000000,21900.000000,20000.000000,20000.000000,18565.000000,3534.000000,3337.000000
22500.000000,19500.000000,20000.000000,20000.000000,17661.000000,3337.000000,2945.000000
17900.000000,18000.000000,20000.000000,20000.000000,16924.000000,3141.000000,2552.000000
17800.000000,22400.000000,20000.000000,20000.000000,16145.000000,3534.000000,2748.000000
21500.000000,19200.000000,20000.000000,20000.000000,15266.000000,3337.000000,2945.000000
19300.000000,18100.000000,20000.000000,20000.000000,14436.000000,3534.000000,3141.000000
17500.000000,19900.000000,20000.000000,20000.000000,13610.000000,3534.000000,3337.000000
22300.000000,21700.000000,20000.000000,20000.000000,12869.000000,3730.000000,3337.000000
19500.000000,21000.000000,20000.000000,20000.000000,11888.000000,3926.000000,3730.000000
18400.000000,21000.000000,20000.000000,20000.000000,11022.000000,3926.000000,3730.000000
17400.000000,21300.000000,20000.000000,20000.000000,10167.000000,4123.000000,3926.000000
17800.000000,21900.000000,20000.000000,20000.000000,9280.000000,4712.000000,4123.000000
18100.000000,18200.000000,20000.000000,20000.000000,8394.000000,4712.000000,4123.000000
18200.000000,18800.000000,20000.000000,20000.000000,7511.000000,4516.000000,4319.000000
21200.000000,22300.000000,20000.000000,20000.000000,6582.000000,4712.000000,4516.000000
18500.000000,18000.000000,20000.000000,20000.000000,5649.000000,5105.000000,4908.000000
21700.000000,20800.000000,20000.000000,20000.000000,4859.000000,5497.000000,5105.000000
21700.000000,19600.000000,20000.000000,20000.000000,4288.000000,6086.000000,5694.000000
21800.000000,21200.000000,20000.000000,20000.000000,3479.000000,6283.000000,5890.000000
21600.000000,21100.000000,20000.000000,20000.000000,3201.000000,6283.000000,6086.000000
21600.000000,18900.000000,20000.000000,20000.000000,2774.000000,6086.000000,6283.000000
18500.000000,18800.000000,20000.000000,20000.000000,2304.000000,6675.000000,6872.000000
20900.000000,18400.000000,20000.000000,20000.000000,1959.000000,7461.000000,7657.000000
20700.000000,18200.000000,20000.000000,20000.000000,1838.000000,8443.000000,7264.000000
21100.000000,19900.000000,20000.000000,20000.000000,1723.000000,8639.000000,6675.000000
18800.000000,21600.000000,0.000000,0.000000,2046.000000,8050.000000,7461.000000
0.000000,0.000000,0.000000,0.000000,2214.000000,6086.000000,6283.000000
0.000000,100.000000,0.000000,0.000000,1944.000000,3926.000000,4908.000000
-100.000000,-100.000000,0.000000,0.000000,1389.000000,4123.000000,4516.000000
-100.000000,100.000000,0.000000,0.000000,1662.000000,5497.000000,5497.000000
-100.000000,-100.000000,0.000000,0.000000,1842.000000,9032.000000,8443.000000
-100.000000,-100.000000,0.000000,0.000000,2145.000000,10799.000000,10013.000000
-200.000000,0.000000,0.000000,0.000000,1948.000000,11191.000000,10013.000000
-200.000000,0.000000,0.000000,0.000000,1950.000000,10406.000000,9817.000000
-100.000000,0.000000,0.000000,0.000000,2618.000000,9032.000000,9228.000000
0.000000,0.000000,0.000000,0.000000,2925.000000,7068.000000,8443.000000
0.000000,0.000000,0.000000,0.000000,2592.000000,5890.000000,7853.000000
0.000000,200.000000,0.000000,0.000000,2006.000000,5890.000000,5694.000000
-100.000000,100.000000,0.000000,0.000000,1900.000000,5301.000000,6479.000000
0.000000,0.000000,0.000000,0.000000,1904.000000,5497.000000,6086.000000
0.000000,100.000000,0.000000,0.000000,1504.000000,6675.000000,5890.000000
100.000000,0.000000,0.000000,0.000000,1050.000000,8246.000000,5497.000000
0.000000,-100.000000,0.000000,0.000000,727.000000,9032.000000,5890.000000
200.000000,100.000000,0.000000,0.000000,35.000000,9032.000000,7068.000000
-100.000000,0.000000,0.000000,0.000000,-567.000000,8639.000000,8050.000000
-100.000000,100.000000,0.000000,0.000000,-751.000000,8246.000000,8246.000000
0.000000,-100.000000,0.000000,0.000000,-1056.000000,8050.000000,7068.000000
-300.000000,0.000000,0.000000,0.000000,-1617.000000,7068.000000,7264.000000
-100.000000,300.000000,0.000000,0.000000,-1894.000000,6479.000000,7657.000000
0.000000,-100.000000,0.000000,0.000000,-1984.000000,6283.000000,7264.000000
0.000000,0.000000,0.000000,0.000000,-2511.000000,5694.000000,6872.000000
0.000000,-200.000000,0.000000,0.000000,-2988.000000,5694.000000,6872.000000
-100.000000,400.000000,0.000000,0.000000,-3102.000000,6086.000000,6479.000000
-100.000000,-200.000000,0.000000,0.000000,-3187.000000,7657.000000,6479.000000
-100.000000,100.000000,0.000000,0.000000,-3523.000000,8639.000000,6086.000000
0.000000,0.000000,0.000000,0.000000,-3877.000000,8639.000000,5890.000000
-200.000000,0.000000,0.000000,0.000000,-4043.000000,8443.000000,6283.000000
0.000000,-100.000000,0.000000,0.000000,-4230.000000,8246.000000,7461.000000
0.000000,-100.000000,0.000000,0.000000,-4588.000000,7657.000000,7853.000000
0.000000,0.000000,0.000000,0.000000,-4981.000000,7657.000000,7461.000000
-200.000000,100.000000,0.000000,0.000000,-5179.000000,7657.000000,6872.000000
-100.000000,0.000000,0.000000,0.000000,-5381.000000,7068.000000,6872.000000
0.000000,0.000000,0.000000,0.000000,-5583.000000,6872.000000,7068.000000
200.000000,200.000000,0.000000,0.000000,-5894.000000,6872.000000,6479.000000
-100.000000,100.000000,0.000000,0.000000,-6032.000000,6872.000000,6283.000000
0.000000,100.000000,0.000000,0.000000,-6205.000000,8050.000000,6086.000000
-200.000000,0.000000,0.000000,0.000000,-6204.000000,8835.000000,6283.000000
-200.000000,0.000000,0.000000,0.000000,-6390.000000,8835.000000,6675.000000
0.000000,0.000000,0.000000,0.000000,-6670.000000,8835.000000,6675.000000
0.000000,100.000000,0.000000,0.000000,-6467.000000,8443.000000,7657.000000
-100.000000,-100.000000,0.000000,0.000000,-6325.000000,8246.000000,7657.000000
-200.000000,100.000000,0.000000,0.000000,-6395.000000,8050.000000,7461.000000
-100.000000,-200.000000,0.000000,0.000000,-6367.000000,7657.000000,7264.000000
0.000000,0.000000,0.000000,0.000000,-6144.000000,7461.000000,7068.000000
0.000000,-200.000000,0.000000,0.000000,-6113.000000,7264.000000,6872.000000
0.000000,-100.000000,0.000000,0.000000,-6124.000000,7461.000000,6872.000000
0.000000,100.000000,0.000000,0.000000,-6028.000000,8050.000000,7264.000000
-100.000000,0.000000,0.000000,0.000000,-5895.000000,8639.000000,7853.000000
-200.000000,100.000000,0.000000,0.000000,-5908.000000,8835.000000,7657.000000
0.000000,0.000000,0.000000,0.000000,-5791.000000,8639.000000,7461.000000
-200.000000,0.000000,0.000000,0.000000,-5413.000000,8246.000000,7461.000000
-200.000000,0.000000,0.000000,0.000000,-5138.000000,8050.000000,7461.000000
0.000000,0.000000,0.000000,0.000000,-4934.000000,8050.000000,6283.000000
-600.000000,200.000000,0.000000,0.000000,-4654.000000,7657.000000,6479.000000
0.000000,200.000000,0.000000,0.000000,-4431.000000,7657.000000,7068.000000
-300.000000,0.000000,0.000000,0.000000,-4363.000000,7461.000000,7461.000000
0.000000,0.000000,0.000000,0.000000,-4240.000000,8050.000000,7264.000000
0.000000,0.000000,0.000000,0.000000,-4025.000000,8246.000000,7264.000000
100.000000,0.000000,0.000000,0.000000,-3840.000000,8639.000000,7264.000000
-100.000000,-100.000000,0.000000,0.000000,-3652.000000,8443.000000,6872.000000
-100.000000,300.000000,0.000000,0.000000,-3392.000000,8246.000000,6675.000000
-200.000000,0.000000,0.000000,0.000000,-3184.000000,8050.000000,5497.000000
0.000000,200.000000,0.000000,0.000000,-2968.000000,7853.000000,6086.000000
0.000000,0.000000,0.000000,0.000000,-2807.000000,7657.000000,6675.000000
0.000000,0.000000,0.000000,0.000000,-2659.000000,7461.000000,6675.000000
0.000000,300.000000,0.000000,0.000000,-2510.000000,7461.000000,6872.000000
-100.000000,0.000000,0.000000,0.000000,-2314.000000,7264.000000,6675.000000
-100.000000,200.000000,0.000000,0.000000,-2164.000000,7461.000000,6479.000000
-100.000000,-100.000000,0.000000,0.000000,-2146.000000,7657.000000,6675.000000
-100.000000,-100.000000,0.000000,0.000000,-2122.000000,7461.000000,6283.000000
-200.000000,0.000000,0.000000,0.000000,-2042.000000,7264.000000,6086.000000
100.000000,200.000000,0.000000,0.000000,-2055.000000,7264.000000,6086.000000
-200.000000,100.000000,0.000000,0.000000,-2022.000000,7068.000000,6086.000000
0.000000,200.000000,0.000000,0.000000,-2037.000000,7068.000000,5890.000000
-200.000000,-100.000000,0.000000,0.000000,-2116.000000,6675.000000,5694.000000
-200.000000,-100.000000,0.000000,0.000000,-2310.000000,6675.000000,5890.000000
-200.000000,200.000000,0.000000,0.000000,-2383.000000,6675.000000,5301.000000
0.000000,0.000000,0.000000,0.000000,-2438.000000,6675.000000,4712.000000
0.000000,0.000000,0.000000,0.000000,-2572.000000,6479.000000,5301.000000
0.000000,0.000000,0.000000,0.000000,-2748.000000,6675.000000,5301.000000
0.000000,0.000000,0.000000,0.000000,-2842.000000,6479.000000,5105.000000
-100.000000,0.000000,0.000000,0.000000,-2824.000000,6479.000000,5301.000000
-100.000000,0.000000,0.000000,0.000000,-3043.000000,6283.000000,5105.000000
100.000000,-100.000000,0.000000,0.000000,-3324.000000,6283.000000,5105.000000
-100.000000,0.000000,0.000000,0.000000,-3516.000000,6086.000000,5105.000000
-100.000000,200.000000,0.000000,0.000000,-3693.000000,6086.000000,4908.000000
0.000000,0.000000,0.000000,0.000000,-4041.000000,6086.000000,5105.000000
-100.000000,0.000000,0.000000,0.000000,-4349.000000,6086.000000,4516.000000
0.000000,-100.000000,0.000000,0.000000,-4577.000000,6086.000000,4712.000000
0.000000,0.000000,0.000000,0.000000,-4885.000000,6086.000000,4908.000000
0.000000,0.000000,0.000000,0.000000,-5159.000000,5890.000000,4908.000000
-100.000000,0.000000,0.000000,0.000000,-5380.000000,5890.000000,4908.000000
-100.000000,0.000000,0.000000,0.000000,-5557.000000,5890.000000,5301.000000
100.000000,0.000000,0.000000,0.000000,-5845.000000,6086.000000,5497.000000
0.000000,-200.000000,0.000000,0.000000,-6122.000000,5890.000000,5497.000000
0.000000,200.000000,0.000000,0.000000,-6275.000000,6086.000000,5301.000000
-200.000000,0.000000,0.000000,0.000000,-6490.000000,5890.000000,4908.000000
100.000000,100.000000,0.000000,0.000000,-6739.000000,5890.000000,4908.000000
0.000000,0.000000,0.000000,0.000000,-6878.000000,5890.000000,4908.000000
0.000000,-100.000000,0.000000,0.000000,-6957.000000,6086.000000,5105.000000
0.000000,-100.000000,0.000000,0.000000,-7143.000000,6283.000000,5301.000000
0.000000,0.000000,0.000000,0.000000,-7260.000000,6086.000000,5301.000000
0.000000,0.000000,0.000000,0.000000,-7317.000000,6086.000000,5301.000000
-100.000000,0.000000,0.000000,0.000000,-7384.000000,6283.000000,5301.000000
-200.000000,0.000000,0.000000,0.000000,-7564.000000,6283.000000,5301.000000
-200.000000,100.000000,0.000000,0.000000,-7594.000000,6283.000000,5301.000000
-100.000000,-100.000000,0.000000,0.000000,-7491.000000,6479.000000,5497.000000
0.000000,0.000000,0.000000,0.000000,-7564.000000,6479.000000,4712.000000
100.000000,0.000000,0.000000,0.000000,-7535.000000,6283.000000,5105.000000
0.000000,0.000000,0.000000,0.000000,-7496.000000,6479.000000,5301.000000
0.000000,0.000000,0.000000,0.000000,-7393.000000,6675.000000,5497.000000
-100.000000,100.000000,0.000000,0.000000,-7371.000000,6675.000000,5301.000000
0.000000,-200.000000,0.000000,0.000000,-7219.000000,6675.000000,5301.000000
100.000000,0.000000,0.000000,0.000000,-6953.000000,6675.000000,5497.000000
-200.000000,0.000000,0.000000,0.000000,-6918.000000,6479.000000,5694.000000
0.000000,0.000000,0.000000,0.000000,-6731.000000,6675.000000,5497.000000
0.000000,-100.000000,0.000000,0.000000,-6510.000000,6872.000000,5497.000000
0.000000,0.000000,0.000000,0.000000,-6409.000000,6872.000000,5497.000000
-100.000000,0.000000,0.000000,0.000000,-6287.000000,7068.000000,5105.000000
-100.000000,0.000000,0.000000,0.000000,-6110.000000,6872.000000,4123.000000
-200.000000,-100.000000,0.000000,0.000000,-5936.000000,6872.000000,5694.000000
-100.000000,0.000000,0.000000,0.000000,-5733.000000,6872.000000,5694.000000
0.000000,0.000000,0.000000,0.000000,-5516.000000,6872.000000,5694.000000
0.000000,0.000000,0.000000,0.000000,-5235.000000,6675.000000,5497.000000
0.000000,-200.000000,0.000000,0.000000,-5093.000000,6675.000000,5497.000000
0.000000,200.000000,0.000000,0.000000,-4925.000000,6479.000000,5694.000000
-200.000000,0.000000,0.000000,0.000000,-4771.000000,6479.000000,5694.000000
0.000000,100.000000,0.000000,0.000000,-4526.000000,6479.000000,5694.000000
0.000000,0.000000,0.000000,0.000000,-4335.000000,6675.000000,5497.000000
0.000000,0.000000,0.000000,0.000000,-4126.000000,6675.000000,5497.000000
0.000000,0.000000,0.000000,0.000000,-3841.000000,6479.000000,5301.000000
0.000000,-200.000000,0.000000,0.000000,-3667.000000,6675.000000,5301.000000
0.000000,0.000000,0.000000,0.000000,-3610.000000,6675.000000,5301.000000
0.000000,0.000000,0.000000,0.000000,-3450.000000,6479.000000,5105.000000
-300.000000,0.000000,0.000000,0.000000,-3319.000000,6479.000000,5105.000000
0.000000,0.000000,0.000000,0.000000,-3176.000000,6283.000000,4908.000000
-300.000000,100.000000,0.000000,0.000000,-3063.000000,6086.000000,4712.000000
0.000000,-200.000000,0.000000,0.000000,-2929.000000,6086.000000,4123.000000
0.000000,0.000000,0.000000,0.000000,-2819.000000,5890.000000,4516.000000
0.000000,0.000000,0.000000,0.000000,-2717.000000,6086.000000,4712.000000
-100.000000,100.000000,0.000000,0.000000,-2621.000000,6086.000000,4516.000000
0.000000,-100.000000,0.000000,0.000000,-2619.000000,6086.000000,4516.000000
-100.000000,100.000000,0.000000,0.000000,-2605.000000,6086.000000,4516.000000
0.000000,-200.000000,0.000000,0.000000,-2667.000000,5890.000000,4319.000000
0.000000,-100.000000,0.000000,0.000000,-2756.000000,5694.000000,4319.000000
0.000000,300.000000,0.000000,0.000000,-2849.000000,5694.000000,4319.000000
0.000000,200.000000,0.000000,0.000000,-2900.000000,5497.000000,4319.000000
-100.000000,0.000000,0.000000,0.000000,-2839.000000,5497.000000,4123.000000
-100.000000,0.000000,0.000000,0.000000,-2896.000000,5497.000000,4319.000000
0.000000,0.000000,0.000000,0.000000,-3040.000000,5301.000000,3337.000000
0.000000,-100.000000,0.000000,0.000000,-3159.000000,5497.000000,3926.000000
-100.000000,-300.000000,0.000000,0.000000,-3346.000000,5497.000000,3926.000000
0.000000,-200.000000,0.000000,0.000000,-3554.000000,5497.000000,3926.000000
-200.000000,-100.000000,0.000000,0.000000,-3702.000000,5694.000000,3534.000000
-100.000000,200.000000,0.000000,0.000000,-3780.000000,5694.000000,3730.000000
-200.000000,0.000000,0.000000,0.000000,-4009.000000,5694.000000,3926.000000
0.000000,-100.000000,0.000000,0.000000,-4148.000000,5497.000000,4123.000000
0.000000,100.000000,0.000000,0.000000,-4235.000000,5301.000000,3926.000000
-100.000000,-100.000000,0.000000,0.000000,-4380.000000,5301.000000,4123.000000
-100.000000,-100.000000,0.000000,0.000000,-4617.000000,5301.000000,3730.000000
0.000000,0.000000,0.000000,0.000000,-4807.000000,5105.000000,3730.000000
-200.000000,0.000000,0.000000,0.000000,-4930.000000,5497.000000,3534.000000
0.000000,0.000000,0.000000,0.000000,-5112.000000,5301.000000,3534.000000
-100.000000,200.000000,0.000000,0.000000,-5285.000000,5497.000000,3534.000000
-100.000000,-100.000000,0.000000,0.000000,-5399.000000,5497.000000,3730.000000
0.000000,0.000000,0.000000,0.000000,-5532.000000,5497.000000,3926.000000
0.000000,0.000000,0.000000,0.000000,-5683.000000,5497.000000,3926.000000
0.000000,200.000000,0.000000,0.000000,-5807.000000,5497.000000,3926.000000
-200.000000,0.000000,0.000000,0.000000,-5951.000000,5694.000000,3926.000000
-100.000000,200.000000,0.000000,0.000000,-6057.000000,5497.000000,3534.000000
0.000000,0.000000,0.000000,0.000000,-6135.000000,5497.000000,3730.000000
0.000000,-100.000000,0.000000,0.000000,-6206.000000,5497.000000,3534.000000
-200.000000,100.000000,0.000000,0.000000,-6315.000000,5497.000000,3926.000000
-200.000000,300.000000,0.000000,0.000000,-6350.000000,5694.000000,4123.000000
-100.000000,-100.000000,0.000000,0.000000,-6388.000000,5694.000000,4516.000000
0.000000,-100.000000,0.000000,0.000000,-6365.000000,5694.000000,3730.000000
-100.000000,0.000000,0.000000,0.000000,-6385.000000,5694.000000,3534.000000
0.000000,0.000000,0.000000,0.000000,-6343.000000,5497.000000,3730.000000
-100.000000,-100.000000,0.000000,0.000000,-6332.000000,5497.000000,3926.000000
-200.000000,0.000000,0.000000,0.000000,-6300.000000,5497.000000,3730.000000
0.000000,100.000000,0.000000,0.000000,-6196.000000,5890.000000,3730.000000
100.000000,0.000000,0.000000,0.000000,-6129.000000,5890.000000,3926.000000
0.000000,0.000000,0.000000,0.000000,-6025.000000,5694.000000,4123.000000
-100.000000,0.000000,0.000000,0.000000,-5887.000000,5694.000000,4319.000000
0.000000,0.000000,0.000000,0.000000,-5711.000000,5497.000000,4516.000000
-100.000000,0.000000,0.000000,0.000000,-5581.000000,5497.000000,4319.000000
-300.000000,0.000000,0.000000,0.000000,-5438.000000,5694.000000,4123.000000
0.000000,-100.000000,0.000000,0.000000,-5242.000000,5497.000000,4123.000000
100.000000,0.000000,0.000000,0.000000,-5064.000000,5694.000000,3730.000000
-100.000000,100.000000,0.000000,0.000000,-4942.000000,5694.000000,3730.000000
-100.000000,0.000000,0.000000,0.000000,-4831.000000,5497.000000,3926.000000
-100.000000,0.000000,0.000000,0.000000,-4623.000000,5890.000000,3337.000000
0.000000,0.000000,0.000000,0.000000,-4457.000000,5694.000000,3337.000000
100.000000,300.000000,0.000000,0.000000,-4311.000000,5497.000000,3926.000000
0.000000,-100.000000,0.000000,0.000000,-4068.000000,5694.000000,4123.000000
0.000000,0.000000,0.000000,0.000000,-3864.000000,5301.000000,4123.000000
0.000000,0.000000,0.000000,0.000000,-3797.000000,5497.000000,3730.000000
-200.000000,100.000000,0.000000,0.000000,-3660.000000,5301.000000,3730.000000
0.000000,100.000000,0.000000,0.000000,-3478.000000,5301.000000,3534.000000
-100.000000,-100.000000,0.000000,0.000000,-3415.000000,5301.000000,3337.000000
-100.000000,-200.000000,0.000000,0.000000,-3258.000000,5301.000000,3337.000000
-100.000000,0.000000,0.000000,0.000000,-3135.000000,5105.000000,3730.000000
0.000000,0.000000,0.000000,0.000000,-3023.000000,5105.000000,3730.000000
0.000000,-100.000000,0.000000,0.000000,-2935.000000,5105.000000,3730.000000
-500.000000,0.000000,0.000000,0.000000,-2835.000000,5105.000000,3730.000000
-200.000000,0.000000,0.000000,0.000000,-2824.000000,5105.000000,3337.000000
0.000000,-100.000000,0.000000,0.000000,-2829.000000,4908.000000,3337.000000
0.000000,-100.000000,0.000000,0.000000,-2700.000000,4908.000000,3141.000000
100.000000,100.000000,0.000000,0.000000,-2703.000000,4908.000000,2945.000000
0.000000,0.000000,0.000000,0.000000,-2750.000000,4712.000000,3141.000000
0.000000,200.000000,0.000000,0.000000,-2737.000000,4516.000000,2945.000000
-600.000000,400.000000,0.000000,0.000000,-2731.000000,4319.000000,3141.000000
100.000000,0.000000,0.000000,0.000000,-2814.000000,4319.000000,3337.000000
0.000000,-100.000000,0.000000,0.000000,-2938.000000,4319.000000,3141.000000
0.000000,0.000000,0.000000,0.000000,-2991.000000,4319.000000,3141.000000
0.000000,-100.000000,0.000000,0.000000,-3054.000000,4123.000000,2748.000000
0.000000,-100.000000,0.000000,0.000000,-3199.000000,4319.000000,2748.000000
-100.000000,-100.000000,0.000000,0.000000,-3257.000000,4123.000000,2552.000000
100.000000,0.000000,0.000000,0.000000,-3331.000000,4123.000000,2552.000000
-100.000000,-100.000000,0.000000,0.000000,-3492.000000,4123.000000,2356.000000
0.000000,0.000000,0.000000,0.000000,-3624.000000,3926.000000,2356.000000
-100.000000,0.000000,0.000000,0.000000,-3675.000000,4123.000000,2159.000000
-100.000000,100.000000,0.000000,0.000000,-3770.000000,3730.000000,2356.000000
-100.000000,0.000000,0.000000,0.000000,-3929.000000,3730.000000,2552.000000
0.000000,0.000000,0.000000,0.000000,-4021.000000,3730.000000,2748.000000
-100.000000,200.000000,0.000000,0.000000,-4169.000000,3534.000000,2748.000000
0.000000,200.000000,0.000000,0.000000,-4337.000000,3534.000000,2552.000000
0.000000,100.000000,0.000000,0.000000,-4556.000000,3730.000000,2356.000000
0.000000,0.000000,0.000000,0.000000,-4743.000000,3730.000000,2159.000000
-200.000000,0.000000,0.000000,0.000000,-4954.000000,3926.000000,2159.000000
0.000000,0.000000,0.000000,0.000000,-5117.000000,4123.000000,2159.000000
0.000000,0.000000,0.000000,0.000000,-5279.000000,3926.000000,1963.000000
-200.000000,0.000000,0.000000,0.000000,-5446.000000,3730.000000,2356.000000
0.000000,0.000000,0.000000,0.000000,-5569.000000,3730.000000,2356.000000
-100.000000,-200.000000,0.000000,0.000000,-5715.000000,3534.000000,2552.000000
0.000000,0.000000,0.000000,0.000000,-5843.000000,3534.000000,2552.000000
0.000000,0.000000,0.000000,0.000000,-5974.000000,3337.000000,2552.000000
100.000000,0.000000,0.000000,0.000000,-6151.000000,3534.000000,2356.000000
-100.000000,100.000000,0.000000,0.000000,-6232.000000,3730.000000,2356.000000
0.000000,0.000000,0.000000,0.000000,-6280.000000,4123.000000,2159.000000
0.000000,-100.000000,0.000000,0.000000,-6281.000000,4123.000000,2159.000000
-100.000000,0.000000,0.000000,0.000000,-6329.000000,3926.000000,2356.000000
-100.000000,0.000000,0.000000,0.000000,-6374.000000,3926.000000,2356.000000
0.000000,-100.000000,0.000000,0.000000,-6339.000000,3926.000000,1963.000000
0.000000,100.000000,0.000000,0.000000,-6379.000000,3534.000000,2159.000000
0.000000,200.000000,0.000000,0.000000,-6471.000000,3534.000000,2159.000000
0.000000,-100.000000,0.000000,0.000000,-6499.000000,3534.000000,2552.000000
-100.000000,-100.000000,0.000000,0.000000,-6551.000000,3926.000000,2356.000000
-100.000000,200.000000,0.000000,0.000000,-6564.000000,3926.000000,2356.000000
-200.000000,-100.000000,0.000000,0.000000,-6541.000000,4123.000000,2552.000000
-100.000000,0.000000,0.000000,0.000000,-6435.000000,4123.000000,2552.000000
-200.000000,200.000000,0.000000,0.000000,-6323.000000,4123.000000,2748.000000
0.000000,0.000000,0.000000,0.000000,-6219.000000,4123.000000,2748.000000
100.000000,0.000000,0.000000,0.000000,-6088.000000,3926.000000,2945.000000
-100.000000,-100.000000,0.000000,0.000000,-5988.000000,3926.000000,2748.000000
0.000000,0.000000,0.000000,0.000000,-5828.000000,3730.000000,2748.000000
-100.000000,-200.000000,0.000000,0.000000,-5653.000000,4123.000000,2748.000000
0.000000,-200.000000,0.000000,0.000000,-5497.000000,3926.000000,2552.000000
0.000000,0.000000,0.000000,0.000000,-5376.000000,4123.000000,2356.000000
100.000000,-100.000000,0.000000,0.000000,-5205.000000,4123.000000,2552.000000
-200.000000,-100.000000,0.000000,0.000000,-4938.000000,3926.000000,2356.000000
100.000000,-200.000000,0.000000,0.000000,-4771.000000,3926.000000,2552.000000
-100.000000,-100.000000,0.000000,0.000000,-4583.000000,3730.000000,2748.000000
100.000000,0.000000,0.000000,0.000000,-4342.000000,3534.000000,2552.000000
0.000000,0.000000,0.000000,0.000000,-4178.000000,3730.000000,2748.000000
0.000000,200.000000,0.000000,0.000000,-4008.000000,3534.000000,2356.000000
0.000000,0.000000,0.000000,0.000000,-3862.000000,3730.000000,2552.000000
200.000000,-100.000000,0.000000,0.000000,-3682.000000,3730.000000,2356.000000
-100.000000,0.000000,0.000000,0.000000,-3485.000000,3730.000000,2159.000000
0.000000,0.000000,0.000000,0.000000,-3350.000000,3534.000000,2159.000000
0.000000,0.000000,0.000000,0.000000,-3150.000000,3337.000000,2356.000000
-100.000000,0.000000,0.000000,0.000000,-2963.000000,3337.000000,1963.000000
100.000000,0.000000,0.000000,0.000000,-2828.000000,3337.000000,1963.000000
0.000000,0.000000,0.000000,0.000000,-2716.000000,2945.000000,1963.000000
0.000000,100.000000,0.000000,0.000000,-2578.000000,3141.000000,1963.000000
0.000000,0.000000,0.000000,0.000000,-2451.000000,2945.000000,1767.000000
0.000000,0.000000,0.000000,0.000000,-2344.000000,3141.000000,1767.000000
-100.000000,0.000000,0.000000,0.000000,-2216.000000,2945.000000,1767.000000
-100.000000,0.000000,0.000000,0.000000,-2162.000000,2945.000000,1570.000000
100.000000,100.000000,0.000000,0.000000,-2152.000000,2945.000000,1570.000000
-100.000000,0.000000,0.000000,0.000000,-2137.000000,2748.000000,1570.000000
0.000000,100.000000,0.000000,0.000000,-2112.000000,2552.000000,1374.000000
0.000000,0.000000,0.000000,0.000000,-2150.000000,2552.000000,1374.000000
100.000000,-200.000000,0.000000,0.000000,-2154.000000,2356.000000,1374.000000
-200.000000,0.000000,0.000000,0.000000,-2207.000000,2159.000000,1178.000000
-100.000000,200.000000,0.000000,0.000000,-2300.000000,2159.000000,1178.000000
0.000000,200.000000,0.000000,0.000000,-2383.000000,2159.000000,981.000000
-100.000000,0.000000,0.000000,0.000000,-2502.000000,2159.000000,981.000000
-100.000000,-100.000000,0.000000,0.000000,-2639.000000,1963.000000,981.000000
-100.000000,0.000000,0.000000,0.000000,-2804.000000,2159.000000,981.000000
-100.000000,0.000000,0.000000,0.000000,-2943.000000,2159.000000,785.000000
0.000000,100.000000,0.000000,0.000000,-3093.000000,1963.000000,785.000000
0.000000,0.000000,0.000000,0.000000,-3273.000000,2159.000000,392.000000
0.000000,0.000000,0.000000,0.000000,-3454.000000,1963.000000,589.000000
-100.000000,0.000000,0.000000,0.000000,-3609.000000,1767.000000,392.000000
0.000000,0.000000,0.000000,0.000000,-3792.000000,1767.000000,392.000000
0.000000,0.000000,0.000000,0.000000,-4000.000000,1570.000000,196.000000
0.000000,0.000000,0.000000,0.000000,-4196.000000,1767.000000,392.000000
0.000000,0.000000,0.000000,0.000000,-4417.000000,1767.000000,196.000000
0.000000,0.000000,0.000000,0.000000,-4633.000000,1767.000000,392.000000
100.000000,-100.000000,0.000000,0.000000,-4854.000000,2159.000000,392.000000
0.000000,0.000000,0.000000,0.000000,-5035.000000,1963.000000,196.000000
0.000000,0.000000,0.000000,0.000000,-5201.000000,1963.000000,196.000000
-100.000000,100.000000,0.000000,0.000000,-5355.000000,2159.000000,196.000000
0.000000,100.000000,0.000000,0.000000,-5483.000000,1963.000000,196.000000
0.000000,-100.000000,0.000000,0.000000,-5629.000000,1963.000000,196.000000
0.000000,-100.000000,0.000000,0.000000,-5739.000000,1963.000000,196.000000
-200.000000,0.000000,0.000000,0.000000,-5834.000000,1963.000000,392.000000
100.000000,0.000000,0.000000,0.000000,-5923.000000,1963.000000,392.000000
-100.000000,0.000000,0.000000,0.000000,-6023.000000,1963.000000,392.000000
200.000000,100.000000,0.000000,0.000000,-6073.000000,1963.000000,196.000000
-100.000000,-100.000000,0.000000,0.000000,-6128.000000,2159.000000,196.000000
0.000000,0.000000,0.000000,0.000000,-6156.000000,1963.000000,392.000000
0.000000,0.000000,0.000000,0.000000,-6179.000000,2159.000000,196.000000
0.000000,200.000000,0.000000,0.000000,-6189.000000,1963.000000,392.000000
0.000000,0.000000,0.000000,0.000000,-6157.000000,1963.000000,589.000000
0.000000,100.000000,0.000000,0.000000,-6144.000000,1963.000000,589.000000
100.000000,-100.000000,0.000000,0.000000,-6119.000000,1963.000000,589.000000
0.000000,-100.000000,0.000000,0.000000,-6057.000000,2159.000000,392.000000
0.000000,200.000000,0.000000,0.000000,-5989.000000,1963.000000,589.000000
-300.000000,0.000000,0.000000,0.000000,-5899.000000,2159.000000,589.000000
0.000000,0.000000,0.000000,0.000000,-5784.000000,2159.000000,392.000000
-100.000000,-100.000000,0.000000,0.000000,-5628.000000,1963.000000,589.000000
0.000000,-300.000000,0.000000,0.000000,-5461.000000,1963.000000,589.000000
0.000000,0.000000,0.000000,0.000000,-5285.000000,1963.000000,589.000000
0.000000,-100.000000,0.000000,0.000000,-5135.000000,1963.000000,785.000000
-100.000000,0.000000,0.000000,0.000000,-4970.000000,1963.000000,785.000000
0.000000,0.000000,0.000000,0.000000,-4802.000000,1767.000000,785.000000
0.000000,0.000000,0.000000,0.000000,-4631.000000,1570.000000,785.000000
0.000000,-100.000000,0.000000,0.000000,-4424.000000,1767.000000,589.000000
-100.000000,0.000000,0.000000,0.000000,-4225.000000,1374.000000,589.000000
0.000000,0.000000,0.000000,0.000000,-4051.000000,1570.000000,589.000000
0.000000,200.000000,0.000000,0.000000,-3880.000000,1570.000000,589.000000
0.000000,0.000000,0.000000,0.000000,-3740.000000,1374.000000,589.000000
0.000000,200.000000,0.000000,0.000000,-3609.000000,1374.000000,392.000000
0.000000,-100.000000,0.000000,0.000000,-3464.000000,1374.000000,589.000000
0.000000,0.000000,0.000000,0.000000,-3340.000000,1178.000000,589.000000
-100.000000,0.000000,0.000000,0.000000,-3203.000000,1178.000000,392.000000
-200.000000,-100.000000,0.000000,0.000000,-3106.000000,1178.000000,392.000000
-100.000000,-100.000000,0.000000,0.000000,-2991.000000,981.000000,392.000000
-100.000000,0.000000,0.000000,0.000000,-2910.000000,981.000000,196.000000
-100.000000,-100.000000,0.000000,0.000000,-2849.000000,785.000000,392.000000
0.000000,0.000000,0.000000,0.000000,-2802.000000,589.000000,196.000000
0.000000,100.000000,0.000000,0.000000,-2771.000000,589.000000,196.000000
0.000000,0.000000,0.000000,0.000000,-2749.000000,589.000000,0.000000
0.000000,-100.000000,0.000000,0.000000,-2747.000000,589.000000,0.000000
-200.000000,0.000000,0.000000,0.000000,-2745.000000,196.000000,0.000000
100.000000,0.000000,0.000000,0.000000,-2743.000000,392.000000,0.000000
-100.000000,100.000000,0.000000,0.000000,-2772.000000,196.000000,196.000000
0.000000,100.000000,0.000000,0.000000,-2813.000000,196.000000,0.000000
0.000000,200.000000,0.000000,0.000000,-2884.000000,196.000000,0.000000
-100.000000,100.000000,0.000000,0.000000,-2969.000000,0.000000,0.000000
-100.000000,100.000000,0.000000,0.000000,-3051.000000,0.000000,0.000000
0.000000,-100.000000,0.000000,0.000000,-3146.000000,0.000000,0.000000
0.000000,-100.000000,0.000000,0.000000,-3247.000000,0.000000,0.000000
0.000000,100.000000,0.000000,0.000000,-3399.000000,-196.000000,0.000000
-200.000000,-100.000000,0.000000,0.000000,-3550.000000,-196.000000,0.000000
-100.000000,100.000000,0.000000,0.000000,-3705.000000,0.000000,0.000000
-100.000000,-200.000000,0.000000,0.000000,-3862.000000,-196.000000,0.000000
-100.000000,100.000000,0.000000,0.000000,-4024.000000,-196.000000,-196.000000
0.000000,100.000000,0.000000,0.000000,-4149.000000,-392.000000,0.000000
0.000000,-100.000000,0.000000,0.000000,-4270.000000,-589.000000,0.000000
0.000000,0.000000,0.000000,0.000000,-4392.000000,-981.000000,0.000000
0.000000,-100.000000,0.000000,0.000000,-4612.000000,-981.000000,0.000000
-100.000000,100.000000,0.000000,0.000000,-4807.000000,-785.000000,-392.000000
0.000000,0.000000,0.000000,0.000000,-4924.000000,-785.000000,-589.000000
0.000000,100.000000,0.000000,0.000000,-5019.000000,-589.000000,-589.000000
200.000000,-100.000000,0.000000,0.000000,-5214.000000,-589.000000,-589.000000
100.000000,200.000000,0.000000,0.000000,-5386.000000,-392.000000,-392.000000
0.000000,100.000000,0.000000,0.000000,-5460.000000,-589.000000,-392.000000
100.000000,-100.000000,0.000000,0.000000,-5502.000000,-785.000000,-196.000000
0.000000,100.000000,0.000000,0.000000,-5583.000000,-785.000000,0.000000
0.000000,100.000000,0.000000,0.000000,-5697.000000,-785.000000,-196.000000
0.000000,200.000000,0.000000,0.000000,-5747.000000,-785.000000,-196.000000
0.000000,0.000000,0.000000,0.000000,-5735.000000,-589.000000,-196.000000
0.000000,-200.000000,0.000000,0.000000,-5719.000000,-589.000000,-196.000000
0.000000,0.000000,0.000000,0.000000,-5739.000000,-589.000000,-196.000000
0.000000,100.000000,0.000000,0.000000,-5756.000000,-392.000000,-196.000000
0.000000,-100.000000,0.000000,0.000000,-5710.000000,-589.000000,0.000000
0.000000,0.000000,0.000000,0.000000,-5663.000000,-392.000000,0.000000
0.000000,100.000000,0.000000,0.000000,-5621.000000,-589.000000,0.000000
0.000000,0.000000,0.000000,0.000000,-5566.000000,-392.000000,0.000000
0.000000,0.000000,0.000000,0.000000,-5512.000000,-589.000000,0.000000
0.000000,-100.000000,0.000000,0.000000,-5422.000000,-392.000000,0.000000
-100.000000,0.000000,0.000000,0.000000,-5316.000000,-392.000000,0.000000
-100.000000,-200.000000,0.000000,0.000000,-5195.000000,-392.000000,0.000000
-100.000000,-100.000000,0.000000,0.000000,-5099.000000,-196.000000,0.000000
-100.000000,200.000000,0.000000,0.000000,-4972.000000,-196.000000,0.000000
-200.000000,100.000000,0.000000,0.000000,-4837.000000,-392.000000,0.000000
0.000000,0.000000,0.000000,0.000000,-4674.000000,-196.000000,0.000000
0.000000,100.000000,0.000000,0.000000,-4528.000000,-392.000000,0.000000
100.000000,200.000000,0.000000,0.000000,-4388.000000,-196.000000,0.000000
-200.000000,200.000000,0.000000,0.000000,-4262.000000,-392.000000,0.000000
-200.000000,0.000000,0.000000,0.000000,-4133.000000,-196.000000,0.000000
0.000000,100.000000,0.000000,0.000000,-3960.000000,-196.000000,0.000000
0.000000,100.000000,0.000000,0.000000,-3796.000000,-196.000000,0.000000
0.000000,0.000000,0.000000,0.000000,-3645.000000,0.000000,0.000000
0.000000,0.000000,0.000000,0.000000,-3485.000000,-392.000000,0.000000
0.000000,0.000000,0.000000,0.000000,-3311.000000,-196.000000,-196.000000
-100.000000,300.000000,0.000000,0.000000,-3195.000000,-392.000000,0.000000
100.000000,0.000000,0.000000,0.000000,-3086.000000,-392.000000,-196.000000
0.000000,0.000000,0.000000,0.000000,-2945.000000,-392.000000,-196.000000
0.000000,0.000000,0.000000,0.000000,-2782.000000,-196.000000,-196.000000
0.000000,0.000000,0.000000,0.000000,-2636.000000,0.000000,-392.000000
0.000000,100.000000,0.000000,0.000000,-2514.000000,-196.000000,-392.000000
0.000000,100.000000,0.000000,0.000000,-2353.000000,-392.000000,-392.000000
-100.000000,100.000000,0.000000,0.000000,-2215.000000,-589.000000,-196.000000
0.000000,200.000000,0.000000,0.000000,-2148.000000,-589.000000,-196.000000
100.000000,0.000000,0.000000,0.000000,-2104.000000,-392.000000,-392.000000
0.000000,-100.000000,0.000000,0.000000,-1973.000000,-392.000000,-589.000000
0.000000,200.000000,0.000000,0.000000,-1864.000000,-589.000000,-785.000000
0.000000,200.000000,0.000000,0.000000,-1799.000000,-392.000000,-785.000000
-100.000000,100.000000,0.000000,0.000000,-1747.000000,-589.000000,-785.000000
0.000000,-100.000000,0.000000,0.000000,-1666.000000,-785.000000,-589.000000
100.000000,-100.000000,0.000000,0.000000,-1621.000000,-589.000000,-785.000000
200.000000,-300.000000,0.000000,0.000000,-1642.000000,-785.000000,-589.000000
100.000000,0.000000,0.000000,0.000000,-1645.000000,-785.000000,-785.000000
100.000000,100.000000,0.000000,0.000000,-1634.000000,-785.000000,-981.000000
0.000000,-200.000000,0.000000,0.000000,-1665.000000,-785.000000,-981.000000
0.000000,-200.000000,0.000000,0.000000,-1723.000000,-785.000000,-1178.000000
0.000000,200.000000,0.000000,0.000000,-1772.000000,-785.000000,-981.000000
100.000000,0.000000,0.000000,0.000000,-1833.000000,-981.000000,-981.000000
100.000000,-100.000000,0.000000,0.000000,-1905.000000,-981.000000,-981.000000
0.000000,300.000000,0.000000,0.000000,-2011.000000,-1178.000000,-1178.000000
0.000000,0.000000,0.000000,0.000000,-2117.000000,-981.000000,-1178.000000
-100.000000,0.000000,0.000000,0.000000,-2200.000000,-1178.000000,-1374.000000
100.000000,-200.000000,0.000000,0.000000,-2298.000000,-1178.000000,-1374.000000
0.000000,200.000000,0.000000,0.000000,-2418.000000,-981.000000,-1374.000000
100.000000,0.000000,0.000000,0.000000,-2497.000000,-1374.000000,-1374.000000
100.000000,100.000000,0.000000,0.000000,-2631.000000,-1178.000000,-1178.000000
0.000000,-200.000000,0.000000,0.000000,-2797.000000,-1178.000000,-1178.000000
100.000000,-300.000000,0.000000,0.000000,-2925.000000,-1178.000000,-1374.000000
-200.000000,100.000000,0.000000,0.000000,-3037.000000,-1178.000000,-1374.000000
0.000000,100.000000,0.000000,0.000000,-3200.000000,-1178.000000,-1178.000000
0.000000,100.000000,0.000000,0.000000,-3363.000000,-1178.000000,-1178.000000
100.000000,0.000000,0.000000,0.000000,-3488.000000,-1178.000000,-1178.000000
200.000000,-200.000000,0.000000,0.000000,-3638.000000,-1178.000000,-1374.000000
0.000000,100.000000,0.000000,0.000000,-3800.000000,-1178.000000,-1178.000000
0.000000,0.000000,0.000000,0.000000,-3993.000000,-1178.000000,-1178.000000
0.000000,-100.000000,0.000000,0.000000,-4126.000000,-1178.000000,-1178.000000
-100.000000,-100.000000,0.000000,0.000000,-4256.000000,-1178.000000,-981.000000
0.000000,100.000000,0.000000,0.000000,-4369.000000,-981.000000,-1178.000000
0.000000,0.000000,0.000000,0.000000,-4464.000000,-1178.000000,-1178.000000
0.000000,0.000000,0.000000,0.000000,-4567.000000,-981.000000,-1178.000000
-100.000000,0.000000,0.000000,0.000000,-4673.000000,-981.000000,-981.000000
0.000000,0.000000,0.000000,0.000000,-4774.000000,-981.000000,-1178.000000
0.000000,100.000000,0.000000,0.000000,-4850.000000,-981.000000,-981.000000
0.000000,100.000000,0.000000,0.000000,-4905.000000,-981.000000,-981.000000
0.000000,100.000000,0.000000,0.000000,-4963.000000,-785.000000,-981.000000
0.000000,200.000000,0.000000,0.000000,-5015.000000,-981.000000,-981.000000
0.000000,0.000000,0.000000,0.000000,-5044.000000,-785.000000,-981.000000
0.000000,0.000000,0.000000,0.000000,-5023.000000,-785.000000,-981.000000
0.000000,-100.000000,0.000000,0.000000,-5057.000000,-589.000000,-981.000000
300.000000,300.000000,0.000000,0.000000,-5052.000000,-785.000000,-981.000000
0.000000,0.000000,0.000000,0.000000,-5019.000000,-589.000000,-981.000000
0.000000,0.000000,0.000000,0.000000,-4985.000000,-589.000000,-785.000000
-100.000000,100.000000,0.000000,0.000000,-4941.000000,-589.000000,-981.000000
100.000000,100.000000,0.000000,0.000000,-4848.000000,-392.000000,-785.000000
0.000000,100.000000,0.000000,0.000000,-4781.000000,-589.000000,-981.000000
0.000000,100.000000,0.000000,0.000000,-4739.000000,-392.000000,-785.000000
0.000000,100.000000,0.000000,0.000000,-4633.000000,-196.000000,-785.000000
100.000000,-100.000000,0.000000,0.000000,-4497.000000,-392.000000,-785.000000
200.000000,100.000000,0.000000,0.000000,-4372.000000,-392.000000,-589.000000
-200.000000,300.000000,0.000000,0.000000,-4229.000000,-392.000000,-785.000000
100.000000,200.000000,0.000000,0.000000,-4112.000000,-392.000000,-785.000000
0.000000,0.000000,0.000000,0.000000,-3946.000000,-196.000000,-589.000000
100.000000,-100.000000,0.000000,0.000000,-3793.000000,-196.000000,-785.000000
100.000000,100.000000,0.000000,0.000000,-3612.000000,-196.000000,-785.000000
0.000000,-100.000000,0.000000,0.000000,-3428.000000,-392.000000,-589.000000
0.000000,200.000000,0.000000,0.000000,-3241.000000,-392.000000,-785.000000
-100.000000,0.000000,0.000000,0.000000,-3093.000000,-196.000000,-589.000000
200.000000,0.000000,0.000000,0.000000,-2930.000000,-196.000000,-785.000000
0.000000,0.000000,0.000000,0.000000,-2744.000000,-196.000000,-785.000000
0.000000,0.000000,0.000000,0.000000,-2557.000000,-196.000000,-785.000000
0.000000,100.000000,0.000000,0.000000,-2405.000000,-196.000000,-785.000000
-100.000000,100.000000,0.000000,0.000000,-2241.000000,-392.000000,-785.000000
-100.000000,100.000000,0.000000,0.000000,-2093.000000,-589.000000,-785.000000
-100.000000,0.000000,0.000000,0.000000,-2015.000000,-392.000000,-785.000000
0.000000,0.000000,0.000000,0.000000,-1949.000000,-392.000000,-785.000000
0.000000,100.000000,0.000000,0.000000,-1822.000000,-392.000000,-981.000000
0.000000,-100.000000,0.000000,0.000000,-1705.000000,-196.000000,-981.000000
-100.000000,100.000000,0.000000,0.000000,-1610.000000,-589.000000,-981.000000
0.000000,100.000000,0.000000,0.000000,-1518.000000,-392.000000,-1178.000000
100.000000,0.000000,0.000000,0.000000,-1432.000000,-589.000000,-981.000000
-100.000000,0.000000,0.000000,0.000000,-1371.000000,-589.000000,-1178.000000
0.000000,100.000000,0.000000,0.000000,-1347.000000,-589.000000,-1178.000000
0.000000,300.000000,0.000000,0.000000,-1360.000000,-589.000000,-1178.000000
0.000000,0.000000,0.000000,0.000000,-1356.000000,-589.000000,-1178.000000
100.000000,100.000000,0.000000,0.000000,-1359.000000,-785.000000,-1374.000000
0.000000,0.000000,0.000000,0.000000,-1413.000000,-589.000000,-1178.000000
0.000000,0.000000,0.000000,0.000000,-1463.000000,-785.000000,-1374.000000
0.000000,0.000000,0.000000,0.000000,-1495.000000,-785.000000,-1570.000000
0.000000,100.000000,0.000000,0.000000,-1606.000000,-981.000000,-1374.000000
0.000000,-100.000000,0.000000,0.000000,-1718.000000,-785.000000,-1374.000000
0.000000,0.000000,0.000000,0.000000,-1818.000000,-981.000000,-1374.000000
0.000000,100.000000,0.000000,0.000000,-1911.000000,-785.000000,-1374.000000
0.000000,-100.000000,0.000000,0.000000,-2047.000000,-981.000000,-1374.000000
0.000000,200.000000,0.000000,0.000000,-2202.000000,-785.000000,-1374.000000
0.000000,100.000000,0.000000,0.000000,-2316.000000,-981.000000,-1178.000000
0.000000,0.000000,0.000000,0.000000,-2457.000000,-1178.000000,-1178.000000
0.000000,200.000000,0.000000,0.000000,-2603.000000,-981.000000,-1178.000000
-200.000000,100.000000,0.000000,0.000000,-2760.000000,-981.000000,-1570.000000
0.000000,0.000000,0.000000,0.000000,-2904.000000,-981.000000,-1374.000000
-100.000000,100.000000,0.000000,0.000000,-3081.000000,-981.000000,-1374.000000
0.000000,100.000000,0.000000,0.000000,-3277.000000,-981.000000,-1570.000000
0.000000,-100.000000,0.000000,0.000000,-3428.000000,-981.000000,-1374.000000
0.000000,200.000000,0.000000,0.000000,-3588.000000,-981.000000,-1374.000000
100.000000,100.000000,0.000000,0.000000,-3764.000000,-1178.000000,-1374.000000
100.000000,0.000000,0.000000,0.000000,-3917.000000,-981.000000,-1178.000000
100.000000,0.000000,0.000000,0.000000,-4081.000000,-981.000000,-1374.000000
100.000000,200.000000,0.000000,0.000000,-4218.000000,-981.000000,-1178.000000
0.000000,0.000000,0.000000,0.000000,-4358.000000,-785.000000,-1374.000000
-100.000000,100.000000,0.000000,0.000000,-4467.000000,-981.000000,-1178.000000
-100.000000,0.000000,0.000000,0.000000,-4571.000000,-785.000000,-1178.000000
-100.000000,-100.000000,0.000000,0.000000,-4689.000000,-981.000000,-1178.000000
0.000000,0.000000,0.000000,0.000000,-4790.000000,-785.000000,-981.000000
