Channel 1,Channel 2,Channel 3,Channel 4,Channel 5,Channel 6,Channel 7
-200.000000,-200.000000,0.000000,0.000000,-3160.000000,0.000000,0.000000
-200.000000,-200.000000,0.000000,0.000000,-3151.000000,0.000000,0.000000
0.000000,-300.000000,0.000000,0.000000,-3148.000000,0.000000,0.000000
0.000000,-200.000000,0.000000,0.000000,-3157.000000,0.000000,0.000000
-300.000000,0.000000,0.000000,0.000000,-3153.000000,0.000000,0.000000
0.000000,-300.000000,0.000000,0.000000,-3149.000000,0.000000,0.000000
-100.000000,-200.000000,0.000000,0.000000,-3152.000000,0.000000,0.000000
-200.000000,-200.000000,0.000000,0.000000,-3153.000000,0.000000,0.000000
0.000000,-200.000000,0.000000,0.000000,-3152.000000,0.000000,0.000000
-200.000000,0.000000,0.000000,0.000000,-3173.000000,0.000000,0.000000
0.000000,-100.000000,156.000000,156.000000,-3170.000000,0.000000,0.000000
-200.000000,-200.000000,0.000000,0.000000,-3183.000000,0.000000,0.000000
0.000000,-200.000000,0.000000,0.000000,-3191.000000,0.000000,0.000000
-100.000000,0.000000,0.000000,0.000000,-3188.000000,0.000000,0.000000
-100.000000,0.000000,0.000000,0.000000,-3197.000000,0.000000,0.000000
0.000000,-200.000000,0.000000,0.000000,-3210.000000,0.000000,0.000000
-100.000000,0.000000,0.000000,0.000000,-3211.000000,0.000000,0.000000
0.000000,-100.000000,0.000000,0.000000,-3228.000000,0.000000,-196.000000
-100.000000,-100.000000,0.000000,0.000000,-3221.000000,0.000000,0.000000
0.000000,-200.000000,0.000000,0.000000,-3226.000000,0.000000,0.000000
-300.000000,0.000000,0.000000,0.000000,-3217.000000,0.000000,0.000000
-100.000000,-100.000000,0.000000,0.000000,-3232.000000,0.000000,0.000000
0.000000,-200.000000,0.000000,0.000000,-3245.000000,0.000000,0.000000
0.000000,0.000000,0.000000,0.000000,-3244.000000,0.000000,0.000000
-200.000000,-100.000000,0.000000,0.000000,-3246.000000,0.000000,0.000000
0.000000,-100.000000,0.000000,0.000000,-3248.000000,0.000000,0.000000
-100.000000,-200.000000,0.000000,0.000000,-3242.000000,0.000000,0.000000
0.000000,-200.000000,0.000000,0.000000,-3248.000000,0.000000,196.000000
0.000000,0.000000,0.000000,0.000000,-3243.000000,0.000000,0.000000
-100.000000,0.000000,0.000000,0.000000,-3249.000000,0.000000,0.000000
0.000000,-200.000000,0.000000,0.000000,-3262.000000,0.000000,0.000000
-100.000000,0.000000,0.000000,0.000000,-3262.000000,0.000000,0.000000
100.000000,0.000000,0.000000,0.000000,-3260.000000,0.000000,0.000000
0.000000,0.000000,78.000000,78.000000,-3253.000000,0.000000,0.000000
0.000000,0.000000,0.000000,0.000000,-3254.000000,0.000000,0.000000
-200.000000,-100.000000,0.000000,0.000000,-3255.000000,0.000000,0.000000
0.000000,0.000000,0.000000,0.000000,-3253.000000,0.000000,0.000000
-100.000000,100.000000,0.000000,0.000000,-3256.000000,0.000000,0.000000
-100.000000,0.000000,0.000000,0.000000,-3261.000000,0.000000,0.000000
-100.000000,0.000000,0.000000,0.000000,-3276.000000,0.000000,0.000000
0.000000,0.000000,0.000000,0.000000,-3261.000000,0.000000,0.000000
-100.000000,-100.000000,0.000000,0.000000,-3262.000000,0.000000,0.000000
-300.000000,0.000000,0.000000,0.000000,-3275.000000,0.000000,0.000000
-200.000000,-200.000000,0.000000,0.000000,-3274.000000,0.000000,0.000000
100.000000,0.000000,0.000000,0.000000,-3266.000000,0.000000,0.000000
0.000000,-200.000000,0.000000,0.000000,-3259.000000,0.000000,0.000000
-200.000000,-100.000000,0.000000,0.000000,-3255.000000,0.000000,0.000000
-100.000000,0.000000,0.000000,0.000000,-3248.000000,0.000000,0.000000
-200.000000,0.000000,0.000000,0.000000,-3254.000000,0.000000,0.000000
-100.000000,-100.000000,0.000000,0.000000,-3256.000000,0.000000,0.000000
0.000000,-200.000000,0.000000,0.000000,-3251.000000,0.000000,0.000000
-100.000000,-100.000000,0.000000,0.000000,-3242.000000,0.000000,0.000000
100.000000,-200.000000,0.000000,0.000000,-3226.000000,0.000000,0.000000
-200.000000,0.000000,0.000000,0.000000,-3218.000000,0.000000,0.000000
0.000000,0.000000,0.000000,0.000000,-3210.000000,0.000000,0.000000
-100.000000,-200.000000,0.000000,0.000000,-3205.000000,0.000000,0.000000
0.000000,-200.000000,0.000000,0.000000,-3216.000000,0.000000,0.000000
0.000000,-200.000000,0.000000,0.000000,-3209.000000,0.000000,0.000000
-100.000000,0.000000,0.000000,0.000000,-3199.000000,0.000000,0.000000
0.000000,-300.000000,0.000000,0.000000,-3203.000000,0.000000,0.000000
-200.000000,100.000000,0.000000,0.000000,-3191.000000,0.000000,0.000000
-100.000000,-200.000000,0.000000,0.000000,-3196.000000,0.000000,0.000000
-200.000000,-200.000000,0.000000,0.000000,-3204.000000,0.000000,0.000000
100.000000,-300.000000,0.000000,0.000000,-3193.000000,0.000000,0.000000
200.000000,400.000000,156.000000,156.000000,-3209.000000,0.000000,0.000000
-100.000000,-200.000000,0.000000,0.000000,-3209.000000,0.000000,0.000000
-100.000000,0.000000,0.000000,0.000000,-3194.000000,0.000000,0.000000
0.000000,0.000000,0.000000,0.000000,-3183.000000,0.000000,0.000000
0.000000,0.000000,0.000000,0.000000,-3183.000000,0.000000,0.000000
0.000000,0.000000,0.000000,0.000000,-3174.000000,0.000000,0.000000
-100.000000,-100.000000,0.000000,0.000000,-3178.000000,0.000000,0.000000
0.000000,200.000000,0.000000,0.000000,-3191.000000,0.000000,0.000000
0.000000,-100.000000,0.000000,0.000000,-3187.000000,0.000000,0.000000
-100.000000,0.000000,0.000000,0.000000,-3192.000000,0.000000,0.000000
-200.000000,-200.000000,0.000000,0.000000,-3186.000000,0.000000,0.000000
0.000000,-300.000000,0.000000,0.000000,-3183.000000,0.000000,0.000000
0.000000,-400.000000,0.000000,0.000000,-3184.000000,0.000000,0.000000
100.000000,100.000000,0.000000,0.000000,-3186.000000,0.000000,0.000000
100.000000,-100.000000,0.000000,0.000000,-3186.000000,0.000000,0.000000
0.000000,0.000000,0.000000,0.000000,-3180.000000,0.000000,0.000000
-200.000000,-200.000000,0.000000,0.000000,-3174.000000,0.000000,0.000000
-100.000000,0.000000,0.000000,0.000000,-3173.000000,0.000000,0.000000
0.000000,-100.000000,0.000000,0.000000,-3186.000000,0.000000,0.000000
0.000000,-300.000000,0.000000,0.000000,-3179.000000,0.000000,0.000000
0.000000,-100.000000,0.000000,0.000000,-3169.000000,0.000000,0.000000
-200.000000,-300.000000,0.000000,0.000000,-3168.000000,0.000000,0.000000
-100.000000,-200.000000,0.000000,0.000000,-3183.000000,0.000000,0.000000
0.000000,0.000000,0.000000,0.000000,-3182.000000,0.000000,0.000000
0.000000,-100.000000,0.000000,0.000000,-3187.000000,0.000000,0.000000
0.000000,-400.000000,0.000000,0.000000,-3181.000000,0.000000,0.000000
-100.000000,0.000000,0.000000,0.000000,-3176.000000,0.000000,0.000000
-200.000000,0.000000,0.000000,0.000000,-3182.000000,0.000000,0.000000
0.000000,-200.000000,0.000000,0.000000,-3192.000000,0.000000,0.000000
-100.000000,100.000000,0.000000,0.000000,-3189.000000,0.000000,0.000000
-200.000000,-300.000000,0.000000,0.000000,-3188.000000,0.000000,0.000000
0.000000,0.000000,0.000000,0.000000,-3192.000000,0.000000,0.000000
-100.000000,800.000000,20000.000000,20000.000000,-3195.000000,0.000000,0.000000
17900.000000,20500.000000,20000.000000,20000.000000,-3332.000000,1963.000000,1570.000000
17700.000000,22000.000000,20000.000000,20000.000000,-3474.000000,4123.000000,4319.000000
19400.000000,20400.000000,20000.000000,20000.000000,-2675.000000,2356.000000,2945.000000
21400.000000,19500.000000,20000.000000,20000.000000,-1805.000000,-196.000000,392.000000
19600.000000,19800.000000,20000.000000,20000.000000,-1714.000000,392.000000,-392.000000
17600.000000,17500.000000,20000.000000,20000.000000,-1767.000000,1374.000000,981.000000
17000.000000,17800.000000,20000.000000,20000.000000,-1322.000000,2748.000000,2748.000000
19000.000000,18700.000000,20000.000000,20000.000000,-355.000000,3926.000000,4123.000000
18100.000000,18400.000000,20000.000000,20000.000000,768.000000,3926.000000,4516.000000
18100.000000,22600.000000,20000.000000,20000.000000,1524.000000,3141.000000,2945.000000
17400.000000,18000.000000,20000.000000,20000.000000,2022.000000,2552.000000,1963.000000
17200.000000,18500.000000,20000.000000,20000.000000,2901.000000,3141.000000,2748.000000
17800.000000,20800.000000,20000.000000,20000.000000,3914.000000,4319.000000,4712.000000
18200.000000,18400.000000,20000.000000,20000.000000,5015.000000,5105.000000,5890.000000
18700.000000,21600.000000,20000.000000,20000.000000,6438.000000,4712.000000,5497.000000
19500.000000,21600.000000,20000.000000,20000.000000,7710.000000,4123.000000,4123.000000
17800.000000,19600.000000,20000.000000,20000.000000,8613.000000,4516.000000,3534.000000
18000.000000,18200.000000,20000.000000,20000.000000,9493.000000,5105.000000,3926.000000
18500.000000,18700.000000,20000.000000,20000.000000,10589.000000,5694.000000,4712.000000
-100.000000,0.000000,0.000000,0.000000,11953.000000,5497.000000,5301.000000
-200.000000,0.000000,0.000000,0.000000,13192.000000,1963.000000,2552.000000
0.000000,0.000000,0.000000,0.000000,13740.000000,392.000000,981.000000
-200.000000,0.000000,0.000000,0.000000,13783.000000,392.000000,785.000000
100.000000,0.000000,0.000000,0.000000,14550.000000,196.000000,1374.000000
-100.000000,200.000000,0.000000,0.000000,15614.000000,1570.000000,3141.000000
-200.000000,-100.000000,0.000000,0.000000,16273.000000,4123.000000,4712.000000
-100.000000,-100.000000,0.000000,0.000000,16481.000000,4908.000000,4712.000000
-200.000000,0.000000,0.000000,0.000000,16000.000000,5105.000000,4319.000000
0.000000,200.000000,0.000000,0.000000,16189.000000,4319.000000,3730.000000
-100.000000,0.000000,0.000000,0.000000,16117.000000,4516.000000,1767.000000
0.000000,300.000000,0.000000,0.000000,15909.000000,3141.000000,0.000000
0.000000,0.000000,0.000000,0.000000,15974.000000,392.000000,-1178.000000
0.000000,100.000000,0.000000,0.000000,15847.000000,-1570.000000,-981.000000
0.000000,0.000000,0.000000,0.000000,14656.000000,-1570.000000,-589.000000
200.000000,200.000000,0.000000,0.000000,13580.000000,-1570.000000,-589.000000
100.000000,0.000000,0.000000,0.000000,13171.000000,-1374.000000,-589.000000
0.000000,-100.000000,0.000000,0.000000,12134.000000,-785.000000,-196.000000
0.000000,0.000000,0.000000,0.000000,10640.000000,-1178.000000,-196.000000
-200.000000,100.000000,0.000000,0.000000,9572.000000,-981.000000,-196.000000
0.000000,100.000000,0.000000,0.000000,8547.000000,-589.000000,-589.000000
0.000000,200.000000,0.000000,0.000000,6964.000000,-392.000000,-1570.000000
0.000000,-100.000000,0.000000,0.000000,5230.000000,-589.000000,-2552.000000
0.000000,200.000000,0.000000,0.000000,4137.000000,-981.000000,-2945.000000
0.000000,100.000000,0.000000,0.000000,3160.000000,-1963.000000,-2748.000000
0.000000,0.000000,0.000000,0.000000,1530.000000,-2748.000000,-2552.000000
0.000000,100.000000,0.000000,0.000000,-460.000000,-3141.000000,-2159.000000
100.000000,100.000000,0.000000,0.000000,-2062.000000,-2748.000000,-2159.000000
-200.000000,0.000000,0.000000,0.000000,-3220.000000,-2945.000000,-1963.000000
-200.000000,-100.000000,0.000000,0.000000,-4922.000000,-2356.000000,-1767.000000
-100.000000,0.000000,0.000000,0.000000,-6806.000000,-1963.000000,-1570.000000
200.000000,100.000000,0.000000,0.000000,-7886.000000,-2159.000000,-1570.000000
100.000000,0.000000,0.000000,0.000000,-9009.000000,-1767.000000,-1570.000000
-100.000000,-100.000000,0.000000,0.000000,-10527.000000,-1570.000000,-1767.000000
0.000000,0.000000,0.000000,0.000000,-11819.000000,-1374.000000,-1570.000000
0.000000,0.000000,0.000000,0.000000,-12587.000000,-1374.000000,-1178.000000
0.000000,0.000000,0.000000,0.000000,-13519.000000,-785.000000,-1374.000000
0.000000,0.000000,0.000000,0.000000,-14638.000000,-785.000000,-981.000000
0.000000,0.000000,0.000000,0.000000,-15426.000000,-392.000000,-785.000000
0.000000,100.000000,0.000000,0.000000,-16003.000000,0.000000,-589.000000
100.000000,-300.000000,0.000000,0.000000,-16755.000000,589.000000,-392.000000
300.000000,-100.000000,0.000000,0.000000,-17496.000000,1178.000000,196.000000
0.000000,0.000000,0.000000,0.000000,-17823.000000,1570.000000,392.000000
-200.000000,0.000000,0.000000,0.000000,-18071.000000,1767.000000,981.000000
0.000000,0.000000,0.000000,0.000000,-18397.000000,1767.000000,1374.000000
-100.000000,0.000000,0.000000,0.000000,-18493.000000,1963.000000,1767.000000
100.000000,0.000000,0.000000,0.000000,-18411.000000,2356.000000,1570.000000
0.000000,200.000000,0.000000,0.000000,-18310.000000,2945.000000,1767.000000
200.000000,100.000000,0.000000,0.000000,-18106.000000,3141.000000,1963.000000
100.000000,0.000000,0.000000,0.000000,-17726.000000,3534.000000,2748.000000
100.000000,-100.000000,0.000000,0.000000,-17265.000000,3534.000000,2945.000000
0.000000,0.000000,0.000000,0.000000,-16697.000000,3730.000000,3534.000000
0.000000,0.000000,0.000000,0.000000,-16041.000000,3926.000000,3534.000000
100.000000,100.000000,0.000000,0.000000,-15316.000000,4319.000000,3534.000000
-200.000000,0.000000,0.000000,0.000000,-14506.000000,4908.000000,3730.000000
0.000000,500.000000,0.000000,0.000000,-13550.000000,4712.000000,3730.000000
0.000000,0.000000,0.000000,0.000000,-12538.000000,4712.000000,4123.000000
-200.000000,100.000000,0.000000,0.000000,-11533.000000,4908.000000,4319.000000
0.000000,0.000000,0.000000,0.000000,-10467.000000,4712.000000,4516.000000
0.000000,0.000000,0.000000,0.000000,-9334.000000,4908.000000,4516.000000
0.000000,-100.000000,0.000000,0.000000,-8221.000000,5497.000000,4712.000000
0.000000,-200.000000,0.000000,0.000000,-7085.000000,5497.000000,4516.000000
0.000000,-100.000000,0.000000,0.000000,-5907.000000,5497.000000,4712.000000
0.000000,100.000000,0.000000,0.000000,-4667.000000,5301.000000,4712.000000
0.000000,0.000000,0.000000,0.000000,-3447.000000,5301.000000,4712.000000
-200.000000,-200.000000,0.000000,0.000000,-2285.000000,4908.000000,4319.000000
100.000000,100.000000,0.000000,0.000000,-1309.000000,4908.000000,4123.000000
-100.000000,0.000000,0.000000,0.000000,-154.000000,4712.000000,4123.000000
-200.000000,100.000000,0.000000,0.000000,877.000000,4712.000000,3926.000000
100.000000,-100.000000,0.000000,0.000000,1819.000000,4516.000000,4123.000000
0.000000,-100.000000,0.000000,0.000000,2776.000000,4516.000000,4123.000000
-100.000000,0.000000,0.000000,0.000000,3775.000000,4319.000000,4123.000000
0.000000,100.000000,0.000000,0.000000,4693.000000,4319.000000,3926.000000
0.000000,100.000000,0.000000,0.000000,5481.000000,3926.000000,3730.000000
-200.000000,100.000000,0.000000,0.000000,6208.000000,3730.000000,3534.000000
0.000000,0.000000,0.000000,0.000000,6859.000000,3730.000000,3337.000000
0.000000,100.000000,0.000000,0.000000,7413.000000,3337.000000,3141.000000
0.000000,200.000000,0.000000,0.000000,7870.000000,3141.000000,2945.000000
0.000000,300.000000,0.000000,0.000000,8243.000000,2945.000000,2356.000000
-100.000000,-100.000000,0.000000,0.000000,8491.000000,2748.000000,2159.000000
0.000000,100.000000,0.000000,0.000000,8671.000000,2552.000000,1963.000000
-100.000000,0.000000,0.000000,0.000000,8697.000000,2159.000000,1570.000000
100.000000,-100.000000,0.000000,0.000000,8623.000000,2356.000000,1374.000000
0.000000,0.000000,0.000000,0.000000,8444.000000,1963.000000,785.000000
0.000000,0.000000,0.000000,0.000000,8142.000000,1570.000000,0.000000
100.000000,-200.000000,0.000000,0.000000,7851.000000,785.000000,-196.000000
100.000000,0.000000,0.000000,0.000000,7605.000000,0.000000,-196.000000
400.000000,100.000000,0.000000,0.000000,7098.000000,-392.000000,-392.000000
100.000000,0.000000,0.000000,0.000000,6282.000000,-589.000000,-392.000000
0.000000,0.000000,0.000000,0.000000,5604.000000,-589.000000,-589.000000
100.000000,100.000000,0.000000,0.000000,5024.000000,-392.000000,-1178.000000
0.000000,200.000000,0.000000,0.000000,4181.000000,-589.000000,-1178.000000
100.000000,0.000000,0.000000,0.000000,3171.000000,-589.000000,-1374.000000
200.000000,0.000000,0.000000,0.000000,2247.000000,-981.000000,-1178.000000
200.000000,-100.000000,0.000000,0.000000,1358.000000,-1178.000000,-1374.000000
0.000000,200.000000,0.000000,0.000000,291.000000,-1374.000000,-1374.000000
0.000000,100.000000,0.000000,0.000000,-828.000000,-1178.000000,-1374.000000
200.000000,0.000000,0.000000,0.000000,-1835.000000,-1178.000000,-1767.000000
100.000000,0.000000,0.000000,0.000000,-2825.000000,-981.000000,-1570.000000
-200.000000,0.000000,0.000000,0.000000,-3889.000000,-1178.000000,-1570.000000
100.000000,0.000000,0.000000,0.000000,-5008.000000,-981.000000,-1570.000000
0.000000,0.000000,0.000000,0.000000,-6008.000000,-1178.000000,-1374.000000
100.000000,0.000000,0.000000,0.000000,-6922.000000,-981.000000,-1178.000000
0.000000,0.000000,0.000000,0.000000,-7876.000000,-981.000000,-1178.000000
0.000000,0.000000,0.000000,0.000000,-8844.000000,-785.000000,-981.000000
100.000000,0.000000,0.000000,0.000000,-9700.000000,-785.000000,-785.000000
0.000000,0.000000,0.000000,0.000000,-10463.000000,-392.000000,-785.000000
200.000000,100.000000,0.000000,0.000000,-11273.000000,-589.000000,-392.000000
0.000000,100.000000,0.000000,0.000000,-11970.000000,-196.000000,-392.000000
-100.000000,0.000000,0.000000,0.000000,-12509.000000,-196.000000,-392.000000
0.000000,-100.000000,0.000000,0.000000,-12984.000000,0.000000,0.000000
100.000000,-100.000000,0.000000,0.000000,-13449.000000,196.000000,196.000000
-200.000000,100.000000,0.000000,0.000000,-13834.000000,196.000000,0.000000
-100.000000,-300.000000,0.000000,0.000000,-14085.000000,0.000000,0.000000
0.000000,0.000000,0.000000,0.000000,-14310.000000,0.000000,0.000000
0.000000,0.000000,0.000000,0.000000,-14471.000000,0.000000,0.000000
-100.000000,-100.000000,0.000000,0.000000,-14483.000000,0.000000,392.000000
-100.000000,100.000000,0.000000,0.000000,-14417.000000,0.000000,1374.000000
0.000000,0.000000,0.000000,0.000000,-14492.000000,589.000000,2748.000000
0.000000,0.000000,0.000000,0.000000,-14464.000000,1963.000000,2748.000000
0.000000,-100.000000,0.000000,0.000000,-14213.000000,3337.000000,2748.000000
0.000000,-100.000000,0.000000,0.000000,-13952.000000,3337.000000,2552.000000
0.000000,200.000000,0.000000,0.000000,-13767.000000,3141.000000,2552.000000
200.000000,200.000000,0.000000,0.000000,-13232.000000,2945.000000,2159.000000
0.000000,0.000000,0.000000,0.000000,-12736.000000,2945.000000,2356.000000
0.000000,200.000000,0.000000,0.000000,-12213.000000,2748.000000,2552.000000
100.000000,0.000000,0.000000,0.000000,-11542.000000,2552.000000,3141.000000
0.000000,0.000000,0.000000,0.000000,-10778.000000,2552.000000,3534.000000
-100.000000,0.000000,0.000000,0.000000,-10053.000000,2356.000000,3337.000000
0.000000,0.000000,0.000000,0.000000,-9399.000000,2552.000000,3730.000000
-100.000000,0.000000,0.000000,0.000000,-8688.000000,3337.000000,3534.000000
-100.000000,200.000000,0.000000,0.000000,-7763.000000,3926.000000,3337.000000
0.000000,100.000000,0.000000,0.000000,-6935.000000,3926.000000,3141.000000
0.000000,0.000000,0.000000,0.000000,-6098.000000,3730.000000,3337.000000
-100.000000,200.000000,0.000000,0.000000,-5144.000000,3534.000000,3730.000000
0.000000,100.000000,0.000000,0.000000,-4207.000000,3337.000000,4123.000000
100.000000,300.000000,0.000000,0.000000,-3422.000000,3141.000000,3926.000000
-100.000000,0.000000,0.000000,0.000000,-2646.000000,3141.000000,3730.000000
200.000000,0.000000,0.000000,0.000000,-1876.000000,2945.000000,3337.000000
0.000000,100.000000,0.000000,0.000000,-1150.000000,2748.000000,3141.000000
-100.000000,-200.000000,0.000000,0.000000,-420.000000,2552.000000,2945.000000
-100.000000,-100.000000,0.000000,0.000000,245.000000,2552.000000,2748.000000
0.000000,200.000000,0.000000,0.000000,898.000000,2356.000000,2356.000000
100.000000,100.000000,0.000000,0.000000,1571.000000,2159.000000,2552.000000
100.000000,100.000000,0.000000,0.000000,2140.000000,2356.000000,2356.000000
100.000000,0.000000,0.000000,0.000000,2587.000000,2159.000000,2159.000000
-100.000000,300.000000,0.000000,0.000000,3064.000000,1963.000000,2159.000000
-200.000000,200.000000,0.000000,0.000000,3476.000000,1963.000000,1963.000000
-100.000000,100.000000,0.000000,0.000000,3761.000000,1963.000000,1767.000000
0.000000,0.000000,0.000000,0.000000,4007.000000,1570.000000,1570.000000
0.000000,0.000000,0.000000,0.000000,4216.000000,1570.000000,1570.000000
-100.000000,0.000000,0.000000,0.000000,4339.000000,1178.000000,1374.000000
-200.000000,-100.000000,0.000000,0.000000,4310.000000,1178.000000,1374.000000
-200.000000,0.000000,0.000000,0.000000,4261.000000,1178.000000,981.000000
0.000000,-100.000000,0.000000,0.000000,4161.000000,785.000000,981.000000
0.000000,100.000000,0.000000,0.000000,3973.000000,589.000000,785.000000
-100.000000,200.000000,0.000000,0.000000,3654.000000,196.000000,589.000000
-200.000000,200.000000,0.000000,0.000000,3344.000000,392.000000,589.000000
-200.000000,0.000000,0.000000,0.000000,3006.000000,196.000000,196.000000
-100.000000,0.000000,0.000000,0.000000,2561.000000,0.000000,0.000000
100.000000,-100.000000,0.000000,0.000000,2038.000000,-196.000000,-196.000000
0.000000,0.000000,0.000000,0.000000,1565.000000,-589.000000,0.000000
0.000000,0.000000,0.000000,0.000000,1144.000000,-981.000000,-196.000000
0.000000,0.000000,0.000000,0.000000,559.000000,-1374.000000,0.000000
200.000000,0.000000,0.000000,0.000000,-205.000000,-1374.000000,-589.000000
0.000000,100.000000,0.000000,0.000000,-881.000000,-1374.000000,-981.000000
0.000000,100.000000,0.000000,0.000000,-1439.000000,-1374.000000,-1178.000000
-200.000000,100.000000,0.000000,0.000000,-2067.000000,-1178.000000,-981.000000
-200.000000,100.000000,0.000000,0.000000,-2814.000000,-981.000000,-1178.000000
0.000000,0.000000,0.000000,0.000000,-3514.000000,-981.000000,-785.000000
200.000000,100.000000,0.000000,0.000000,-4143.000000,-785.000000,-785.000000
100.000000,0.000000,0.000000,0.000000,-4789.000000,-981.000000,-589.000000
200.000000,-100.000000,0.000000,0.000000,-5501.000000,-981.000000,-392.000000
100.000000,0.000000,0.000000,0.000000,-6134.000000,-1178.000000,-589.000000
100.000000,0.000000,0.000000,0.000000,-6744.000000,-1178.000000,-392.000000
0.000000,-100.000000,0.000000,0.000000,-7347.000000,-785.000000,-589.000000
-100.000000,0.000000,0.000000,0.000000,-7917.000000,-785.000000,-589.000000
0.000000,0.000000,0.000000,0.000000,-8436.000000,-785.000000,-392.000000
100.000000,0.000000,0.000000,0.000000,-8944.000000,-392.000000,-392.000000
0.000000,300.000000,0.000000,0.000000,-9436.000000,-392.000000,-196.000000
-100.000000,100.000000,0.000000,0.000000,-9821.000000,0.000000,0.000000
0.000000,100.000000,0.000000,0.000000,-10131.000000,0.000000,196.000000
-200.000000,0.000000,0.000000,0.000000,-10358.000000,196.000000,196.000000
-100.000000,-100.000000,0.000000,0.000000,-10558.000000,0.000000,0.000000
-200.000000,0.000000,0.000000,0.000000,-10708.000000,0.000000,196.000000
-100.000000,0.000000,0.000000,0.000000,-10823.000000,0.000000,0.000000
0.000000,-300.000000,0.000000,0.000000,-10914.000000,0.000000,0.000000
100.000000,0.000000,0.000000,0.000000,-10951.000000,0.000000,196.000000
-100.000000,0.000000,0.000000,0.000000,-10980.000000,0.000000,981.000000
0.000000,0.000000,0.000000,0.000000,-11001.000000,392.000000,1767.000000
200.000000,0.000000,0.000000,0.000000,-10918.000000,1178.000000,2159.000000
0.000000,0.000000,0.000000,0.000000,-10742.000000,2356.000000,1963.000000
0.000000,300.000000,0.000000,0.000000,-10640.000000,2552.000000,1963.000000
0.000000,0.000000,0.000000,0.000000,-10477.000000,2552.000000,1767.000000
0.000000,-100.000000,0.000000,0.000000,-10018.000000,2356.000000,1570.000000
0.000000,-100.000000,0.000000,0.000000,-9480.000000,2159.000000,1570.000000
-300.000000,0.000000,0.000000,0.000000,-9159.000000,2159.000000,1767.000000
0.000000,100.000000,0.000000,0.000000,-8739.000000,1963.000000,2159.000000
0.000000,0.000000,0.000000,0.000000,-8185.000000,1767.000000,2552.000000
0.000000,0.000000,0.000000,0.000000,-7705.000000,1963.000000,2552.000000
0.000000,-100.000000,0.000000,0.000000,-7288.000000,2159.000000,2748.000000
200.000000,200.000000,0.000000,0.000000,-6744.000000,2748.000000,2552.000000
0.000000,0.000000,0.000000,0.000000,-6106.000000,2945.000000,1963.000000
-100.000000,0.000000,0.000000,0.000000,-5499.000000,2945.000000,2356.000000
100.000000,100.000000,0.000000,0.000000,-4881.000000,2748.000000,2159.000000
0.000000,200.000000,0.000000,0.000000,-4152.000000,2748.000000,1963.000000
-200.000000,200.000000,0.000000,0.000000,-3497.000000,2356.000000,2159.000000
-200.000000,0.000000,0.000000,0.000000,-2934.000000,2356.000000,2159.000000
0.000000,-200.000000,0.000000,0.000000,-2339.000000,2356.000000,2552.000000
-200.000000,100.000000,0.000000,0.000000,-1759.000000,2159.000000,2356.000000
-200.000000,100.000000,0.000000,0.000000,-1264.000000,1963.000000,2356.000000
-100.000000,100.000000,0.000000,0.000000,-788.000000,1963.000000,2159.000000
0.000000,0.000000,0.000000,0.000000,-307.000000,2159.000000,1963.000000
-200.000000,100.000000,0.000000,0.000000,110.000000,2356.000000,1963.000000
0.000000,0.000000,0.000000,0.000000,510.000000,2159.000000,1767.000000
0.000000,0.000000,0.000000,0.000000,892.000000,2159.000000,1767.000000
-400.000000,0.000000,0.000000,0.000000,1266.000000,1963.000000,1570.000000
-100.000000,100.000000,0.000000,0.000000,1590.000000,1767.000000,1374.000000
-100.000000,0.000000,0.000000,0.000000,1844.000000,1767.000000,1374.000000
0.000000,200.000000,0.000000,0.000000,2043.000000,1374.000000,1178.000000
0.000000,-100.000000,0.000000,0.000000,2215.000000,1374.000000,1178.000000
200.000000,0.000000,0.000000,0.000000,2330.000000,1178.000000,981.000000
200.000000,0.000000,0.000000,0.000000,2356.000000,1178.000000,785.000000
200.000000,-100.000000,0.000000,0.000000,2294.000000,785.000000,785.000000
-100.000000,100.000000,0.000000,0.000000,2224.000000,785.000000,589.000000
0.000000,0.000000,0.000000,0.000000,2081.000000,392.000000,392.000000
200.000000,0.000000,0.000000,0.000000,1903.000000,392.000000,392.000000
200.000000,0.000000,0.000000,0.000000,1672.000000,196.000000,196.000000
-100.000000,100.000000,0.000000,0.000000,1434.000000,196.000000,0.000000
0.000000,0.000000,0.000000,0.000000,1132.000000,-196.000000,0.000000
0.000000,0.000000,0.000000,0.000000,775.000000,0.000000,0.000000
-100.000000,-100.000000,0.000000,0.000000,399.000000,-196.000000,0.000000
-100.000000,0.000000,0.000000,0.000000,1.000000,0.000000,0.000000
0.000000,-200.000000,0.000000,0.000000,-456.000000,0.000000,-196.000000
0.000000,-200.000000,0.000000,0.000000,-922.000000,0.000000,-196.000000
0.000000,-200.000000,0.000000,0.000000,-1429.000000,0.000000,0.000000
0.000000,200.000000,0.000000,0.000000,-1924.000000,-196.000000,0.000000
-100.000000,200.000000,0.000000,0.000000,-2467.000000,-196.000000,-392.000000
100.000000,200.000000,0.000000,0.000000,-2940.000000,-392.000000,-785.000000
0.000000,0.000000,0.000000,0.000000,-3369.000000,-785.000000,-1178.000000
100.000000,0.000000,0.000000,0.000000,-3882.000000,-785.000000,-1178.000000
-100.000000,0.000000,0.000000,0.000000,-4439.000000,-785.000000,-785.000000
0.000000,0.000000,0.000000,0.000000,-4893.000000,-589.000000,-785.000000
0.000000,100.000000,0.000000,0.000000,-5256.000000,-589.000000,-785.000000
100.000000,0.000000,0.000000,0.000000,-5660.000000,-196.000000,-392.000000
-100.000000,100.000000,0.000000,0.000000,-6112.000000,-196.000000,-392.000000
-200.000000,0.000000,0.000000,0.000000,-6504.000000,-196.000000,-196.000000
100.000000,200.000000,0.000000,0.000000,-6821.000000,196.000000,0.000000
0.000000,0.000000,0.000000,0.000000,-7127.000000,0.000000,0.000000
0.000000,0.000000,0.000000,0.000000,-7446.000000,0.000000,0.000000
-200.000000,0.000000,0.000000,0.000000,-7674.000000,0.000000,0.000000
0.000000,0.000000,0.000000,0.000000,-7892.000000,0.000000,-196.000000
100.000000,-100.000000,0.000000,0.000000,-8058.000000,0.000000,0.000000
-200.000000,100.000000,0.000000,0.000000,-8147.000000,0.000000,0.000000
-100.000000,0.000000,0.000000,0.000000,-8230.000000,196.000000,196.000000
0.000000,200.000000,0.000000,0.000000,-8313.000000,196.000000,0.000000
-100.000000,300.000000,0.000000,0.000000,-8328.000000,0.000000,196.000000
-300.000000,0.000000,0.000000,0.000000,-8290.000000,0.000000,0.000000
0.000000,0.000000,0.000000,0.000000,-8200.000000,0.000000,0.000000
-100.000000,0.000000,0.000000,0.000000,-8110.000000,0.000000,0.000000
0.000000,0.000000,0.000000,0.000000,-7984.000000,589.000000,0.000000
0.000000,100.000000,0.000000,0.000000,-7886.000000,1374.000000,0.000000
0.000000,-100.000000,0.000000,0.000000,-7678.000000,1767.000000,196.000000
0.000000,0.000000,0.000000,0.000000,-7525.000000,1963.000000,785.000000
0.000000,0.000000,0.000000,0.000000,-7371.000000,1767.000000,1178.000000
0.000000,-100.000000,0.000000,0.000000,-7103.000000,1570.000000,1374.000000
-100.000000,-100.000000,0.000000,0.000000,-6718.000000,1570.000000,1374.000000
0.000000,0.000000,0.000000,0.000000,-6465.000000,1374.000000,1374.000000
-100.000000,200.000000,0.000000,0.000000,-6211.000000,1178.000000,1178.000000
0.000000,-100.000000,0.000000,0.000000,-5820.000000,1178.000000,981.000000
0.000000,200.000000,0.000000,0.000000,-5448.000000,1178.000000,981.000000
100.000000,200.000000,156.000000,156.000000,-5197.000000,1374.000000,785.000000
0.000000,-100.000000,0.000000,0.000000,-4879.000000,1767.000000,981.000000
200.000000,0.000000,0.000000,0.000000,-4419.000000,1963.000000,981.000000
-100.000000,0.000000,0.000000,0.000000,-4073.000000,1767.000000,981.000000
-200.000000,100.000000,0.000000,0.000000,-3830.000000,1767.000000,981.000000
0.000000,100.000000,0.000000,0.000000,-3409.000000,1767.000000,1178.000000
0.000000,100.000000,156.000000,156.000000,-3005.000000,1570.000000,981.000000
300.000000,200.000000,0.000000,0.000000,-2758.000000,1374.000000,1178.000000
0.000000,0.000000,0.000000,0.000000,-2520.000000,1374.000000,981.000000
0.000000,300.000000,0.000000,0.000000,-2177.000000,981.000000,785.000000
0.000000,0.000000,156.000000,156.000000,-1874.000000,1178.000000,785.000000
300.000000,-100.000000,0.000000,0.000000,-1683.000000,785.000000,785.000000
0.000000,-200.000000,0.000000,0.000000,-1480.000000,785.000000,589.000000
100.000000,0.000000,0.000000,0.000000,-1208.000000,785.000000,589.000000
-200.000000,-200.000000,0.000000,0.000000,-1003.000000,589.000000,589.000000
-300.000000,-300.000000,0.000000,0.000000,-889.000000,589.000000,589.000000
0.000000,-200.000000,0.000000,0.000000,-774.000000,392.000000,392.000000
-100.000000,-200.000000,0.000000,0.000000,-631.000000,392.000000,196.000000
-300.000000,0.000000,0.000000,0.000000,-550.000000,392.000000,392.000000
0.000000,200.000000,0.000000,0.000000,-556.000000,196.000000,392.000000
100.000000,-100.000000,0.000000,0.000000,-571.000000,392.000000,196.000000
100.000000,0.000000,0.000000,0.000000,-555.000000,196.000000,196.000000
-300.000000,0.000000,0.000000,0.000000,-619.000000,0.000000,0.000000
200.000000,-200.000000,0.000000,0.000000,-752.000000,0.000000,0.000000
-100.000000,0.000000,0.000000,0.000000,-828.000000,0.000000,0.000000
100.000000,0.000000,0.000000,0.000000,-923.000000,0.000000,0.000000
0.000000,-100.000000,0.000000,0.000000,-1109.000000,0.000000,0.000000
-100.000000,-100.000000,0.000000,0.000000,-1328.000000,0.000000,0.000000
200.000000,-200.000000,0.000000,0.000000,-1514.000000,0.000000,0.000000
-100.000000,-200.000000,0.000000,0.000000,-1702.000000,0.000000,0.000000
0.000000,0.000000,78.000000,78.000000,-1983.000000,0.000000,0.000000
100.000000,0.000000,0.000000,0.000000,-2269.000000,0.000000,-196.000000
-100.000000,0.000000,0.000000,0.000000,-2499.000000,-196.000000,-196.000000
0.000000,-100.000000,0.000000,0.000000,-2757.000000,-196.000000,0.000000
0.000000,0.000000,0.000000,0.000000,-3086.000000,0.000000,0.000000
100.000000,300.000000,0.000000,0.000000,-3375.000000,-196.000000,-196.000000
0.000000,300.000000,0.000000,0.000000,-3591.000000,-392.000000,-392.000000
-100.000000,0.000000,0.000000,0.000000,-3871.000000,-589.000000,-785.000000
-200.000000,200.000000,0.000000,0.000000,-4120.000000,-981.000000,-981.000000
100.000000,0.000000,0.000000,0.000000,-4370.000000,-981.000000,-981.000000
0.000000,0.000000,0.000000,0.000000,-4652.000000,-785.000000,-785.000000
-100.000000,0.000000,0.000000,0.000000,-4880.000000,-785.000000,-785.000000
-100.000000,300.000000,0.000000,0.000000,-5043.000000,-589.000000,-589.000000
0.000000,200.000000,0.000000,0.000000,-5209.000000,-392.000000,-589.000000
100.000000,300.000000,0.000000,0.000000,-5412.000000,-392.000000,-392.000000
400.000000,0.000000,0.000000,0.000000,-5601.000000,-196.000000,-196.000000
100.000000,0.000000,0.000000,0.000000,-5748.000000,-392.000000,-196.000000
0.000000,0.000000,78.000000,78.000000,-5855.000000,0.000000,-196.000000
0.000000,0.000000,0.000000,0.000000,-5968.000000,-196.000000,-196.000000
100.000000,0.000000,0.000000,0.000000,-6076.000000,-196.000000,-196.000000
-100.000000,-100.000000,0.000000,0.000000,-6144.000000,-196.000000,-392.000000
-400.000000,200.000000,0.000000,0.000000,-6131.000000,0.000000,-392.000000
-200.000000,0.000000,0.000000,0.000000,-6099.000000,0.000000,-392.000000
0.000000,0.000000,0.000000,0.000000,-6101.000000,0.000000,-196.000000
0.000000,-200.000000,0.000000,0.000000,-6050.000000,0.000000,0.000000
200.000000,-100.000000,0.000000,0.000000,-5952.000000,0.000000,196.000000
0.000000,100.000000,0.000000,0.000000,-5862.000000,0.000000,0.000000
0.000000,0.000000,0.000000,0.000000,-5764.000000,0.000000,0.000000
-100.000000,-200.000000,0.000000,0.000000,-5610.000000,0.000000,0.000000
0.000000,-600.000000,0.000000,0.000000,-5438.000000,0.000000,0.000000
0.000000,-200.000000,0.000000,0.000000,-5270.000000,0.000000,0.000000
-200.000000,-100.000000,0.000000,0.000000,-5097.000000,196.000000,0.000000
-100.000000,0.000000,0.000000,0.000000,-4903.000000,196.000000,196.000000
100.000000,-100.000000,0.000000,0.000000,-4716.000000,0.000000,0.000000
-100.000000,-100.000000,0.000000,0.000000,-4511.000000,0.000000,0.000000
-100.000000,0.000000,0.000000,0.000000,-4293.000000,0.000000,0.000000
-200.000000,0.000000,0.000000,0.000000,-4075.000000,0.000000,0.000000
-100.000000,0.000000,0.000000,0.000000,-3856.000000,0.000000,0.000000
-100.000000,0.000000,0.000000,0.000000,-3636.000000,0.000000,0.000000
-200.000000,200.000000,0.000000,0.000000,-3432.000000,0.000000,0.000000
100.000000,0.000000,0.000000,0.000000,-3207.000000,196.000000,0.000000
0.000000,0.000000,78.000000,78.000000,-3004.000000,0.000000,0.000000
-100.000000,400.000000,0.000000,0.000000,-2829.000000,0.000000,0.000000
-200.000000,-100.000000,0.000000,0.000000,-2642.000000,0.000000,0.000000
0.000000,0.000000,0.000000,0.000000,-2481.000000,0.000000,0.000000
0.000000,-200.000000,0.000000,0.000000,-2337.000000,0.000000,0.000000
-100.000000,-100.000000,0.000000,0.000000,-2207.000000,0.000000,0.000000
0.000000,-200.000000,0.000000,0.000000,-2085.000000,0.000000,0.000000
0.000000,0.000000,0.000000,0.000000,-1961.000000,0.000000,0.000000
-100.000000,-300.000000,0.000000,0.000000,-1885.000000,0.000000,0.000000
0.000000,-400.000000,0.000000,0.000000,-1836.000000,0.000000,0.000000
0.000000,0.000000,0.000000,0.000000,-1778.000000,0.000000,0.000000
-100.000000,-100.000000,0.000000,0.000000,-1765.000000,0.000000,0.000000
0.000000,0.000000,0.000000,0.000000,-1757.000000,0.000000,0.000000
-100.000000,0.000000,0.000000,0.000000,-1771.000000,0.000000,0.000000
-200.000000,-100.000000,0.000000,0.000000,-1810.000000,0.000000,0.000000
-100.000000,-300.000000,0.000000,0.000000,-1871.000000,0.000000,0.000000
100.000000,0.000000,0.000000,0.000000,-1951.000000,0.000000,-196.000000
0.000000,0.000000,0.000000,0.000000,-2046.000000,0.000000,0.000000
0.000000,0.000000,0.000000,0.000000,-2144.000000,0.000000,0.000000
-100.000000,0.000000,0.000000,0.000000,-2256.000000,0.000000,0.000000
-100.000000,-100.000000,0.000000,0.000000,-2378.000000,-196.000000,0.000000
200.000000,-200.000000,0.000000,0.000000,-2540.000000,-196.000000,-392.000000
0.000000,200.000000,0.000000,0.000000,-2688.000000,0.000000,-589.000000
-100.000000,-100.000000,0.000000,0.000000,-2795.000000,0.000000,-981.000000
-100.000000,0.000000,0.000000,0.000000,-2893.000000,-196.000000,-785.000000
300.000000,0.000000,0.000000,0.000000,-3011.000000,-589.000000,-785.000000
0.000000,200.000000,0.000000,0.000000,-3109.000000,-785.000000,-589.000000
200.000000,0.000000,0.000000,0.000000,-3274.000000,-981.000000,-392.000000
0.000000,0.000000,0.000000,0.000000,-3469.000000,-785.000000,-392.000000
200.000000,100.000000,0.000000,0.000000,-3580.000000,-589.000000,-392.000000
-200.000000,200.000000,0.000000,0.000000,-3690.000000,-589.000000,-196.000000
0.000000,0.000000,0.000000,0.000000,-3824.000000,-392.000000,-196.000000
200.000000,0.000000,0.000000,0.000000,-3964.000000,-196.000000,-196.000000
-300.000000,100.000000,0.000000,0.000000,-4081.000000,-196.000000,-589.000000
0.000000,100.000000,0.000000,0.000000,-4202.000000,-196.000000,-589.000000
0.000000,200.000000,0.000000,0.000000,-4302.000000,-392.000000,-392.000000
100.000000,400.000000,0.000000,0.000000,-4380.000000,-196.000000,-392.000000
0.000000,100.000000,0.000000,0.000000,-4446.000000,-392.000000,-196.000000
0.000000,0.000000,0.000000,0.000000,-4500.000000,-196.000000,-196.000000
0.000000,200.000000,0.000000,0.000000,-4542.000000,-392.000000,0.000000
200.000000,100.000000,0.000000,0.000000,-4589.000000,-196.000000,0.000000
-100.000000,300.000000,0.000000,0.000000,-4624.000000,-392.000000,-196.000000
100.000000,300.000000,0.000000,0.000000,-4625.000000,0.000000,0.000000
-200.000000,0.000000,0.000000,0.000000,-4610.000000,0.000000,-196.000000
-200.000000,0.000000,0.000000,0.000000,-4602.000000,0.000000,-196.000000
-200.000000,-200.000000,0.000000,0.000000,-4591.000000,0.000000,0.000000
-200.000000,-300.000000,0.000000,0.000000,-4582.000000,0.000000,0.000000
-100.000000,-300.000000,0.000000,0.000000,-4542.000000,0.000000,0.000000
0.000000,-300.000000,0.000000,0.000000,-4481.000000,0.000000,0.000000
0.000000,-200.000000,0.000000,0.000000,-4409.000000,0.000000,0.000000
-100.000000,-100.000000,0.000000,0.000000,-4358.000000,0.000000,0.000000
0.000000,-100.000000,0.000000,0.000000,-4279.000000,0.000000,0.000000
0.000000,0.000000,0.000000,0.000000,-4149.000000,0.000000,0.000000
-100.000000,-100.000000,0.000000,0.000000,-4074.000000,0.000000,0.000000
0.000000,-200.000000,0.000000,0.000000,-3999.000000,0.000000,196.000000
0.000000,-100.000000,0.000000,0.000000,-3896.000000,196.000000,196.000000
-200.000000,-200.000000,0.000000,0.000000,-3778.000000,196.000000,0.000000
-100.000000,-200.000000,0.000000,0.000000,-3675.000000,0.000000,0.000000
0.000000,300.000000,0.000000,0.000000,-3596.000000,0.000000,0.000000
-100.000000,-200.000000,0.000000,0.000000,-3492.000000,0.000000,0.000000
0.000000,-100.000000,0.000000,0.000000,-3401.000000,0.000000,0.000000
0.000000,100.000000,0.000000,0.000000,-3316.000000,0.000000,0.000000
0.000000,100.000000,0.000000,0.000000,-3223.000000,0.000000,0.000000
200.000000,-100.000000,0.000000,0.000000,-3112.000000,0.000000,0.000000
-100.000000,0.000000,0.000000,0.000000,-3032.000000,0.000000,0.000000
0.000000,0.000000,0.000000,0.000000,-2967.000000,0.000000,0.000000
100.000000,0.000000,0.000000,0.000000,-2903.000000,0.000000,0.000000
200.000000,-100.000000,0.000000,0.000000,-2856.000000,0.000000,0.000000
0.000000,-200.000000,0.000000,0.000000,-2808.000000,0.000000,0.000000
-100.000000,-200.000000,0.000000,0.000000,-2776.000000,0.000000,0.000000
0.000000,-100.000000,0.000000,0.000000,-2735.000000,0.000000,0.000000
0.000000,0.000000,0.000000,0.000000,-2716.000000,0.000000,0.000000
0.000000,-100.000000,0.000000,0.000000,-2698.000000,0.000000,0.000000
0.000000,-200.000000,0.000000,0.000000,-2708.000000,0.000000,0.000000
100.000000,-100.000000,0.000000,0.000000,-2696.000000,0.000000,0.000000
-200.000000,-200.000000,0.000000,0.000000,-2696.000000,0.000000,0.000000
0.000000,0.000000,0.000000,0.000000,-2721.000000,0.000000,0.000000
0.000000,-100.000000,0.000000,0.000000,-2752.000000,0.000000,0.000000
100.000000,-100.000000,0.000000,0.000000,-2777.000000,0.000000,0.000000
-100.000000,-100.000000,0.000000,0.000000,-2823.000000,0.000000,0.000000
100.000000,0.000000,0.000000,0.000000,-2879.000000,0.000000,0.000000
0.000000,0.000000,0.000000,0.000000,-2934.000000,0.000000,0.000000
100.000000,-200.000000,0.000000,0.000000,-2993.000000,0.000000,0.000000
-100.000000,100.000000,0.000000,0.000000,-3060.000000,0.000000,0.000000
0.000000,-200.000000,0.000000,0.000000,-3141.000000,0.000000,0.000000
0.000000,-100.000000,0.000000,0.000000,-3217.000000,0.000000,0.000000
-100.000000,-100.000000,0.000000,0.000000,-3285.000000,0.000000,0.000000
0.000000,-100.000000,0.000000,0.000000,-3357.000000,0.000000,0.000000
100.000000,0.000000,0.000000,0.000000,-3431.000000,0.000000,0.000000
-200.000000,-200.000000,0.000000,0.000000,-3510.000000,0.000000,0.000000
0.000000,-400.000000,0.000000,0.000000,-3583.000000,0.000000,0.000000
200.000000,100.000000,0.000000,0.000000,-3669.000000,0.000000,0.000000
0.000000,-400.000000,0.000000,0.000000,-3749.000000,0.000000,0.000000
0.000000,0.000000,0.000000,0.000000,-3810.000000,0.000000,0.000000
0.000000,0.000000,0.000000,0.000000,-3879.000000,0.000000,0.000000
0.000000,0.000000,0.000000,0.000000,-3964.000000,0.000000,0.000000
-200.000000,-200.000000,0.000000,0.000000,-4038.000000,0.000000,-196.000000
-100.000000,0.000000,0.000000,0.000000,-4097.000000,0.000000,0.000000
0.000000,0.000000,0.000000,0.000000,-4153.000000,0.000000,0.000000
0.000000,-300.000000,0.000000,0.000000,-4194.000000,0.000000,-196.000000
0.000000,0.000000,0.000000,0.000000,-4223.000000,0.000000,0.000000
-100.000000,-100.000000,0.000000,0.000000,-4246.000000,0.000000,0.000000
0.000000,-200.000000,0.000000,0.000000,-4270.000000,0.000000,0.000000
-200.000000,-300.000000,0.000000,0.000000,-4298.000000,0.000000,0.000000
-100.000000,-200.000000,0.000000,0.000000,-4289.000000,0.000000,0.000000
-100.000000,-100.000000,0.000000,0.000000,-4280.000000,0.000000,0.000000
-100.000000,-200.000000,0.000000,0.000000,-4281.000000,0.000000,196.000000
-200.000000,-300.000000,0.000000,0.000000,-4286.000000,0.000000,0.000000
0.000000,-200.000000,0.000000,0.000000,-4273.000000,0.000000,0.000000
0.000000,-300.000000,0.000000,0.000000,-4256.000000,0.000000,196.000000
0.000000,-100.000000,0.000000,0.000000,-4218.000000,0.000000,0.000000
-100.000000,-300.000000,0.000000,0.000000,-4178.000000,0.000000,0.000000
-200.000000,-100.000000,0.000000,0.000000,-4141.000000,0.000000,0.000000
0.000000,-200.000000,0.000000,0.000000,-4092.000000,0.000000,0.000000
0.000000,0.000000,0.000000,0.000000,-4030.000000,0.000000,0.000000
-100.000000,0.000000,0.000000,0.000000,-3971.000000,0.000000,0.000000
0.000000,-300.000000,0.000000,0.000000,-3929.000000,0.000000,0.000000
0.000000,-100.000000,0.000000,0.000000,-3859.000000,0.000000,0.000000
-200.000000,-200.000000,0.000000,0.000000,-3802.000000,0.000000,0.000000
0.000000,-100.000000,0.000000,0.000000,-3749.000000,0.000000,0.000000
0.000000,0.000000,0.000000,0.000000,-3691.000000,0.000000,0.000000
0.000000,-300.000000,0.000000,0.000000,-3636.000000,0.000000,0.000000
-300.000000,-200.000000,0.000000,0.000000,-3572.000000,0.000000,0.000000
100.000000,0.000000,0.000000,0.000000,-3521.000000,0.000000,0.000000
-100.000000,-200.000000,0.000000,0.000000,-3476.000000,0.000000,0.000000
-300.000000,-200.000000,0.000000,0.000000,-3430.000000,0.000000,0.000000
-200.000000,-200.000000,0.000000,0.000000,-3390.000000,0.000000,0.000000
-400.000000,-100.000000,0.000000,0.000000,-3352.000000,0.000000,0.000000
-200.000000,0.000000,0.000000,0.000000,-3313.000000,0.000000,0.000000
-200.000000,-100.000000,0.000000,0.000000,-3272.000000,0.000000,0.000000
0.000000,0.000000,0.000000,0.000000,-3256.000000,0.000000,0.000000
0.000000,-100.000000,0.000000,0.000000,-3243.000000,0.000000,0.000000
100.000000,0.000000,0.000000,0.000000,-3241.000000,0.000000,0.000000
100.000000,-300.000000,0.000000,0.000000,-3256.000000,0.000000,0.000000
0.000000,0.000000,0.000000,0.000000,-3259.000000,0.000000,0.000000
0.000000,-100.000000,0.000000,0.000000,-3254.000000,0.000000,0.000000
0.000000,-100.000000,0.000000,0.000000,-3266.000000,0.000000,0.000000
0.000000,-300.000000,0.000000,0.000000,-3274.000000,0.000000,0.000000
100.000000,0.000000,0.000000,0.000000,-3284.000000,0.000000,0.000000
0.000000,-200.000000,0.000000,0.000000,-3320.000000,0.000000,0.000000
-300.000000,0.000000,0.000000,0.000000,-3341.000000,0.000000,0.000000
-300.000000,-200.000000,0.000000,0.000000,-3387.000000,0.000000,0.000000
-100.000000,0.000000,0.000000,0.000000,-3430.000000,0.000000,0.000000
0.000000,0.000000,0.000000,0.000000,-3463.000000,0.000000,0.000000
0.000000,-200.000000,0.000000,0.000000,-3496.000000,0.000000,0.000000
0.000000,-300.000000,0.000000,0.000000,-3520.000000,0.000000,0.000000
-100.000000,0.000000,0.000000,0.000000,-3561.000000,0.000000,0.000000
0.000000,-200.000000,0.000000,0.000000,-3599.000000,0.000000,0.000000
0.000000,0.000000,0.000000,0.000000,-3630.000000,0.000000,0.000000
-200.000000,0.000000,0.000000,0.000000,-3665.000000,0.000000,0.000000
0.000000,-200.000000,0.000000,0.000000,-3702.000000,0.000000,0.000000
0.000000,-200.000000,0.000000,0.000000,-3750.000000,0.000000,0.000000
0.000000,-100.000000,156.000000,156.000000,-3779.000000,0.000000,0.000000
0.000000,200.000000,0.000000,0.000000,-3809.000000,0.000000,0.000000
-100.000000,100.000000,0.000000,0.000000,-3850.000000,0.000000,0.000000
-200.000000,-100.000000,0.000000,0.000000,-3906.000000,0.000000,0.000000
-100.000000,-100.000000,0.000000,0.000000,-3945.000000,0.000000,0.000000
0.000000,-100.000000,0.000000,0.000000,-3972.000000,0.000000,0.000000
-100.000000,-200.000000,0.000000,0.000000,-3999.000000,0.000000,0.000000
-200.000000,200.000000,0.000000,0.000000,-4026.000000,0.000000,0.000000
200.000000,-200.000000,0.000000,0.000000,-4046.000000,0.000000,0.000000
-100.000000,-100.000000,0.000000,0.000000,-4055.000000,0.000000,0.000000
0.000000,-100.000000,0.000000,0.000000,-4054.000000,0.000000,-196.000000
-100.000000,-500.000000,0.000000,0.000000,-4046.000000,0.000000,0.000000
-100.000000,100.000000,0.000000,0.000000,-4050.000000,0.000000,0.000000
-200.000000,-100.000000,0.000000,0.000000,-4051.000000,0.000000,0.000000
-200.000000,0.000000,0.000000,0.000000,-4039.000000,0.000000,0.000000
0.000000,-200.000000,0.000000,0.000000,-4029.000000,0.000000,0.000000
100.000000,-200.000000,0.000000,0.000000,-4020.000000,0.000000,0.000000
0.000000,-100.000000,0.000000,0.000000,-4004.000000,0.000000,196.000000
0.000000,0.000000,0.000000,0.000000,-3984.000000,0.000000,0.000000
0.000000,-300.000000,0.000000,0.000000,-3972.000000,0.000000,0.000000
-200.000000,300.000000,156.000000,156.000000,-3947.000000,0.000000,0.000000
0.000000,300.000000,0.000000,0.000000,-3915.000000,0.000000,0.000000
0.000000,-200.000000,0.000000,0.000000,-3892.000000,0.000000,0.000000
100.000000,-200.000000,0.000000,0.000000,-3865.000000,0.000000,0.000000
-100.000000,100.000000,0.000000,0.000000,-3815.000000,0.000000,0.000000
0.000000,-200.000000,0.000000,0.000000,-3781.000000,0.000000,0.000000
0.000000,-200.000000,0.000000,0.000000,-3747.000000,0.000000,0.000000
-200.000000,-200.000000,0.000000,0.000000,-3706.000000,0.000000,0.000000
0.000000,-200.000000,0.000000,0.000000,-3670.000000,0.000000,0.000000
0.000000,-200.000000,0.000000,0.000000,-3627.000000,0.000000,0.000000
0.000000,-200.000000,0.000000,0.000000,-3589.000000,0.000000,0.000000
-100.000000,-100.000000,0.000000,0.000000,-3553.000000,0.000000,0.000000
0.000000,-100.000000,0.000000,0.000000,-3518.000000,0.000000,0.000000
-100.000000,-100.000000,0.000000,0.000000,-3492.000000,0.000000,0.000000
-200.000000,0.000000,0.000000,0.000000,-3466.000000,0.000000,0.000000
-200.000000,-100.000000,0.000000,0.000000,-3447.000000,0.000000,0.000000
-200.000000,-100.000000,0.000000,0.000000,-3418.000000,0.000000,0.000000
100.000000,-300.000000,0.000000,0.000000,-3410.000000,0.000000,0.000000
-200.000000,0.000000,0.000000,0.000000,-3393.000000,0.000000,0.000000
0.000000,-100.000000,0.000000,0.000000,-3372.000000,0.000000,0.000000
-100.000000,-300.000000,0.000000,0.000000,-3358.000000,0.000000,0.000000
-300.000000,-100.000000,0.000000,0.000000,-3369.000000,0.000000,0.000000
-100.000000,0.000000,0.000000,0.000000,-3358.000000,0.000000,0.000000
0.000000,-300.000000,0.000000,0.000000,-3352.000000,0.000000,0.000000
-200.000000,-200.000000,0.000000,0.000000,-3372.000000,0.000000,0.000000
-100.000000,-300.000000,0.000000,0.000000,-3392.000000,0.000000,0.000000
-200.000000,-200.000000,0.000000,0.000000,-3395.000000,0.000000,0.000000
-200.000000,-200.000000,0.000000,0.000000,-3409.000000,0.000000,0.000000
0.000000,0.000000,0.000000,0.000000,-3433.000000,0.000000,0.000000
-100.000000,-200.000000,0.000000,0.000000,-3457.000000,0.000000,0.000000
-200.000000,0.000000,0.000000,0.000000,-3469.000000,0.000000,0.000000
0.000000,-400.000000,0.000000,0.000000,-3486.000000,0.000000,0.000000
0.000000,-300.000000,0.000000,0.000000,-3514.000000,0.000000,0.000000
-100.000000,-100.000000,0.000000,0.000000,-3537.000000,0.000000,0.000000
-200.000000,-200.000000,0.000000,0.000000,-3555.000000,0.000000,0.000000
0.000000,-100.000000,0.000000,0.000000,-3595.000000,0.000000,0.000000
0.000000,-200.000000,0.000000,0.000000,-3627.000000,0.000000,0.000000
-200.000000,-200.000000,0.000000,0.000000,-3646.000000,0.000000,0.000000
100.000000,-100.000000,0.000000,0.000000,-3668.000000,0.000000,0.000000
0.000000,-100.000000,0.000000,0.000000,-3704.000000,0.000000,0.000000
200.000000,0.000000,0.000000,0.000000,-3730.000000,0.000000,0.000000
-100.000000,-200.000000,0.000000,0.000000,-3752.000000,0.000000,0.000000
-400.000000,0.000000,0.000000,0.000000,-3768.000000,0.000000,0.000000
100.000000,-200.000000,0.000000,0.000000,-3776.000000,0.000000,0.000000
100.000000,-100.000000,0.000000,0.000000,-3793.000000,0.000000,0.000000
0.000000,-300.000000,0.000000,0.000000,-3806.000000,0.000000,0.000000
0.000000,-200.000000,0.000000,0.000000,-3806.000000,0.000000,0.000000
100.000000,0.000000,0.000000,0.000000,-3811.000000,0.000000,0.000000
0.000000,0.000000,0.000000,0.000000,-3818.000000,0.000000,0.000000
100.000000,-200.000000,0.000000,0.000000,-3839.000000,0.000000,0.000000
-100.000000,-200.000000,0.000000,0.000000,-3849.000000,0.000000,0.000000
0.000000,0.000000,0.000000,0.000000,-3854.000000,0.000000,0.000000
0.000000,0.000000,0.000000,0.000000,-3849.000000,0.000000,0.000000
-200.000000,-200.000000,0.000000,0.000000,-3848.000000,0.000000,0.000000
0.000000,-300.000000,0.000000,0.000000,-3843.000000,0.000000,0.000000
0.000000,0.000000,0.000000,0.000000,-3851.000000,0.000000,0.000000
-100.000000,-100.000000,0.000000,0.000000,-3843.000000,0.000000,0.000000
-100.000000,0.000000,0.000000,0.000000,-3832.000000,0.000000,0.000000
100.000000,0.000000,0.000000,0.000000,-3845.000000,0.000000,0.000000
-100.000000,-300.000000,0.000000,0.000000,-3815.000000,0.000000,0.000000
0.000000,-200.000000,0.000000,0.000000,-3785.000000,0.000000,0.000000
0.000000,-200.000000,0.000000,0.000000,-3773.000000,0.000000,0.000000
0.000000,0.000000,0.000000,0.000000,-3759.000000,0.000000,0.000000
0.000000,-300.000000,0.000000,0.000000,-3741.000000,0.000000,0.000000
0.000000,-200.000000,0.000000,0.000000,-3719.000000,0.000000,0.000000
0.000000,-100.000000,0.000000,0.000000,-3701.000000,0.000000,0.000000
200.000000,0.000000,0.000000,0.000000,-3687.000000,0.000000,0.000000
0.000000,0.000000,0.000000,0.000000,-3662.000000,0.000000,0.000000
-100.000000,-200.000000,0.000000,0.000000,-3658.000000,0.000000,0.000000
0.000000,200.000000,0.000000,0.000000,-3640.000000,0.000000,0.000000
100.000000,0.000000,0.000000,0.000000,-3620.000000,0.000000,0.000000
0.000000,-400.000000,0.000000,0.000000,-3597.000000,0.000000,0.000000
-200.000000,-200.000000,0.000000,0.000000,-3580.000000,0.000000,0.000000
-100.000000,-300.000000,0.000000,0.000000,-3573.000000,0.000000,0.000000
-100.000000,-200.000000,0.000000,0.000000,-3571.000000,0.000000,0.000000
-100.000000,0.000000,0.000000,0.000000,-3563.000000,0.000000,0.000000
0.000000,-300.000000,0.000000,0.000000,-3543.000000,0.000000,0.000000
200.000000,-100.000000,0.000000,0.000000,-3527.000000,0.000000,0.000000
0.000000,-200.000000,0.000000,0.000000,-3512.000000,0.000000,0.000000
0.000000,-200.000000,0.000000,0.000000,-3506.000000,0.000000,0.000000
0.000000,0.000000,0.000000,0.000000,-3512.000000,0.000000,0.000000
-200.000000,-100.000000,0.000000,0.000000,-3525.000000,0.000000,0.000000
-300.000000,-300.000000,0.000000,0.000000,-3537.000000,0.000000,0.000000
0.000000,-300.000000,0.000000,0.000000,-3534.000000,0.000000,0.000000
-200.000000,-200.000000,0.000000,0.000000,-3529.000000,0.000000,0.000000
0.000000,0.000000,0.000000,0.000000,-3537.000000,0.000000,0.000000
0.000000,-200.000000,0.000000,0.000000,-3538.000000,0.000000,0.000000
100.000000,-400.000000,0.000000,0.000000,-3537.000000,0.000000,0.000000
-100.000000,0.000000,0.000000,0.000000,-3537.000000,0.000000,0.000000
-100.000000,-100.000000,0.000000,0.000000,-3538.000000,0.000000,0.000000
-300.000000,-100.000000,0.000000,0.000000,-3550.000000,0.000000,0.000000
-300.000000,-100.000000,0.000000,0.000000,-3575.000000,0.000000,0.000000
-200.000000,-400.000000,0.000000,0.000000,-3572.000000,0.000000,0.000000
-200.000000,0.000000,0.000000,0.000000,-3588.000000,0.000000,0.000000
-200.000000,-100.000000,0.000000,0.000000,-3602.000000,0.000000,0.000000
-100.000000,-200.000000,0.000000,0.000000,-3615.000000,0.000000,0.000000
0.000000,-100.000000,0.000000,0.000000,-3636.000000,0.000000,0.000000
-100.000000,-100.000000,0.000000,0.000000,-3654.000000,0.000000,0.000000
0.000000,-200.000000,0.000000,0.000000,-3665.000000,0.000000,0.000000
0.000000,-300.000000,0.000000,0.000000,-3679.000000,0.000000,0.000000
-200.000000,-200.000000,0.000000,0.000000,-3681.000000,0.000000,0.000000
0.000000,0.000000,0.000000,0.000000,-3702.000000,0.000000,0.000000
