Channel 1,Channel 2,Channel 3,Channel 4,Channel 5,Channel 6,Channel 7
0.000000,0.000000,0.000000,0.000000,-3177.000000,0.000000,0.000000
-400.000000,-300.000000,0.000000,0.000000,-3181.000000,0.000000,0.000000
-100.000000,-200.000000,156.000000,156.000000,-3201.000000,0.000000,0.000000
0.000000,100.000000,0.000000,0.000000,-3211.000000,0.000000,196.000000
0.000000,-100.000000,0.000000,0.000000,-3205.000000,0.000000,0.000000
0.000000,-200.000000,0.000000,0.000000,-3212.000000,0.000000,-196.000000
-300.000000,-300.000000,0.000000,0.000000,-3224.000000,0.000000,196.000000
-100.000000,-100.000000,0.000000,0.000000,-3232.000000,0.000000,0.000000
-100.000000,0.000000,0.000000,0.000000,-3237.000000,0.000000,0.000000
0.000000,-300.000000,0.000000,0.000000,-3240.000000,0.000000,0.000000
-100.000000,-200.000000,0.000000,0.000000,-3252.000000,0.000000,0.000000
-100.000000,-200.000000,0.000000,0.000000,-3259.000000,0.000000,0.000000
-300.000000,0.000000,0.000000,0.000000,-3266.000000,0.000000,0.000000
0.000000,0.000000,0.000000,0.000000,-3250.000000,0.000000,0.000000
0.000000,100.000000,0.000000,0.000000,-3251.000000,0.000000,0.000000
-100.000000,-200.000000,0.000000,0.000000,-3262.000000,0.000000,0.000000
0.000000,-200.000000,0.000000,0.000000,-3273.000000,0.000000,0.000000
0.000000,0.000000,0.000000,0.000000,-3261.000000,0.000000,0.000000
0.000000,-200.000000,0.000000,0.000000,-3263.000000,0.000000,0.000000
0.000000,-100.000000,0.000000,0.000000,-3237.000000,0.000000,0.000000
0.000000,0.000000,0.000000,0.000000,-3235.000000,0.000000,0.000000
100.000000,100.000000,0.000000,0.000000,-3235.000000,0.000000,0.000000
0.000000,-100.000000,0.000000,0.000000,-3227.000000,0.000000,0.000000
-100.000000,-200.000000,0.000000,0.000000,-3205.000000,0.000000,0.000000
0.000000,0.000000,0.000000,0.000000,-3205.000000,0.000000,0.000000
0.000000,-100.000000,0.000000,0.000000,-3209.000000,0.000000,0.000000
-100.000000,-200.000000,0.000000,0.000000,-3209.000000,0.000000,0.000000
100.000000,0.000000,0.000000,0.000000,-3202.000000,0.000000,0.000000
-100.000000,0.000000,0.000000,0.000000,-3207.000000,0.000000,0.000000
100.000000,0.000000,0.000000,0.000000,-3197.000000,0.000000,0.000000
0.000000,-100.000000,0.000000,0.000000,-3193.000000,0.000000,-196.000000
0.000000,0.000000,0.000000,0.000000,-3197.000000,0.000000,0.000000
-300.000000,-300.000000,0.000000,0.000000,-3199.000000,0.000000,0.000000
-300.000000,-200.000000,0.000000,0.000000,-3202.000000,0.000000,0.000000
-100.000000,-300.000000,0.000000,0.000000,-3182.000000,0.000000,0.000000
0.000000,-300.000000,0.000000,0.000000,-3184.000000,0.000000,0.000000
0.000000,-100.000000,0.000000,0.000000,-3194.000000,0.000000,0.000000
100.000000,-100.000000,0.000000,0.000000,-3171.000000,0.000000,0.000000
100.000000,0.000000,0.000000,0.000000,-3162.000000,0.000000,0.000000
-100.000000,-300.000000,0.000000,0.000000,-3152.000000,0.000000,0.000000
-100.000000,0.000000,0.000000,0.000000,-3140.000000,0.000000,0.000000
0.000000,0.000000,0.000000,0.000000,-3139.000000,0.000000,0.000000
0.000000,-100.000000,0.000000,0.000000,-3109.000000,0.000000,0.000000
-200.000000,-200.000000,0.000000,0.000000,-3095.000000,0.000000,0.000000
-200.000000,-200.000000,0.000000,0.000000,-3077.000000,0.000000,0.000000
-100.000000,-100.000000,0.000000,0.000000,-3078.000000,0.000000,196.000000
-300.000000,-200.000000,0.000000,0.000000,-3084.000000,0.000000,0.000000
-100.000000,0.000000,0.000000,0.000000,-3086.000000,0.000000,0.000000
-100.000000,-100.000000,0.000000,0.000000,-3076.000000,0.000000,0.000000
0.000000,0.000000,0.000000,0.000000,-3065.000000,0.000000,0.000000
0.000000,-100.000000,0.000000,0.000000,-3072.000000,0.000000,0.000000
0.000000,-100.000000,0.000000,0.000000,-3086.000000,0.000000,0.000000
0.000000,0.000000,0.000000,0.000000,-3098.000000,0.000000,0.000000
0.000000,0.000000,0.000000,0.000000,-3106.000000,0.000000,0.000000
0.000000,0.000000,0.000000,0.000000,-3107.000000,0.000000,0.000000
-100.000000,0.000000,0.000000,0.000000,-3100.000000,0.000000,0.000000
-100.000000,-100.000000,0.000000,0.000000,-3086.000000,0.000000,0.000000
-100.000000,-100.000000,0.000000,0.000000,-3094.000000,0.000000,0.000000
-100.000000,-200.000000,0.000000,0.000000,-3113.000000,0.000000,0.000000
0.000000,-100.000000,0.000000,0.000000,-3134.000000,0.000000,0.000000
-100.000000,-200.000000,0.000000,0.000000,-3130.000000,0.000000,0.000000
0.000000,0.000000,0.000000,0.000000,-3135.000000,0.000000,0.000000
0.000000,0.000000,0.000000,0.000000,-3127.000000,0.000000,0.000000
-100.000000,0.000000,0.000000,0.000000,-3124.000000,0.000000,0.000000
0.000000,-200.000000,0.000000,0.000000,-3103.000000,0.000000,-196.000000
0.000000,-200.000000,0.000000,0.000000,-3113.000000,0.000000,0.000000
-100.000000,-400.000000,0.000000,0.000000,-3113.000000,0.000000,0.000000
-400.000000,-100.000000,0.000000,0.000000,-3123.000000,0.000000,0.000000
0.000000,-400.000000,0.000000,0.000000,-3123.000000,0.000000,0.000000
-100.000000,-100.000000,0.000000,0.000000,-3109.000000,0.000000,0.000000
0.000000,0.000000,78.000000,78.000000,-3111.000000,0.000000,0.000000
0.000000,0.000000,0.000000,0.000000,-3114.000000,0.000000,196.000000
0.000000,-200.000000,0.000000,0.000000,-3111.000000,0.000000,0.000000
0.000000,-200.000000,0.000000,0.000000,-3114.000000,0.000000,-196.000000
100.000000,0.000000,0.000000,0.000000,-3108.000000,0.000000,196.000000
0.000000,0.000000,0.000000,0.000000,-3112.000000,0.000000,0.000000
0.000000,-500.000000,0.000000,0.000000,-3088.000000,0.000000,0.000000
-300.000000,0.000000,0.000000,0.000000,-3074.000000,0.000000,0.000000
-100.000000,100.000000,0.000000,0.000000,-3084.000000,0.000000,0.000000
-200.000000,-100.000000,5000.000000,5000.000000,-3079.000000,0.000000,0.000000
5000.000000,5300.000000,5000.000000,5000.000000,-3086.000000,589.000000,589.000000
4700.000000,3900.000000,5000.000000,5000.000000,-2987.000000,1178.000000,1178.000000
4700.000000,5700.000000,5000.000000,5000.000000,-2840.000000,785.000000,981.000000
5200.000000,5200.000000,5000.000000,5000.000000,-2629.000000,0.000000,392.000000
3500.000000,4900.000000,5000.000000,5000.000000,-2573.000000,-196.000000,-196.000000
4100.000000,5800.000000,5000.000000,5000.000000,-2628.000000,392.000000,0.000000
4300.000000,4300.000000,5000.000000,5000.000000,-2510.000000,589.000000,392.000000
4800.000000,5000.000000,5000.000000,5000.000000,-2273.000000,785.000000,785.000000
5600.000000,5100.000000,5000.000000,5000.000000,-2033.000000,981.000000,1178.000000
4400.000000,4900.000000,5000.000000,5000.000000,-1821.000000,589.000000,981.000000
6000.000000,4900.000000,5000.000000,5000.000000,-1696.000000,589.000000,981.000000
4700.000000,4700.000000,5000.000000,5000.000000,-1553.000000,785.000000,589.000000
4800.000000,4600.000000,5000.000000,5000.000000,-1272.000000,785.000000,589.000000
4600.000000,5800.000000,5000.000000,5000.000000,-1020.000000,1178.000000,1178.000000
4900.000000,4800.000000,5000.000000,5000.000000,-805.000000,1178.000000,1178.000000
4300.000000,4500.000000,5000.000000,5000.000000,-472.000000,981.000000,1374.000000
6200.000000,4700.000000,5000.000000,5000.000000,-174.000000,981.000000,1178.000000
5000.000000,5200.000000,5000.000000,5000.000000,-36.000000,981.000000,981.000000
5400.000000,4800.000000,5000.000000,5000.000000,154.000000,1178.000000,981.000000
4700.000000,4300.000000,5000.000000,5000.000000,457.000000,1178.000000,981.000000
5700.000000,4600.000000,5000.000000,5000.000000,720.000000,1178.000000,1178.000000
4500.000000,4900.000000,5000.000000,5000.000000,952.000000,1178.000000,1178.000000
4100.000000,5900.000000,5000.000000,5000.000000,1158.000000,981.000000,1374.000000
6000.000000,4900.000000,5000.000000,5000.000000,1323.000000,981.000000,981.000000
4900.000000,5700.000000,5000.000000,5000.000000,1498.000000,1178.000000,981.000000
5600.000000,4800.000000,5000.000000,5000.000000,1719.000000,1178.000000,981.000000
4700.000000,4200.000000,5000.000000,5000.000000,1911.000000,1178.000000,981.000000
6200.000000,4700.000000,5000.000000,5000.000000,2066.000000,1178.000000,1178.000000
4700.000000,4500.000000,5000.000000,5000.000000,2213.000000,981.000000,1178.000000
5400.000000,4700.000000,5000.000000,5000.000000,2314.000000,981.000000,981.000000
4900.000000,4100.000000,5000.000000,5000.000000,2373.000000,981.000000,785.000000
5900.000000,4900.000000,5000.000000,5000.000000,2455.000000,981.000000,981.000000
4700.000000,4700.000000,5000.000000,5000.000000,2547.000000,981.000000,785.000000
4900.000000,5300.000000,5000.000000,5000.000000,2593.000000,785.000000,785.000000
4300.000000,4600.000000,5000.000000,5000.000000,2596.000000,981.000000,981.000000
4900.000000,4900.000000,5000.000000,5000.000000,2615.000000,785.000000,785.000000
4600.000000,5600.000000,5000.000000,5000.000000,2578.000000,785.000000,785.000000
4900.000000,4700.000000,5000.000000,5000.000000,2558.000000,785.000000,589.000000
4600.000000,4600.000000,5000.000000,5000.000000,2520.000000,589.000000,589.000000
5600.000000,4600.000000,5000.000000,5000.000000,2449.000000,785.000000,785.000000
4600.000000,5200.000000,5000.000000,5000.000000,2375.000000,589.000000,589.000000
4900.000000,5000.000000,5000.000000,5000.000000,2305.000000,589.000000,589.000000
5400.000000,5300.000000,5000.000000,5000.000000,2194.000000,589.000000,589.000000
5000.000000,4900.000000,5000.000000,5000.000000,2072.000000,589.000000,392.000000
5000.000000,4600.000000,5000.000000,5000.000000,1959.000000,392.000000,196.000000
4700.000000,5000.000000,5000.000000,5000.000000,1844.000000,589.000000,392.000000
4800.000000,4900.000000,5000.000000,5000.000000,1687.000000,785.000000,785.000000
4300.000000,4800.000000,5000.000000,5000.000000,1527.000000,392.000000,589.000000
5000.000000,5000.000000,5000.000000,5000.000000,1317.000000,196.000000,392.000000
4600.000000,4900.000000,5000.000000,5000.000000,1102.000000,589.000000,392.000000
4800.000000,4800.000000,5000.000000,5000.000000,935.000000,785.000000,196.000000
5300.000000,5200.000000,5000.000000,5000.000000,798.000000,392.000000,589.000000
4500.000000,4700.000000,5000.000000,5000.000000,595.000000,392.000000,392.000000
4900.000000,5000.000000,5000.000000,5000.000000,350.000000,589.000000,392.000000
4700.000000,5200.000000,5000.000000,5000.000000,157.000000,589.000000,392.000000
5600.000000,4700.000000,5000.000000,5000.000000,11.000000,392.000000,589.000000
4400.000000,5000.000000,5000.000000,5000.000000,-223.000000,589.000000,589.000000
4800.000000,5600.000000,5000.000000,5000.000000,-469.000000,589.000000,392.000000
4800.000000,4400.000000,5000.000000,5000.000000,-610.000000,785.000000,392.000000
5800.000000,4700.000000,5000.000000,5000.000000,-757.000000,589.000000,589.000000
4500.000000,5600.000000,5000.000000,5000.000000,-956.000000,785.000000,589.000000
4600.000000,5300.000000,5000.000000,5000.000000,-1101.000000,785.000000,589.000000
6000.000000,4600.000000,5000.000000,5000.000000,-1185.000000,785.000000,785.000000
4300.000000,4500.000000,5000.000000,5000.000000,-1377.000000,1178.000000,589.000000
4700.000000,4000.000000,5000.000000,5000.000000,-1541.000000,981.000000,392.000000
5400.000000,4400.000000,5000.000000,5000.000000,-1548.000000,1178.000000,785.000000
4500.000000,5300.000000,5000.000000,5000.000000,-1627.000000,1178.000000,785.000000
5400.000000,5300.000000,5000.000000,5000.000000,-1773.000000,1178.000000,785.000000
4400.000000,4600.000000,5000.000000,5000.000000,-1843.000000,1374.000000,785.000000
4600.000000,4800.000000,5000.000000,5000.000000,-1898.000000,1374.000000,785.000000
4300.000000,4700.000000,5000.000000,5000.000000,-1957.000000,1570.000000,785.000000
4800.000000,4300.000000,5000.000000,5000.000000,-2042.000000,1570.000000,981.000000
4500.000000,4300.000000,5000.000000,5000.000000,-2023.000000,1570.000000,981.000000
6100.000000,5600.000000,5000.000000,5000.000000,-2025.000000,1767.000000,981.000000
4700.000000,5700.000000,5000.000000,5000.000000,-2009.000000,1767.000000,981.000000
3900.000000,5300.000000,5000.000000,5000.000000,-1973.000000,1767.000000,1178.000000
6000.000000,4700.000000,5000.000000,5000.000000,-1946.000000,1767.000000,1178.000000
4800.000000,4600.000000,5000.000000,5000.000000,-1841.000000,1963.000000,1374.000000
4000.000000,4600.000000,5000.000000,5000.000000,-1722.000000,1963.000000,1374.000000
5500.000000,4100.000000,5000.000000,5000.000000,-1625.000000,1767.000000,1570.000000
5300.000000,4800.000000,5000.000000,5000.000000,-1463.000000,1963.000000,1374.000000
4600.000000,4500.000000,5000.000000,5000.000000,-1315.000000,2159.000000,1570.000000
4300.000000,4700.000000,5000.000000,5000.000000,-1159.000000,1963.000000,1767.000000
3900.000000,4300.000000,5000.000000,5000.000000,-983.000000,2356.000000,1570.000000
4600.000000,4600.000000,5000.000000,5000.000000,-790.000000,2159.000000,1767.000000
6100.000000,4600.000000,5000.000000,5000.000000,-561.000000,2159.000000,1570.000000
6500.000000,6000.000000,5000.000000,5000.000000,-335.000000,2356.000000,1767.000000
5600.000000,6100.000000,5000.000000,5000.000000,-129.000000,2159.000000,1767.000000
4700.000000,5700.000000,5000.000000,5000.000000,65.000000,2356.000000,1767.000000
4500.000000,4300.000000,5000.000000,5000.000000,231.000000,2356.000000,1570.000000
3900.000000,4300.000000,5000.000000,5000.000000,409.000000,2356.000000,1570.000000
4200.000000,4800.000000,5000.000000,5000.000000,570.000000,2356.000000,1767.000000
5700.000000,5200.000000,5000.000000,5000.000000,780.000000,2159.000000,1570.000000
5900.000000,5900.000000,5000.000000,5000.000000,961.000000,2159.000000,1570.000000
5100.000000,6300.000000,5000.000000,5000.000000,1105.000000,2356.000000,1570.000000
4400.000000,4900.000000,5000.000000,5000.000000,1277.000000,2159.000000,1570.000000
4200.000000,4100.000000,5000.000000,5000.000000,1388.000000,2356.000000,1570.000000
4500.000000,4700.000000,5000.000000,5000.000000,1489.000000,2159.000000,1570.000000
6500.000000,4600.000000,5000.000000,5000.000000,1595.000000,2159.000000,1570.000000
4800.000000,4600.000000,5000.000000,5000.000000,1651.000000,1963.000000,1374.000000
4300.000000,4700.000000,5000.000000,5000.000000,1680.000000,2159.000000,1570.000000
4200.000000,4500.000000,5000.000000,5000.000000,1733.000000,2159.000000,1570.000000
6200.000000,4600.000000,5000.000000,5000.000000,1806.000000,2159.000000,1374.000000
4600.000000,5900.000000,5000.000000,5000.000000,1864.000000,2159.000000,1570.000000
4100.000000,6400.000000,5000.000000,5000.000000,1918.000000,2159.000000,1374.000000
4100.000000,5900.000000,5000.000000,5000.000000,1927.000000,1963.000000,1374.000000
5400.000000,6100.000000,5000.000000,5000.000000,1929.000000,1963.000000,1374.000000
4700.000000,5700.000000,5000.000000,5000.000000,1930.000000,2159.000000,1374.000000
4700.000000,5500.000000,5000.000000,5000.000000,1935.000000,1963.000000,1374.000000
4500.000000,5800.000000,5000.000000,5000.000000,1878.000000,1767.000000,1374.000000
5400.000000,5700.000000,5000.000000,5000.000000,1820.000000,1963.000000,1178.000000
4300.000000,5900.000000,5000.000000,5000.000000,1734.000000,1767.000000,1178.000000
5500.000000,5800.000000,5000.000000,5000.000000,1636.000000,1963.000000,1178.000000
4900.000000,5200.000000,5000.000000,5000.000000,1486.000000,1767.000000,1178.000000
3800.000000,4700.000000,5000.000000,5000.000000,1377.000000,1963.000000,1178.000000
5100.000000,5100.000000,5000.000000,5000.000000,1232.000000,1767.000000,1178.000000
4600.000000,4300.000000,5000.000000,5000.000000,1061.000000,1963.000000,1178.000000
6000.000000,4800.000000,5000.000000,5000.000000,895.000000,1767.000000,1178.000000
4700.000000,4700.000000,5000.000000,5000.000000,729.000000,1963.000000,981.000000
4800.000000,4300.000000,5000.000000,5000.000000,554.000000,1767.000000,1178.000000
4800.000000,4500.000000,5000.000000,5000.000000,368.000000,1963.000000,1178.000000
4000.000000,4000.000000,5000.000000,5000.000000,165.000000,1963.000000,1178.000000
5500.000000,4300.000000,5000.000000,5000.000000,-62.000000,1963.000000,1178.000000
4500.000000,4500.000000,5000.000000,5000.000000,-256.000000,1963.000000,1178.000000
5400.000000,4200.000000,5000.000000,5000.000000,-448.000000,2159.000000,1178.000000
4700.000000,4100.000000,5000.000000,5000.000000,-640.000000,2159.000000,1178.000000
4000.000000,4400.000000,5000.000000,5000.000000,-790.000000,1963.000000,1374.000000
6000.000000,4600.000000,5000.000000,5000.000000,-969.000000,2159.000000,1178.000000
4800.000000,5100.000000,5000.000000,5000.000000,-1133.000000,2159.000000,1374.000000
3900.000000,5800.000000,5000.000000,5000.000000,-1254.000000,2356.000000,1178.000000
6400.000000,5700.000000,5000.000000,5000.000000,-1351.000000,2159.000000,1374.000000
4700.000000,4200.000000,5000.000000,5000.000000,-1490.000000,2356.000000,1374.000000
4300.000000,4400.000000,5000.000000,5000.000000,-1625.000000,2356.000000,1570.000000
4100.000000,4700.000000,5000.000000,5000.000000,-1724.000000,2356.000000,1570.000000
5700.000000,5900.000000,5000.000000,5000.000000,-1791.000000,2552.000000,1767.000000
6200.000000,5100.000000,5000.000000,5000.000000,-1867.000000,2552.000000,1767.000000
5400.000000,4100.000000,5000.000000,5000.000000,-1968.000000,2748.000000,1963.000000
4600.000000,6100.000000,5000.000000,5000.000000,-2064.000000,2748.000000,1963.000000
4400.000000,4300.000000,5000.000000,5000.000000,-2141.000000,2945.000000,1963.000000
4600.000000,5100.000000,5000.000000,5000.000000,-2179.000000,2748.000000,1963.000000
4400.000000,4800.000000,5000.000000,5000.000000,-2147.000000,2945.000000,2159.000000
4700.000000,4700.000000,5000.000000,5000.000000,-2164.000000,2748.000000,2159.000000
4600.000000,5800.000000,5000.000000,5000.000000,-2260.000000,2552.000000,2356.000000
5700.000000,4200.000000,5000.000000,5000.000000,-2301.000000,2748.000000,2356.000000
6700.000000,5200.000000,5000.000000,5000.000000,-2297.000000,2945.000000,2552.000000
5000.000000,4500.000000,5000.000000,5000.000000,-2242.000000,3141.000000,2356.000000
3800.000000,5700.000000,5000.000000,5000.000000,-2181.000000,3141.000000,2748.000000
4200.000000,4000.000000,5000.000000,5000.000000,-2040.000000,2945.000000,2748.000000
6600.000000,6400.000000,5000.000000,5000.000000,-1931.000000,3141.000000,2748.000000
4300.000000,3500.000000,5000.000000,5000.000000,-1895.000000,3337.000000,2748.000000
4200.000000,4200.000000,5000.000000,5000.000000,-1807.000000,3534.000000,2748.000000
6300.000000,5700.000000,5000.000000,5000.000000,-1603.000000,3534.000000,2945.000000
4000.000000,5300.000000,5000.000000,5000.000000,-1403.000000,3141.000000,2748.000000
6100.000000,4300.000000,5000.000000,5000.000000,-1284.000000,3141.000000,2945.000000
4200.000000,6000.000000,5000.000000,5000.000000,-1177.000000,3141.000000,2748.000000
4700.000000,3700.000000,5000.000000,5000.000000,-1059.000000,3337.000000,2552.000000
5200.000000,4700.000000,5000.000000,5000.000000,-870.000000,3534.000000,2552.000000
4000.000000,5900.000000,5000.000000,5000.000000,-682.000000,3534.000000,2748.000000
6400.000000,5600.000000,5000.000000,5000.000000,-511.000000,3534.000000,2945.000000
3700.000000,4000.000000,5000.000000,5000.000000,-377.000000,3337.000000,2945.000000
6500.000000,4800.000000,5000.000000,5000.000000,-215.000000,3534.000000,2945.000000
3600.000000,6000.000000,5000.000000,5000.000000,-65.000000,3337.000000,3141.000000
5900.000000,4200.000000,5000.000000,5000.000000,158.000000,3534.000000,3141.000000
4600.000000,4000.000000,5000.000000,5000.000000,325.000000,3337.000000,3141.000000
4200.000000,6300.000000,5000.000000,5000.000000,432.000000,3141.000000,3141.000000
6000.000000,3600.000000,5000.000000,5000.000000,506.000000,3141.000000,2945.000000
4100.000000,5400.000000,5000.000000,5000.000000,677.000000,3141.000000,2945.000000
4900.000000,5300.000000,5000.000000,5000.000000,800.000000,3337.000000,2748.000000
4900.000000,4300.000000,5000.000000,5000.000000,919.000000,3534.000000,2945.000000
3900.000000,5100.000000,5000.000000,5000.000000,1003.000000,3337.000000,2945.000000
4600.000000,5300.000000,5000.000000,5000.000000,1085.000000,3141.000000,2945.000000
4100.000000,4400.000000,5000.000000,5000.000000,1153.000000,3141.000000,2748.000000
4700.000000,6100.000000,5000.000000,5000.000000,1202.000000,3141.000000,2748.000000
4300.000000,4100.000000,5000.000000,5000.000000,1264.000000,3141.000000,2748.000000
4600.000000,5800.000000,5000.000000,5000.000000,1311.000000,2945.000000,3141.000000
5900.000000,4200.000000,5000.000000,5000.000000,1362.000000,2945.000000,2945.000000
4100.000000,6400.000000,5000.000000,5000.000000,1316.000000,2945.000000,3141.000000
5600.000000,4200.000000,5000.000000,5000.000000,1314.000000,2945.000000,2748.000000
4900.000000,5600.000000,5000.000000,5000.000000,1299.000000,2945.000000,2552.000000
4000.000000,3900.000000,5000.000000,5000.000000,1287.000000,3141.000000,2552.000000
6500.000000,6200.000000,5000.000000,5000.000000,1214.000000,2945.000000,2748.000000
4100.000000,4300.000000,5000.000000,5000.000000,1127.000000,3141.000000,2945.000000
4500.000000,6400.000000,5000.000000,5000.000000,1006.000000,3141.000000,2748.000000
5100.000000,4400.000000,5000.000000,5000.000000,877.000000,3141.000000,2748.000000
3900.000000,5900.000000,5000.000000,5000.000000,746.000000,2945.000000,2945.000000
6600.000000,4100.000000,5000.000000,5000.000000,589.000000,2945.000000,2748.000000
4000.000000,6200.000000,5000.000000,5000.000000,417.000000,2945.000000,2945.000000
6300.000000,4600.000000,5000.000000,5000.000000,216.000000,2945.000000,3141.000000
3900.000000,5600.000000,5000.000000,5000.000000,7.000000,2945.000000,2552.000000
6700.000000,4000.000000,5000.000000,5000.000000,-164.000000,3141.000000,2552.000000
4400.000000,6400.000000,5000.000000,5000.000000,-311.000000,2945.000000,2356.000000
4800.000000,4100.000000,5000.000000,5000.000000,-474.000000,3141.000000,2552.000000
4700.000000,6100.000000,5000.000000,5000.000000,-623.000000,3141.000000,2748.000000
3900.000000,4300.000000,5000.000000,5000.000000,-753.000000,3337.000000,3141.000000
4100.000000,4800.000000,5000.000000,5000.000000,-994.000000,3337.000000,3141.000000
6500.000000,5700.000000,5000.000000,5000.000000,-1096.000000,3141.000000,3337.000000
3400.000000,4100.000000,5000.000000,5000.000000,-1226.000000,3337.000000,3337.000000
5100.000000,5900.000000,5000.000000,5000.000000,-1357.000000,3141.000000,3337.000000
6100.000000,4300.000000,5000.000000,5000.000000,-1503.000000,3141.000000,3534.000000
4200.000000,0.000000,0.000000,0.000000,-1616.000000,3141.000000,3337.000000
0.000000,0.000000,0.000000,0.000000,-1758.000000,2552.000000,2552.000000
0.000000,200.000000,0.000000,0.000000,-1758.000000,2748.000000,2159.000000
-100.000000,100.000000,0.000000,0.000000,-1967.000000,1963.000000,2159.000000
100.000000,0.000000,0.000000,0.000000,-2182.000000,1963.000000,1767.000000
200.000000,-300.000000,0.000000,0.000000,-2243.000000,1767.000000,1570.000000
0.000000,-100.000000,0.000000,0.000000,-2279.000000,1767.000000,1570.000000
0.000000,0.000000,0.000000,0.000000,-2490.000000,2159.000000,2748.000000
-100.000000,0.000000,0.000000,0.000000,-2868.000000,3337.000000,3337.000000
0.000000,100.000000,0.000000,0.000000,-3084.000000,4319.000000,3730.000000
300.000000,200.000000,0.000000,0.000000,-3292.000000,4123.000000,3730.000000
0.000000,100.000000,0.000000,0.000000,-3847.000000,4516.000000,3926.000000
-100.000000,0.000000,0.000000,0.000000,-4155.000000,3926.000000,3141.000000
0.000000,-100.000000,0.000000,0.000000,-4335.000000,3534.000000,3141.000000
0.000000,-200.000000,0.000000,0.000000,-4669.000000,3926.000000,3337.000000
0.000000,200.000000,0.000000,0.000000,-4845.000000,3337.000000,2748.000000
300.000000,-100.000000,0.000000,0.000000,-4878.000000,3141.000000,2552.000000
0.000000,0.000000,0.000000,0.000000,-4990.000000,2945.000000,2356.000000
0.000000,-100.000000,0.000000,0.000000,-5210.000000,2748.000000,2159.000000
0.000000,0.000000,0.000000,0.000000,-5277.000000,2552.000000,1963.000000
-300.000000,0.000000,0.000000,0.000000,-5286.000000,2356.000000,1767.000000
0.000000,0.000000,0.000000,0.000000,-5344.000000,2159.000000,2159.000000
-100.000000,-100.000000,0.000000,0.000000,-5481.000000,1963.000000,2945.000000
0.000000,-200.000000,0.000000,0.000000,-5561.000000,1963.000000,3534.000000
100.000000,0.000000,0.000000,0.000000,-5514.000000,2159.000000,3730.000000
0.000000,0.000000,0.000000,0.000000,-5638.000000,3141.000000,3730.000000
-300.000000,100.000000,0.000000,0.000000,-5754.000000,3926.000000,3534.000000
0.000000,100.000000,0.000000,0.000000,-5863.000000,3730.000000,2945.000000
0.000000,-100.000000,0.000000,0.000000,-5970.000000,3926.000000,2748.000000
100.000000,200.000000,0.000000,0.000000,-5981.000000,3730.000000,2945.000000
0.000000,200.000000,0.000000,0.000000,-5946.000000,3141.000000,2552.000000
-200.000000,0.000000,0.000000,0.000000,-5942.000000,3337.000000,2552.000000
-100.000000,-200.000000,0.000000,0.000000,-5880.000000,3337.000000,2356.000000
0.000000,-100.000000,0.000000,0.000000,-5766.000000,2945.000000,2356.000000
100.000000,-100.000000,0.000000,0.000000,-5714.000000,2748.000000,2552.000000
0.000000,-200.000000,0.000000,0.000000,-5643.000000,2748.000000,3141.000000
100.000000,0.000000,0.000000,0.000000,-5534.000000,2748.000000,3534.000000
0.000000,0.000000,0.000000,0.000000,-5398.000000,2945.000000,3337.000000
0.000000,0.000000,0.000000,0.000000,-5308.000000,3730.000000,3337.000000
0.000000,0.000000,0.000000,0.000000,-5195.000000,3926.000000,2945.000000
0.000000,-100.000000,0.000000,0.000000,-5034.000000,3926.000000,2945.000000
0.000000,0.000000,0.000000,0.000000,-4822.000000,3730.000000,2552.000000
0.000000,0.000000,0.000000,0.000000,-4650.000000,3730.000000,2356.000000
-400.000000,0.000000,0.000000,0.000000,-4533.000000,3534.000000,2356.000000
0.000000,0.000000,0.000000,0.000000,-4376.000000,3337.000000,2159.000000
200.000000,0.000000,0.000000,0.000000,-4212.000000,3141.000000,1963.000000
-100.000000,0.000000,0.000000,0.000000,-4062.000000,3141.000000,1963.000000
0.000000,-500.000000,0.000000,0.000000,-3938.000000,2945.000000,1963.000000
0.000000,0.000000,0.000000,0.000000,-3813.000000,3141.000000,2356.000000
0.000000,0.000000,0.000000,0.000000,-3728.000000,3534.000000,2356.000000
-300.000000,-200.000000,0.000000,0.000000,-3679.000000,3730.000000,2159.000000
-100.000000,100.000000,0.000000,0.000000,-3552.000000,3926.000000,2356.000000
0.000000,200.000000,0.000000,0.000000,-3501.000000,3926.000000,2159.000000
0.000000,-100.000000,0.000000,0.000000,-3415.000000,3534.000000,2159.000000
0.000000,0.000000,0.000000,0.000000,-3258.000000,3534.000000,2159.000000
200.000000,0.000000,0.000000,0.000000,-3188.000000,3337.000000,1963.000000
0.000000,0.000000,0.000000,0.000000,-3147.000000,3141.000000,1767.000000
0.000000,100.000000,0.000000,0.000000,-3036.000000,3141.000000,1570.000000
0.000000,0.000000,0.000000,0.000000,-2948.000000,2748.000000,1570.000000
0.000000,100.000000,0.000000,0.000000,-2960.000000,2945.000000,1374.000000
0.000000,0.000000,0.000000,0.000000,-2951.000000,2748.000000,1178.000000
-300.000000,-200.000000,0.000000,0.000000,-2899.000000,3337.000000,1374.000000
-100.000000,200.000000,0.000000,0.000000,-2881.000000,3337.000000,1374.000000
0.000000,-100.000000,0.000000,0.000000,-3006.000000,3534.000000,1570.000000
-100.000000,100.000000,0.000000,0.000000,-3086.000000,3337.000000,1570.000000
-100.000000,-200.000000,0.000000,0.000000,-3096.000000,3141.000000,1570.000000
0.000000,-300.000000,0.000000,0.000000,-3127.000000,3141.000000,1374.000000
100.000000,0.000000,0.000000,0.000000,-3239.000000,2945.000000,1374.000000
-100.000000,100.000000,0.000000,0.000000,-3322.000000,2748.000000,1178.000000
-100.000000,-200.000000,0.000000,0.000000,-3351.000000,2552.000000,1178.000000
0.000000,-200.000000,0.000000,0.000000,-3465.000000,2356.000000,981.000000
-200.000000,200.000000,0.000000,0.000000,-3609.000000,2552.000000,785.000000
100.000000,0.000000,0.000000,0.000000,-3705.000000,2552.000000,785.000000
-100.000000,0.000000,0.000000,0.000000,-3779.000000,2945.000000,981.000000
100.000000,0.000000,0.000000,0.000000,-3891.000000,3337.000000,785.000000
0.000000,0.000000,0.000000,0.000000,-4054.000000,2945.000000,981.000000
0.000000,-100.000000,0.000000,0.000000,-4121.000000,2945.000000,981.000000
-200.000000,-200.000000,0.000000,0.000000,-4132.000000,2945.000000,981.000000
0.000000,100.000000,0.000000,0.000000,-4243.000000,2552.000000,981.000000
-100.000000,-100.000000,0.000000,0.000000,-4430.000000,2552.000000,785.000000
-200.000000,100.000000,0.000000,0.000000,-4476.000000,2356.000000,785.000000
-200.000000,100.000000,0.000000,0.000000,-4514.000000,2159.000000,589.000000
-200.000000,0.000000,0.000000,0.000000,-4666.000000,2356.000000,785.000000
0.000000,0.000000,0.000000,0.000000,-4813.000000,2356.000000,589.000000
-100.000000,100.000000,0.000000,0.000000,-4877.000000,2748.000000,589.000000
0.000000,200.000000,0.000000,0.000000,-4950.000000,2945.000000,785.000000
0.000000,0.000000,0.000000,0.000000,-5103.000000,2945.000000,589.000000
100.000000,0.000000,0.000000,0.000000,-5226.000000,2748.000000,785.000000
-100.000000,-100.000000,0.000000,0.000000,-5224.000000,2748.000000,785.000000
-100.000000,-100.000000,0.000000,0.000000,-5253.000000,2356.000000,785.000000
0.000000,100.000000,0.000000,0.000000,-5430.000000,2356.000000,785.000000
-100.000000,0.000000,0.000000,0.000000,-5479.000000,2356.000000,785.000000
0.000000,100.000000,0.000000,0.000000,-5432.000000,2159.000000,589.000000
0.000000,100.000000,0.000000,0.000000,-5476.000000,1963.000000,785.000000
-100.000000,-100.000000,0.000000,0.000000,-5579.000000,2159.000000,785.000000
0.000000,0.000000,0.000000,0.000000,-5578.000000,2356.000000,785.000000
0.000000,200.000000,0.000000,0.000000,-5527.000000,2552.000000,785.000000
0.000000,200.000000,0.000000,0.000000,-5552.000000,2552.000000,785.000000
-100.000000,0.000000,0.000000,0.000000,-5624.000000,2552.000000,981.000000
-300.000000,300.000000,0.000000,0.000000,-5596.000000,2356.000000,981.000000
100.000000,300.000000,0.000000,0.000000,-5514.000000,2356.000000,981.000000
0.000000,200.000000,0.000000,0.000000,-5501.000000,2159.000000,981.000000
0.000000,0.000000,0.000000,0.000000,-5518.000000,2159.000000,981.000000
0.000000,100.000000,0.000000,0.000000,-5408.000000,2159.000000,981.000000
0.000000,100.000000,0.000000,0.000000,-5313.000000,2159.000000,981.000000
0.000000,0.000000,0.000000,0.000000,-5296.000000,2159.000000,981.000000
-100.000000,0.000000,0.000000,0.000000,-5262.000000,2159.000000,981.000000
-100.000000,300.000000,0.000000,0.000000,-5142.000000,2159.000000,1178.000000
0.000000,-200.000000,0.000000,0.000000,-5029.000000,1963.000000,785.000000
100.000000,400.000000,0.000000,0.000000,-4953.000000,2159.000000,981.000000
0.000000,0.000000,0.000000,0.000000,-4856.000000,1963.000000,981.000000
-200.000000,0.000000,0.000000,0.000000,-4735.000000,1963.000000,981.000000
-100.000000,0.000000,0.000000,0.000000,-4627.000000,1963.000000,981.000000
0.000000,0.000000,0.000000,0.000000,-4544.000000,1963.000000,981.000000
0.000000,0.000000,0.000000,0.000000,-4438.000000,1767.000000,785.000000
-200.000000,-100.000000,0.000000,0.000000,-4332.000000,1963.000000,981.000000
0.000000,-300.000000,0.000000,0.000000,-4259.000000,1963.000000,785.000000
-200.000000,100.000000,0.000000,0.000000,-4213.000000,1963.000000,785.000000
0.000000,-200.000000,0.000000,0.000000,-4152.000000,1767.000000,785.000000
0.000000,0.000000,0.000000,0.000000,-4078.000000,1767.000000,785.000000
0.000000,-200.000000,0.000000,0.000000,-4031.000000,1570.000000,589.000000
100.000000,0.000000,0.000000,0.000000,-4001.000000,1767.000000,589.000000
0.000000,100.000000,0.000000,0.000000,-3915.000000,1374.000000,589.000000
0.000000,200.000000,0.000000,0.000000,-3832.000000,1374.000000,785.000000
0.000000,0.000000,0.000000,0.000000,-3794.000000,1374.000000,589.000000
0.000000,-100.000000,0.000000,0.000000,-3775.000000,1374.000000,392.000000
0.000000,-100.000000,0.000000,0.000000,-3727.000000,1178.000000,589.000000
0.000000,0.000000,0.000000,0.000000,-3678.000000,1178.000000,589.000000
0.000000,100.000000,0.000000,0.000000,-3694.000000,1178.000000,392.000000
0.000000,0.000000,0.000000,0.000000,-3678.000000,981.000000,392.000000
0.000000,-100.000000,0.000000,0.000000,-3672.000000,1178.000000,392.000000
200.000000,-800.000000,0.000000,0.000000,-3686.000000,981.000000,196.000000
0.000000,-100.000000,0.000000,0.000000,-3691.000000,981.000000,392.000000
-500.000000,0.000000,0.000000,0.000000,-3698.000000,785.000000,392.000000
100.000000,300.000000,0.000000,0.000000,-3697.000000,785.000000,196.000000
0.000000,0.000000,0.000000,0.000000,-3724.000000,785.000000,196.000000
0.000000,0.000000,0.000000,0.000000,-3778.000000,785.000000,196.000000
-200.000000,0.000000,0.000000,0.000000,-3794.000000,589.000000,0.000000
-200.000000,0.000000,0.000000,0.000000,-3797.000000,589.000000,0.000000
0.000000,-100.000000,0.000000,0.000000,-3865.000000,589.000000,0.000000
200.000000,0.000000,0.000000,0.000000,-3916.000000,392.000000,196.000000
0.000000,0.000000,0.000000,0.000000,-3988.000000,589.000000,0.000000
-200.000000,-100.000000,0.000000,0.000000,-4057.000000,589.000000,196.000000
0.000000,-300.000000,0.000000,0.000000,-4123.000000,392.000000,0.000000
-100.000000,-500.000000,0.000000,0.000000,-4191.000000,392.000000,0.000000
-200.000000,0.000000,0.000000,0.000000,-4258.000000,196.000000,0.000000
0.000000,200.000000,0.000000,0.000000,-4330.000000,392.000000,0.000000
0.000000,100.000000,0.000000,0.000000,-4372.000000,196.000000,0.000000
-100.000000,-100.000000,0.000000,0.000000,-4435.000000,196.000000,0.000000
-100.000000,100.000000,0.000000,0.000000,-4499.000000,196.000000,0.000000
-100.000000,-200.000000,0.000000,0.000000,-4536.000000,0.000000,0.000000
100.000000,0.000000,0.000000,0.000000,-4588.000000,196.000000,0.000000
-400.000000,0.000000,0.000000,0.000000,-4664.000000,0.000000,0.000000
0.000000,100.000000,0.000000,0.000000,-4682.000000,196.000000,0.000000
-100.000000,0.000000,0.000000,0.000000,-4708.000000,0.000000,0.000000
-100.000000,300.000000,0.000000,0.000000,-4750.000000,196.000000,0.000000
-200.000000,-100.000000,0.000000,0.000000,-4754.000000,0.000000,0.000000
-200.000000,0.000000,0.000000,0.000000,-4752.000000,196.000000,0.000000
-300.000000,0.000000,0.000000,0.000000,-4761.000000,0.000000,0.000000
0.000000,0.000000,0.000000,0.000000,-4758.000000,0.000000,0.000000
0.000000,-500.000000,0.000000,0.000000,-4721.000000,0.000000,0.000000
300.000000,-500.000000,0.000000,0.000000,-4700.000000,0.000000,0.000000
0.000000,-400.000000,0.000000,0.000000,-4676.000000,0.000000,0.000000
-300.000000,100.000000,0.000000,0.000000,-4647.000000,0.000000,0.000000
-100.000000,-200.000000,0.000000,0.000000,-4587.000000,0.000000,0.000000
100.000000,-200.000000,0.000000,0.000000,-4524.000000,-196.000000,0.000000
200.000000,-200.000000,0.000000,0.000000,-4472.000000,0.000000,0.000000
-200.000000,-1100.000000,0.000000,0.000000,-4425.000000,-196.000000,0.000000
100.000000,-100.000000,0.000000,0.000000,-4361.000000,0.000000,0.000000
-100.000000,-400.000000,0.000000,0.000000,-4301.000000,0.000000,0.000000
-100.000000,-200.000000,0.000000,0.000000,-4247.000000,0.000000,0.000000
-100.000000,500.000000,0.000000,0.000000,-4183.000000,-196.000000,0.000000
200.000000,200.000000,0.000000,0.000000,-4106.000000,0.000000,0.000000
0.000000,200.000000,0.000000,0.000000,-3981.000000,-392.000000,0.000000
0.000000,0.000000,0.000000,0.000000,-3873.000000,-392.000000,0.000000
100.000000,100.000000,0.000000,0.000000,-3832.000000,-589.000000,0.000000
-100.000000,300.000000,0.000000,0.000000,-3767.000000,-392.000000,0.000000
-200.000000,0.000000,0.000000,0.000000,-3665.000000,-392.000000,-196.000000
-200.000000,400.000000,0.000000,0.000000,-3574.000000,-392.000000,0.000000
0.000000,200.000000,0.000000,0.000000,-3512.000000,-392.000000,0.000000
-300.000000,0.000000,0.000000,0.000000,-3469.000000,-392.000000,0.000000
-100.000000,400.000000,0.000000,0.000000,-3408.000000,-392.000000,0.000000
0.000000,200.000000,0.000000,0.000000,-3341.000000,-392.000000,0.000000
0.000000,200.000000,0.000000,0.000000,-3302.000000,-392.000000,-196.000000
-200.000000,200.000000,0.000000,0.000000,-3253.000000,-589.000000,0.000000
100.000000,-100.000000,0.000000,0.000000,-3183.000000,-392.000000,-392.000000
100.000000,400.000000,0.000000,0.000000,-3146.000000,-589.000000,-392.000000
0.000000,100.000000,0.000000,0.000000,-3093.000000,-392.000000,-589.000000
100.000000,100.000000,0.000000,0.000000,-2999.000000,-589.000000,-392.000000
100.000000,300.000000,0.000000,0.000000,-2957.000000,-392.000000,-589.000000
100.000000,100.000000,0.000000,0.000000,-2927.000000,-589.000000,-392.000000
-100.000000,200.000000,0.000000,0.000000,-2854.000000,-589.000000,-392.000000
-100.000000,0.000000,0.000000,0.000000,-2799.000000,-589.000000,-392.000000
0.000000,200.000000,0.000000,0.000000,-2794.000000,-589.000000,-392.000000
0.000000,200.000000,0.000000,0.000000,-2767.000000,-589.000000,-589.000000
-200.000000,300.000000,0.000000,0.000000,-2720.000000,-589.000000,-785.000000
-100.000000,400.000000,0.000000,0.000000,-2684.000000,-785.000000,-589.000000
0.000000,100.000000,0.000000,0.000000,-2663.000000,-589.000000,-589.000000
200.000000,0.000000,156.000000,156.000000,-2637.000000,-589.000000,-589.000000
100.000000,100.000000,0.000000,0.000000,-2622.000000,-589.000000,-589.000000
-100.000000,300.000000,0.000000,0.000000,-2621.000000,-785.000000,-392.000000
-100.000000,-200.000000,0.000000,0.000000,-2616.000000,-785.000000,-589.000000
0.000000,100.000000,0.000000,0.000000,-2627.000000,-785.000000,-785.000000
0.000000,0.000000,0.000000,0.000000,-2630.000000,-589.000000,-589.000000
200.000000,0.000000,0.000000,0.000000,-2629.000000,-785.000000,-785.000000
0.000000,0.000000,0.000000,0.000000,-2632.000000,-785.000000,-785.000000
300.000000,0.000000,0.000000,0.000000,-2655.000000,-589.000000,-589.000000
0.000000,200.000000,0.000000,0.000000,-2672.000000,-981.000000,-785.000000
0.000000,-100.000000,0.000000,0.000000,-2705.000000,-589.000000,-589.000000
-100.000000,-200.000000,0.000000,0.000000,-2737.000000,-785.000000,-785.000000
200.000000,0.000000,0.000000,0.000000,-2759.000000,-981.000000,-589.000000
-100.000000,-200.000000,0.000000,0.000000,-2776.000000,-785.000000,-785.000000
0.000000,0.000000,0.000000,0.000000,-2816.000000,-785.000000,-785.000000
0.000000,0.000000,0.000000,0.000000,-2854.000000,-785.000000,-785.000000
0.000000,0.000000,0.000000,0.000000,-2879.000000,-785.000000,-589.000000
400.000000,100.000000,0.000000,0.000000,-2909.000000,-785.000000,-785.000000
0.000000,-200.000000,0.000000,0.000000,-2952.000000,-785.000000,-589.000000
300.000000,0.000000,0.000000,0.000000,-3003.000000,-981.000000,-785.000000
100.000000,0.000000,0.000000,0.000000,-3024.000000,-785.000000,-589.000000
0.000000,100.000000,0.000000,0.000000,-3050.000000,-785.000000,-785.000000
0.000000,0.000000,0.000000,0.000000,-3071.000000,-785.000000,-589.000000
0.000000,0.000000,0.000000,0.000000,-3104.000000,-785.000000,-785.000000
200.000000,100.000000,0.000000,0.000000,-3118.000000,-785.000000,-589.000000
300.000000,0.000000,0.000000,0.000000,-3142.000000,-785.000000,-589.000000
0.000000,100.000000,0.000000,0.000000,-3190.000000,-981.000000,-785.000000
-300.000000,200.000000,0.000000,0.000000,-3218.000000,-785.000000,-589.000000
0.000000,100.000000,0.000000,0.000000,-3245.000000,-589.000000,-589.000000
100.000000,200.000000,0.000000,0.000000,-3261.000000,-785.000000,-589.000000
-100.000000,0.000000,0.000000,0.000000,-3298.000000,-785.000000,-589.000000
-200.000000,0.000000,0.000000,0.000000,-3293.000000,-589.000000,-589.000000
0.000000,100.000000,0.000000,0.000000,-3288.000000,-785.000000,-589.000000
0.000000,0.000000,0.000000,0.000000,-3325.000000,-589.000000,-589.000000
0.000000,0.000000,0.000000,0.000000,-3303.000000,-589.000000,-392.000000
300.000000,100.000000,0.000000,0.000000,-3277.000000,-589.000000,-589.000000
-300.000000,0.000000,0.000000,0.000000,-3302.000000,-589.000000,-589.000000
-100.000000,0.000000,0.000000,0.000000,-3323.000000,-589.000000,-392.000000
0.000000,200.000000,0.000000,0.000000,-3291.000000,-589.000000,-589.000000
0.000000,300.000000,0.000000,0.000000,-3274.000000,-392.000000,-392.000000
100.000000,200.000000,0.000000,0.000000,-3268.000000,-589.000000,-589.000000
200.000000,0.000000,0.000000,0.000000,-3215.000000,-392.000000,-392.000000
-200.000000,0.000000,0.000000,0.000000,-3185.000000,-589.000000,-392.000000
0.000000,0.000000,0.000000,0.000000,-3176.000000,-392.000000,-392.000000
300.000000,100.000000,0.000000,0.000000,-3166.000000,-392.000000,-392.000000
500.000000,0.000000,0.000000,0.000000,-3102.000000,-392.000000,-392.000000
0.000000,-100.000000,0.000000,0.000000,-3049.000000,-392.000000,-392.000000
200.000000,0.000000,0.000000,0.000000,-3013.000000,-392.000000,-392.000000
-300.000000,-200.000000,78.000000,78.000000,-2964.000000,-392.000000,-392.000000
200.000000,500.000000,0.000000,0.000000,-2899.000000,-392.000000,-392.000000
0.000000,100.000000,0.000000,0.000000,-2839.000000,-392.000000,-392.000000
0.000000,300.000000,0.000000,0.000000,-2785.000000,-392.000000,-392.000000
200.000000,100.000000,0.000000,0.000000,-2717.000000,-392.000000,-392.000000
-300.000000,0.000000,0.000000,0.000000,-2664.000000,-392.000000,-589.000000
0.000000,0.000000,0.000000,0.000000,-2611.000000,-392.000000,-392.000000
300.000000,100.000000,0.000000,0.000000,-2543.000000,-196.000000,-392.000000
400.000000,-100.000000,0.000000,0.000000,-2479.000000,-392.000000,-392.000000
100.000000,0.000000,0.000000,0.000000,-2405.000000,-196.000000,-392.000000
0.000000,0.000000,0.000000,0.000000,-2343.000000,-589.000000,-392.000000
200.000000,200.000000,0.000000,0.000000,-2295.000000,-392.000000,-392.000000
200.000000,100.000000,0.000000,0.000000,-2261.000000,-589.000000,-392.000000
100.000000,0.000000,0.000000,0.000000,-2205.000000,-392.000000,-589.000000
500.000000,0.000000,78.000000,78.000000,-2119.000000,-392.000000,-392.000000
200.000000,0.000000,0.000000,0.000000,-2078.000000,-392.000000,-589.000000
0.000000,0.000000,0.000000,0.000000,-2041.000000,-589.000000,-392.000000
-100.000000,0.000000,0.000000,0.000000,-1980.000000,-392.000000,-589.000000
0.000000,300.000000,0.000000,0.000000,-1913.000000,-392.000000,-392.000000
0.000000,100.000000,0.000000,0.000000,-1870.000000,-785.000000,-589.000000
-200.000000,0.000000,0.000000,0.000000,-1882.000000,-589.000000,-392.000000
100.000000,0.000000,0.000000,0.000000,-1877.000000,-589.000000,-785.000000
100.000000,100.000000,0.000000,0.000000,-1828.000000,-785.000000,-589.000000
0.000000,-100.000000,0.000000,0.000000,-1827.000000,-589.000000,-589.000000
0.000000,300.000000,0.000000,0.000000,-1814.000000,-589.000000,-589.000000
200.000000,-100.000000,0.000000,0.000000,-1756.000000,-589.000000,-785.000000
200.000000,0.000000,0.000000,0.000000,-1748.000000,-785.000000,-589.000000
200.000000,200.000000,0.000000,0.000000,-1788.000000,-785.000000,-589.000000
100.000000,-100.000000,0.000000,0.000000,-1801.000000,-981.000000,-785.000000
100.000000,-200.000000,0.000000,0.000000,-1823.000000,-785.000000,-589.000000
200.000000,-200.000000,0.000000,0.000000,-1841.000000,-785.000000,-785.000000
0.000000,-100.000000,0.000000,0.000000,-1844.000000,-785.000000,-785.000000
-100.000000,0.000000,156.000000,156.000000,-1872.000000,-785.000000,-589.000000
0.000000,300.000000,0.000000,0.000000,-1913.000000,-981.000000,-785.000000
200.000000,200.000000,0.000000,0.000000,-1940.000000,-981.000000,-785.000000
100.000000,200.000000,0.000000,0.000000,-2018.000000,-981.000000,-785.000000
300.000000,0.000000,0.000000,0.000000,-2088.000000,-981.000000,-785.000000
200.000000,0.000000,0.000000,0.000000,-2150.000000,-981.000000,-785.000000
200.000000,100.000000,0.000000,0.000000,-2214.000000,-981.000000,-981.000000
0.000000,100.000000,0.000000,0.000000,-2294.000000,-981.000000,-785.000000
100.000000,200.000000,0.000000,0.000000,-2374.000000,-981.000000,-785.000000
0.000000,100.000000,0.000000,0.000000,-2413.000000,-981.000000,-981.000000
0.000000,-100.000000,0.000000,0.000000,-2515.000000,-981.000000,-785.000000
0.000000,300.000000,0.000000,0.000000,-2633.000000,-981.000000,-785.000000
100.000000,0.000000,0.000000,0.000000,-2702.000000,-785.000000,-981.000000
100.000000,0.000000,0.000000,0.000000,-2779.000000,-981.000000,-785.000000
100.000000,100.000000,0.000000,0.000000,-2860.000000,-981.000000,-981.000000
100.000000,200.000000,0.000000,0.000000,-2959.000000,-785.000000,-785.000000
-200.000000,100.000000,0.000000,0.000000,-3020.000000,-981.000000,-981.000000
-200.000000,-200.000000,0.000000,0.000000,-3085.000000,-785.000000,-785.000000
100.000000,300.000000,0.000000,0.000000,-3157.000000,-981.000000,-981.000000
0.000000,-100.000000,0.000000,0.000000,-3200.000000,-785.000000,-785.000000
300.000000,0.000000,0.000000,0.000000,-3248.000000,-981.000000,-785.000000
200.000000,0.000000,0.000000,0.000000,-3312.000000,-785.000000,-981.000000
0.000000,100.000000,0.000000,0.000000,-3367.000000,-785.000000,-785.000000
0.000000,0.000000,0.000000,0.000000,-3401.000000,-785.000000,-785.000000
100.000000,100.000000,0.000000,0.000000,-3436.000000,-785.000000,-981.000000
400.000000,200.000000,0.000000,0.000000,-3450.000000,-589.000000,-785.000000
100.000000,200.000000,0.000000,0.000000,-3486.000000,-785.000000,-785.000000
0.000000,0.000000,0.000000,0.000000,-3506.000000,-785.000000,-981.000000
100.000000,300.000000,0.000000,0.000000,-3486.000000,-589.000000,-785.000000
0.000000,100.000000,0.000000,0.000000,-3480.000000,-589.000000,-785.000000
-200.000000,100.000000,0.000000,0.000000,-3467.000000,-589.000000,-785.000000
100.000000,100.000000,0.000000,0.000000,-3440.000000,-589.000000,-785.000000
