Channel 1,Channel 2,Channel 3,Channel 4,Channel 5,Channel 6,Channel 7
0.000000,-300.000000,0.000000,0.000000,-3813.000000,0.000000,0.000000
0.000000,-100.000000,0.000000,0.000000,-3805.000000,0.000000,0.000000
0.000000,100.000000,0.000000,0.000000,-3805.000000,0.000000,0.000000
0.000000,-100.000000,0.000000,0.000000,-3823.000000,0.000000,0.000000
-100.000000,0.000000,0.000000,0.000000,-3819.000000,0.000000,0.000000
100.000000,-200.000000,0.000000,0.000000,-3784.000000,0.000000,0.000000
-200.000000,-200.000000,0.000000,0.000000,-3788.000000,0.000000,0.000000
0.000000,0.000000,0.000000,0.000000,-3775.000000,0.000000,0.000000
-200.000000,-100.000000,0.000000,0.000000,-3780.000000,0.000000,0.000000
0.000000,-200.000000,0.000000,0.000000,-3784.000000,0.000000,0.000000
0.000000,-300.000000,0.000000,0.000000,-3802.000000,0.000000,0.000000
-200.000000,-300.000000,0.000000,0.000000,-3803.000000,0.000000,0.000000
-400.000000,-200.000000,0.000000,0.000000,-3794.000000,0.000000,0.000000
-200.000000,0.000000,0.000000,0.000000,-3816.000000,0.000000,0.000000
0.000000,0.000000,78.000000,78.000000,-3833.000000,0.000000,0.000000
-100.000000,0.000000,0.000000,0.000000,-3838.000000,0.000000,0.000000
-100.000000,-300.000000,0.000000,0.000000,-3839.000000,0.000000,0.000000
0.000000,-200.000000,0.000000,0.000000,-3850.000000,0.000000,0.000000
-100.000000,100.000000,0.000000,0.000000,-3873.000000,0.000000,0.000000
0.000000,-200.000000,0.000000,0.000000,-3883.000000,0.000000,0.000000
-100.000000,0.000000,0.000000,0.000000,-3899.000000,0.000000,0.000000
-200.000000,-300.000000,0.000000,0.000000,-3913.000000,0.000000,0.000000
-100.000000,0.000000,0.000000,0.000000,-3935.000000,0.000000,0.000000
0.000000,200.000000,0.000000,0.000000,-3935.000000,0.000000,0.000000
-200.000000,-200.000000,0.000000,0.000000,-3942.000000,0.000000,0.000000
-200.000000,-100.000000,0.000000,0.000000,-3935.000000,0.000000,0.000000
-200.000000,-100.000000,0.000000,0.000000,-3932.000000,0.000000,0.000000
0.000000,-300.000000,0.000000,0.000000,-3932.000000,0.000000,0.000000
300.000000,-200.000000,156.000000,156.000000,-3928.000000,0.000000,0.000000
-400.000000,0.000000,0.000000,0.000000,-3932.000000,0.000000,0.000000
0.000000,0.000000,0.000000,0.000000,-3923.000000,0.000000,0.000000
-100.000000,-100.000000,0.000000,0.000000,-3911.000000,0.000000,0.000000
0.000000,-300.000000,0.000000,0.000000,-3913.000000,0.000000,0.000000
-200.000000,-100.000000,0.000000,0.000000,-3897.000000,0.000000,0.000000
-300.000000,-200.000000,0.000000,0.000000,-3887.000000,0.000000,0.000000
-200.000000,-100.000000,0.000000,0.000000,-3856.000000,0.000000,0.000000
0.000000,200.000000,0.000000,0.000000,-3842.000000,0.000000,0.000000
0.000000,-100.000000,0.000000,0.000000,-3849.000000,0.000000,0.000000
0.000000,-200.000000,0.000000,0.000000,-3834.000000,0.000000,0.000000
-100.000000,-200.000000,0.000000,0.000000,-3828.000000,0.000000,0.000000
0.000000,-100.000000,0.000000,0.000000,-3819.000000,0.000000,0.000000
0.000000,-100.000000,0.000000,0.000000,-3832.000000,0.000000,0.000000
0.000000,0.000000,0.000000,0.000000,-3842.000000,0.000000,0.000000
0.000000,-100.000000,0.000000,0.000000,-3857.000000,0.000000,0.000000
-200.000000,-300.000000,0.000000,0.000000,-3874.000000,0.000000,0.000000
0.000000,0.000000,0.000000,0.000000,-3885.000000,0.000000,0.000000
100.000000,0.000000,0.000000,0.000000,-3912.000000,0.000000,0.000000
-200.000000,-100.000000,0.000000,0.000000,-3935.000000,0.000000,0.000000
-100.000000,-200.000000,0.000000,0.000000,-3958.000000,0.000000,0.000000
0.000000,-100.000000,0.000000,0.000000,-3967.000000,0.000000,0.000000
0.000000,0.000000,0.000000,0.000000,-3982.000000,0.000000,0.000000
0.000000,0.000000,0.000000,0.000000,-4012.000000,0.000000,0.000000
-100.000000,0.000000,0.000000,0.000000,-4038.000000,0.000000,0.000000
100.000000,-200.000000,0.000000,0.000000,-4064.000000,0.000000,0.000000
-100.000000,-200.000000,0.000000,0.000000,-4095.000000,0.000000,0.000000
-300.000000,0.000000,0.000000,0.000000,-4132.000000,0.000000,0.000000
0.000000,0.000000,0.000000,0.000000,-4155.000000,0.000000,0.000000
-100.000000,0.000000,0.000000,0.000000,-4180.000000,0.000000,0.000000
-100.000000,0.000000,0.000000,0.000000,-4209.000000,0.000000,0.000000
0.000000,-200.000000,0.000000,0.000000,-4212.000000,0.000000,0.000000
-100.000000,-300.000000,0.000000,0.000000,-4250.000000,0.000000,0.000000
0.000000,-200.000000,0.000000,0.000000,-4271.000000,0.000000,0.000000
-200.000000,100.000000,0.000000,0.000000,-4283.000000,0.000000,0.000000
0.000000,-400.000000,0.000000,0.000000,-4288.000000,0.000000,0.000000
0.000000,-100.000000,0.000000,0.000000,-4288.000000,0.000000,0.000000
0.000000,-200.000000,0.000000,0.000000,-4280.000000,0.000000,0.000000
200.000000,-200.000000,0.000000,0.000000,-4269.000000,0.000000,0.000000
-100.000000,-200.000000,0.000000,0.000000,-4270.000000,0.000000,0.000000
0.000000,-200.000000,0.000000,0.000000,-4273.000000,0.000000,0.000000
0.000000,100.000000,0.000000,0.000000,-4281.000000,0.000000,0.000000
-200.000000,-100.000000,0.000000,0.000000,-4295.000000,0.000000,0.000000
-100.000000,0.000000,0.000000,0.000000,-4271.000000,0.000000,0.000000
-100.000000,-200.000000,0.000000,0.000000,-4254.000000,0.000000,0.000000
100.000000,100.000000,156.000000,156.000000,-4254.000000,0.000000,0.000000
0.000000,200.000000,0.000000,0.000000,-4248.000000,0.000000,0.000000
-200.000000,0.000000,0.000000,0.000000,-4222.000000,0.000000,0.000000
-300.000000,-100.000000,0.000000,0.000000,-4185.000000,0.000000,0.000000
-100.000000,-300.000000,0.000000,0.000000,-4178.000000,0.000000,0.000000
100.000000,-100.000000,156.000000,156.000000,-4155.000000,0.000000,0.000000
-200.000000,-100.000000,0.000000,0.000000,-4157.000000,0.000000,0.000000
0.000000,100.000000,78.000000,78.000000,-4138.000000,0.000000,0.000000
0.000000,-200.000000,0.000000,0.000000,-4120.000000,0.000000,0.000000
-100.000000,-200.000000,0.000000,0.000000,-4089.000000,0.000000,0.000000
-100.000000,0.000000,0.000000,0.000000,-4082.000000,0.000000,0.000000
0.000000,-200.000000,0.000000,0.000000,-4067.000000,0.000000,0.000000
-100.000000,-200.000000,0.000000,0.000000,-4064.000000,0.000000,0.000000
-300.000000,0.000000,0.000000,0.000000,-4048.000000,0.000000,0.000000
-200.000000,-200.000000,0.000000,0.000000,-4032.000000,0.000000,0.000000
-200.000000,-200.000000,0.000000,0.000000,-4027.000000,0.000000,0.000000
-300.000000,-200.000000,0.000000,0.000000,-4025.000000,0.000000,0.000000
100.000000,0.000000,0.000000,0.000000,-4031.000000,0.000000,0.000000
-200.000000,-300.000000,0.000000,0.000000,-4044.000000,0.000000,0.000000
0.000000,-400.000000,0.000000,0.000000,-4047.000000,0.000000,0.000000
0.000000,0.000000,0.000000,0.000000,-4044.000000,0.000000,0.000000
0.000000,-100.000000,0.000000,0.000000,-4059.000000,0.000000,0.000000
-300.000000,0.000000,0.000000,0.000000,-4063.000000,0.000000,0.000000
-100.000000,-500.000000,0.000000,0.000000,-4067.000000,0.000000,0.000000
-300.000000,-300.000000,0.000000,0.000000,-4075.000000,0.000000,0.000000
-100.000000,0.000000,0.000000,0.000000,-4074.000000,0.000000,0.000000
-100.000000,-200.000000,0.000000,0.000000,-4060.000000,0.000000,0.000000
-100.000000,-300.000000,0.000000,0.000000,-4073.000000,0.000000,0.000000
0.000000,0.000000,0.000000,0.000000,-4083.000000,0.000000,0.000000
-100.000000,-400.000000,0.000000,0.000000,-4074.000000,0.000000,0.000000
-100.000000,-100.000000,5000.000000,5000.000000,-4084.000000,0.000000,0.000000
2500.000000,4900.000000,5000.000000,5000.000000,-4072.000000,392.000000,392.000000
4800.000000,4200.000000,5000.000000,5000.000000,-4116.000000,1178.000000,785.000000
5100.000000,4900.000000,5000.000000,5000.000000,-4164.000000,2552.000000,981.000000
4500.000000,4100.000000,5000.000000,5000.000000,-4209.000000,2945.000000,196.000000
4800.000000,6900.000000,5000.000000,5000.000000,-3809.000000,1570.000000,-196.000000
4600.000000,4700.000000,5000.000000,5000.000000,-3005.000000,-392.000000,-196.000000
5600.000000,4800.000000,5000.000000,5000.000000,-3007.000000,-981.000000,589.000000
4400.000000,4500.000000,5000.000000,5000.000000,-3345.000000,-589.000000,981.000000
5500.000000,4000.000000,5000.000000,5000.000000,-3114.000000,589.000000,981.000000
5100.000000,4200.000000,5000.000000,5000.000000,-2738.000000,1570.000000,785.000000
5300.000000,4300.000000,5000.000000,5000.000000,-2660.000000,1767.000000,589.000000
4500.000000,4900.000000,5000.000000,5000.000000,-2392.000000,1570.000000,589.000000
4900.000000,5000.000000,5000.000000,5000.000000,-1816.000000,589.000000,589.000000
4500.000000,5200.000000,5000.000000,5000.000000,-1680.000000,196.000000,981.000000
4100.000000,4400.000000,5000.000000,5000.000000,-1653.000000,589.000000,1178.000000
5800.000000,5200.000000,5000.000000,5000.000000,-1537.000000,1374.000000,1374.000000
4700.000000,5000.000000,5000.000000,5000.000000,-1397.000000,1767.000000,981.000000
5400.000000,4900.000000,5000.000000,5000.000000,-1016.000000,1570.000000,785.000000
4700.000000,5000.000000,5000.000000,5000.000000,-629.000000,981.000000,785.000000
4500.000000,5000.000000,5000.000000,5000.000000,-565.000000,589.000000,1178.000000
4500.000000,5200.000000,5000.000000,5000.000000,-505.000000,785.000000,1178.000000
5800.000000,4000.000000,5000.000000,5000.000000,-243.000000,1374.000000,1178.000000
4900.000000,4700.000000,5000.000000,5000.000000,-79.000000,1570.000000,1178.000000
4800.000000,6200.000000,5000.000000,5000.000000,134.000000,1374.000000,981.000000
4800.000000,4600.000000,5000.000000,5000.000000,533.000000,981.000000,785.000000
4800.000000,5400.000000,5000.000000,5000.000000,670.000000,981.000000,785.000000
4800.000000,4700.000000,5000.000000,5000.000000,610.000000,785.000000,1178.000000
4700.000000,5600.000000,5000.000000,5000.000000,858.000000,1178.000000,1178.000000
5100.000000,4800.000000,5000.000000,5000.000000,1096.000000,1374.000000,981.000000
4800.000000,4400.000000,5000.000000,5000.000000,1106.000000,1374.000000,981.000000
4800.000000,5000.000000,5000.000000,5000.000000,1271.000000,785.000000,785.000000
4900.000000,4200.000000,5000.000000,5000.000000,1515.000000,785.000000,785.000000
5100.000000,5000.000000,5000.000000,5000.000000,1443.000000,981.000000,981.000000
5400.000000,5100.000000,5000.000000,5000.000000,1393.000000,981.000000,981.000000
5000.000000,5000.000000,5000.000000,5000.000000,1573.000000,1178.000000,785.000000
5400.000000,4500.000000,5000.000000,5000.000000,1654.000000,981.000000,785.000000
4700.000000,5100.000000,5000.000000,5000.000000,1605.000000,785.000000,589.000000
4900.000000,5400.000000,5000.000000,5000.000000,1629.000000,785.000000,785.000000
5500.000000,4600.000000,5000.000000,5000.000000,1619.000000,589.000000,785.000000
4700.000000,-100.000000,0.000000,0.000000,1495.000000,785.000000,589.000000
0.000000,200.000000,0.000000,0.000000,1448.000000,0.000000,-196.000000
0.000000,0.000000,0.000000,0.000000,1361.000000,-196.000000,-196.000000
100.000000,200.000000,0.000000,0.000000,1143.000000,196.000000,-196.000000
0.000000,0.000000,0.000000,0.000000,971.000000,-196.000000,0.000000
200.000000,0.000000,0.000000,0.000000,822.000000,-196.000000,0.000000
-100.000000,0.000000,0.000000,0.000000,554.000000,196.000000,0.000000
-100.000000,-100.000000,0.000000,0.000000,281.000000,196.000000,196.000000
100.000000,-100.000000,0.000000,0.000000,-28.000000,0.000000,0.000000
100.000000,100.000000,0.000000,0.000000,-397.000000,-392.000000,0.000000
0.000000,100.000000,0.000000,0.000000,-697.000000,0.000000,0.000000
0.000000,-200.000000,0.000000,0.000000,-1020.000000,0.000000,-196.000000
0.000000,0.000000,0.000000,0.000000,-1472.000000,0.000000,-196.000000
0.000000,100.000000,0.000000,0.000000,-1948.000000,0.000000,0.000000
0.000000,100.000000,0.000000,0.000000,-2302.000000,-196.000000,0.000000
0.000000,0.000000,0.000000,0.000000,-2649.000000,-392.000000,-196.000000
100.000000,100.000000,0.000000,0.000000,-3134.000000,-785.000000,-392.000000
-100.000000,100.000000,0.000000,0.000000,-3589.000000,-785.000000,-589.000000
-200.000000,100.000000,0.000000,0.000000,-3966.000000,-785.000000,-785.000000
0.000000,100.000000,0.000000,0.000000,-4366.000000,-589.000000,-392.000000
0.000000,-100.000000,0.000000,0.000000,-4799.000000,-392.000000,-196.000000
-100.000000,0.000000,0.000000,0.000000,-5175.000000,-589.000000,-196.000000
0.000000,100.000000,0.000000,0.000000,-5521.000000,-392.000000,-196.000000
-100.000000,100.000000,0.000000,0.000000,-5909.000000,-196.000000,-196.000000
200.000000,200.000000,0.000000,0.000000,-6288.000000,0.000000,0.000000
0.000000,0.000000,0.000000,0.000000,-6587.000000,-196.000000,-196.000000
100.000000,0.000000,0.000000,0.000000,-6836.000000,-196.000000,0.000000
0.000000,0.000000,0.000000,0.000000,-7142.000000,-196.000000,0.000000
-200.000000,100.000000,0.000000,0.000000,-7434.000000,-196.000000,0.000000
0.000000,100.000000,0.000000,0.000000,-7650.000000,-196.000000,196.000000
0.000000,0.000000,0.000000,0.000000,-7803.000000,-196.000000,0.000000
0.000000,0.000000,0.000000,0.000000,-7955.000000,0.000000,0.000000
100.000000,0.000000,0.000000,0.000000,-8092.000000,0.000000,196.000000
0.000000,0.000000,0.000000,0.000000,-8171.000000,196.000000,196.000000
0.000000,100.000000,0.000000,0.000000,-8231.000000,196.000000,392.000000
-100.000000,0.000000,0.000000,0.000000,-8273.000000,0.000000,785.000000
0.000000,100.000000,0.000000,0.000000,-8274.000000,0.000000,981.000000
-200.000000,-200.000000,0.000000,0.000000,-8228.000000,0.000000,785.000000
-100.000000,0.000000,0.000000,0.000000,-8167.000000,0.000000,981.000000
0.000000,-200.000000,0.000000,0.000000,-8073.000000,0.000000,589.000000
0.000000,-100.000000,0.000000,0.000000,-7943.000000,0.000000,785.000000
0.000000,0.000000,0.000000,0.000000,-7768.000000,0.000000,785.000000
0.000000,0.000000,0.000000,0.000000,-7617.000000,0.000000,981.000000
-100.000000,0.000000,0.000000,0.000000,-7486.000000,589.000000,981.000000
0.000000,100.000000,0.000000,0.000000,-7317.000000,1178.000000,1178.000000
-100.000000,100.000000,0.000000,0.000000,-7082.000000,1570.000000,1178.000000
0.000000,0.000000,0.000000,0.000000,-6905.000000,1767.000000,1178.000000
-200.000000,0.000000,0.000000,0.000000,-6620.000000,1570.000000,1178.000000
0.000000,0.000000,0.000000,0.000000,-6287.000000,1374.000000,1178.000000
100.000000,0.000000,0.000000,0.000000,-6008.000000,1178.000000,981.000000
0.000000,100.000000,0.000000,0.000000,-5804.000000,981.000000,1178.000000
-100.000000,-100.000000,0.000000,0.000000,-5502.000000,1178.000000,1178.000000
0.000000,100.000000,0.000000,0.000000,-5103.000000,785.000000,1178.000000
-100.000000,0.000000,0.000000,0.000000,-4795.000000,981.000000,1178.000000
-100.000000,100.000000,0.000000,0.000000,-4558.000000,785.000000,1178.000000
0.000000,0.000000,0.000000,0.000000,-4235.000000,785.000000,1178.000000
0.000000,100.000000,0.000000,0.000000,-3911.000000,785.000000,981.000000
-100.000000,100.000000,0.000000,0.000000,-3654.000000,1178.000000,785.000000
0.000000,200.000000,0.000000,0.000000,-3404.000000,1374.000000,981.000000
0.000000,200.000000,0.000000,0.000000,-3130.000000,1178.000000,785.000000
200.000000,200.000000,0.000000,0.000000,-2863.000000,981.000000,785.000000
0.000000,-200.000000,0.000000,0.000000,-2658.000000,981.000000,785.000000
100.000000,100.000000,0.000000,0.000000,-2490.000000,981.000000,589.000000
0.000000,0.000000,0.000000,0.000000,-2297.000000,785.000000,785.000000
100.000000,-200.000000,0.000000,0.000000,-2130.000000,589.000000,589.000000
0.000000,0.000000,0.000000,0.000000,-2010.000000,589.000000,589.000000
0.000000,0.000000,0.000000,0.000000,-1927.000000,392.000000,392.000000
0.000000,0.000000,0.000000,0.000000,-1823.000000,196.000000,196.000000
-100.000000,-100.000000,0.000000,0.000000,-1745.000000,196.000000,392.000000
0.000000,0.000000,0.000000,0.000000,-1738.000000,0.000000,196.000000
-100.000000,-300.000000,0.000000,0.000000,-1734.000000,196.000000,0.000000
0.000000,-200.000000,0.000000,0.000000,-1699.000000,0.000000,0.000000
-100.000000,-100.000000,0.000000,0.000000,-1737.000000,0.000000,0.000000
100.000000,0.000000,0.000000,0.000000,-1842.000000,0.000000,0.000000
-200.000000,0.000000,0.000000,0.000000,-1882.000000,0.000000,0.000000
-100.000000,0.000000,0.000000,0.000000,-1975.000000,0.000000,0.000000
100.000000,0.000000,0.000000,0.000000,-2142.000000,0.000000,0.000000
0.000000,0.000000,0.000000,0.000000,-2303.000000,0.000000,-196.000000
0.000000,-100.000000,0.000000,0.000000,-2460.000000,0.000000,-196.000000
0.000000,0.000000,0.000000,0.000000,-2628.000000,0.000000,0.000000
100.000000,-100.000000,0.000000,0.000000,-2877.000000,0.000000,-196.000000
-100.000000,0.000000,0.000000,0.000000,-3113.000000,0.000000,-392.000000
-300.000000,100.000000,0.000000,0.000000,-3323.000000,0.000000,-589.000000
0.000000,0.000000,0.000000,0.000000,-3555.000000,0.000000,-589.000000
100.000000,0.000000,0.000000,0.000000,-3792.000000,-196.000000,-785.000000
0.000000,0.000000,0.000000,0.000000,-4004.000000,0.000000,-589.000000
0.000000,-200.000000,0.000000,0.000000,-4228.000000,-196.000000,-392.000000
100.000000,0.000000,0.000000,0.000000,-4475.000000,0.000000,-392.000000
0.000000,0.000000,0.000000,0.000000,-4718.000000,0.000000,-392.000000
0.000000,0.000000,0.000000,0.000000,-4936.000000,-196.000000,-392.000000
-100.000000,100.000000,0.000000,0.000000,-5179.000000,0.000000,-392.000000
0.000000,0.000000,0.000000,0.000000,-5346.000000,-392.000000,-392.000000
0.000000,200.000000,0.000000,0.000000,-5471.000000,-785.000000,-392.000000
0.000000,100.000000,0.000000,0.000000,-5684.000000,-589.000000,-392.000000
-100.000000,100.000000,0.000000,0.000000,-5893.000000,-785.000000,-392.000000
200.000000,200.000000,0.000000,0.000000,-6015.000000,-392.000000,-196.000000
0.000000,100.000000,0.000000,0.000000,-6111.000000,-589.000000,0.000000
0.000000,100.000000,0.000000,0.000000,-6193.000000,-196.000000,0.000000
0.000000,-100.000000,0.000000,0.000000,-6288.000000,-196.000000,0.000000
100.000000,0.000000,0.000000,0.000000,-6390.000000,0.000000,-196.000000
100.000000,-300.000000,0.000000,0.000000,-6424.000000,196.000000,-196.000000
0.000000,-100.000000,0.000000,0.000000,-6401.000000,0.000000,0.000000
100.000000,0.000000,0.000000,0.000000,-6418.000000,-196.000000,0.000000
-100.000000,-100.000000,0.000000,0.000000,-6435.000000,0.000000,0.000000
-100.000000,0.000000,0.000000,0.000000,-6365.000000,196.000000,0.000000
-100.000000,200.000000,0.000000,0.000000,-6281.000000,0.000000,196.000000
-200.000000,0.000000,0.000000,0.000000,-6238.000000,0.000000,0.000000
0.000000,-100.000000,0.000000,0.000000,-6140.000000,0.000000,0.000000
0.000000,0.000000,0.000000,0.000000,-5994.000000,0.000000,196.000000
100.000000,-200.000000,0.000000,0.000000,-5847.000000,0.000000,0.000000
0.000000,0.000000,0.000000,0.000000,-5741.000000,0.000000,0.000000
0.000000,-100.000000,0.000000,0.000000,-5581.000000,196.000000,0.000000
-100.000000,-200.000000,0.000000,0.000000,-5412.000000,0.000000,196.000000
-200.000000,100.000000,0.000000,0.000000,-5271.000000,196.000000,392.000000
0.000000,300.000000,0.000000,0.000000,-5104.000000,0.000000,589.000000
-100.000000,0.000000,0.000000,0.000000,-4910.000000,0.000000,392.000000
-100.000000,-200.000000,0.000000,0.000000,-4725.000000,0.000000,196.000000
100.000000,0.000000,0.000000,0.000000,-4563.000000,0.000000,196.000000
0.000000,0.000000,0.000000,0.000000,-4375.000000,0.000000,196.000000
100.000000,0.000000,0.000000,0.000000,-4190.000000,0.000000,196.000000
0.000000,0.000000,0.000000,0.000000,-4031.000000,0.000000,196.000000
0.000000,0.000000,0.000000,0.000000,-3900.000000,0.000000,196.000000
0.000000,-100.000000,0.000000,0.000000,-3732.000000,0.000000,196.000000
0.000000,0.000000,0.000000,0.000000,-3610.000000,0.000000,196.000000
0.000000,200.000000,0.000000,0.000000,-3488.000000,0.000000,0.000000
-100.000000,-100.000000,0.000000,0.000000,-3371.000000,0.000000,196.000000
-100.000000,-100.000000,0.000000,0.000000,-3243.000000,0.000000,0.000000
-200.000000,-100.000000,0.000000,0.000000,-3142.000000,0.000000,0.000000
100.000000,-100.000000,0.000000,0.000000,-3052.000000,0.000000,0.000000
0.000000,0.000000,0.000000,0.000000,-2982.000000,0.000000,0.000000
0.000000,0.000000,0.000000,0.000000,-2927.000000,0.000000,-196.000000
-100.000000,-200.000000,0.000000,0.000000,-2894.000000,0.000000,0.000000
0.000000,-200.000000,0.000000,0.000000,-2860.000000,0.000000,0.000000
0.000000,0.000000,0.000000,0.000000,-2879.000000,0.000000,0.000000
0.000000,0.000000,0.000000,0.000000,-2894.000000,0.000000,0.000000
-100.000000,100.000000,0.000000,0.000000,-2900.000000,196.000000,0.000000
-200.000000,0.000000,0.000000,0.000000,-2929.000000,0.000000,-196.000000
-100.000000,0.000000,0.000000,0.000000,-2971.000000,0.000000,0.000000
-100.000000,0.000000,0.000000,0.000000,-3031.000000,0.000000,-196.000000
0.000000,-100.000000,0.000000,0.000000,-3102.000000,0.000000,0.000000
0.000000,-200.000000,0.000000,0.000000,-3186.000000,0.000000,-392.000000
0.000000,-100.000000,0.000000,0.000000,-3270.000000,0.000000,-392.000000
100.000000,-200.000000,0.000000,0.000000,-3368.000000,0.000000,-589.000000
100.000000,-100.000000,0.000000,0.000000,-3471.000000,0.000000,-392.000000
0.000000,0.000000,0.000000,0.000000,-3582.000000,-196.000000,-392.000000
0.000000,-200.000000,0.000000,0.000000,-3694.000000,-196.000000,-392.000000
-200.000000,200.000000,0.000000,0.000000,-3816.000000,0.000000,-196.000000
-100.000000,0.000000,0.000000,0.000000,-3919.000000,0.000000,-196.000000
0.000000,0.000000,0.000000,0.000000,-4040.000000,0.000000,-196.000000
0.000000,0.000000,0.000000,0.000000,-4166.000000,-196.000000,-589.000000
0.000000,200.000000,0.000000,0.000000,-4244.000000,-196.000000,-392.000000
0.000000,0.000000,0.000000,0.000000,-4279.000000,-392.000000,-392.000000
0.000000,0.000000,0.000000,0.000000,-4377.000000,-785.000000,-196.000000
0.000000,0.000000,0.000000,0.000000,-4555.000000,-589.000000,-196.000000
0.000000,100.000000,0.000000,0.000000,-4632.000000,-589.000000,-196.000000
0.000000,-100.000000,0.000000,0.000000,-4658.000000,-392.000000,-196.000000
-100.000000,200.000000,0.000000,0.000000,-4725.000000,-392.000000,-392.000000
0.000000,0.000000,0.000000,0.000000,-4803.000000,-196.000000,-196.000000
0.000000,0.000000,0.000000,0.000000,-4869.000000,-196.000000,-196.000000
0.000000,0.000000,0.000000,0.000000,-4914.000000,0.000000,-196.000000
0.000000,100.000000,0.000000,0.000000,-4939.000000,0.000000,0.000000
0.000000,0.000000,0.000000,0.000000,-4951.000000,0.000000,0.000000
0.000000,200.000000,0.000000,0.000000,-4987.000000,-196.000000,0.000000
100.000000,-100.000000,0.000000,0.000000,-4971.000000,-196.000000,0.000000
100.000000,0.000000,0.000000,0.000000,-4963.000000,0.000000,0.000000
-100.000000,100.000000,0.000000,0.000000,-4971.000000,-196.000000,0.000000
0.000000,0.000000,0.000000,0.000000,-4931.000000,0.000000,0.000000
0.000000,200.000000,0.000000,0.000000,-4844.000000,0.000000,0.000000
-200.000000,0.000000,0.000000,0.000000,-4817.000000,0.000000,0.000000
-100.000000,100.000000,0.000000,0.000000,-4803.000000,0.000000,0.000000
0.000000,-100.000000,0.000000,0.000000,-4716.000000,196.000000,0.000000
0.000000,200.000000,0.000000,0.000000,-4636.000000,0.000000,0.000000
100.000000,-100.000000,0.000000,0.000000,-4591.000000,0.000000,0.000000
-100.000000,0.000000,0.000000,0.000000,-4526.000000,0.000000,196.000000
0.000000,-100.000000,0.000000,0.000000,-4420.000000,0.000000,0.000000
-100.000000,0.000000,0.000000,0.000000,-4335.000000,0.000000,0.000000
0.000000,-100.000000,0.000000,0.000000,-4271.000000,0.000000,0.000000
-200.000000,-200.000000,0.000000,0.000000,-4184.000000,0.000000,196.000000
-100.000000,-200.000000,0.000000,0.000000,-4092.000000,0.000000,0.000000
0.000000,-200.000000,0.000000,0.000000,-4014.000000,196.000000,0.000000
0.000000,-200.000000,0.000000,0.000000,-3958.000000,0.000000,0.000000
0.000000,0.000000,0.000000,0.000000,-3881.000000,0.000000,0.000000
0.000000,-100.000000,0.000000,0.000000,-3791.000000,0.000000,0.000000
-100.000000,0.000000,0.000000,0.000000,-3741.000000,0.000000,0.000000
0.000000,0.000000,0.000000,0.000000,-3706.000000,0.000000,0.000000
-100.000000,0.000000,0.000000,0.000000,-3623.000000,0.000000,0.000000
-100.000000,-100.000000,0.000000,0.000000,-3577.000000,0.000000,196.000000
100.000000,-100.000000,0.000000,0.000000,-3551.000000,0.000000,0.000000
-300.000000,0.000000,0.000000,0.000000,-3527.000000,0.000000,0.000000
0.000000,0.000000,0.000000,0.000000,-3490.000000,0.000000,0.000000
100.000000,0.000000,0.000000,0.000000,-3461.000000,0.000000,-196.000000
0.000000,-200.000000,0.000000,0.000000,-3467.000000,0.000000,0.000000
-100.000000,0.000000,0.000000,0.000000,-3454.000000,0.000000,0.000000
0.000000,100.000000,0.000000,0.000000,-3455.000000,0.000000,0.000000
0.000000,200.000000,0.000000,0.000000,-3477.000000,0.000000,0.000000
0.000000,100.000000,0.000000,0.000000,-3507.000000,0.000000,0.000000
-200.000000,100.000000,0.000000,0.000000,-3511.000000,0.000000,0.000000
0.000000,0.000000,0.000000,0.000000,-3540.000000,0.000000,0.000000
-100.000000,-100.000000,0.000000,0.000000,-3584.000000,0.000000,0.000000
0.000000,300.000000,0.000000,0.000000,-3640.000000,0.000000,0.000000
-200.000000,-200.000000,0.000000,0.000000,-3679.000000,0.000000,-196.000000
-100.000000,100.000000,0.000000,0.000000,-3711.000000,0.000000,0.000000
0.000000,-100.000000,0.000000,0.000000,-3768.000000,0.000000,0.000000
-100.000000,-100.000000,0.000000,0.000000,-3836.000000,0.000000,0.000000
0.000000,0.000000,0.000000,0.000000,-3914.000000,-196.000000,0.000000
-100.000000,0.000000,0.000000,0.000000,-3980.000000,0.000000,0.000000
200.000000,0.000000,0.000000,0.000000,-4050.000000,0.000000,-196.000000
-100.000000,-100.000000,0.000000,0.000000,-4128.000000,0.000000,0.000000
-300.000000,-100.000000,0.000000,0.000000,-4163.000000,0.000000,-196.000000
0.000000,-200.000000,0.000000,0.000000,-4200.000000,0.000000,0.000000
100.000000,-100.000000,0.000000,0.000000,-4274.000000,0.000000,-196.000000
0.000000,0.000000,0.000000,0.000000,-4318.000000,0.000000,0.000000
0.000000,0.000000,0.000000,0.000000,-4362.000000,0.000000,0.000000
0.000000,-200.000000,0.000000,0.000000,-4385.000000,-196.000000,0.000000
-200.000000,-100.000000,0.000000,0.000000,-4428.000000,0.000000,0.000000
0.000000,-100.000000,0.000000,0.000000,-4428.000000,0.000000,0.000000
-100.000000,0.000000,0.000000,0.000000,-4450.000000,0.000000,0.000000
-100.000000,0.000000,0.000000,0.000000,-4450.000000,0.000000,0.000000
0.000000,200.000000,0.000000,0.000000,-4457.000000,0.000000,0.000000
-100.000000,0.000000,0.000000,0.000000,-4450.000000,-196.000000,0.000000
0.000000,0.000000,0.000000,0.000000,-4431.000000,0.000000,0.000000
0.000000,-100.000000,0.000000,0.000000,-4421.000000,0.000000,0.000000
0.000000,0.000000,0.000000,0.000000,-4405.000000,0.000000,0.000000
-200.000000,-100.000000,0.000000,0.000000,-4392.000000,0.000000,0.000000
100.000000,100.000000,0.000000,0.000000,-4374.000000,0.000000,0.000000
0.000000,0.000000,0.000000,0.000000,-4359.000000,0.000000,0.000000
0.000000,-100.000000,0.000000,0.000000,-4347.000000,0.000000,196.000000
-100.000000,0.000000,0.000000,0.000000,-4303.000000,0.000000,0.000000
0.000000,0.000000,0.000000,0.000000,-4279.000000,0.000000,0.000000
0.000000,100.000000,0.000000,0.000000,-4259.000000,0.000000,0.000000
0.000000,100.000000,0.000000,0.000000,-4225.000000,0.000000,0.000000
-100.000000,0.000000,0.000000,0.000000,-4184.000000,0.000000,0.000000
-100.000000,0.000000,0.000000,0.000000,-4157.000000,0.000000,0.000000
-100.000000,-600.000000,0.000000,0.000000,-4129.000000,0.000000,0.000000
-100.000000,0.000000,0.000000,0.000000,-4096.000000,0.000000,0.000000
0.000000,0.000000,0.000000,0.000000,-4051.000000,0.000000,0.000000
-300.000000,-100.000000,0.000000,0.000000,-4026.000000,0.000000,0.000000
-200.000000,0.000000,0.000000,0.000000,-4029.000000,196.000000,0.000000
-200.000000,0.000000,0.000000,0.000000,-4009.000000,0.000000,0.000000
100.000000,-100.000000,0.000000,0.000000,-3983.000000,0.000000,0.000000
100.000000,-200.000000,0.000000,0.000000,-3974.000000,196.000000,0.000000
-100.000000,0.000000,0.000000,0.000000,-3964.000000,0.000000,0.000000
-100.000000,0.000000,0.000000,0.000000,-3929.000000,0.000000,0.000000
0.000000,-100.000000,0.000000,0.000000,-3918.000000,0.000000,0.000000
0.000000,-300.000000,0.000000,0.000000,-3920.000000,0.000000,0.000000
100.000000,200.000000,0.000000,0.000000,-3923.000000,0.000000,0.000000
-300.000000,0.000000,0.000000,0.000000,-3926.000000,0.000000,0.000000
-100.000000,0.000000,0.000000,0.000000,-3940.000000,0.000000,0.000000
-100.000000,0.000000,0.000000,0.000000,-3942.000000,0.000000,0.000000
-100.000000,0.000000,0.000000,0.000000,-3933.000000,0.000000,0.000000
0.000000,0.000000,0.000000,0.000000,-3938.000000,0.000000,0.000000
0.000000,0.000000,0.000000,0.000000,-3943.000000,0.000000,0.000000
0.000000,-100.000000,0.000000,0.000000,-3985.000000,0.000000,0.000000
-200.000000,0.000000,0.000000,0.000000,-4010.000000,0.000000,0.000000
-100.000000,0.000000,0.000000,0.000000,-4039.000000,0.000000,0.000000
-200.000000,-100.000000,0.000000,0.000000,-4066.000000,-196.000000,-196.000000
-300.000000,0.000000,0.000000,0.000000,-4104.000000,0.000000,0.000000
0.000000,-200.000000,0.000000,0.000000,-4127.000000,0.000000,0.000000
0.000000,100.000000,0.000000,0.000000,-4145.000000,-196.000000,0.000000
0.000000,0.000000,0.000000,0.000000,-4184.000000,0.000000,0.000000
0.000000,0.000000,0.000000,0.000000,-4194.000000,0.000000,0.000000
-100.000000,-200.000000,0.000000,0.000000,-4223.000000,0.000000,0.000000
100.000000,0.000000,0.000000,0.000000,-4265.000000,0.000000,0.000000
300.000000,-100.000000,0.000000,0.000000,-4304.000000,0.000000,0.000000
-100.000000,0.000000,0.000000,0.000000,-4318.000000,0.000000,0.000000
-100.000000,0.000000,0.000000,0.000000,-4345.000000,0.000000,0.000000
-100.000000,0.000000,0.000000,0.000000,-4360.000000,0.000000,0.000000
-100.000000,0.000000,0.000000,0.000000,-4372.000000,0.000000,0.000000
0.000000,0.000000,0.000000,0.000000,-4388.000000,0.000000,0.000000
0.000000,0.000000,0.000000,0.000000,-4406.000000,0.000000,0.000000
0.000000,-200.000000,0.000000,0.000000,-4402.000000,0.000000,0.000000
0.000000,100.000000,0.000000,0.000000,-4404.000000,0.000000,0.000000
-100.000000,-300.000000,0.000000,0.000000,-4416.000000,0.000000,0.000000
-200.000000,-200.000000,0.000000,0.000000,-4422.000000,0.000000,0.000000
100.000000,0.000000,0.000000,0.000000,-4436.000000,0.000000,0.000000
200.000000,0.000000,0.000000,0.000000,-4436.000000,0.000000,0.000000
100.000000,-100.000000,0.000000,0.000000,-4436.000000,0.000000,0.000000
0.000000,0.000000,0.000000,0.000000,-4443.000000,0.000000,0.000000
0.000000,-300.000000,0.000000,0.000000,-4427.000000,0.000000,0.000000
-100.000000,-300.000000,0.000000,0.000000,-4415.000000,0.000000,0.000000
-100.000000,0.000000,0.000000,0.000000,-4408.000000,0.000000,0.000000
-100.000000,-200.000000,0.000000,0.000000,-4403.000000,0.000000,0.000000
100.000000,0.000000,0.000000,0.000000,-4367.000000,0.000000,0.000000
100.000000,0.000000,0.000000,0.000000,-4346.000000,0.000000,0.000000
-100.000000,-100.000000,0.000000,0.000000,-4329.000000,0.000000,0.000000
200.000000,200.000000,0.000000,0.000000,-4330.000000,0.000000,0.000000
-100.000000,0.000000,0.000000,0.000000,-4335.000000,0.000000,0.000000
0.000000,-100.000000,0.000000,0.000000,-4327.000000,0.000000,0.000000
-200.000000,0.000000,0.000000,0.000000,-4300.000000,0.000000,0.000000
0.000000,0.000000,0.000000,0.000000,-4280.000000,0.000000,0.000000
-200.000000,-100.000000,0.000000,0.000000,-4263.000000,0.000000,0.000000
0.000000,200.000000,0.000000,0.000000,-4232.000000,0.000000,0.000000
0.000000,0.000000,0.000000,0.000000,-4215.000000,0.000000,0.000000
-100.000000,0.000000,0.000000,0.000000,-4222.000000,0.000000,0.000000
200.000000,-100.000000,0.000000,0.000000,-4220.000000,0.000000,0.000000
-100.000000,200.000000,0.000000,0.000000,-4192.000000,0.000000,0.000000
-100.000000,-100.000000,0.000000,0.000000,-4205.000000,0.000000,0.000000
-200.000000,0.000000,0.000000,0.000000,-4207.000000,0.000000,0.000000
-100.000000,-100.000000,0.000000,0.000000,-4203.000000,0.000000,0.000000
0.000000,0.000000,0.000000,0.000000,-4198.000000,0.000000,0.000000
0.000000,0.000000,0.000000,0.000000,-4187.000000,0.000000,0.000000
-100.000000,0.000000,0.000000,0.000000,-4181.000000,0.000000,0.000000
0.000000,-300.000000,0.000000,0.000000,-4199.000000,0.000000,0.000000
-100.000000,0.000000,0.000000,0.000000,-4196.000000,0.000000,0.000000
-200.000000,-100.000000,0.000000,0.000000,-4173.000000,0.000000,0.000000
0.000000,0.000000,0.000000,0.000000,-4191.000000,0.000000,0.000000
0.000000,0.000000,0.000000,0.000000,-4219.000000,0.000000,0.000000
0.000000,0.000000,0.000000,0.000000,-4211.000000,0.000000,0.000000
0.000000,-100.000000,0.000000,0.000000,-4223.000000,0.000000,0.000000
-100.000000,0.000000,0.000000,0.000000,-4237.000000,0.000000,0.000000
0.000000,-200.000000,156.000000,156.000000,-4242.000000,0.000000,0.000000
-100.000000,0.000000,0.000000,0.000000,-4241.000000,0.000000,0.000000
0.000000,-100.000000,0.000000,0.000000,-4255.000000,0.000000,0.000000
-100.000000,-200.000000,0.000000,0.000000,-4262.000000,0.000000,0.000000
-100.000000,-200.000000,0.000000,0.000000,-4268.000000,0.000000,0.000000
0.000000,-200.000000,0.000000,0.000000,-4269.000000,0.000000,0.000000
0.000000,-100.000000,0.000000,0.000000,-4256.000000,0.000000,0.000000
-100.000000,-200.000000,0.000000,0.000000,-4253.000000,0.000000,0.000000
0.000000,0.000000,0.000000,0.000000,-4264.000000,0.000000,0.000000
0.000000,-200.000000,0.000000,0.000000,-4266.000000,0.000000,0.000000
0.000000,-300.000000,0.000000,0.000000,-4273.000000,0.000000,0.000000
0.000000,-200.000000,0.000000,0.000000,-4268.000000,0.000000,0.000000
-100.000000,-300.000000,0.000000,0.000000,-4277.000000,0.000000,0.000000
-200.000000,100.000000,0.000000,0.000000,-4281.000000,0.000000,0.000000
-200.000000,0.000000,0.000000,0.000000,-4276.000000,0.000000,0.000000
-200.000000,0.000000,0.000000,0.000000,-4275.000000,0.000000,0.000000
0.000000,-300.000000,0.000000,0.000000,-4282.000000,0.000000,0.000000
0.000000,0.000000,0.000000,0.000000,-4264.000000,0.000000,0.000000
-100.000000,-300.000000,0.000000,0.000000,-4264.000000,0.000000,0.000000
0.000000,-100.000000,0.000000,0.000000,-4273.000000,0.000000,0.000000
-100.000000,0.000000,0.000000,0.000000,-4268.000000,0.000000,0.000000
-100.000000,-100.000000,0.000000,0.000000,-4260.000000,0.000000,0.000000
0.000000,-200.000000,0.000000,0.000000,-4258.000000,0.000000,0.000000
-100.000000,-200.000000,0.000000,0.000000,-4250.000000,0.000000,0.000000
0.000000,-200.000000,0.000000,0.000000,-4240.000000,0.000000,0.000000
0.000000,-300.000000,156.000000,156.000000,-4241.000000,0.000000,0.000000
-100.000000,-300.000000,0.000000,0.000000,-4244.000000,0.000000,0.000000
-100.000000,0.000000,0.000000,0.000000,-4231.000000,0.000000,0.000000
-100.000000,-300.000000,0.000000,0.000000,-4211.000000,0.000000,0.000000
100.000000,0.000000,0.000000,0.000000,-4224.000000,0.000000,0.000000
0.000000,-300.000000,0.000000,0.000000,-4236.000000,0.000000,0.000000
-100.000000,-100.000000,0.000000,0.000000,-4241.000000,0.000000,0.000000
0.000000,-100.000000,0.000000,0.000000,-4236.000000,0.000000,0.000000
-200.000000,0.000000,0.000000,0.000000,-4241.000000,0.000000,0.000000
-200.000000,-300.000000,78.000000,78.000000,-4245.000000,0.000000,0.000000
100.000000,-200.000000,0.000000,0.000000,-4239.000000,0.000000,0.000000
