Channel 1,Channel 2,Channel 3,Channel 4,Channel 5,Channel 6,Channel 7
200.000000,0.000000,0.000000,0.000000,-6698.000000,0.000000,0.000000
0.000000,0.000000,0.000000,0.000000,-6689.000000,0.000000,0.000000
200.000000,0.000000,0.000000,0.000000,-6683.000000,0.000000,0.000000
-100.000000,-200.000000,0.000000,0.000000,-6664.000000,0.000000,0.000000
0.000000,-100.000000,0.000000,0.000000,-6652.000000,0.000000,0.000000
0.000000,-400.000000,0.000000,0.000000,-6654.000000,0.000000,0.000000
0.000000,100.000000,0.000000,0.000000,-6649.000000,0.000000,0.000000
0.000000,0.000000,0.000000,0.000000,-6628.000000,0.000000,0.000000
0.000000,200.000000,0.000000,0.000000,-6624.000000,0.000000,0.000000
0.000000,0.000000,0.000000,0.000000,-6602.000000,0.000000,0.000000
0.000000,0.000000,156.000000,156.000000,-6596.000000,0.000000,0.000000
200.000000,100.000000,0.000000,0.000000,-6598.000000,0.000000,0.000000
-100.000000,-200.000000,0.000000,0.000000,-6608.000000,0.000000,0.000000
300.000000,-100.000000,0.000000,0.000000,-6612.000000,0.000000,0.000000
-100.000000,-200.000000,0.000000,0.000000,-6604.000000,0.000000,0.000000
300.000000,-200.000000,0.000000,0.000000,-6597.000000,0.000000,0.000000
-100.000000,0.000000,0.000000,0.000000,-6593.000000,0.000000,0.000000
0.000000,-300.000000,0.000000,0.000000,-6600.000000,0.000000,0.000000
-100.000000,-300.000000,0.000000,0.000000,-6601.000000,0.000000,0.000000
0.000000,0.000000,0.000000,0.000000,-6586.000000,0.000000,0.000000
-100.000000,-100.000000,156.000000,156.000000,-6573.000000,0.000000,0.000000
100.000000,100.000000,0.000000,0.000000,-6569.000000,0.000000,0.000000
-100.000000,200.000000,156.000000,156.000000,-6573.000000,0.000000,0.000000
0.000000,100.000000,0.000000,0.000000,-6564.000000,0.000000,0.000000
0.000000,-100.000000,0.000000,0.000000,-6570.000000,0.000000,0.000000
-200.000000,-200.000000,0.000000,0.000000,-6577.000000,0.000000,0.000000
0.000000,0.000000,0.000000,0.000000,-6588.000000,0.000000,0.000000
-200.000000,0.000000,0.000000,0.000000,-6585.000000,0.000000,0.000000
-100.000000,0.000000,0.000000,0.000000,-6583.000000,0.000000,0.000000
-100.000000,-100.000000,0.000000,0.000000,-6568.000000,0.000000,0.000000
-100.000000,-200.000000,0.000000,0.000000,-6562.000000,0.000000,0.000000
0.000000,-100.000000,0.000000,0.000000,-6563.000000,0.000000,0.000000
-100.000000,-200.000000,0.000000,0.000000,-6565.000000,0.000000,0.000000
-100.000000,-100.000000,0.000000,0.000000,-6552.000000,0.000000,0.000000
0.000000,-100.000000,0.000000,0.000000,-6557.000000,0.000000,0.000000
300.000000,-100.000000,0.000000,0.000000,-6548.000000,0.000000,0.000000
0.000000,-100.000000,0.000000,0.000000,-6567.000000,0.000000,0.000000
-100.000000,-300.000000,0.000000,0.000000,-6555.000000,0.000000,0.000000
100.000000,0.000000,0.000000,0.000000,-6558.000000,0.000000,0.000000
0.000000,-200.000000,0.000000,0.000000,-6564.000000,0.000000,0.000000
-100.000000,0.000000,0.000000,0.000000,-6554.000000,0.000000,0.000000
-100.000000,-100.000000,0.000000,0.000000,-6551.000000,0.000000,0.000000
0.000000,100.000000,156.000000,156.000000,-6535.000000,0.000000,0.000000
-100.000000,-200.000000,0.000000,0.000000,-6520.000000,0.000000,0.000000
0.000000,-100.000000,0.000000,0.000000,-6512.000000,0.000000,0.000000
200.000000,0.000000,0.000000,0.000000,-6502.000000,0.000000,0.000000
0.000000,300.000000,78.000000,78.000000,-6491.000000,0.000000,0.000000
0.000000,0.000000,0.000000,0.000000,-6490.000000,0.000000,0.000000
0.000000,0.000000,0.000000,0.000000,-6483.000000,0.000000,0.000000
0.000000,-300.000000,0.000000,0.000000,-6465.000000,0.000000,0.000000
0.000000,0.000000,0.000000,0.000000,-6461.000000,0.000000,0.000000
0.000000,-200.000000,0.000000,0.000000,-6469.000000,0.000000,0.000000
200.000000,-100.000000,0.000000,0.000000,-6467.000000,0.000000,0.000000
100.000000,-100.000000,0.000000,0.000000,-6481.000000,0.000000,0.000000
-200.000000,-200.000000,0.000000,0.000000,-6499.000000,0.000000,0.000000
-200.000000,-100.000000,0.000000,0.000000,-6503.000000,0.000000,0.000000
0.000000,-200.000000,0.000000,0.000000,-6490.000000,0.000000,0.000000
100.000000,-100.000000,0.000000,0.000000,-6470.000000,0.000000,0.000000
100.000000,-100.000000,0.000000,0.000000,-6473.000000,0.000000,-196.000000
-100.000000,0.000000,78.000000,78.000000,-6468.000000,0.000000,0.000000
100.000000,0.000000,0.000000,0.000000,-6464.000000,0.000000,0.000000
0.000000,-100.000000,0.000000,0.000000,-6469.000000,0.000000,0.000000
-100.000000,-300.000000,0.000000,0.000000,-6464.000000,0.000000,0.000000
-200.000000,-200.000000,0.000000,0.000000,-6478.000000,0.000000,-196.000000
-300.000000,-300.000000,0.000000,0.000000,-6485.000000,0.000000,0.000000
0.000000,-200.000000,0.000000,0.000000,-6501.000000,0.000000,0.000000
0.000000,0.000000,0.000000,0.000000,-6538.000000,0.000000,0.000000
100.000000,0.000000,0.000000,0.000000,-6557.000000,0.000000,0.000000
0.000000,-200.000000,0.000000,0.000000,-6591.000000,0.000000,0.000000
-100.000000,-100.000000,0.000000,0.000000,-6613.000000,0.000000,0.000000
-100.000000,0.000000,156.000000,156.000000,-6631.000000,0.000000,0.000000
300.000000,-200.000000,0.000000,0.000000,-6668.000000,0.000000,0.000000
0.000000,0.000000,0.000000,0.000000,-6699.000000,0.000000,0.000000
-100.000000,-100.000000,0.000000,0.000000,-6720.000000,0.000000,0.000000
200.000000,-200.000000,0.000000,0.000000,-6751.000000,0.000000,0.000000
-100.000000,0.000000,0.000000,0.000000,-6780.000000,0.000000,0.000000
-100.000000,-200.000000,0.000000,0.000000,-6806.000000,0.000000,0.000000
0.000000,-200.000000,0.000000,0.000000,-6822.000000,0.000000,0.000000
0.000000,-400.000000,0.000000,0.000000,-6833.000000,0.000000,0.000000
200.000000,-300.000000,0.000000,0.000000,-6853.000000,0.000000,0.000000
0.000000,-200.000000,0.000000,0.000000,-6876.000000,0.000000,196.000000
0.000000,10200.000000,15000.000000,15000.000000,-6893.000000,0.000000,196.000000
13200.000000,12500.000000,15000.000000,15000.000000,-6896.000000,2945.000000,2356.000000
16299.000000,13600.000000,15000.000000,15000.000000,-7114.000000,5890.000000,3141.000000
14500.000000,15800.000000,15000.000000,15000.000000,-6567.000000,4908.000000,1570.000000
15600.000000,15000.000000,15000.000000,15000.000000,-5085.000000,392.000000,-196.000000
14500.000000,13700.000000,15000.000000,15000.000000,-4409.000000,-1767.000000,196.000000
15400.000000,13100.000000,15000.000000,15000.000000,-4969.000000,-392.000000,1570.000000
16000.000000,12000.000000,15000.000000,15000.000000,-5069.000000,2356.000000,2552.000000
13800.000000,13100.000000,15000.000000,15000.000000,-3868.000000,4516.000000,2748.000000
13800.000000,17100.000000,15000.000000,15000.000000,-3082.000000,4516.000000,2552.000000
16700.000000,14700.000000,15000.000000,15000.000000,-2413.000000,1767.000000,2159.000000
16299.000000,14700.000000,15000.000000,15000.000000,-1709.000000,392.000000,1767.000000
15900.000000,14400.000000,15000.000000,15000.000000,-1780.000000,1767.000000,1963.000000
13100.000000,12700.000000,15000.000000,15000.000000,-1973.000000,4123.000000,3141.000000
14700.000000,16000.000000,15000.000000,15000.000000,-985.000000,5301.000000,3337.000000
16299.000000,13400.000000,15000.000000,15000.000000,-228.000000,4516.000000,2552.000000
13800.000000,16000.000000,15000.000000,15000.000000,533.000000,2945.000000,2748.000000
13600.000000,15800.000000,15000.000000,15000.000000,1307.000000,2356.000000,3337.000000
-200.000000,16100.000000,0.000000,0.000000,1629.000000,2159.000000,2552.000000
0.000000,0.000000,0.000000,0.000000,2008.000000,1178.000000,785.000000
0.000000,-100.000000,0.000000,0.000000,2725.000000,1374.000000,785.000000
-100.000000,-100.000000,0.000000,0.000000,3280.000000,981.000000,589.000000
-100.000000,-100.000000,0.000000,0.000000,3285.000000,785.000000,1570.000000
0.000000,200.000000,0.000000,0.000000,3708.000000,1374.000000,3141.000000
-100.000000,-200.000000,0.000000,0.000000,4174.000000,2159.000000,3730.000000
100.000000,100.000000,0.000000,0.000000,4105.000000,2945.000000,3926.000000
-200.000000,0.000000,0.000000,0.000000,4003.000000,2748.000000,3141.000000
0.000000,0.000000,0.000000,0.000000,4311.000000,2945.000000,2356.000000
0.000000,-100.000000,0.000000,0.000000,4430.000000,2748.000000,589.000000
200.000000,0.000000,0.000000,0.000000,4257.000000,2748.000000,-392.000000
100.000000,100.000000,0.000000,0.000000,4198.000000,1767.000000,-392.000000
0.000000,100.000000,0.000000,0.000000,4085.000000,1767.000000,-196.000000
0.000000,-100.000000,0.000000,0.000000,3854.000000,196.000000,-589.000000
-200.000000,300.000000,0.000000,0.000000,3892.000000,-589.000000,-196.000000
100.000000,0.000000,0.000000,0.000000,3451.000000,-981.000000,-196.000000
0.000000,600.000000,0.000000,0.000000,2702.000000,-785.000000,0.000000
100.000000,400.000000,0.000000,0.000000,2420.000000,-785.000000,-196.000000
200.000000,0.000000,0.000000,0.000000,2145.000000,-589.000000,-589.000000
-200.000000,0.000000,0.000000,0.000000,1363.000000,-589.000000,-1570.000000
0.000000,100.000000,0.000000,0.000000,649.000000,-589.000000,-1963.000000
0.000000,500.000000,0.000000,0.000000,86.000000,-392.000000,-2159.000000
0.000000,300.000000,0.000000,0.000000,-647.000000,-981.000000,-1767.000000
0.000000,400.000000,0.000000,0.000000,-1374.000000,-1178.000000,-1963.000000
-100.000000,0.000000,0.000000,0.000000,-2036.000000,-1570.000000,-1767.000000
100.000000,0.000000,0.000000,0.000000,-2843.000000,-1570.000000,-1570.000000
0.000000,300.000000,0.000000,0.000000,-3780.000000,-1374.000000,-1374.000000
-100.000000,300.000000,0.000000,0.000000,-4525.000000,-1178.000000,-1374.000000
100.000000,200.000000,0.000000,0.000000,-5254.000000,-1178.000000,-1570.000000
0.000000,500.000000,0.000000,0.000000,-6127.000000,-981.000000,-2159.000000
-100.000000,400.000000,0.000000,0.000000,-7018.000000,-981.000000,-2159.000000
100.000000,400.000000,0.000000,0.000000,-7772.000000,-589.000000,-1963.000000
100.000000,300.000000,0.000000,0.000000,-8561.000000,-785.000000,-1767.000000
100.000000,400.000000,0.000000,0.000000,-9340.000000,-589.000000,-1570.000000
300.000000,200.000000,0.000000,0.000000,-9978.000000,-392.000000,-1178.000000
0.000000,0.000000,0.000000,0.000000,-10625.000000,-392.000000,-981.000000
0.000000,1000.000000,0.000000,0.000000,-11314.000000,-392.000000,-981.000000
0.000000,0.000000,0.000000,0.000000,-11934.000000,-392.000000,-589.000000
0.000000,600.000000,0.000000,0.000000,-12443.000000,0.000000,-589.000000
0.000000,0.000000,0.000000,0.000000,-12959.000000,196.000000,-392.000000
0.000000,0.000000,0.000000,0.000000,-13445.000000,196.000000,-196.000000
100.000000,-200.000000,0.000000,0.000000,-13821.000000,196.000000,0.000000
-100.000000,-100.000000,0.000000,0.000000,-14127.000000,0.000000,196.000000
-200.000000,0.000000,0.000000,0.000000,-14404.000000,0.000000,196.000000
-300.000000,-500.000000,0.000000,0.000000,-14570.000000,0.000000,196.000000
0.000000,0.000000,0.000000,0.000000,-14699.000000,0.000000,589.000000
-300.000000,0.000000,0.000000,0.000000,-14831.000000,589.000000,981.000000
-300.000000,-100.000000,0.000000,0.000000,-14961.000000,1767.000000,1178.000000
-200.000000,0.000000,0.000000,0.000000,-14930.000000,2945.000000,1374.000000
0.000000,0.000000,0.000000,0.000000,-14815.000000,3141.000000,1570.000000
-100.000000,200.000000,0.000000,0.000000,-14717.000000,3141.000000,1570.000000
0.000000,0.000000,0.000000,0.000000,-14442.000000,2945.000000,1767.000000
0.000000,-100.000000,0.000000,0.000000,-14131.000000,2748.000000,1767.000000
100.000000,0.000000,0.000000,0.000000,-13829.000000,2748.000000,2159.000000
0.000000,0.000000,0.000000,0.000000,-13434.000000,2356.000000,2552.000000
200.000000,-100.000000,0.000000,0.000000,-12923.000000,2356.000000,2552.000000
300.000000,-100.000000,0.000000,0.000000,-12458.000000,2356.000000,2748.000000
-100.000000,0.000000,0.000000,0.000000,-12027.000000,2552.000000,2748.000000
100.000000,0.000000,0.000000,0.000000,-11538.000000,2945.000000,2552.000000
0.000000,0.000000,0.000000,0.000000,-10906.000000,3730.000000,2552.000000
0.000000,0.000000,0.000000,0.000000,-10319.000000,3534.000000,2552.000000
0.000000,0.000000,0.000000,0.000000,-9703.000000,3534.000000,2552.000000
-200.000000,-400.000000,0.000000,0.000000,-8993.000000,3337.000000,2748.000000
200.000000,0.000000,0.000000,0.000000,-8243.000000,3141.000000,2748.000000
0.000000,-100.000000,0.000000,0.000000,-7612.000000,3141.000000,2748.000000
100.000000,-300.000000,0.000000,0.000000,-6958.000000,2945.000000,2748.000000
0.000000,-100.000000,0.000000,0.000000,-6245.000000,2748.000000,2748.000000
0.000000,0.000000,0.000000,0.000000,-5582.000000,2552.000000,2552.000000
-100.000000,0.000000,0.000000,0.000000,-5022.000000,2356.000000,2356.000000
0.000000,-300.000000,0.000000,0.000000,-4467.000000,2159.000000,2356.000000
-200.000000,-300.000000,0.000000,0.000000,-3876.000000,2356.000000,2159.000000
0.000000,200.000000,0.000000,0.000000,-3359.000000,2159.000000,1963.000000
-200.000000,100.000000,0.000000,0.000000,-2928.000000,1963.000000,1767.000000
-200.000000,0.000000,0.000000,0.000000,-2510.000000,1963.000000,1767.000000
0.000000,100.000000,0.000000,0.000000,-2085.000000,1767.000000,1570.000000
-200.000000,0.000000,0.000000,0.000000,-1707.000000,1767.000000,1374.000000
-200.000000,0.000000,0.000000,0.000000,-1453.000000,1374.000000,1374.000000
-200.000000,-200.000000,0.000000,0.000000,-1209.000000,1570.000000,981.000000
-300.000000,0.000000,0.000000,0.000000,-954.000000,1178.000000,785.000000
100.000000,100.000000,0.000000,0.000000,-811.000000,981.000000,785.000000
-100.000000,0.000000,0.000000,0.000000,-760.000000,785.000000,589.000000
-100.000000,200.000000,0.000000,0.000000,-706.000000,589.000000,196.000000
-200.000000,0.000000,0.000000,0.000000,-718.000000,392.000000,196.000000
100.000000,-100.000000,0.000000,0.000000,-836.000000,392.000000,196.000000
0.000000,-100.000000,0.000000,0.000000,-991.000000,196.000000,-196.000000
200.000000,300.000000,0.000000,0.000000,-1135.000000,-196.000000,0.000000
-100.000000,100.000000,0.000000,0.000000,-1319.000000,-392.000000,0.000000
-100.000000,100.000000,0.000000,0.000000,-1532.000000,-785.000000,-196.000000
-100.000000,300.000000,0.000000,0.000000,-1840.000000,-1374.000000,-785.000000
100.000000,0.000000,0.000000,0.000000,-2231.000000,-1374.000000,-1178.000000
0.000000,200.000000,0.000000,0.000000,-2617.000000,-1374.000000,-1570.000000
100.000000,300.000000,0.000000,0.000000,-2935.000000,-1178.000000,-1374.000000
100.000000,600.000000,0.000000,0.000000,-3338.000000,-1178.000000,-1374.000000
0.000000,400.000000,0.000000,0.000000,-3835.000000,-981.000000,-1374.000000
0.000000,200.000000,0.000000,0.000000,-4263.000000,-1178.000000,-1178.000000
0.000000,100.000000,0.000000,0.000000,-4709.000000,-1374.000000,-1178.000000
-200.000000,300.000000,0.000000,0.000000,-5220.000000,-1570.000000,-1178.000000
100.000000,300.000000,0.000000,0.000000,-5748.000000,-1570.000000,-1570.000000
0.000000,500.000000,0.000000,0.000000,-6276.000000,-1570.000000,-1570.000000
200.000000,400.000000,0.000000,0.000000,-6807.000000,-1570.000000,-1570.000000
0.000000,100.000000,0.000000,0.000000,-7329.000000,-1178.000000,-1570.000000
-200.000000,200.000000,0.000000,0.000000,-7840.000000,-1374.000000,-1570.000000
-100.000000,300.000000,0.000000,0.000000,-8366.000000,-981.000000,-1178.000000
100.000000,300.000000,0.000000,0.000000,-8873.000000,-981.000000,-1374.000000
0.000000,400.000000,0.000000,0.000000,-9345.000000,-981.000000,-1178.000000
100.000000,400.000000,0.000000,0.000000,-9776.000000,-981.000000,-1178.000000
100.000000,100.000000,0.000000,0.000000,-10196.000000,-981.000000,-981.000000
0.000000,200.000000,0.000000,0.000000,-10582.000000,-785.000000,-981.000000
0.000000,-200.000000,0.000000,0.000000,-10925.000000,-589.000000,-981.000000
200.000000,300.000000,0.000000,0.000000,-11270.000000,-589.000000,-589.000000
0.000000,0.000000,0.000000,0.000000,-11546.000000,-589.000000,-589.000000
0.000000,500.000000,0.000000,0.000000,-11795.000000,-196.000000,-392.000000
200.000000,400.000000,0.000000,0.000000,-12015.000000,-196.000000,-196.000000
0.000000,-100.000000,0.000000,0.000000,-12197.000000,196.000000,0.000000
0.000000,0.000000,0.000000,0.000000,-12322.000000,196.000000,0.000000
100.000000,-200.000000,0.000000,0.000000,-12407.000000,196.000000,0.000000
200.000000,0.000000,0.000000,0.000000,-12455.000000,0.000000,196.000000
100.000000,-200.000000,0.000000,0.000000,-12448.000000,0.000000,0.000000
100.000000,-400.000000,0.000000,0.000000,-12401.000000,0.000000,0.000000
-200.000000,0.000000,0.000000,0.000000,-12317.000000,0.000000,0.000000
0.000000,100.000000,0.000000,0.000000,-12215.000000,0.000000,0.000000
-100.000000,-100.000000,0.000000,0.000000,-12066.000000,589.000000,196.000000
-300.000000,100.000000,0.000000,0.000000,-11886.000000,1374.000000,589.000000
100.000000,0.000000,0.000000,0.000000,-11658.000000,2159.000000,981.000000
-100.000000,200.000000,0.000000,0.000000,-11481.000000,2159.000000,1767.000000
-100.000000,300.000000,0.000000,0.000000,-11233.000000,1963.000000,1570.000000
-200.000000,0.000000,0.000000,0.000000,-10821.000000,1963.000000,1374.000000
0.000000,0.000000,0.000000,0.000000,-10451.000000,1767.000000,1374.000000
0.000000,-100.000000,0.000000,0.000000,-10140.000000,1570.000000,1374.000000
-100.000000,-300.000000,0.000000,0.000000,-9727.000000,1570.000000,981.000000
-200.000000,0.000000,0.000000,0.000000,-9292.000000,1178.000000,1178.000000
-300.000000,-100.000000,0.000000,0.000000,-8895.000000,1178.000000,1178.000000
0.000000,0.000000,0.000000,0.000000,-8498.000000,981.000000,1178.000000
0.000000,100.000000,0.000000,0.000000,-8024.000000,1178.000000,1570.000000
0.000000,-100.000000,0.000000,0.000000,-7582.000000,981.000000,1570.000000
200.000000,0.000000,0.000000,0.000000,-7205.000000,1374.000000,1374.000000
0.000000,-100.000000,0.000000,0.000000,-6756.000000,1767.000000,1374.000000
0.000000,-100.000000,0.000000,0.000000,-6328.000000,1767.000000,1178.000000
0.000000,0.000000,0.000000,0.000000,-5944.000000,1767.000000,981.000000
-100.000000,0.000000,0.000000,0.000000,-5531.000000,1570.000000,981.000000
0.000000,-100.000000,0.000000,0.000000,-5163.000000,1374.000000,785.000000
0.000000,200.000000,0.000000,0.000000,-4846.000000,1374.000000,589.000000
-100.000000,100.000000,0.000000,0.000000,-4551.000000,1178.000000,589.000000
0.000000,0.000000,0.000000,0.000000,-4280.000000,981.000000,589.000000
0.000000,-100.000000,0.000000,0.000000,-4040.000000,785.000000,392.000000
0.000000,100.000000,0.000000,0.000000,-3808.000000,785.000000,392.000000
-200.000000,100.000000,0.000000,0.000000,-3592.000000,589.000000,196.000000
-200.000000,0.000000,0.000000,0.000000,-3401.000000,392.000000,196.000000
0.000000,0.000000,0.000000,0.000000,-3248.000000,392.000000,196.000000
100.000000,0.000000,0.000000,0.000000,-3136.000000,0.000000,0.000000
0.000000,0.000000,0.000000,0.000000,-3076.000000,0.000000,0.000000
100.000000,100.000000,0.000000,0.000000,-3042.000000,-392.000000,0.000000
-100.000000,400.000000,0.000000,0.000000,-3055.000000,0.000000,-196.000000
-100.000000,-400.000000,0.000000,0.000000,-3095.000000,0.000000,0.000000
100.000000,-300.000000,0.000000,0.000000,-3172.000000,-196.000000,0.000000
0.000000,-500.000000,0.000000,0.000000,-3309.000000,0.000000,-196.000000
200.000000,100.000000,0.000000,0.000000,-3432.000000,-392.000000,-196.000000
100.000000,200.000000,0.000000,0.000000,-3594.000000,-981.000000,-785.000000
100.000000,200.000000,0.000000,0.000000,-3743.000000,-1178.000000,-1178.000000
100.000000,500.000000,0.000000,0.000000,-3952.000000,-1374.000000,-1570.000000
200.000000,0.000000,0.000000,0.000000,-4240.000000,-1374.000000,-1374.000000
0.000000,500.000000,0.000000,0.000000,-4492.000000,-1178.000000,-1178.000000
200.000000,0.000000,0.000000,0.000000,-4688.000000,-981.000000,-1178.000000
100.000000,300.000000,0.000000,0.000000,-4933.000000,-1178.000000,-981.000000
0.000000,200.000000,0.000000,0.000000,-5268.000000,-981.000000,-785.000000
200.000000,0.000000,0.000000,0.000000,-5584.000000,-1178.000000,-981.000000
0.000000,400.000000,0.000000,0.000000,-5822.000000,-1178.000000,-981.000000
100.000000,500.000000,0.000000,0.000000,-6134.000000,-1570.000000,-1374.000000
0.000000,500.000000,0.000000,0.000000,-6504.000000,-1374.000000,-1374.000000
100.000000,100.000000,0.000000,0.000000,-6821.000000,-1178.000000,-1374.000000
300.000000,0.000000,0.000000,0.000000,-7126.000000,-1178.000000,-1178.000000
0.000000,300.000000,0.000000,0.000000,-7439.000000,-1178.000000,-1178.000000
0.000000,300.000000,0.000000,0.000000,-7732.000000,-981.000000,-981.000000
-100.000000,200.000000,0.000000,0.000000,-8006.000000,-981.000000,-981.000000
100.000000,300.000000,0.000000,0.000000,-8311.000000,-981.000000,-981.000000
100.000000,300.000000,0.000000,0.000000,-8603.000000,-981.000000,-785.000000
100.000000,0.000000,0.000000,0.000000,-8826.000000,-981.000000,-981.000000
100.000000,0.000000,0.000000,0.000000,-9039.000000,-785.000000,-785.000000
0.000000,0.000000,0.000000,0.000000,-9261.000000,-785.000000,-785.000000
100.000000,200.000000,0.000000,0.000000,-9453.000000,-589.000000,-589.000000
0.000000,0.000000,0.000000,0.000000,-9598.000000,-589.000000,-589.000000
200.000000,200.000000,0.000000,0.000000,-9730.000000,-392.000000,-392.000000
200.000000,200.000000,0.000000,0.000000,-9839.000000,-392.000000,-392.000000
200.000000,500.000000,78.000000,78.000000,-9934.000000,-196.000000,-196.000000
0.000000,0.000000,0.000000,0.000000,-10004.000000,0.000000,0.000000
0.000000,200.000000,0.000000,0.000000,-10017.000000,0.000000,0.000000
100.000000,100.000000,0.000000,0.000000,-9996.000000,0.000000,0.000000
0.000000,200.000000,0.000000,0.000000,-9975.000000,0.000000,0.000000
0.000000,0.000000,0.000000,0.000000,-9946.000000,0.000000,0.000000
0.000000,0.000000,0.000000,0.000000,-9857.000000,0.000000,196.000000
-100.000000,100.000000,0.000000,0.000000,-9747.000000,0.000000,196.000000
200.000000,0.000000,0.000000,0.000000,-9613.000000,196.000000,0.000000
-100.000000,-200.000000,0.000000,0.000000,-9450.000000,0.000000,0.000000
200.000000,0.000000,0.000000,0.000000,-9262.000000,196.000000,0.000000
-100.000000,-300.000000,0.000000,0.000000,-9075.000000,0.000000,0.000000
0.000000,-100.000000,0.000000,0.000000,-8853.000000,0.000000,0.000000
100.000000,-100.000000,0.000000,0.000000,-8604.000000,0.000000,0.000000
0.000000,-100.000000,0.000000,0.000000,-8366.000000,0.000000,196.000000
100.000000,0.000000,0.000000,0.000000,-8114.000000,0.000000,392.000000
-100.000000,100.000000,0.000000,0.000000,-7857.000000,0.000000,589.000000
100.000000,300.000000,0.000000,0.000000,-7606.000000,196.000000,981.000000
100.000000,200.000000,0.000000,0.000000,-7367.000000,392.000000,785.000000
100.000000,0.000000,0.000000,0.000000,-7104.000000,589.000000,785.000000
0.000000,100.000000,156.000000,156.000000,-6851.000000,981.000000,589.000000
-100.000000,0.000000,0.000000,0.000000,-6639.000000,785.000000,785.000000
0.000000,0.000000,0.000000,0.000000,-6403.000000,589.000000,392.000000
-400.000000,0.000000,0.000000,0.000000,-6116.000000,589.000000,392.000000
0.000000,-100.000000,0.000000,0.000000,-5908.000000,589.000000,196.000000
-100.000000,0.000000,0.000000,0.000000,-5713.000000,392.000000,196.000000
0.000000,0.000000,0.000000,0.000000,-5497.000000,196.000000,196.000000
-100.000000,0.000000,0.000000,0.000000,-5291.000000,196.000000,0.000000
0.000000,300.000000,0.000000,0.000000,-5145.000000,0.000000,196.000000
0.000000,0.000000,0.000000,0.000000,-4994.000000,0.000000,0.000000
-100.000000,0.000000,0.000000,0.000000,-4855.000000,0.000000,0.000000
-100.000000,-100.000000,0.000000,0.000000,-4728.000000,0.000000,0.000000
-100.000000,0.000000,0.000000,0.000000,-4655.000000,0.000000,0.000000
0.000000,-300.000000,0.000000,0.000000,-4585.000000,0.000000,0.000000
-100.000000,-700.000000,0.000000,0.000000,-4528.000000,0.000000,0.000000
0.000000,-200.000000,0.000000,0.000000,-4504.000000,0.000000,0.000000
0.000000,0.000000,0.000000,0.000000,-4478.000000,0.000000,0.000000
0.000000,-200.000000,0.000000,0.000000,-4484.000000,0.000000,-196.000000
300.000000,-300.000000,0.000000,0.000000,-4499.000000,0.000000,-196.000000
-200.000000,-200.000000,0.000000,0.000000,-4557.000000,-196.000000,0.000000
-100.000000,-200.000000,0.000000,0.000000,-4673.000000,-196.000000,-392.000000
200.000000,0.000000,0.000000,0.000000,-4791.000000,0.000000,-589.000000
-200.000000,0.000000,0.000000,0.000000,-4901.000000,-196.000000,-1178.000000
-100.000000,100.000000,0.000000,0.000000,-4967.000000,-392.000000,-1374.000000
-100.000000,200.000000,0.000000,0.000000,-5032.000000,-981.000000,-1178.000000
0.000000,200.000000,0.000000,0.000000,-5173.000000,-1178.000000,-981.000000
100.000000,200.000000,0.000000,0.000000,-5376.000000,-981.000000,-981.000000
0.000000,-100.000000,0.000000,0.000000,-5530.000000,-981.000000,-785.000000
0.000000,200.000000,0.000000,0.000000,-5633.000000,-785.000000,-785.000000
100.000000,100.000000,0.000000,0.000000,-5849.000000,-785.000000,-589.000000
-100.000000,-100.000000,0.000000,0.000000,-6050.000000,-589.000000,-589.000000
-100.000000,0.000000,0.000000,0.000000,-6249.000000,-589.000000,-981.000000
0.000000,0.000000,0.000000,0.000000,-6436.000000,-392.000000,-981.000000
100.000000,0.000000,0.000000,0.000000,-6579.000000,-785.000000,-1178.000000
0.000000,200.000000,0.000000,0.000000,-6719.000000,-981.000000,-1178.000000
0.000000,-200.000000,0.000000,0.000000,-6949.000000,-785.000000,-785.000000
0.000000,100.000000,0.000000,0.000000,-7152.000000,-981.000000,-785.000000
100.000000,0.000000,0.000000,0.000000,-7284.000000,-589.000000,-589.000000
0.000000,100.000000,0.000000,0.000000,-7431.000000,-785.000000,-589.000000
-100.000000,100.000000,0.000000,0.000000,-7604.000000,-589.000000,-392.000000
0.000000,0.000000,0.000000,0.000000,-7751.000000,-392.000000,-392.000000
-100.000000,200.000000,0.000000,0.000000,-7878.000000,-392.000000,-589.000000
0.000000,100.000000,0.000000,0.000000,-7988.000000,-196.000000,-589.000000
-100.000000,400.000000,0.000000,0.000000,-8074.000000,-589.000000,-589.000000
0.000000,0.000000,0.000000,0.000000,-8166.000000,-392.000000,-392.000000
100.000000,0.000000,0.000000,0.000000,-8268.000000,-392.000000,-392.000000
-300.000000,0.000000,0.000000,0.000000,-8329.000000,-196.000000,-392.000000
-200.000000,100.000000,0.000000,0.000000,-8340.000000,-196.000000,0.000000
0.000000,0.000000,0.000000,0.000000,-8374.000000,-196.000000,-196.000000
0.000000,300.000000,0.000000,0.000000,-8406.000000,0.000000,0.000000
0.000000,100.000000,78.000000,78.000000,-8364.000000,0.000000,0.000000
0.000000,0.000000,0.000000,0.000000,-8326.000000,0.000000,0.000000
0.000000,-100.000000,0.000000,0.000000,-8297.000000,0.000000,0.000000
-100.000000,0.000000,0.000000,0.000000,-8253.000000,0.000000,0.000000
-100.000000,0.000000,0.000000,0.000000,-8187.000000,0.000000,0.000000
0.000000,0.000000,0.000000,0.000000,-8108.000000,0.000000,196.000000
200.000000,200.000000,0.000000,0.000000,-8018.000000,0.000000,0.000000
200.000000,0.000000,0.000000,0.000000,-7894.000000,0.000000,0.000000
-100.000000,200.000000,0.000000,0.000000,-7791.000000,0.000000,0.000000
-100.000000,-100.000000,0.000000,0.000000,-7666.000000,196.000000,196.000000
0.000000,-100.000000,0.000000,0.000000,-7507.000000,0.000000,0.000000
-100.000000,-200.000000,0.000000,0.000000,-7387.000000,196.000000,0.000000
-200.000000,-200.000000,0.000000,0.000000,-7266.000000,0.000000,0.000000
200.000000,0.000000,0.000000,0.000000,-7112.000000,0.000000,0.000000
-200.000000,0.000000,0.000000,0.000000,-6980.000000,0.000000,0.000000
0.000000,-100.000000,0.000000,0.000000,-6848.000000,0.000000,0.000000
-100.000000,0.000000,0.000000,0.000000,-6687.000000,0.000000,0.000000
0.000000,-100.000000,0.000000,0.000000,-6529.000000,0.000000,0.000000
0.000000,-100.000000,0.000000,0.000000,-6386.000000,0.000000,0.000000
200.000000,-200.000000,0.000000,0.000000,-6262.000000,0.000000,196.000000
400.000000,100.000000,0.000000,0.000000,-6126.000000,0.000000,0.000000
-100.000000,0.000000,0.000000,0.000000,-6034.000000,0.000000,392.000000
200.000000,-100.000000,0.000000,0.000000,-5944.000000,0.000000,0.000000
0.000000,-600.000000,0.000000,0.000000,-5850.000000,0.000000,0.000000
0.000000,0.000000,0.000000,0.000000,-5768.000000,196.000000,0.000000
0.000000,0.000000,0.000000,0.000000,-5688.000000,392.000000,0.000000
-200.000000,0.000000,0.000000,0.000000,-5637.000000,196.000000,0.000000
0.000000,0.000000,0.000000,0.000000,-5590.000000,196.000000,0.000000
0.000000,-100.000000,0.000000,0.000000,-5553.000000,392.000000,0.000000
100.000000,0.000000,0.000000,0.000000,-5538.000000,0.000000,0.000000
0.000000,200.000000,0.000000,0.000000,-5534.000000,196.000000,0.000000
-100.000000,-400.000000,0.000000,0.000000,-5539.000000,0.000000,0.000000
0.000000,-100.000000,0.000000,0.000000,-5557.000000,0.000000,0.000000
100.000000,0.000000,0.000000,0.000000,-5574.000000,0.000000,0.000000
0.000000,0.000000,0.000000,0.000000,-5604.000000,0.000000,0.000000
0.000000,-100.000000,0.000000,0.000000,-5668.000000,0.000000,-196.000000
-100.000000,-200.000000,0.000000,0.000000,-5721.000000,0.000000,0.000000
-200.000000,-200.000000,0.000000,0.000000,-5786.000000,0.000000,-196.000000
0.000000,-300.000000,0.000000,0.000000,-5852.000000,0.000000,0.000000
100.000000,-200.000000,0.000000,0.000000,-5939.000000,0.000000,-196.000000
0.000000,0.000000,0.000000,0.000000,-6023.000000,0.000000,-392.000000
-100.000000,0.000000,0.000000,0.000000,-6131.000000,-196.000000,-589.000000
-200.000000,100.000000,0.000000,0.000000,-6211.000000,-196.000000,-589.000000
100.000000,-200.000000,0.000000,0.000000,-6315.000000,0.000000,-589.000000
0.000000,0.000000,0.000000,0.000000,-6436.000000,0.000000,-392.000000
-100.000000,0.000000,0.000000,0.000000,-6550.000000,0.000000,-392.000000
200.000000,-100.000000,0.000000,0.000000,-6629.000000,-196.000000,-196.000000
-100.000000,-100.000000,0.000000,0.000000,-6710.000000,-196.000000,-196.000000
0.000000,200.000000,0.000000,0.000000,-6772.000000,-392.000000,-392.000000
200.000000,0.000000,0.000000,0.000000,-6851.000000,-392.000000,-196.000000
-200.000000,0.000000,0.000000,0.000000,-6948.000000,-589.000000,-392.000000
200.000000,0.000000,0.000000,0.000000,-7030.000000,-392.000000,-392.000000
-100.000000,100.000000,0.000000,0.000000,-7071.000000,-392.000000,0.000000
-300.000000,0.000000,0.000000,0.000000,-7112.000000,-196.000000,-196.000000
-200.000000,100.000000,0.000000,0.000000,-7182.000000,-196.000000,0.000000
-100.000000,300.000000,0.000000,0.000000,-7250.000000,196.000000,-196.000000
0.000000,0.000000,0.000000,0.000000,-7315.000000,0.000000,-196.000000
100.000000,-200.000000,0.000000,0.000000,-7362.000000,0.000000,-196.000000
-100.000000,-200.000000,0.000000,0.000000,-7386.000000,-196.000000,0.000000
0.000000,0.000000,0.000000,0.000000,-7411.000000,0.000000,-196.000000
0.000000,-300.000000,0.000000,0.000000,-7443.000000,0.000000,0.000000
-100.000000,-100.000000,0.000000,0.000000,-7435.000000,196.000000,0.000000
0.000000,-300.000000,0.000000,0.000000,-7414.000000,0.000000,196.000000
0.000000,-200.000000,0.000000,0.000000,-7397.000000,0.000000,0.000000
0.000000,-100.000000,0.000000,0.000000,-7383.000000,0.000000,0.000000
0.000000,0.000000,0.000000,0.000000,-7366.000000,0.000000,0.000000
-100.000000,-100.000000,78.000000,78.000000,-7335.000000,0.000000,196.000000
-200.000000,0.000000,0.000000,0.000000,-7296.000000,0.000000,0.000000
100.000000,-100.000000,0.000000,0.000000,-7240.000000,0.000000,0.000000
100.000000,-100.000000,0.000000,0.000000,-7192.000000,196.000000,0.000000
100.000000,-300.000000,0.000000,0.000000,-7130.000000,196.000000,0.000000
-100.000000,0.000000,0.000000,0.000000,-7065.000000,0.000000,0.000000
100.000000,0.000000,0.000000,0.000000,-6999.000000,0.000000,0.000000
0.000000,0.000000,0.000000,0.000000,-6935.000000,0.000000,0.000000
0.000000,-100.000000,0.000000,0.000000,-6866.000000,0.000000,0.000000
200.000000,0.000000,0.000000,0.000000,-6782.000000,0.000000,0.000000
-200.000000,0.000000,0.000000,0.000000,-6703.000000,0.000000,0.000000
-100.000000,-200.000000,0.000000,0.000000,-6630.000000,0.000000,0.000000
0.000000,-200.000000,0.000000,0.000000,-6558.000000,0.000000,196.000000
200.000000,100.000000,0.000000,0.000000,-6496.000000,0.000000,196.000000
0.000000,-300.000000,0.000000,0.000000,-6437.000000,0.000000,196.000000
200.000000,-300.000000,0.000000,0.000000,-6363.000000,0.000000,196.000000
-100.000000,0.000000,0.000000,0.000000,-6308.000000,0.000000,392.000000
0.000000,0.000000,0.000000,0.000000,-6248.000000,0.000000,196.000000
0.000000,100.000000,0.000000,0.000000,-6228.000000,0.000000,392.000000
200.000000,0.000000,0.000000,0.000000,-6201.000000,0.000000,0.000000
-300.000000,100.000000,0.000000,0.000000,-6150.000000,196.000000,0.000000
-200.000000,0.000000,0.000000,0.000000,-6124.000000,0.000000,0.000000
-200.000000,-100.000000,78.000000,78.000000,-6105.000000,0.000000,0.000000
0.000000,-200.000000,0.000000,0.000000,-6073.000000,0.000000,0.000000
0.000000,-100.000000,0.000000,0.000000,-6054.000000,0.000000,0.000000
-200.000000,0.000000,0.000000,0.000000,-6070.000000,0.000000,0.000000
0.000000,-100.000000,0.000000,0.000000,-6075.000000,0.000000,0.000000
-200.000000,-300.000000,0.000000,0.000000,-6090.000000,0.000000,0.000000
0.000000,-400.000000,0.000000,0.000000,-6105.000000,0.000000,0.000000
-100.000000,-200.000000,0.000000,0.000000,-6134.000000,0.000000,0.000000
0.000000,-100.000000,0.000000,0.000000,-6159.000000,0.000000,0.000000
-200.000000,-200.000000,0.000000,0.000000,-6186.000000,0.000000,0.000000
-100.000000,-200.000000,0.000000,0.000000,-6214.000000,0.000000,0.000000
100.000000,-200.000000,0.000000,0.000000,-6265.000000,0.000000,0.000000
0.000000,-300.000000,0.000000,0.000000,-6324.000000,0.000000,0.000000
-100.000000,-200.000000,0.000000,0.000000,-6380.000000,0.000000,0.000000
200.000000,-100.000000,0.000000,0.000000,-6438.000000,0.000000,0.000000
-100.000000,-100.000000,0.000000,0.000000,-6498.000000,0.000000,0.000000
-200.000000,100.000000,0.000000,0.000000,-6555.000000,0.000000,0.000000
100.000000,-300.000000,0.000000,0.000000,-6607.000000,0.000000,0.000000
0.000000,0.000000,0.000000,0.000000,-6658.000000,0.000000,0.000000
-100.000000,0.000000,0.000000,0.000000,-6725.000000,0.000000,0.000000
-200.000000,-100.000000,0.000000,0.000000,-6784.000000,0.000000,0.000000
0.000000,0.000000,0.000000,0.000000,-6828.000000,0.000000,-196.000000
-100.000000,0.000000,0.000000,0.000000,-6891.000000,0.000000,0.000000
0.000000,0.000000,0.000000,0.000000,-6947.000000,0.000000,0.000000
0.000000,-300.000000,0.000000,0.000000,-7004.000000,0.000000,0.000000
0.000000,-100.000000,0.000000,0.000000,-7041.000000,0.000000,0.000000
100.000000,-200.000000,0.000000,0.000000,-7089.000000,0.000000,0.000000
0.000000,-100.000000,0.000000,0.000000,-7135.000000,0.000000,0.000000
-100.000000,-100.000000,0.000000,0.000000,-7167.000000,0.000000,0.000000
-100.000000,-100.000000,0.000000,0.000000,-7202.000000,-196.000000,0.000000
0.000000,-200.000000,0.000000,0.000000,-7232.000000,0.000000,0.000000
0.000000,-200.000000,0.000000,0.000000,-7248.000000,0.000000,-196.000000
100.000000,-100.000000,0.000000,0.000000,-7249.000000,0.000000,0.000000
-100.000000,0.000000,0.000000,0.000000,-7256.000000,-196.000000,0.000000
-100.000000,0.000000,0.000000,0.000000,-7251.000000,196.000000,0.000000
0.000000,-200.000000,0.000000,0.000000,-7255.000000,0.000000,196.000000
-200.000000,-200.000000,0.000000,0.000000,-7234.000000,0.000000,0.000000
-100.000000,-100.000000,0.000000,0.000000,-7216.000000,0.000000,0.000000
100.000000,-200.000000,0.000000,0.000000,-7188.000000,196.000000,0.000000
0.000000,-200.000000,0.000000,0.000000,-7163.000000,0.000000,0.000000
0.000000,200.000000,0.000000,0.000000,-7149.000000,0.000000,0.000000
-100.000000,100.000000,0.000000,0.000000,-7119.000000,0.000000,196.000000
-200.000000,-200.000000,0.000000,0.000000,-7064.000000,0.000000,0.000000
-100.000000,-100.000000,0.000000,0.000000,-7024.000000,0.000000,0.000000
-200.000000,0.000000,0.000000,0.000000,-6993.000000,0.000000,0.000000
0.000000,100.000000,0.000000,0.000000,-6950.000000,0.000000,0.000000
-200.000000,0.000000,78.000000,78.000000,-6902.000000,0.000000,0.000000
0.000000,0.000000,0.000000,0.000000,-6851.000000,0.000000,0.000000
0.000000,-300.000000,0.000000,0.000000,-6809.000000,0.000000,0.000000
0.000000,-100.000000,0.000000,0.000000,-6757.000000,0.000000,0.000000
-100.000000,0.000000,0.000000,0.000000,-6722.000000,0.000000,0.000000
200.000000,-100.000000,0.000000,0.000000,-6677.000000,0.000000,0.000000
0.000000,0.000000,0.000000,0.000000,-6635.000000,0.000000,0.000000
0.000000,-200.000000,0.000000,0.000000,-6582.000000,0.000000,0.000000
100.000000,-400.000000,0.000000,0.000000,-6545.000000,0.000000,0.000000
400.000000,-300.000000,0.000000,0.000000,-6491.000000,0.000000,0.000000
0.000000,0.000000,0.000000,0.000000,-6450.000000,0.000000,0.000000
-100.000000,-200.000000,0.000000,0.000000,-6402.000000,0.000000,0.000000
0.000000,0.000000,0.000000,0.000000,-6370.000000,0.000000,0.000000
0.000000,-700.000000,0.000000,0.000000,-6343.000000,0.000000,0.000000
-100.000000,-100.000000,0.000000,0.000000,-6315.000000,0.000000,0.000000
0.000000,-100.000000,0.000000,0.000000,-6288.000000,0.000000,0.000000
0.000000,-100.000000,0.000000,0.000000,-6260.000000,0.000000,0.000000
100.000000,0.000000,0.000000,0.000000,-6241.000000,0.000000,0.000000
0.000000,100.000000,0.000000,0.000000,-6233.000000,0.000000,0.000000
-100.000000,0.000000,0.000000,0.000000,-6236.000000,0.000000,0.000000
-100.000000,-200.000000,0.000000,0.000000,-6243.000000,0.000000,0.000000
-200.000000,-200.000000,0.000000,0.000000,-6258.000000,0.000000,0.000000
0.000000,0.000000,0.000000,0.000000,-6286.000000,0.000000,0.000000
-200.000000,-200.000000,0.000000,0.000000,-6302.000000,0.000000,0.000000
0.000000,-200.000000,0.000000,0.000000,-6331.000000,0.000000,0.000000
-100.000000,-200.000000,0.000000,0.000000,-6347.000000,0.000000,0.000000
100.000000,-100.000000,0.000000,0.000000,-6368.000000,0.000000,0.000000
-100.000000,-300.000000,0.000000,0.000000,-6413.000000,0.000000,0.000000
0.000000,0.000000,0.000000,0.000000,-6442.000000,0.000000,0.000000
0.000000,-300.000000,156.000000,156.000000,-6482.000000,0.000000,0.000000
0.000000,-300.000000,0.000000,0.000000,-6520.000000,0.000000,0.000000
0.000000,100.000000,0.000000,0.000000,-6562.000000,0.000000,0.000000
0.000000,-200.000000,156.000000,156.000000,-6614.000000,0.000000,0.000000
0.000000,-100.000000,0.000000,0.000000,-6642.000000,0.000000,0.000000
-100.000000,0.000000,0.000000,0.000000,-6688.000000,0.000000,0.000000
0.000000,0.000000,0.000000,0.000000,-6724.000000,0.000000,0.000000
-100.000000,0.000000,0.000000,0.000000,-6758.000000,0.000000,0.000000
200.000000,-200.000000,0.000000,0.000000,-6795.000000,0.000000,-196.000000
-100.000000,-100.000000,0.000000,0.000000,-6815.000000,0.000000,0.000000
-200.000000,0.000000,0.000000,0.000000,-6832.000000,0.000000,0.000000
0.000000,-200.000000,0.000000,0.000000,-6866.000000,0.000000,0.000000
-100.000000,0.000000,0.000000,0.000000,-6897.000000,0.000000,0.000000
0.000000,-300.000000,0.000000,0.000000,-6917.000000,0.000000,0.000000
-100.000000,-400.000000,0.000000,0.000000,-6939.000000,0.000000,0.000000
100.000000,-100.000000,0.000000,0.000000,-6973.000000,0.000000,0.000000
0.000000,-200.000000,0.000000,0.000000,-6993.000000,0.000000,0.000000
-100.000000,100.000000,0.000000,0.000000,-7009.000000,0.000000,0.000000
0.000000,-300.000000,0.000000,0.000000,-7010.000000,0.000000,0.000000
0.000000,-100.000000,0.000000,0.000000,-7022.000000,0.000000,0.000000
100.000000,-100.000000,0.000000,0.000000,-7023.000000,0.000000,0.000000
100.000000,-300.000000,0.000000,0.000000,-7012.000000,0.000000,0.000000
0.000000,-200.000000,0.000000,0.000000,-7004.000000,0.000000,0.000000
200.000000,0.000000,0.000000,0.000000,-6995.000000,0.000000,0.000000
-100.000000,-200.000000,0.000000,0.000000,-6979.000000,0.000000,0.000000
-300.000000,0.000000,0.000000,0.000000,-6962.000000,0.000000,0.000000
-100.000000,0.000000,0.000000,0.000000,-6929.000000,0.000000,0.000000
-100.000000,-200.000000,0.000000,0.000000,-6910.000000,0.000000,196.000000
-400.000000,0.000000,0.000000,0.000000,-6892.000000,0.000000,0.000000
0.000000,0.000000,0.000000,0.000000,-6861.000000,0.000000,0.000000
0.000000,-300.000000,0.000000,0.000000,-6835.000000,0.000000,0.000000
0.000000,-200.000000,0.000000,0.000000,-6798.000000,0.000000,0.000000
100.000000,-100.000000,0.000000,0.000000,-6769.000000,0.000000,0.000000
0.000000,-200.000000,0.000000,0.000000,-6734.000000,0.000000,0.000000
0.000000,-100.000000,0.000000,0.000000,-6700.000000,0.000000,0.000000
100.000000,-400.000000,0.000000,0.000000,-6666.000000,0.000000,0.000000
100.000000,-100.000000,0.000000,0.000000,-6635.000000,0.000000,0.000000
-100.000000,-100.000000,0.000000,0.000000,-6595.000000,0.000000,0.000000
-100.000000,-100.000000,0.000000,0.000000,-6555.000000,0.000000,0.000000
0.000000,-100.000000,0.000000,0.000000,-6516.000000,0.000000,0.000000
0.000000,0.000000,0.000000,0.000000,-6490.000000,0.000000,0.000000
-100.000000,-100.000000,0.000000,0.000000,-6473.000000,0.000000,0.000000
0.000000,-300.000000,0.000000,0.000000,-6453.000000,0.000000,0.000000
100.000000,0.000000,0.000000,0.000000,-6432.000000,0.000000,0.000000
-100.000000,-200.000000,0.000000,0.000000,-6411.000000,0.000000,0.000000
0.000000,-200.000000,0.000000,0.000000,-6386.000000,0.000000,0.000000
-100.000000,0.000000,0.000000,0.000000,-6381.000000,0.000000,0.000000
0.000000,-200.000000,0.000000,0.000000,-6380.000000,0.000000,0.000000
0.000000,0.000000,0.000000,0.000000,-6369.000000,0.000000,0.000000
-100.000000,0.000000,0.000000,0.000000,-6369.000000,0.000000,0.000000
-100.000000,0.000000,0.000000,0.000000,-6379.000000,0.000000,0.000000
100.000000,0.000000,0.000000,0.000000,-6365.000000,0.000000,0.000000
0.000000,-100.000000,0.000000,0.000000,-6354.000000,0.000000,0.000000
0.000000,-100.000000,0.000000,0.000000,-6364.000000,0.000000,0.000000
0.000000,-300.000000,0.000000,0.000000,-6372.000000,0.000000,0.000000
-200.000000,0.000000,0.000000,0.000000,-6386.000000,0.000000,0.000000
0.000000,-200.000000,0.000000,0.000000,-6403.000000,0.000000,0.000000
0.000000,-200.000000,0.000000,0.000000,-6435.000000,0.000000,0.000000
0.000000,-100.000000,0.000000,0.000000,-6461.000000,0.000000,0.000000
0.000000,0.000000,0.000000,0.000000,-6487.000000,0.000000,0.000000
0.000000,-200.000000,0.000000,0.000000,-6502.000000,0.000000,0.000000
0.000000,-100.000000,0.000000,0.000000,-6522.000000,0.000000,0.000000
0.000000,-200.000000,156.000000,156.000000,-6553.000000,0.000000,0.000000
100.000000,200.000000,0.000000,0.000000,-6579.000000,0.000000,0.000000
0.000000,-100.000000,0.000000,0.000000,-6590.000000,0.000000,0.000000
0.000000,-100.000000,0.000000,0.000000,-6625.000000,0.000000,0.000000
-100.000000,0.000000,0.000000,0.000000,-6655.000000,0.000000,0.000000
0.000000,-200.000000,0.000000,0.000000,-6682.000000,0.000000,0.000000
0.000000,0.000000,0.000000,0.000000,-6696.000000,0.000000,0.000000
0.000000,-300.000000,0.000000,0.000000,-6722.000000,0.000000,0.000000
0.000000,-200.000000,0.000000,0.000000,-6737.000000,0.000000,0.000000
-200.000000,-200.000000,78.000000,78.000000,-6753.000000,0.000000,0.000000
0.000000,0.000000,0.000000,0.000000,-6770.000000,0.000000,-196.000000
0.000000,0.000000,0.000000,0.000000,-6801.000000,0.000000,0.000000
100.000000,0.000000,0.000000,0.000000,-6824.000000,0.000000,0.000000
0.000000,-100.000000,0.000000,0.000000,-6839.000000,0.000000,0.000000
-200.000000,-100.000000,156.000000,156.000000,-6847.000000,0.000000,0.000000
-100.000000,200.000000,0.000000,0.000000,-6854.000000,0.000000,0.000000
0.000000,-100.000000,0.000000,0.000000,-6863.000000,0.000000,0.000000
0.000000,0.000000,0.000000,0.000000,-6865.000000,0.000000,0.000000
-200.000000,100.000000,0.000000,0.000000,-6869.000000,0.000000,0.000000
0.000000,0.000000,0.000000,0.000000,-6876.000000,0.000000,0.000000
0.000000,-500.000000,0.000000,0.000000,-6872.000000,0.000000,0.000000
-200.000000,-300.000000,0.000000,0.000000,-6870.000000,0.000000,0.000000
0.000000,0.000000,0.000000,0.000000,-6853.000000,0.000000,0.000000
0.000000,-200.000000,78.000000,78.000000,-6851.000000,0.000000,196.000000
0.000000,0.000000,0.000000,0.000000,-6831.000000,0.000000,0.000000
0.000000,-100.000000,0.000000,0.000000,-6828.000000,0.000000,0.000000
0.000000,-100.000000,0.000000,0.000000,-6805.000000,0.000000,0.000000
0.000000,-100.000000,0.000000,0.000000,-6778.000000,0.000000,0.000000
-100.000000,-100.000000,0.000000,0.000000,-6764.000000,0.000000,0.000000
0.000000,-300.000000,0.000000,0.000000,-6733.000000,0.000000,0.000000
0.000000,-200.000000,0.000000,0.000000,-6705.000000,0.000000,0.000000
200.000000,-300.000000,0.000000,0.000000,-6678.000000,0.000000,0.000000
0.000000,0.000000,0.000000,0.000000,-6657.000000,0.000000,0.000000
-100.000000,-100.000000,0.000000,0.000000,-6640.000000,0.000000,0.000000
0.000000,-100.000000,0.000000,0.000000,-6621.000000,0.000000,0.000000
0.000000,100.000000,0.000000,0.000000,-6598.000000,0.000000,0.000000
-100.000000,0.000000,0.000000,0.000000,-6579.000000,0.000000,0.000000
0.000000,-100.000000,0.000000,0.000000,-6558.000000,0.000000,0.000000
0.000000,-100.000000,0.000000,0.000000,-6540.000000,0.000000,0.000000
100.000000,0.000000,0.000000,0.000000,-6524.000000,0.000000,0.000000
0.000000,-100.000000,0.000000,0.000000,-6515.000000,0.000000,0.000000
0.000000,-300.000000,0.000000,0.000000,-6519.000000,0.000000,0.000000
0.000000,-100.000000,0.000000,0.000000,-6511.000000,0.000000,0.000000
0.000000,-200.000000,0.000000,0.000000,-6488.000000,0.000000,0.000000
100.000000,200.000000,0.000000,0.000000,-6475.000000,0.000000,0.000000
100.000000,-300.000000,0.000000,0.000000,-6468.000000,0.000000,0.000000
100.000000,-300.000000,0.000000,0.000000,-6469.000000,0.000000,0.000000
0.000000,0.000000,0.000000,0.000000,-6451.000000,0.000000,0.000000
-100.000000,0.000000,0.000000,0.000000,-6422.000000,0.000000,0.000000
100.000000,-200.000000,0.000000,0.000000,-6411.000000,0.000000,0.000000
0.000000,0.000000,0.000000,0.000000,-6400.000000,0.000000,0.000000
-200.000000,0.000000,0.000000,0.000000,-6402.000000,0.000000,0.000000
0.000000,0.000000,156.000000,156.000000,-6392.000000,0.000000,0.000000
100.000000,300.000000,0.000000,0.000000,-6401.000000,0.000000,0.000000
0.000000,-100.000000,0.000000,0.000000,-6416.000000,0.000000,0.000000
0.000000,200.000000,156.000000,156.000000,-6416.000000,0.000000,0.000000
100.000000,200.000000,0.000000,0.000000,-6410.000000,0.000000,0.000000
0.000000,-100.000000,0.000000,0.000000,-6416.000000,0.000000,0.000000
0.000000,-400.000000,0.000000,0.000000,-6411.000000,0.000000,0.000000
100.000000,-100.000000,0.000000,0.000000,-6435.000000,0.000000,0.000000
-100.000000,0.000000,0.000000,0.000000,-6450.000000,0.000000,0.000000
-200.000000,-100.000000,0.000000,0.000000,-6467.000000,0.000000,0.000000
0.000000,-100.000000,0.000000,0.000000,-6476.000000,0.000000,0.000000
-200.000000,-100.000000,0.000000,0.000000,-6505.000000,0.000000,0.000000
200.000000,-200.000000,0.000000,0.000000,-6529.000000,0.000000,0.000000
-100.000000,-300.000000,0.000000,0.000000,-6541.000000,0.000000,0.000000
0.000000,0.000000,0.000000,0.000000,-6564.000000,0.000000,0.000000
0.000000,0.000000,0.000000,0.000000,-6587.000000,0.000000,0.000000
0.000000,-100.000000,0.000000,0.000000,-6603.000000,0.000000,0.000000
-100.000000,0.000000,0.000000,0.000000,-6610.000000,0.000000,0.000000
0.000000,-100.000000,0.000000,0.000000,-6629.000000,0.000000,0.000000
100.000000,0.000000,0.000000,0.000000,-6629.000000,0.000000,0.000000
0.000000,-300.000000,0.000000,0.000000,-6639.000000,0.000000,0.000000
0.000000,-300.000000,0.000000,0.000000,-6652.000000,0.000000,0.000000
0.000000,0.000000,0.000000,0.000000,-6663.000000,0.000000,0.000000
-100.000000,-100.000000,0.000000,0.000000,-6683.000000,0.000000,0.000000
0.000000,-100.000000,0.000000,0.000000,-6699.000000,0.000000,0.000000
0.000000,100.000000,0.000000,0.000000,-6712.000000,0.000000,0.000000
-100.000000,-300.000000,0.000000,0.000000,-6718.000000,0.000000,0.000000
100.000000,-200.000000,0.000000,0.000000,-6722.000000,0.000000,0.000000
0.000000,0.000000,0.000000,0.000000,-6729.000000,0.000000,0.000000
-100.000000,-100.000000,0.000000,0.000000,-6737.000000,0.000000,0.000000
-100.000000,0.000000,0.000000,0.000000,-6738.000000,0.000000,0.000000
100.000000,-300.000000,0.000000,0.000000,-6719.000000,0.000000,0.000000
0.000000,-300.000000,0.000000,0.000000,-6718.000000,0.000000,0.000000
0.000000,-300.000000,0.000000,0.000000,-6685.000000,0.000000,0.000000
-100.000000,-200.000000,0.000000,0.000000,-6658.000000,0.000000,0.000000
0.000000,0.000000,0.000000,0.000000,-6652.000000,0.000000,0.000000
0.000000,-300.000000,0.000000,0.000000,-6642.000000,0.000000,0.000000
-100.000000,-100.000000,0.000000,0.000000,-6630.000000,0.000000,0.000000
0.000000,-300.000000,0.000000,0.000000,-6611.000000,0.000000,0.000000
0.000000,-500.000000,0.000000,0.000000,-6603.000000,0.000000,0.000000
0.000000,0.000000,0.000000,0.000000,-6585.000000,0.000000,0.000000
0.000000,-200.000000,0.000000,0.000000,-6563.000000,0.000000,0.000000
0.000000,-200.000000,0.000000,0.000000,-6555.000000,0.000000,0.000000
0.000000,0.000000,0.000000,0.000000,-6536.000000,0.000000,0.000000
0.000000,-100.000000,0.000000,0.000000,-6523.000000,0.000000,0.000000
0.000000,0.000000,0.000000,0.000000,-6514.000000,0.000000,0.000000
0.000000,0.000000,0.000000,0.000000,-6508.000000,0.000000,0.000000
-200.000000,100.000000,0.000000,0.000000,-6507.000000,0.000000,0.000000
-100.000000,-200.000000,0.000000,0.000000,-6509.000000,0.000000,0.000000
-100.000000,-100.000000,0.000000,0.000000,-6510.000000,0.000000,0.000000
0.000000,-100.000000,0.000000,0.000000,-6507.000000,0.000000,0.000000
0.000000,-300.000000,0.000000,0.000000,-6518.000000,0.000000,0.000000
0.000000,-200.000000,0.000000,0.000000,-6532.000000,0.000000,0.000000
0.000000,0.000000,0.000000,0.000000,-6538.000000,0.000000,0.000000
-100.000000,-100.000000,0.000000,0.000000,-6547.000000,0.000000,0.000000
100.000000,-100.000000,78.000000,78.000000,-6560.000000,0.000000,0.000000
0.000000,0.000000,0.000000,0.000000,-6592.000000,-196.000000,0.000000
200.000000,-100.000000,0.000000,0.000000,-6603.000000,0.000000,0.000000
0.000000,0.000000,0.000000,0.000000,-6609.000000,-196.000000,0.000000
0.000000,0.000000,0.000000,0.000000,-6622.000000,0.000000,0.000000
200.000000,-300.000000,0.000000,0.000000,-6634.000000,0.000000,0.000000
0.000000,0.000000,0.000000,0.000000,-6661.000000,0.000000,0.000000
0.000000,0.000000,0.000000,0.000000,-6671.000000,0.000000,0.000000
0.000000,0.000000,0.000000,0.000000,-6662.000000,-196.000000,0.000000
0.000000,-100.000000,0.000000,0.000000,-6638.000000,-196.000000,0.000000
-200.000000,200.000000,0.000000,0.000000,-6626.000000,-589.000000,0.000000
100.000000,0.000000,0.000000,0.000000,-6643.000000,-589.000000,0.000000
0.000000,100.000000,0.000000,0.000000,-6671.000000,-589.000000,0.000000
0.000000,100.000000,0.000000,0.000000,-6660.000000,-392.000000,0.000000
0.000000,300.000000,0.000000,0.000000,-6624.000000,-196.000000,0.000000
-200.000000,100.000000,0.000000,0.000000,-6598.000000,-196.000000,0.000000
-100.000000,0.000000,0.000000,0.000000,-6613.000000,0.000000,0.000000
-100.000000,100.000000,0.000000,0.000000,-6606.000000,-196.000000,0.000000
0.000000,-300.000000,0.000000,0.000000,-6557.000000,-196.000000,0.000000
100.000000,400.000000,0.000000,0.000000,-6529.000000,-392.000000,-196.000000
-200.000000,200.000000,0.000000,0.000000,-6525.000000,-392.000000,0.000000
-100.000000,300.000000,0.000000,0.000000,-6519.000000,-196.000000,0.000000
0.000000,300.000000,0.000000,0.000000,-6492.000000,-392.000000,0.000000
-100.000000,100.000000,0.000000,0.000000,-6485.000000,-196.000000,0.000000
0.000000,100.000000,0.000000,0.000000,-6468.000000,-196.000000,0.000000
0.000000,200.000000,0.000000,0.000000,-6460.000000,-392.000000,0.000000
-100.000000,300.000000,0.000000,0.000000,-6446.000000,-196.000000,0.000000
-100.000000,100.000000,0.000000,0.000000,-6435.000000,-392.000000,0.000000
-200.000000,300.000000,0.000000,0.000000,-6415.000000,-196.000000,-196.000000
-100.000000,200.000000,0.000000,0.000000,-6387.000000,-196.000000,0.000000
-200.000000,100.000000,0.000000,0.000000,-6349.000000,-196.000000,0.000000
-100.000000,300.000000,0.000000,0.000000,-6326.000000,-589.000000,0.000000
100.000000,0.000000,0.000000,0.000000,-6299.000000,-392.000000,0.000000
-100.000000,0.000000,0.000000,0.000000,-6312.000000,-589.000000,-196.000000
0.000000,100.000000,0.000000,0.000000,-6297.000000,-392.000000,0.000000
0.000000,100.000000,0.000000,0.000000,-6263.000000,-392.000000,0.000000
0.000000,0.000000,0.000000,0.000000,-6244.000000,-392.000000,-196.000000
200.000000,100.000000,0.000000,0.000000,-6225.000000,-392.000000,0.000000
0.000000,0.000000,0.000000,0.000000,-6198.000000,-392.000000,-196.000000
200.000000,100.000000,0.000000,0.000000,-6174.000000,-589.000000,0.000000
0.000000,100.000000,0.000000,0.000000,-6142.000000,-589.000000,0.000000
0.000000,0.000000,0.000000,0.000000,-6127.000000,-589.000000,0.000000
200.000000,200.000000,0.000000,0.000000,-6126.000000,-589.000000,0.000000
0.000000,200.000000,0.000000,0.000000,-6128.000000,-589.000000,0.000000
0.000000,200.000000,0.000000,0.000000,-6100.000000,-589.000000,0.000000
-100.000000,400.000000,0.000000,0.000000,-6105.000000,-589.000000,-196.000000
200.000000,-100.000000,0.000000,0.000000,-6109.000000,-589.000000,0.000000
300.000000,0.000000,0.000000,0.000000,-6083.000000,-589.000000,0.000000
100.000000,200.000000,0.000000,0.000000,-6069.000000,-785.000000,-196.000000
-100.000000,100.000000,0.000000,0.000000,-6078.000000,-785.000000,0.000000
0.000000,200.000000,0.000000,0.000000,-6073.000000,-589.000000,0.000000
100.000000,200.000000,0.000000,0.000000,-6051.000000,-785.000000,-196.000000
100.000000,200.000000,0.000000,0.000000,-6064.000000,-589.000000,0.000000
0.000000,0.000000,0.000000,0.000000,-6068.000000,-785.000000,0.000000
0.000000,-100.000000,0.000000,0.000000,-6061.000000,-785.000000,-196.000000
200.000000,0.000000,0.000000,0.000000,-6073.000000,-785.000000,0.000000
100.000000,100.000000,0.000000,0.000000,-6076.000000,-785.000000,-196.000000
-200.000000,0.000000,0.000000,0.000000,-6071.000000,-785.000000,-196.000000
