Channel 1,Channel 2,Channel 3,Channel 4,Channel 5,Channel 6,Channel 7
-100.000000,-200.000000,0.000000,0.000000,-7365.000000,0.000000,0.000000
0.000000,-300.000000,0.000000,0.000000,-7360.000000,0.000000,0.000000
100.000000,-200.000000,0.000000,0.000000,-7361.000000,0.000000,0.000000
0.000000,-300.000000,0.000000,0.000000,-7345.000000,0.000000,0.000000
-200.000000,100.000000,0.000000,0.000000,-7345.000000,0.000000,0.000000
0.000000,-300.000000,0.000000,0.000000,-7344.000000,0.000000,0.000000
-100.000000,100.000000,0.000000,0.000000,-7341.000000,0.000000,0.000000
100.000000,-100.000000,0.000000,0.000000,-7331.000000,0.000000,0.000000
-100.000000,-200.000000,0.000000,0.000000,-7318.000000,0.000000,0.000000
0.000000,100.000000,0.000000,0.000000,-7307.000000,0.000000,0.000000
0.000000,100.000000,0.000000,0.000000,-7319.000000,0.000000,0.000000
0.000000,-100.000000,0.000000,0.000000,-7316.000000,0.000000,0.000000
0.000000,-300.000000,0.000000,0.000000,-7307.000000,0.000000,0.000000
-200.000000,-300.000000,0.000000,0.000000,-7302.000000,0.000000,0.000000
0.000000,-300.000000,0.000000,0.000000,-7299.000000,0.000000,0.000000
0.000000,-300.000000,0.000000,0.000000,-7309.000000,0.000000,0.000000
-300.000000,0.000000,0.000000,0.000000,-7315.000000,0.000000,0.000000
-100.000000,-200.000000,0.000000,0.000000,-7322.000000,0.000000,0.000000
-200.000000,-200.000000,0.000000,0.000000,-7322.000000,0.000000,0.000000
0.000000,-100.000000,0.000000,0.000000,-7311.000000,0.000000,0.000000
0.000000,-200.000000,0.000000,0.000000,-7306.000000,0.000000,0.000000
0.000000,0.000000,0.000000,0.000000,-7308.000000,0.000000,0.000000
-300.000000,-100.000000,0.000000,0.000000,-7304.000000,0.000000,0.000000
-200.000000,-100.000000,0.000000,0.000000,-7295.000000,0.000000,0.000000
-300.000000,0.000000,0.000000,0.000000,-7296.000000,0.000000,0.000000
-100.000000,0.000000,0.000000,0.000000,-7309.000000,0.000000,0.000000
-300.000000,-400.000000,0.000000,0.000000,-7300.000000,0.000000,0.000000
-100.000000,-200.000000,0.000000,0.000000,-7308.000000,0.000000,0.000000
0.000000,0.000000,0.000000,0.000000,-7311.000000,0.000000,0.000000
0.000000,0.000000,0.000000,0.000000,-7325.000000,0.000000,0.000000
0.000000,0.000000,0.000000,0.000000,-7311.000000,0.000000,0.000000
100.000000,-100.000000,0.000000,0.000000,-7304.000000,0.000000,0.000000
-300.000000,0.000000,0.000000,0.000000,-7311.000000,0.000000,0.000000
0.000000,-400.000000,0.000000,0.000000,-7301.000000,0.000000,0.000000
-100.000000,200.000000,0.000000,0.000000,-7289.000000,0.000000,0.000000
-300.000000,-300.000000,0.000000,0.000000,-7288.000000,-196.000000,0.000000
-100.000000,-200.000000,0.000000,0.000000,-7287.000000,0.000000,0.000000
0.000000,0.000000,0.000000,0.000000,-7280.000000,0.000000,0.000000
-200.000000,-400.000000,0.000000,0.000000,-7293.000000,0.000000,0.000000
100.000000,-100.000000,0.000000,0.000000,-7287.000000,0.000000,0.000000
0.000000,0.000000,0.000000,0.000000,-7287.000000,0.000000,0.000000
0.000000,-200.000000,0.000000,0.000000,-7287.000000,0.000000,0.000000
100.000000,-100.000000,0.000000,0.000000,-7291.000000,0.000000,0.000000
0.000000,-100.000000,0.000000,0.000000,-7305.000000,0.000000,0.000000
-100.000000,-200.000000,0.000000,0.000000,-7306.000000,0.000000,0.000000
-100.000000,-100.000000,0.000000,0.000000,-7320.000000,0.000000,-196.000000
100.000000,-300.000000,0.000000,0.000000,-7327.000000,0.000000,0.000000
-300.000000,100.000000,0.000000,0.000000,-7333.000000,0.000000,0.000000
-100.000000,-100.000000,0.000000,0.000000,-7357.000000,0.000000,0.000000
-200.000000,-200.000000,0.000000,0.000000,-7379.000000,0.000000,0.000000
0.000000,-200.000000,0.000000,0.000000,-7385.000000,0.000000,0.000000
-300.000000,100.000000,0.000000,0.000000,-7380.000000,0.000000,0.000000
400.000000,-300.000000,0.000000,0.000000,-7374.000000,0.000000,0.000000
-100.000000,-200.000000,0.000000,0.000000,-7391.000000,0.000000,0.000000
0.000000,-100.000000,0.000000,0.000000,-7379.000000,0.000000,0.000000
0.000000,-200.000000,0.000000,0.000000,-7386.000000,0.000000,0.000000
0.000000,-300.000000,0.000000,0.000000,-7371.000000,-196.000000,0.000000
-100.000000,-300.000000,0.000000,0.000000,-7384.000000,0.000000,0.000000
100.000000,-200.000000,0.000000,0.000000,-7375.000000,0.000000,0.000000
0.000000,-200.000000,0.000000,0.000000,-7391.000000,0.000000,0.000000
0.000000,-200.000000,0.000000,0.000000,-7401.000000,0.000000,0.000000
0.000000,-300.000000,0.000000,0.000000,-7414.000000,0.000000,0.000000
0.000000,-400.000000,0.000000,0.000000,-7422.000000,0.000000,0.000000
-200.000000,0.000000,0.000000,0.000000,-7422.000000,0.000000,0.000000
-200.000000,-200.000000,156.000000,156.000000,-7432.000000,0.000000,196.000000
0.000000,200.000000,0.000000,0.000000,-7439.000000,0.000000,0.000000
-200.000000,0.000000,0.000000,0.000000,-7443.000000,0.000000,-196.000000
-100.000000,-200.000000,0.000000,0.000000,-7456.000000,0.000000,0.000000
0.000000,-200.000000,0.000000,0.000000,-7472.000000,0.000000,0.000000
0.000000,-100.000000,0.000000,0.000000,-7466.000000,0.000000,0.000000
0.000000,-200.000000,0.000000,0.000000,-7473.000000,0.000000,0.000000
100.000000,-100.000000,20000.000000,20000.000000,-7500.000000,785.000000,785.000000
18500.000000,19700.000000,20000.000000,20000.000000,-7537.000000,4123.000000,3730.000000
21300.000000,17800.000000,20000.000000,20000.000000,-7351.000000,4712.000000,3730.000000
21900.000000,22500.000000,20000.000000,20000.000000,-6537.000000,1374.000000,1178.000000
21700.000000,18100.000000,20000.000000,20000.000000,-5817.000000,-1178.000000,-589.000000
19400.000000,21000.000000,20000.000000,20000.000000,-5999.000000,-392.000000,589.000000
20800.000000,18400.000000,20000.000000,20000.000000,-6354.000000,1963.000000,2356.000000
21400.000000,21400.000000,20000.000000,20000.000000,-5697.000000,4319.000000,3141.000000
17800.000000,21200.000000,20000.000000,20000.000000,-4584.000000,4908.000000,3534.000000
19700.000000,19200.000000,20000.000000,20000.000000,-3783.000000,3141.000000,3141.000000
21900.000000,18500.000000,20000.000000,20000.000000,-3228.000000,1767.000000,2552.000000
19800.000000,19200.000000,20000.000000,20000.000000,-2917.000000,1767.000000,2552.000000
17200.000000,21700.000000,20000.000000,20000.000000,-2597.000000,4123.000000,3926.000000
18300.000000,21200.000000,20000.000000,20000.000000,-1760.000000,5890.000000,4712.000000
18900.000000,21600.000000,20000.000000,20000.000000,-566.000000,5497.000000,4712.000000
21300.000000,21700.000000,20000.000000,20000.000000,612.000000,3730.000000,3926.000000
19700.000000,20400.000000,20000.000000,20000.000000,1281.000000,2945.000000,3534.000000
21400.000000,18600.000000,20000.000000,20000.000000,1813.000000,3926.000000,3926.000000
19400.000000,18900.000000,20000.000000,20000.000000,2542.000000,5694.000000,4123.000000
18000.000000,21000.000000,20000.000000,20000.000000,3690.000000,6479.000000,5105.000000
18600.000000,19100.000000,20000.000000,20000.000000,4919.000000,5890.000000,5105.000000
21500.000000,19300.000000,20000.000000,20000.000000,5875.000000,4123.000000,5105.000000
18600.000000,18800.000000,20000.000000,20000.000000,6781.000000,3534.000000,4712.000000
21300.000000,19400.000000,20000.000000,20000.000000,7413.000000,4516.000000,4516.000000
18600.000000,18100.000000,20000.000000,20000.000000,8151.000000,5890.000000,4908.000000
18500.000000,18300.000000,20000.000000,20000.000000,9236.000000,6479.000000,5105.000000
18600.000000,19400.000000,0.000000,0.000000,10331.000000,5105.000000,4712.000000
-100.000000,-100.000000,0.000000,0.000000,11252.000000,981.000000,1570.000000
100.000000,100.000000,0.000000,0.000000,11488.000000,0.000000,589.000000
0.000000,0.000000,0.000000,0.000000,11299.000000,0.000000,785.000000
0.000000,-100.000000,0.000000,0.000000,12607.000000,1178.000000,2748.000000
200.000000,-100.000000,0.000000,0.000000,12897.000000,3926.000000,4712.000000
0.000000,-200.000000,0.000000,0.000000,13368.000000,4908.000000,4908.000000
0.000000,0.000000,0.000000,0.000000,13264.000000,5301.000000,4319.000000
100.000000,0.000000,0.000000,0.000000,12755.000000,4712.000000,1963.000000
100.000000,0.000000,0.000000,0.000000,12626.000000,2945.000000,-392.000000
0.000000,0.000000,0.000000,0.000000,13165.000000,196.000000,-981.000000
0.000000,0.000000,0.000000,0.000000,12682.000000,-981.000000,-589.000000
0.000000,0.000000,0.000000,0.000000,11188.000000,-1178.000000,-589.000000
0.000000,0.000000,0.000000,0.000000,10654.000000,-1178.000000,-392.000000
-100.000000,100.000000,0.000000,0.000000,10622.000000,-981.000000,-196.000000
100.000000,0.000000,0.000000,0.000000,9597.000000,-981.000000,-196.000000
0.000000,100.000000,0.000000,0.000000,7996.000000,-785.000000,0.000000
0.000000,300.000000,0.000000,0.000000,7024.000000,-589.000000,-392.000000
0.000000,0.000000,0.000000,0.000000,6221.000000,-392.000000,-1178.000000
0.000000,200.000000,0.000000,0.000000,4917.000000,-392.000000,-1963.000000
0.000000,600.000000,0.000000,0.000000,3527.000000,-785.000000,-2552.000000
0.000000,0.000000,0.000000,0.000000,2263.000000,-1767.000000,-2552.000000
100.000000,100.000000,0.000000,0.000000,1055.000000,-2552.000000,-2159.000000
100.000000,0.000000,0.000000,0.000000,-372.000000,-2356.000000,-2159.000000
-100.000000,0.000000,0.000000,0.000000,-1910.000000,-2356.000000,-1767.000000
0.000000,100.000000,0.000000,0.000000,-3454.000000,-2356.000000,-1963.000000
200.000000,200.000000,0.000000,0.000000,-4832.000000,-2356.000000,-1570.000000
0.000000,100.000000,0.000000,0.000000,-6259.000000,-1963.000000,-1374.000000
100.000000,-100.000000,0.000000,0.000000,-7654.000000,-1374.000000,-1178.000000
100.000000,-100.000000,0.000000,0.000000,-8982.000000,-1570.000000,-1178.000000
0.000000,0.000000,0.000000,0.000000,-10258.000000,-1374.000000,-1178.000000
0.000000,300.000000,0.000000,0.000000,-11511.000000,-981.000000,-1178.000000
200.000000,0.000000,0.000000,0.000000,-12793.000000,-981.000000,-981.000000
100.000000,200.000000,0.000000,0.000000,-13858.000000,-785.000000,-589.000000
0.000000,-100.000000,0.000000,0.000000,-14861.000000,-589.000000,-589.000000
-100.000000,100.000000,0.000000,0.000000,-15940.000000,-196.000000,-196.000000
100.000000,0.000000,0.000000,0.000000,-16969.000000,0.000000,-196.000000
0.000000,0.000000,0.000000,0.000000,-17740.000000,785.000000,392.000000
100.000000,0.000000,0.000000,0.000000,-18356.000000,1570.000000,785.000000
0.000000,200.000000,0.000000,0.000000,-19041.000000,2356.000000,1767.000000
0.000000,200.000000,0.000000,0.000000,-19567.000000,2748.000000,1963.000000
0.000000,0.000000,0.000000,0.000000,-19804.000000,2748.000000,2356.000000
0.000000,100.000000,0.000000,0.000000,-20109.000000,2748.000000,2159.000000
0.000000,0.000000,0.000000,0.000000,-20356.000000,2945.000000,2356.000000
0.000000,0.000000,0.000000,0.000000,-20451.000000,3534.000000,2748.000000
100.000000,-200.000000,0.000000,0.000000,-20399.000000,4319.000000,3337.000000
0.000000,0.000000,0.000000,0.000000,-20332.000000,4516.000000,4123.000000
300.000000,-100.000000,0.000000,0.000000,-20147.000000,4712.000000,4123.000000
100.000000,0.000000,0.000000,0.000000,-19786.000000,5105.000000,3926.000000
0.000000,0.000000,0.000000,0.000000,-19317.000000,5301.000000,4123.000000
300.000000,0.000000,0.000000,0.000000,-18861.000000,5694.000000,4319.000000
0.000000,-100.000000,0.000000,0.000000,-18306.000000,6086.000000,4908.000000
0.000000,100.000000,0.000000,0.000000,-17584.000000,6086.000000,5497.000000
200.000000,300.000000,0.000000,0.000000,-16840.000000,6086.000000,5890.000000
-100.000000,0.000000,0.000000,0.000000,-15977.000000,6283.000000,5890.000000
100.000000,0.000000,0.000000,0.000000,-15093.000000,6872.000000,5890.000000
100.000000,-100.000000,0.000000,0.000000,-14190.000000,7068.000000,5497.000000
0.000000,0.000000,0.000000,0.000000,-13215.000000,7264.000000,5301.000000
0.000000,0.000000,0.000000,0.000000,-12093.000000,6872.000000,5497.000000
0.000000,0.000000,0.000000,0.000000,-11022.000000,6872.000000,6086.000000
0.000000,0.000000,0.000000,0.000000,-9858.000000,6872.000000,6479.000000
100.000000,0.000000,0.000000,0.000000,-8646.000000,6479.000000,6283.000000
100.000000,100.000000,0.000000,0.000000,-7501.000000,6479.000000,6283.000000
0.000000,0.000000,0.000000,0.000000,-6348.000000,6675.000000,6086.000000
0.000000,0.000000,0.000000,0.000000,-5227.000000,6479.000000,5301.000000
0.000000,-100.000000,0.000000,0.000000,-4121.000000,6479.000000,4908.000000
0.000000,-200.000000,0.000000,0.000000,-3146.000000,6479.000000,4516.000000
0.000000,0.000000,0.000000,0.000000,-2254.000000,6283.000000,4516.000000
0.000000,0.000000,0.000000,0.000000,-1270.000000,6086.000000,4712.000000
0.000000,-100.000000,0.000000,0.000000,-300.000000,5890.000000,4516.000000
0.000000,0.000000,0.000000,0.000000,533.000000,5497.000000,4516.000000
0.000000,0.000000,0.000000,0.000000,1323.000000,5301.000000,4123.000000
0.000000,-400.000000,0.000000,0.000000,2126.000000,5105.000000,4123.000000
0.000000,0.000000,0.000000,0.000000,2824.000000,4908.000000,3730.000000
0.000000,-100.000000,0.000000,0.000000,3317.000000,4516.000000,3534.000000
100.000000,100.000000,0.000000,0.000000,3866.000000,3730.000000,3141.000000
0.000000,0.000000,0.000000,0.000000,4398.000000,2945.000000,2945.000000
0.000000,300.000000,0.000000,0.000000,4708.000000,2159.000000,2748.000000
100.000000,100.000000,0.000000,0.000000,4813.000000,2356.000000,2159.000000
0.000000,200.000000,0.000000,0.000000,4979.000000,1767.000000,1570.000000
0.000000,100.000000,0.000000,0.000000,5051.000000,1570.000000,981.000000
0.000000,200.000000,0.000000,0.000000,5020.000000,1374.000000,392.000000
0.000000,0.000000,0.000000,0.000000,4901.000000,1178.000000,0.000000
100.000000,300.000000,0.000000,0.000000,4609.000000,1178.000000,0.000000
100.000000,0.000000,0.000000,0.000000,4269.000000,785.000000,-196.000000
0.000000,100.000000,0.000000,0.000000,3911.000000,785.000000,-196.000000
0.000000,0.000000,0.000000,0.000000,3426.000000,589.000000,-196.000000
100.000000,200.000000,0.000000,0.000000,2809.000000,196.000000,-392.000000
100.000000,0.000000,0.000000,0.000000,2100.000000,196.000000,-981.000000
0.000000,100.000000,0.000000,0.000000,1402.000000,-196.000000,-1570.000000
0.000000,100.000000,0.000000,0.000000,647.000000,-392.000000,-1767.000000
0.000000,200.000000,0.000000,0.000000,-191.000000,-785.000000,-1767.000000
0.000000,-100.000000,0.000000,0.000000,-1110.000000,-1178.000000,-1767.000000
0.000000,0.000000,0.000000,0.000000,-2115.000000,-1178.000000,-1570.000000
100.000000,-100.000000,0.000000,0.000000,-3107.000000,-1178.000000,-1570.000000
200.000000,-100.000000,0.000000,0.000000,-4080.000000,-981.000000,-1570.000000
0.000000,300.000000,0.000000,0.000000,-5110.000000,-981.000000,-1767.000000
0.000000,0.000000,0.000000,0.000000,-6222.000000,-785.000000,-1963.000000
0.000000,200.000000,0.000000,0.000000,-7269.000000,-785.000000,-1963.000000
0.000000,100.000000,0.000000,0.000000,-8269.000000,-785.000000,-1963.000000
0.000000,0.000000,0.000000,0.000000,-9358.000000,-589.000000,-1570.000000
0.000000,0.000000,0.000000,0.000000,-10457.000000,-785.000000,-1570.000000
0.000000,100.000000,0.000000,0.000000,-11447.000000,-589.000000,-1374.000000
0.000000,0.000000,0.000000,0.000000,-12365.000000,-392.000000,-981.000000
-100.000000,-200.000000,0.000000,0.000000,-13282.000000,-196.000000,-785.000000
0.000000,100.000000,0.000000,0.000000,-14130.000000,-196.000000,-785.000000
-100.000000,200.000000,0.000000,0.000000,-14933.000000,0.000000,-392.000000
-200.000000,0.000000,0.000000,0.000000,-15704.000000,196.000000,-196.000000
0.000000,0.000000,0.000000,0.000000,-16427.000000,0.000000,196.000000
0.000000,0.000000,0.000000,0.000000,-17054.000000,196.000000,196.000000
0.000000,-100.000000,0.000000,0.000000,-17588.000000,196.000000,392.000000
300.000000,-100.000000,0.000000,0.000000,-18130.000000,1178.000000,981.000000
100.000000,0.000000,0.000000,0.000000,-18536.000000,2159.000000,1570.000000
-200.000000,0.000000,0.000000,0.000000,-18852.000000,2945.000000,1963.000000
0.000000,200.000000,0.000000,0.000000,-19053.000000,2945.000000,1963.000000
100.000000,200.000000,0.000000,0.000000,-19197.000000,2748.000000,2159.000000
100.000000,200.000000,0.000000,0.000000,-19236.000000,2748.000000,2159.000000
0.000000,200.000000,0.000000,0.000000,-19226.000000,2748.000000,2552.000000
0.000000,300.000000,0.000000,0.000000,-19199.000000,2748.000000,3141.000000
0.000000,200.000000,0.000000,0.000000,-19016.000000,3337.000000,3141.000000
0.000000,100.000000,0.000000,0.000000,-18754.000000,4123.000000,2945.000000
0.000000,-100.000000,0.000000,0.000000,-18415.000000,4516.000000,3337.000000
0.000000,0.000000,0.000000,0.000000,-18032.000000,4516.000000,3730.000000
0.000000,0.000000,0.000000,0.000000,-17477.000000,4319.000000,3926.000000
200.000000,-100.000000,0.000000,0.000000,-16835.000000,4516.000000,4123.000000
0.000000,0.000000,0.000000,0.000000,-16258.000000,4712.000000,4516.000000
0.000000,-100.000000,0.000000,0.000000,-15678.000000,4908.000000,4712.000000
100.000000,0.000000,0.000000,0.000000,-14864.000000,5105.000000,4712.000000
100.000000,200.000000,0.000000,0.000000,-14082.000000,5105.000000,4516.000000
0.000000,0.000000,0.000000,0.000000,-13253.000000,5301.000000,4319.000000
0.000000,0.000000,0.000000,0.000000,-12382.000000,5105.000000,4516.000000
0.000000,200.000000,0.000000,0.000000,-11470.000000,5301.000000,4516.000000
-100.000000,-100.000000,0.000000,0.000000,-10548.000000,5497.000000,5105.000000
0.000000,0.000000,0.000000,0.000000,-9618.000000,5301.000000,5301.000000
0.000000,0.000000,0.000000,0.000000,-8610.000000,5301.000000,4712.000000
-300.000000,200.000000,78.000000,78.000000,-7612.000000,5105.000000,4319.000000
0.000000,-600.000000,0.000000,0.000000,-6717.000000,4908.000000,4712.000000
0.000000,-100.000000,0.000000,0.000000,-5800.000000,4908.000000,4319.000000
100.000000,0.000000,0.000000,0.000000,-4871.000000,4516.000000,4123.000000
100.000000,0.000000,0.000000,0.000000,-4087.000000,4516.000000,3926.000000
0.000000,-100.000000,0.000000,0.000000,-3364.000000,4319.000000,3730.000000
0.000000,100.000000,78.000000,78.000000,-2639.000000,4123.000000,3534.000000
0.000000,500.000000,0.000000,0.000000,-1923.000000,3926.000000,3337.000000
0.000000,-100.000000,0.000000,0.000000,-1252.000000,3730.000000,3141.000000
0.000000,-200.000000,0.000000,0.000000,-631.000000,3730.000000,2748.000000
100.000000,0.000000,0.000000,0.000000,-97.000000,3141.000000,2748.000000
0.000000,0.000000,0.000000,0.000000,390.000000,2748.000000,2552.000000
100.000000,0.000000,0.000000,0.000000,801.000000,2945.000000,2356.000000
0.000000,200.000000,0.000000,0.000000,1120.000000,2552.000000,2159.000000
0.000000,0.000000,0.000000,0.000000,1394.000000,2356.000000,1767.000000
0.000000,0.000000,0.000000,0.000000,1654.000000,1570.000000,1570.000000
0.000000,200.000000,0.000000,0.000000,1863.000000,981.000000,1570.000000
0.000000,100.000000,0.000000,0.000000,1798.000000,785.000000,1178.000000
0.000000,100.000000,0.000000,0.000000,1682.000000,589.000000,589.000000
-100.000000,0.000000,0.000000,0.000000,1584.000000,196.000000,196.000000
0.000000,0.000000,0.000000,0.000000,1436.000000,0.000000,0.000000
100.000000,200.000000,0.000000,0.000000,1156.000000,0.000000,-196.000000
0.000000,100.000000,0.000000,0.000000,842.000000,0.000000,-589.000000
0.000000,-100.000000,0.000000,0.000000,436.000000,0.000000,-392.000000
100.000000,-100.000000,0.000000,0.000000,0.000000,-196.000000,-785.000000
0.000000,0.000000,0.000000,0.000000,-518.000000,0.000000,-981.000000
0.000000,100.000000,78.000000,78.000000,-1073.000000,-785.000000,-1178.000000
0.000000,0.000000,0.000000,0.000000,-1645.000000,-1178.000000,-1374.000000
0.000000,0.000000,0.000000,0.000000,-2337.000000,-1374.000000,-1374.000000
0.000000,100.000000,0.000000,0.000000,-3160.000000,-1374.000000,-1570.000000
100.000000,0.000000,0.000000,0.000000,-3967.000000,-1374.000000,-1570.000000
0.000000,0.000000,0.000000,0.000000,-4660.000000,-1178.000000,-1767.000000
0.000000,100.000000,0.000000,0.000000,-5440.000000,-1178.000000,-1767.000000
0.000000,200.000000,0.000000,0.000000,-6306.000000,-1178.000000,-1570.000000
300.000000,100.000000,0.000000,0.000000,-7107.000000,-1178.000000,-1767.000000
-100.000000,0.000000,0.000000,0.000000,-7865.000000,-1374.000000,-1570.000000
200.000000,200.000000,0.000000,0.000000,-8723.000000,-1374.000000,-1570.000000
0.000000,0.000000,156.000000,156.000000,-9588.000000,-1374.000000,-1374.000000
-100.000000,-100.000000,0.000000,0.000000,-10353.000000,-1178.000000,-1374.000000
200.000000,200.000000,0.000000,0.000000,-11071.000000,-981.000000,-1178.000000
0.000000,0.000000,0.000000,0.000000,-11768.000000,-981.000000,-1178.000000
100.000000,100.000000,0.000000,0.000000,-12454.000000,-589.000000,-981.000000
300.000000,200.000000,0.000000,0.000000,-13078.000000,-392.000000,-981.000000
0.000000,100.000000,0.000000,0.000000,-13676.000000,-392.000000,-589.000000
0.000000,200.000000,0.000000,0.000000,-14289.000000,-196.000000,-589.000000
200.000000,0.000000,0.000000,0.000000,-14822.000000,0.000000,-196.000000
200.000000,200.000000,0.000000,0.000000,-15298.000000,196.000000,0.000000
400.000000,-100.000000,0.000000,0.000000,-15696.000000,0.000000,0.000000
100.000000,-100.000000,0.000000,0.000000,-16024.000000,392.000000,0.000000
-200.000000,-200.000000,0.000000,0.000000,-16306.000000,392.000000,196.000000
0.000000,0.000000,0.000000,0.000000,-16599.000000,1178.000000,0.000000
-100.000000,-100.000000,0.000000,0.000000,-16739.000000,1963.000000,196.000000
0.000000,0.000000,0.000000,0.000000,-16847.000000,2159.000000,1178.000000
0.000000,0.000000,0.000000,0.000000,-16967.000000,2159.000000,2159.000000
-100.000000,300.000000,0.000000,0.000000,-16908.000000,2159.000000,2552.000000
0.000000,0.000000,0.000000,0.000000,-16792.000000,1963.000000,2356.000000
0.000000,0.000000,0.000000,0.000000,-16700.000000,2159.000000,2159.000000
-100.000000,-100.000000,0.000000,0.000000,-16571.000000,2552.000000,2159.000000
-100.000000,0.000000,0.000000,0.000000,-16279.000000,2748.000000,1963.000000
0.000000,0.000000,0.000000,0.000000,-15895.000000,3337.000000,1963.000000
0.000000,200.000000,0.000000,0.000000,-15565.000000,3141.000000,2552.000000
100.000000,100.000000,0.000000,0.000000,-15102.000000,3337.000000,2945.000000
0.000000,0.000000,0.000000,0.000000,-14539.000000,3141.000000,3141.000000
0.000000,300.000000,0.000000,0.000000,-14002.000000,3141.000000,2748.000000
0.000000,0.000000,0.000000,0.000000,-13477.000000,3534.000000,3141.000000
100.000000,0.000000,0.000000,0.000000,-12839.000000,3534.000000,2945.000000
0.000000,0.000000,0.000000,0.000000,-12099.000000,3926.000000,2945.000000
100.000000,0.000000,0.000000,0.000000,-11421.000000,3926.000000,2945.000000
300.000000,-100.000000,0.000000,0.000000,-10724.000000,3730.000000,3337.000000
200.000000,0.000000,0.000000,0.000000,-9976.000000,3534.000000,3337.000000
0.000000,-100.000000,0.000000,0.000000,-9190.000000,3337.000000,3534.000000
0.000000,100.000000,0.000000,0.000000,-8436.000000,3337.000000,3534.000000
0.000000,200.000000,0.000000,0.000000,-7709.000000,3141.000000,3534.000000
0.000000,100.000000,0.000000,0.000000,-6977.000000,2945.000000,3141.000000
100.000000,0.000000,0.000000,0.000000,-6239.000000,2945.000000,3141.000000
0.000000,300.000000,0.000000,0.000000,-5540.000000,2945.000000,3141.000000
0.000000,-100.000000,0.000000,0.000000,-4956.000000,3141.000000,2748.000000
0.000000,-100.000000,0.000000,0.000000,-4364.000000,2945.000000,2748.000000
0.000000,200.000000,0.000000,0.000000,-3801.000000,2945.000000,2748.000000
0.000000,0.000000,0.000000,0.000000,-3285.000000,2748.000000,2356.000000
0.000000,0.000000,0.000000,0.000000,-2841.000000,2356.000000,2356.000000
0.000000,300.000000,0.000000,0.000000,-2375.000000,2159.000000,1963.000000
0.000000,0.000000,0.000000,0.000000,-1923.000000,2159.000000,1767.000000
0.000000,0.000000,0.000000,0.000000,-1596.000000,1767.000000,1570.000000
100.000000,0.000000,0.000000,0.000000,-1294.000000,1570.000000,1570.000000
0.000000,0.000000,0.000000,0.000000,-974.000000,981.000000,1178.000000
0.000000,100.000000,0.000000,0.000000,-786.000000,589.000000,1178.000000
0.000000,100.000000,78.000000,78.000000,-709.000000,196.000000,785.000000
0.000000,100.000000,0.000000,0.000000,-618.000000,196.000000,785.000000
0.000000,-100.000000,0.000000,0.000000,-559.000000,0.000000,392.000000
0.000000,-100.000000,0.000000,0.000000,-615.000000,0.000000,196.000000
-100.000000,0.000000,0.000000,0.000000,-748.000000,0.000000,-196.000000
200.000000,0.000000,0.000000,0.000000,-888.000000,0.000000,0.000000
100.000000,0.000000,0.000000,0.000000,-1095.000000,-196.000000,-392.000000
200.000000,100.000000,0.000000,0.000000,-1347.000000,-196.000000,-196.000000
200.000000,100.000000,0.000000,0.000000,-1597.000000,-785.000000,-589.000000
200.000000,0.000000,0.000000,0.000000,-1883.000000,-1374.000000,-785.000000
0.000000,0.000000,0.000000,0.000000,-2310.000000,-1374.000000,-1178.000000
200.000000,-100.000000,0.000000,0.000000,-2784.000000,-1178.000000,-1178.000000
0.000000,0.000000,0.000000,0.000000,-3205.000000,-1374.000000,-1178.000000
100.000000,100.000000,0.000000,0.000000,-3655.000000,-981.000000,-1178.000000
200.000000,100.000000,0.000000,0.000000,-4196.000000,-1178.000000,-1178.000000
0.000000,200.000000,0.000000,0.000000,-4741.000000,-1178.000000,-1178.000000
0.000000,200.000000,0.000000,0.000000,-5242.000000,-1374.000000,-1178.000000
200.000000,0.000000,0.000000,0.000000,-5793.000000,-1374.000000,-1374.000000
100.000000,100.000000,78.000000,78.000000,-6398.000000,-1570.000000,-1374.000000
0.000000,0.000000,0.000000,0.000000,-7005.000000,-1570.000000,-1374.000000
0.000000,100.000000,0.000000,0.000000,-7590.000000,-1374.000000,-1374.000000
100.000000,200.000000,0.000000,0.000000,-8156.000000,-1178.000000,-1374.000000
0.000000,300.000000,0.000000,0.000000,-8724.000000,-1178.000000,-1178.000000
100.000000,0.000000,156.000000,156.000000,-9262.000000,-981.000000,-1374.000000
-200.000000,100.000000,0.000000,0.000000,-9743.000000,-981.000000,-1178.000000
100.000000,100.000000,0.000000,0.000000,-10196.000000,-981.000000,-1178.000000
300.000000,300.000000,0.000000,0.000000,-10670.000000,-785.000000,-1178.000000
400.000000,300.000000,0.000000,0.000000,-11130.000000,-785.000000,-1178.000000
400.000000,300.000000,0.000000,0.000000,-11507.000000,-589.000000,-981.000000
300.000000,100.000000,0.000000,0.000000,-11884.000000,-589.000000,-785.000000
200.000000,200.000000,0.000000,0.000000,-12222.000000,-196.000000,-785.000000
400.000000,0.000000,0.000000,0.000000,-12503.000000,-196.000000,-392.000000
200.000000,100.000000,0.000000,0.000000,-12733.000000,0.000000,-392.000000
200.000000,0.000000,0.000000,0.000000,-12965.000000,196.000000,-392.000000
200.000000,0.000000,0.000000,0.000000,-13155.000000,0.000000,0.000000
400.000000,0.000000,0.000000,0.000000,-13275.000000,196.000000,0.000000
-400.000000,0.000000,0.000000,0.000000,-13356.000000,0.000000,0.000000
0.000000,0.000000,0.000000,0.000000,-13420.000000,196.000000,0.000000
100.000000,-100.000000,0.000000,0.000000,-13463.000000,981.000000,0.000000
0.000000,0.000000,0.000000,0.000000,-13384.000000,1374.000000,196.000000
0.000000,0.000000,0.000000,0.000000,-13335.000000,1570.000000,0.000000
100.000000,-500.000000,0.000000,0.000000,-13198.000000,1570.000000,196.000000
0.000000,0.000000,0.000000,0.000000,-12982.000000,1570.000000,785.000000
0.000000,100.000000,0.000000,0.000000,-12756.000000,1374.000000,1374.000000
0.000000,-200.000000,0.000000,0.000000,-12545.000000,1178.000000,1374.000000
0.000000,300.000000,0.000000,0.000000,-12254.000000,1178.000000,1374.000000
200.000000,0.000000,0.000000,0.000000,-11897.000000,1374.000000,1178.000000
0.000000,0.000000,0.000000,0.000000,-11584.000000,1374.000000,1178.000000
0.000000,100.000000,0.000000,0.000000,-11203.000000,1767.000000,981.000000
100.000000,100.000000,0.000000,0.000000,-10781.000000,1963.000000,981.000000
200.000000,0.000000,0.000000,0.000000,-10398.000000,1963.000000,981.000000
0.000000,0.000000,0.000000,0.000000,-9970.000000,1767.000000,1178.000000
0.000000,200.000000,0.000000,0.000000,-9453.000000,1767.000000,1374.000000
0.000000,0.000000,0.000000,0.000000,-9013.000000,1767.000000,1374.000000
100.000000,100.000000,0.000000,0.000000,-8597.000000,1570.000000,1374.000000
100.000000,-100.000000,0.000000,0.000000,-8096.000000,1374.000000,1178.000000
0.000000,-100.000000,0.000000,0.000000,-7613.000000,1374.000000,1178.000000
0.000000,-100.000000,0.000000,0.000000,-7216.000000,1570.000000,981.000000
-100.000000,300.000000,0.000000,0.000000,-6761.000000,1767.000000,785.000000
0.000000,0.000000,0.000000,0.000000,-6295.000000,1570.000000,785.000000
200.000000,-200.000000,0.000000,0.000000,-5902.000000,1570.000000,589.000000
0.000000,100.000000,0.000000,0.000000,-5518.000000,1374.000000,589.000000
0.000000,100.000000,0.000000,0.000000,-5114.000000,1374.000000,589.000000
0.000000,100.000000,0.000000,0.000000,-4772.000000,1178.000000,392.000000
100.000000,300.000000,0.000000,0.000000,-4494.000000,1178.000000,392.000000
100.000000,100.000000,0.000000,0.000000,-4215.000000,785.000000,392.000000
0.000000,0.000000,0.000000,0.000000,-3948.000000,785.000000,196.000000
0.000000,0.000000,0.000000,0.000000,-3734.000000,589.000000,196.000000
-200.000000,0.000000,0.000000,0.000000,-3570.000000,392.000000,0.000000
200.000000,0.000000,0.000000,0.000000,-3441.000000,392.000000,0.000000
-200.000000,0.000000,0.000000,0.000000,-3314.000000,0.000000,-196.000000
0.000000,-100.000000,0.000000,0.000000,-3225.000000,0.000000,-196.000000
-200.000000,100.000000,0.000000,0.000000,-3198.000000,0.000000,0.000000
0.000000,200.000000,0.000000,0.000000,-3196.000000,-196.000000,-196.000000
100.000000,0.000000,0.000000,0.000000,-3254.000000,0.000000,-392.000000
0.000000,0.000000,0.000000,0.000000,-3333.000000,-196.000000,-785.000000
300.000000,200.000000,0.000000,0.000000,-3407.000000,-589.000000,-1178.000000
200.000000,0.000000,0.000000,0.000000,-3471.000000,-981.000000,-1178.000000
100.000000,0.000000,0.000000,0.000000,-3678.000000,-1178.000000,-1374.000000
200.000000,300.000000,0.000000,0.000000,-3945.000000,-1178.000000,-981.000000
300.000000,0.000000,0.000000,0.000000,-4142.000000,-1178.000000,-981.000000
500.000000,100.000000,0.000000,0.000000,-4336.000000,-981.000000,-981.000000
500.000000,0.000000,0.000000,0.000000,-4633.000000,-1178.000000,-981.000000
300.000000,100.000000,0.000000,0.000000,-4958.000000,-1178.000000,-981.000000
400.000000,0.000000,0.000000,0.000000,-5228.000000,-1374.000000,-1374.000000
300.000000,100.000000,0.000000,0.000000,-5508.000000,-1570.000000,-1570.000000
400.000000,100.000000,0.000000,0.000000,-5872.000000,-1570.000000,-1570.000000
200.000000,-100.000000,0.000000,0.000000,-6260.000000,-1374.000000,-1374.000000
300.000000,100.000000,0.000000,0.000000,-6601.000000,-1570.000000,-1374.000000
100.000000,200.000000,0.000000,0.000000,-6930.000000,-1374.000000,-1178.000000
400.000000,300.000000,0.000000,0.000000,-7303.000000,-1374.000000,-1374.000000
200.000000,0.000000,0.000000,0.000000,-7695.000000,-1178.000000,-1178.000000
0.000000,-100.000000,0.000000,0.000000,-8054.000000,-1570.000000,-1178.000000
0.000000,0.000000,0.000000,0.000000,-8403.000000,-1374.000000,-1374.000000
-100.000000,200.000000,78.000000,78.000000,-8757.000000,-1178.000000,-1178.000000
200.000000,100.000000,0.000000,0.000000,-9065.000000,-1374.000000,-1178.000000
0.000000,0.000000,78.000000,78.000000,-9324.000000,-1178.000000,-1178.000000
200.000000,0.000000,0.000000,0.000000,-9595.000000,-981.000000,-981.000000
0.000000,100.000000,0.000000,0.000000,-9857.000000,-981.000000,-785.000000
0.000000,400.000000,0.000000,0.000000,-10085.000000,-981.000000,-785.000000
-100.000000,0.000000,0.000000,0.000000,-10289.000000,-785.000000,-785.000000
100.000000,0.000000,0.000000,0.000000,-10465.000000,-785.000000,-589.000000
0.000000,200.000000,0.000000,0.000000,-10650.000000,-589.000000,-589.000000
0.000000,0.000000,0.000000,0.000000,-10769.000000,-589.000000,-589.000000
-100.000000,200.000000,0.000000,0.000000,-10849.000000,-589.000000,-392.000000
0.000000,0.000000,0.000000,0.000000,-10920.000000,-196.000000,-196.000000
100.000000,0.000000,0.000000,0.000000,-10961.000000,-392.000000,-196.000000
0.000000,0.000000,0.000000,0.000000,-10954.000000,-196.000000,0.000000
-100.000000,100.000000,0.000000,0.000000,-10926.000000,-196.000000,0.000000
-300.000000,0.000000,0.000000,0.000000,-10887.000000,0.000000,0.000000
0.000000,-100.000000,0.000000,0.000000,-10808.000000,0.000000,0.000000
-200.000000,0.000000,0.000000,0.000000,-10681.000000,0.000000,0.000000
-300.000000,200.000000,0.000000,0.000000,-10545.000000,196.000000,196.000000
-100.000000,0.000000,0.000000,0.000000,-10385.000000,0.000000,196.000000
-300.000000,0.000000,0.000000,0.000000,-10198.000000,196.000000,0.000000
-200.000000,0.000000,0.000000,0.000000,-9984.000000,0.000000,0.000000
0.000000,-100.000000,0.000000,0.000000,-9776.000000,0.000000,0.000000
-300.000000,0.000000,0.000000,0.000000,-9547.000000,0.000000,0.000000
0.000000,0.000000,0.000000,0.000000,-9306.000000,196.000000,392.000000
0.000000,0.000000,0.000000,0.000000,-9062.000000,392.000000,589.000000
-200.000000,-400.000000,0.000000,0.000000,-8799.000000,589.000000,785.000000
300.000000,-300.000000,156.000000,156.000000,-8525.000000,589.000000,589.000000
0.000000,100.000000,0.000000,0.000000,-8254.000000,589.000000,785.000000
0.000000,0.000000,0.000000,0.000000,-7983.000000,589.000000,589.000000
100.000000,200.000000,0.000000,0.000000,-7705.000000,392.000000,392.000000
-100.000000,0.000000,0.000000,0.000000,-7443.000000,392.000000,392.000000
0.000000,-100.000000,0.000000,0.000000,-7198.000000,196.000000,392.000000
-100.000000,300.000000,0.000000,0.000000,-6935.000000,196.000000,196.000000
-100.000000,0.000000,0.000000,0.000000,-6699.000000,0.000000,196.000000
0.000000,0.000000,0.000000,0.000000,-6475.000000,0.000000,0.000000
0.000000,-200.000000,0.000000,0.000000,-6263.000000,0.000000,0.000000
-200.000000,-100.000000,0.000000,0.000000,-6068.000000,0.000000,196.000000
-100.000000,100.000000,0.000000,0.000000,-5892.000000,0.000000,0.000000
-100.000000,0.000000,0.000000,0.000000,-5737.000000,0.000000,0.000000
-100.000000,0.000000,0.000000,0.000000,-5585.000000,-196.000000,0.000000
0.000000,-200.000000,0.000000,0.000000,-5445.000000,0.000000,0.000000
0.000000,0.000000,0.000000,0.000000,-5353.000000,0.000000,-196.000000
0.000000,0.000000,0.000000,0.000000,-5270.000000,-196.000000,0.000000
-100.000000,0.000000,0.000000,0.000000,-5206.000000,-196.000000,0.000000
0.000000,100.000000,0.000000,0.000000,-5172.000000,0.000000,0.000000
100.000000,200.000000,0.000000,0.000000,-5133.000000,-392.000000,-196.000000
0.000000,0.000000,0.000000,0.000000,-5091.000000,-589.000000,0.000000
200.000000,100.000000,0.000000,0.000000,-5096.000000,-981.000000,-196.000000
-200.000000,-200.000000,0.000000,0.000000,-5191.000000,-1178.000000,-196.000000
0.000000,-200.000000,0.000000,0.000000,-5272.000000,-1178.000000,-785.000000
0.000000,-100.000000,0.000000,0.000000,-5323.000000,-785.000000,-785.000000
-100.000000,100.000000,0.000000,0.000000,-5366.000000,-981.000000,-981.000000
0.000000,100.000000,0.000000,0.000000,-5467.000000,-785.000000,-981.000000
0.000000,100.000000,0.000000,0.000000,-5609.000000,-785.000000,-785.000000
0.000000,0.000000,0.000000,0.000000,-5698.000000,-1178.000000,-785.000000
100.000000,-100.000000,0.000000,0.000000,-5768.000000,-1178.000000,-589.000000
0.000000,0.000000,0.000000,0.000000,-5954.000000,-1374.000000,-589.000000
200.000000,0.000000,0.000000,0.000000,-6169.000000,-1178.000000,-589.000000
-100.000000,0.000000,0.000000,0.000000,-6329.000000,-1374.000000,-785.000000
-100.000000,0.000000,0.000000,0.000000,-6486.000000,-981.000000,-981.000000
100.000000,0.000000,0.000000,0.000000,-6656.000000,-1178.000000,-981.000000
0.000000,0.000000,0.000000,0.000000,-6835.000000,-1178.000000,-981.000000
0.000000,0.000000,0.000000,0.000000,-7019.000000,-1178.000000,-785.000000
100.000000,100.000000,0.000000,0.000000,-7198.000000,-1178.000000,-785.000000
100.000000,-100.000000,0.000000,0.000000,-7385.000000,-1178.000000,-785.000000
100.000000,200.000000,0.000000,0.000000,-7568.000000,-981.000000,-589.000000
0.000000,200.000000,0.000000,0.000000,-7745.000000,-981.000000,-785.000000
-200.000000,0.000000,0.000000,0.000000,-7903.000000,-981.000000,-589.000000
0.000000,0.000000,0.000000,0.000000,-8066.000000,-981.000000,-785.000000
0.000000,0.000000,0.000000,0.000000,-8221.000000,-981.000000,-785.000000
0.000000,-100.000000,0.000000,0.000000,-8343.000000,-785.000000,-589.000000
0.000000,0.000000,0.000000,0.000000,-8470.000000,-785.000000,-589.000000
0.000000,0.000000,0.000000,0.000000,-8599.000000,-785.000000,-589.000000
0.000000,0.000000,0.000000,0.000000,-8699.000000,-785.000000,-392.000000
100.000000,100.000000,0.000000,0.000000,-8765.000000,-589.000000,-392.000000
0.000000,100.000000,0.000000,0.000000,-8854.000000,-589.000000,-392.000000
0.000000,0.000000,0.000000,0.000000,-8922.000000,-589.000000,-392.000000
0.000000,100.000000,0.000000,0.000000,-8978.000000,-392.000000,-196.000000
-100.000000,0.000000,0.000000,0.000000,-9034.000000,-196.000000,-392.000000
100.000000,100.000000,0.000000,0.000000,-9063.000000,-392.000000,0.000000
0.000000,0.000000,0.000000,0.000000,-9036.000000,-196.000000,-196.000000
200.000000,-200.000000,0.000000,0.000000,-9007.000000,-392.000000,0.000000
0.000000,-100.000000,0.000000,0.000000,-8966.000000,-196.000000,0.000000
100.000000,-100.000000,0.000000,0.000000,-8926.000000,-196.000000,0.000000
0.000000,0.000000,0.000000,0.000000,-8853.000000,0.000000,0.000000
100.000000,-100.000000,0.000000,0.000000,-8760.000000,196.000000,196.000000
0.000000,200.000000,0.000000,0.000000,-8657.000000,0.000000,0.000000
0.000000,0.000000,0.000000,0.000000,-8571.000000,0.000000,0.000000
-100.000000,-100.000000,0.000000,0.000000,-8478.000000,0.000000,0.000000
0.000000,200.000000,0.000000,0.000000,-8352.000000,0.000000,196.000000
0.000000,200.000000,0.000000,0.000000,-8241.000000,196.000000,0.000000
-100.000000,-100.000000,0.000000,0.000000,-8088.000000,196.000000,0.000000
0.000000,0.000000,0.000000,0.000000,-7970.000000,0.000000,0.000000
0.000000,0.000000,0.000000,0.000000,-7825.000000,0.000000,196.000000
0.000000,0.000000,156.000000,156.000000,-7694.000000,0.000000,0.000000
200.000000,-100.000000,0.000000,0.000000,-7558.000000,0.000000,196.000000
-100.000000,-100.000000,0.000000,0.000000,-7416.000000,0.000000,0.000000
0.000000,0.000000,0.000000,0.000000,-7300.000000,196.000000,196.000000
0.000000,-200.000000,0.000000,0.000000,-7174.000000,0.000000,196.000000
-100.000000,100.000000,0.000000,0.000000,-7048.000000,196.000000,196.000000
0.000000,0.000000,0.000000,0.000000,-6918.000000,196.000000,392.000000
0.000000,-300.000000,0.000000,0.000000,-6803.000000,196.000000,196.000000
0.000000,-200.000000,0.000000,0.000000,-6692.000000,0.000000,196.000000
0.000000,500.000000,0.000000,0.000000,-6595.000000,0.000000,196.000000
0.000000,200.000000,78.000000,78.000000,-6489.000000,0.000000,392.000000
-100.000000,100.000000,0.000000,0.000000,-6403.000000,0.000000,196.000000
-100.000000,0.000000,0.000000,0.000000,-6333.000000,0.000000,0.000000
-100.000000,0.000000,0.000000,0.000000,-6270.000000,0.000000,196.000000
0.000000,0.000000,0.000000,0.000000,-6223.000000,0.000000,0.000000
-100.000000,0.000000,0.000000,0.000000,-6193.000000,0.000000,0.000000
100.000000,-200.000000,0.000000,0.000000,-6165.000000,0.000000,0.000000
-100.000000,-200.000000,0.000000,0.000000,-6141.000000,-196.000000,0.000000
-100.000000,0.000000,0.000000,0.000000,-6127.000000,-196.000000,0.000000
-200.000000,-100.000000,0.000000,0.000000,-6136.000000,0.000000,0.000000
-100.000000,-100.000000,0.000000,0.000000,-6156.000000,0.000000,0.000000
-300.000000,200.000000,0.000000,0.000000,-6173.000000,-196.000000,0.000000
0.000000,0.000000,0.000000,0.000000,-6184.000000,-196.000000,0.000000
0.000000,200.000000,0.000000,0.000000,-6229.000000,-392.000000,-196.000000
-100.000000,200.000000,0.000000,0.000000,-6267.000000,-392.000000,0.000000
-100.000000,0.000000,0.000000,0.000000,-6334.000000,-392.000000,-196.000000
0.000000,100.000000,0.000000,0.000000,-6414.000000,-392.000000,0.000000
100.000000,300.000000,0.000000,0.000000,-6465.000000,-196.000000,0.000000
0.000000,0.000000,0.000000,0.000000,-6523.000000,-392.000000,0.000000
200.000000,200.000000,0.000000,0.000000,-6594.000000,-392.000000,-196.000000
-100.000000,100.000000,0.000000,0.000000,-6684.000000,-196.000000,-196.000000
100.000000,0.000000,0.000000,0.000000,-6768.000000,-392.000000,-392.000000
200.000000,300.000000,0.000000,0.000000,-6858.000000,-196.000000,-196.000000
200.000000,200.000000,0.000000,0.000000,-6925.000000,-196.000000,-392.000000
0.000000,0.000000,0.000000,0.000000,-6999.000000,-196.000000,-196.000000
0.000000,100.000000,0.000000,0.000000,-7096.000000,-392.000000,-392.000000
200.000000,0.000000,0.000000,0.000000,-7170.000000,-196.000000,-196.000000
0.000000,300.000000,0.000000,0.000000,-7259.000000,-196.000000,-196.000000
0.000000,0.000000,0.000000,0.000000,-7340.000000,-196.000000,0.000000
0.000000,0.000000,0.000000,0.000000,-7401.000000,0.000000,0.000000
-100.000000,0.000000,0.000000,0.000000,-7481.000000,0.000000,0.000000
0.000000,-200.000000,0.000000,0.000000,-7552.000000,0.000000,0.000000
-200.000000,0.000000,0.000000,0.000000,-7599.000000,-196.000000,0.000000
-200.000000,0.000000,0.000000,0.000000,-7638.000000,0.000000,0.000000
-100.000000,0.000000,0.000000,0.000000,-7692.000000,0.000000,0.000000
-200.000000,-200.000000,0.000000,0.000000,-7719.000000,0.000000,0.000000
0.000000,0.000000,0.000000,0.000000,-7720.000000,0.000000,0.000000
100.000000,0.000000,0.000000,0.000000,-7729.000000,0.000000,0.000000
-100.000000,-300.000000,0.000000,0.000000,-7734.000000,196.000000,0.000000
-100.000000,-200.000000,0.000000,0.000000,-7740.000000,0.000000,0.000000
0.000000,0.000000,0.000000,0.000000,-7736.000000,196.000000,0.000000
-100.000000,0.000000,0.000000,0.000000,-7729.000000,0.000000,0.000000
-100.000000,100.000000,0.000000,0.000000,-7709.000000,0.000000,196.000000
-200.000000,100.000000,0.000000,0.000000,-7702.000000,0.000000,0.000000
0.000000,0.000000,0.000000,0.000000,-7668.000000,0.000000,0.000000
0.000000,0.000000,0.000000,0.000000,-7637.000000,0.000000,0.000000
0.000000,-300.000000,0.000000,0.000000,-7608.000000,196.000000,0.000000
0.000000,100.000000,0.000000,0.000000,-7593.000000,196.000000,0.000000
0.000000,0.000000,0.000000,0.000000,-7563.000000,196.000000,0.000000
-200.000000,100.000000,0.000000,0.000000,-7536.000000,392.000000,196.000000
0.000000,0.000000,0.000000,0.000000,-7515.000000,392.000000,0.000000
-200.000000,-100.000000,0.000000,0.000000,-7470.000000,196.000000,0.000000
-200.000000,100.000000,0.000000,0.000000,-7418.000000,196.000000,0.000000
-100.000000,-200.000000,0.000000,0.000000,-7390.000000,196.000000,392.000000
-100.000000,0.000000,0.000000,0.000000,-7365.000000,196.000000,196.000000
0.000000,-100.000000,0.000000,0.000000,-7318.000000,196.000000,196.000000
-300.000000,-100.000000,0.000000,0.000000,-7283.000000,196.000000,196.000000
-100.000000,-200.000000,0.000000,0.000000,-7266.000000,196.000000,196.000000
-100.000000,0.000000,0.000000,0.000000,-7244.000000,0.000000,196.000000
-100.000000,-100.000000,0.000000,0.000000,-7214.000000,196.000000,196.000000
0.000000,-300.000000,0.000000,0.000000,-7212.000000,0.000000,196.000000
-300.000000,0.000000,0.000000,0.000000,-7206.000000,196.000000,196.000000
-200.000000,-200.000000,0.000000,0.000000,-7196.000000,196.000000,0.000000
-100.000000,200.000000,0.000000,0.000000,-7183.000000,196.000000,0.000000
100.000000,-200.000000,0.000000,0.000000,-7177.000000,0.000000,196.000000
0.000000,-200.000000,0.000000,0.000000,-7189.000000,196.000000,0.000000
200.000000,-200.000000,0.000000,0.000000,-7185.000000,196.000000,0.000000
0.000000,-100.000000,0.000000,0.000000,-7185.000000,0.000000,0.000000
0.000000,-200.000000,0.000000,0.000000,-7182.000000,196.000000,0.000000
-100.000000,-300.000000,0.000000,0.000000,-7194.000000,0.000000,0.000000
-200.000000,-200.000000,0.000000,0.000000,-7204.000000,0.000000,0.000000
-100.000000,0.000000,0.000000,0.000000,-7219.000000,0.000000,0.000000
0.000000,200.000000,0.000000,0.000000,-7227.000000,0.000000,0.000000
-100.000000,-200.000000,0.000000,0.000000,-7249.000000,0.000000,0.000000
0.000000,0.000000,0.000000,0.000000,-7262.000000,0.000000,0.000000
-100.000000,0.000000,0.000000,0.000000,-7284.000000,0.000000,0.000000
-200.000000,-200.000000,0.000000,0.000000,-7304.000000,0.000000,0.000000
-200.000000,0.000000,0.000000,0.000000,-7331.000000,0.000000,0.000000
0.000000,0.000000,0.000000,0.000000,-7346.000000,0.000000,0.000000
-200.000000,-100.000000,0.000000,0.000000,-7375.000000,0.000000,0.000000
100.000000,0.000000,0.000000,0.000000,-7387.000000,0.000000,0.000000
-300.000000,-100.000000,0.000000,0.000000,-7425.000000,0.000000,0.000000
0.000000,-100.000000,0.000000,0.000000,-7436.000000,0.000000,0.000000
0.000000,-100.000000,0.000000,0.000000,-7449.000000,0.000000,0.000000
0.000000,0.000000,0.000000,0.000000,-7483.000000,0.000000,0.000000
-100.000000,100.000000,0.000000,0.000000,-7503.000000,0.000000,0.000000
-100.000000,0.000000,0.000000,0.000000,-7531.000000,0.000000,0.000000
-100.000000,0.000000,0.000000,0.000000,-7554.000000,0.000000,0.000000
0.000000,-200.000000,0.000000,0.000000,-7554.000000,-196.000000,0.000000
0.000000,-200.000000,0.000000,0.000000,-7572.000000,0.000000,0.000000
-200.000000,-100.000000,0.000000,0.000000,-7588.000000,0.000000,0.000000
-200.000000,-300.000000,0.000000,0.000000,-7602.000000,0.000000,0.000000
100.000000,0.000000,156.000000,156.000000,-7607.000000,0.000000,0.000000
-100.000000,0.000000,0.000000,0.000000,-7611.000000,0.000000,0.000000
0.000000,-200.000000,0.000000,0.000000,-7616.000000,0.000000,0.000000
200.000000,-100.000000,0.000000,0.000000,-7617.000000,0.000000,0.000000
0.000000,-200.000000,0.000000,0.000000,-7601.000000,0.000000,0.000000
0.000000,-200.000000,0.000000,0.000000,-7609.000000,196.000000,0.000000
100.000000,0.000000,0.000000,0.000000,-7613.000000,0.000000,0.000000
100.000000,-300.000000,0.000000,0.000000,-7588.000000,0.000000,0.000000
0.000000,100.000000,0.000000,0.000000,-7600.000000,0.000000,0.000000
0.000000,-200.000000,0.000000,0.000000,-7600.000000,0.000000,0.000000
-200.000000,0.000000,0.000000,0.000000,-7586.000000,0.000000,0.000000
-100.000000,0.000000,0.000000,0.000000,-7583.000000,0.000000,0.000000
-100.000000,-100.000000,0.000000,0.000000,-7576.000000,0.000000,0.000000
-100.000000,0.000000,0.000000,0.000000,-7556.000000,0.000000,0.000000
0.000000,-100.000000,0.000000,0.000000,-7548.000000,0.000000,0.000000
0.000000,-200.000000,0.000000,0.000000,-7530.000000,0.000000,0.000000
100.000000,-100.000000,0.000000,0.000000,-7516.000000,0.000000,0.000000
-100.000000,0.000000,0.000000,0.000000,-7484.000000,0.000000,0.000000
0.000000,-200.000000,0.000000,0.000000,-7476.000000,0.000000,0.000000
0.000000,0.000000,0.000000,0.000000,-7455.000000,0.000000,0.000000
-100.000000,0.000000,0.000000,0.000000,-7447.000000,0.000000,0.000000
0.000000,-200.000000,0.000000,0.000000,-7428.000000,0.000000,0.000000
-100.000000,-300.000000,0.000000,0.000000,-7417.000000,0.000000,0.000000
0.000000,0.000000,0.000000,0.000000,-7415.000000,0.000000,0.000000
0.000000,0.000000,0.000000,0.000000,-7401.000000,0.000000,0.000000
0.000000,-100.000000,0.000000,0.000000,-7399.000000,0.000000,0.000000
0.000000,0.000000,0.000000,0.000000,-7395.000000,0.000000,0.000000
100.000000,-300.000000,0.000000,0.000000,-7405.000000,0.000000,0.000000
0.000000,-400.000000,0.000000,0.000000,-7410.000000,0.000000,0.000000
-100.000000,-300.000000,0.000000,0.000000,-7402.000000,0.000000,0.000000
0.000000,0.000000,0.000000,0.000000,-7396.000000,0.000000,0.000000
0.000000,-100.000000,0.000000,0.000000,-7410.000000,0.000000,0.000000
-100.000000,300.000000,0.000000,0.000000,-7407.000000,0.000000,0.000000
-100.000000,-300.000000,0.000000,0.000000,-7412.000000,0.000000,0.000000
-100.000000,-200.000000,0.000000,0.000000,-7425.000000,0.000000,0.000000
0.000000,-100.000000,0.000000,0.000000,-7442.000000,0.000000,0.000000
0.000000,-300.000000,0.000000,0.000000,-7448.000000,0.000000,0.000000
-100.000000,-300.000000,0.000000,0.000000,-7448.000000,0.000000,0.000000
-200.000000,-200.000000,0.000000,0.000000,-7461.000000,-196.000000,0.000000
-100.000000,-200.000000,0.000000,0.000000,-7462.000000,0.000000,0.000000
-100.000000,-200.000000,0.000000,0.000000,-7480.000000,0.000000,0.000000
100.000000,-100.000000,0.000000,0.000000,-7473.000000,0.000000,0.000000
-200.000000,-500.000000,0.000000,0.000000,-7477.000000,0.000000,0.000000
-100.000000,-300.000000,0.000000,0.000000,-7478.000000,0.000000,0.000000
0.000000,-100.000000,0.000000,0.000000,-7502.000000,0.000000,0.000000
0.000000,-300.000000,0.000000,0.000000,-7501.000000,-196.000000,0.000000
0.000000,-200.000000,0.000000,0.000000,-7507.000000,0.000000,0.000000
0.000000,-100.000000,0.000000,0.000000,-7516.000000,0.000000,0.000000
-100.000000,0.000000,0.000000,0.000000,-7532.000000,0.000000,0.000000
0.000000,-300.000000,0.000000,0.000000,-7521.000000,0.000000,0.000000
