Channel 1,Channel 2,Channel 3,Channel 4,Channel 5,Channel 6,Channel 7
0.000000,0.000000,0.000000,0.000000,-7715.000000,0.000000,0.000000
0.000000,100.000000,0.000000,0.000000,-7710.000000,0.000000,0.000000
-100.000000,-100.000000,0.000000,0.000000,-7701.000000,0.000000,0.000000
100.000000,0.000000,156.000000,156.000000,-7713.000000,0.000000,0.000000
0.000000,100.000000,0.000000,0.000000,-7728.000000,0.000000,0.000000
-200.000000,0.000000,0.000000,0.000000,-7731.000000,0.000000,0.000000
100.000000,-100.000000,0.000000,0.000000,-7734.000000,0.000000,0.000000
0.000000,0.000000,0.000000,0.000000,-7709.000000,0.000000,0.000000
0.000000,0.000000,0.000000,0.000000,-7717.000000,0.000000,0.000000
400.000000,-100.000000,0.000000,0.000000,-7710.000000,0.000000,0.000000
0.000000,-100.000000,0.000000,0.000000,-7708.000000,0.000000,0.000000
0.000000,0.000000,0.000000,0.000000,-7700.000000,0.000000,0.000000
0.000000,-100.000000,0.000000,0.000000,-7701.000000,0.000000,0.000000
300.000000,-100.000000,0.000000,0.000000,-7694.000000,0.000000,0.000000
0.000000,-100.000000,156.000000,156.000000,-7681.000000,0.000000,0.000000
0.000000,300.000000,0.000000,0.000000,-7672.000000,0.000000,0.000000
100.000000,0.000000,0.000000,0.000000,-7700.000000,0.000000,-196.000000
0.000000,0.000000,156.000000,156.000000,-7707.000000,0.000000,0.000000
0.000000,-100.000000,0.000000,0.000000,-7703.000000,0.000000,0.000000
0.000000,-200.000000,0.000000,0.000000,-7710.000000,0.000000,0.000000
100.000000,-200.000000,0.000000,0.000000,-7697.000000,0.000000,0.000000
-100.000000,-100.000000,0.000000,0.000000,-7711.000000,0.000000,0.000000
0.000000,-100.000000,0.000000,0.000000,-7724.000000,0.000000,0.000000
300.000000,0.000000,0.000000,0.000000,-7736.000000,0.000000,0.000000
0.000000,0.000000,0.000000,0.000000,-7747.000000,0.000000,0.000000
-100.000000,100.000000,0.000000,0.000000,-7765.000000,0.000000,0.000000
-100.000000,-100.000000,0.000000,0.000000,-7773.000000,0.000000,0.000000
-100.000000,-100.000000,0.000000,0.000000,-7761.000000,0.000000,0.000000
0.000000,-700.000000,0.000000,0.000000,-7758.000000,0.000000,0.000000
0.000000,-200.000000,0.000000,0.000000,-7767.000000,0.000000,0.000000
0.000000,-300.000000,0.000000,0.000000,-7765.000000,0.000000,0.000000
-100.000000,100.000000,0.000000,0.000000,-7761.000000,0.000000,0.000000
0.000000,0.000000,0.000000,0.000000,-7765.000000,0.000000,0.000000
100.000000,0.000000,0.000000,0.000000,-7790.000000,0.000000,0.000000
0.000000,100.000000,0.000000,0.000000,-7790.000000,0.000000,0.000000
0.000000,0.000000,0.000000,0.000000,-7792.000000,0.000000,0.000000
0.000000,-100.000000,0.000000,0.000000,-7791.000000,0.000000,0.000000
-100.000000,-200.000000,0.000000,0.000000,-7783.000000,0.000000,0.000000
-100.000000,0.000000,0.000000,0.000000,-7778.000000,0.000000,0.000000
0.000000,-200.000000,0.000000,0.000000,-7771.000000,0.000000,0.000000
0.000000,-100.000000,0.000000,0.000000,-7750.000000,0.000000,0.000000
-200.000000,-200.000000,0.000000,0.000000,-7725.000000,0.000000,0.000000
100.000000,-200.000000,0.000000,0.000000,-7711.000000,0.000000,0.000000
0.000000,-200.000000,0.000000,0.000000,-7720.000000,0.000000,0.000000
0.000000,-200.000000,0.000000,0.000000,-7724.000000,0.000000,0.000000
-100.000000,-400.000000,0.000000,0.000000,-7745.000000,0.000000,0.000000
-200.000000,-200.000000,0.000000,0.000000,-7761.000000,0.000000,0.000000
0.000000,0.000000,0.000000,0.000000,-7776.000000,0.000000,0.000000
0.000000,-400.000000,0.000000,0.000000,-7799.000000,0.000000,-196.000000
-100.000000,-100.000000,0.000000,0.000000,-7808.000000,0.000000,0.000000
0.000000,0.000000,0.000000,0.000000,-7834.000000,0.000000,0.000000
-100.000000,100.000000,0.000000,0.000000,-7864.000000,0.000000,0.000000
0.000000,0.000000,0.000000,0.000000,-7894.000000,0.000000,0.000000
200.000000,0.000000,0.000000,0.000000,-7911.000000,0.000000,0.000000
-100.000000,-100.000000,0.000000,0.000000,-7940.000000,0.000000,0.000000
-200.000000,-300.000000,0.000000,0.000000,-7950.000000,0.000000,0.000000
200.000000,-100.000000,0.000000,0.000000,-7969.000000,0.000000,0.000000
0.000000,0.000000,0.000000,0.000000,-7995.000000,0.000000,0.000000
-200.000000,100.000000,0.000000,0.000000,-8004.000000,0.000000,0.000000
100.000000,-300.000000,0.000000,0.000000,-8011.000000,0.000000,0.000000
0.000000,-100.000000,0.000000,0.000000,-8014.000000,0.000000,0.000000
0.000000,0.000000,0.000000,0.000000,-8019.000000,0.000000,0.000000
0.000000,0.000000,0.000000,0.000000,-8018.000000,0.000000,0.000000
0.000000,0.000000,0.000000,0.000000,-8023.000000,0.000000,0.000000
0.000000,100.000000,0.000000,0.000000,-8017.000000,0.000000,0.000000
-100.000000,0.000000,0.000000,0.000000,-8023.000000,0.000000,0.000000
0.000000,0.000000,0.000000,0.000000,-8021.000000,0.000000,196.000000
0.000000,-400.000000,0.000000,0.000000,-8024.000000,0.000000,0.000000
0.000000,-300.000000,0.000000,0.000000,-8023.000000,0.000000,0.000000
0.000000,0.000000,0.000000,0.000000,-8012.000000,0.000000,0.000000
100.000000,-300.000000,0.000000,0.000000,-7997.000000,0.000000,0.000000
0.000000,-100.000000,0.000000,0.000000,-7994.000000,0.000000,0.000000
0.000000,-200.000000,0.000000,0.000000,-7987.000000,0.000000,0.000000
0.000000,-100.000000,0.000000,0.000000,-7978.000000,0.000000,0.000000
200.000000,-200.000000,0.000000,0.000000,-7967.000000,0.000000,0.000000
0.000000,-200.000000,0.000000,0.000000,-7958.000000,0.000000,0.000000
0.000000,-200.000000,0.000000,0.000000,-7958.000000,0.000000,0.000000
-100.000000,-100.000000,0.000000,0.000000,-7956.000000,0.000000,0.000000
100.000000,-100.000000,0.000000,0.000000,-7943.000000,0.000000,0.000000
-100.000000,0.000000,0.000000,0.000000,-7919.000000,0.000000,0.000000
-100.000000,-200.000000,0.000000,0.000000,-7912.000000,0.000000,0.000000
-100.000000,100.000000,0.000000,0.000000,-7916.000000,0.000000,0.000000
-200.000000,-100.000000,0.000000,0.000000,-7915.000000,0.000000,0.000000
-100.000000,0.000000,0.000000,0.000000,-7912.000000,0.000000,0.000000
0.000000,-400.000000,0.000000,0.000000,-7909.000000,0.000000,0.000000
-200.000000,0.000000,0.000000,0.000000,-7919.000000,0.000000,0.000000
0.000000,-100.000000,0.000000,0.000000,-7913.000000,0.000000,0.000000
0.000000,0.000000,0.000000,0.000000,-7905.000000,0.000000,0.000000
0.000000,0.000000,0.000000,0.000000,-7910.000000,0.000000,0.000000
0.000000,-200.000000,0.000000,0.000000,-7908.000000,0.000000,0.000000
0.000000,100.000000,0.000000,0.000000,-7917.000000,0.000000,0.000000
-100.000000,-200.000000,20000.000000,20000.000000,-7923.000000,0.000000,0.000000
17800.000000,900.000000,20000.000000,20000.000000,-7927.000000,1570.000000,1570.000000
20000.000000,18800.000000,20000.000000,20000.000000,-8193.000000,6283.000000,4319.000000
20900.000000,18700.000000,20000.000000,20000.000000,-8712.000000,7264.000000,3141.000000
20900.000000,22900.000000,20000.000000,20000.000000,-8154.000000,2552.000000,-196.000000
18700.000000,22300.000000,20000.000000,20000.000000,-6671.000000,-1767.000000,-392.000000
21100.000000,19500.000000,20000.000000,20000.000000,-7190.000000,-1570.000000,1570.000000
20100.000000,18800.000000,20000.000000,20000.000000,-8035.000000,1374.000000,3141.000000
17300.000000,16200.000000,20000.000000,20000.000000,-7033.000000,4908.000000,3337.000000
17800.000000,17900.000000,20000.000000,20000.000000,-5893.000000,6283.000000,2748.000000
22000.000000,22900.000000,20000.000000,20000.000000,-5093.000000,3926.000000,2552.000000
17500.000000,19800.000000,20000.000000,20000.000000,-4183.000000,785.000000,2356.000000
20900.000000,19400.000000,20000.000000,20000.000000,-3999.000000,1374.000000,2552.000000
17500.000000,17300.000000,20000.000000,20000.000000,-4025.000000,3730.000000,3730.000000
17600.000000,19800.000000,0.000000,0.000000,-2876.000000,5301.000000,3730.000000
-100.000000,100.000000,0.000000,0.000000,-1523.000000,2748.000000,392.000000
100.000000,0.000000,0.000000,0.000000,-1005.000000,1374.000000,0.000000
100.000000,0.000000,0.000000,0.000000,-918.000000,1178.000000,785.000000
0.000000,200.000000,0.000000,0.000000,141.000000,1178.000000,2748.000000
100.000000,0.000000,0.000000,0.000000,926.000000,981.000000,5301.000000
0.000000,0.000000,0.000000,0.000000,1374.000000,1374.000000,5301.000000
0.000000,100.000000,0.000000,0.000000,1582.000000,2552.000000,4908.000000
0.000000,0.000000,0.000000,0.000000,1880.000000,3534.000000,3141.000000
0.000000,-100.000000,0.000000,0.000000,2116.000000,3337.000000,785.000000
100.000000,0.000000,0.000000,0.000000,2746.000000,3730.000000,-196.000000
-100.000000,200.000000,0.000000,0.000000,2938.000000,3141.000000,-196.000000
100.000000,0.000000,0.000000,0.000000,2411.000000,2945.000000,196.000000
-100.000000,0.000000,0.000000,0.000000,2638.000000,1963.000000,0.000000
0.000000,0.000000,0.000000,0.000000,3370.000000,589.000000,196.000000
0.000000,-200.000000,0.000000,0.000000,3240.000000,-392.000000,196.000000
0.000000,0.000000,0.000000,0.000000,2602.000000,-981.000000,0.000000
0.000000,0.000000,0.000000,0.000000,2466.000000,-589.000000,0.000000
100.000000,0.000000,0.000000,0.000000,2487.000000,-785.000000,0.000000
-100.000000,200.000000,0.000000,0.000000,2069.000000,-196.000000,-196.000000
0.000000,100.000000,0.000000,0.000000,1503.000000,-589.000000,-196.000000
0.000000,100.000000,0.000000,0.000000,967.000000,-392.000000,0.000000
600.000000,-100.000000,0.000000,0.000000,280.000000,-196.000000,-392.000000
0.000000,200.000000,0.000000,0.000000,-338.000000,-589.000000,-981.000000
0.000000,200.000000,0.000000,0.000000,-972.000000,-981.000000,-1963.000000
100.000000,0.000000,0.000000,0.000000,-1717.000000,-1570.000000,-2552.000000
0.000000,0.000000,0.000000,0.000000,-2580.000000,-1963.000000,-2552.000000
0.000000,200.000000,0.000000,0.000000,-3310.000000,-1570.000000,-2159.000000
100.000000,400.000000,0.000000,0.000000,-4086.000000,-1767.000000,-2159.000000
0.000000,-100.000000,0.000000,0.000000,-4906.000000,-1570.000000,-2159.000000
0.000000,100.000000,0.000000,0.000000,-5718.000000,-1570.000000,-1570.000000
0.000000,100.000000,0.000000,0.000000,-6590.000000,-981.000000,-1570.000000
-100.000000,100.000000,0.000000,0.000000,-7537.000000,-1178.000000,-1374.000000
200.000000,200.000000,0.000000,0.000000,-8354.000000,-981.000000,-1178.000000
100.000000,-200.000000,0.000000,0.000000,-9021.000000,-981.000000,-981.000000
0.000000,-200.000000,0.000000,0.000000,-9894.000000,-981.000000,-1570.000000
100.000000,-100.000000,0.000000,0.000000,-10762.000000,-981.000000,-1570.000000
0.000000,0.000000,0.000000,0.000000,-11456.000000,-981.000000,-1767.000000
100.000000,0.000000,0.000000,0.000000,-12066.000000,-589.000000,-1178.000000
0.000000,200.000000,0.000000,0.000000,-12761.000000,-785.000000,-1178.000000
0.000000,0.000000,0.000000,0.000000,-13370.000000,-392.000000,-981.000000
100.000000,0.000000,0.000000,0.000000,-13823.000000,-392.000000,-589.000000
100.000000,300.000000,0.000000,0.000000,-14317.000000,0.000000,-589.000000
0.000000,-200.000000,0.000000,0.000000,-14829.000000,196.000000,-196.000000
0.000000,100.000000,0.000000,0.000000,-15176.000000,196.000000,0.000000
200.000000,-100.000000,0.000000,0.000000,-15391.000000,0.000000,196.000000
100.000000,100.000000,0.000000,0.000000,-15660.000000,0.000000,392.000000
0.000000,-100.000000,0.000000,0.000000,-15874.000000,196.000000,589.000000
100.000000,0.000000,0.000000,0.000000,-15927.000000,196.000000,981.000000
0.000000,0.000000,0.000000,0.000000,-15913.000000,1178.000000,1178.000000
200.000000,0.000000,0.000000,0.000000,-15928.000000,2356.000000,1374.000000
0.000000,0.000000,0.000000,0.000000,-15858.000000,3141.000000,1570.000000
200.000000,200.000000,0.000000,0.000000,-15676.000000,3141.000000,1570.000000
0.000000,400.000000,0.000000,0.000000,-15417.000000,3141.000000,1963.000000
0.000000,0.000000,0.000000,0.000000,-15104.000000,2945.000000,2159.000000
0.000000,0.000000,0.000000,0.000000,-14784.000000,2748.000000,2356.000000
0.000000,0.000000,0.000000,0.000000,-14452.000000,2552.000000,2552.000000
100.000000,0.000000,0.000000,0.000000,-13998.000000,2356.000000,2552.000000
-200.000000,0.000000,0.000000,0.000000,-13508.000000,2356.000000,2552.000000
300.000000,0.000000,0.000000,0.000000,-12985.000000,2356.000000,2356.000000
0.000000,0.000000,0.000000,0.000000,-12450.000000,2945.000000,2748.000000
100.000000,-100.000000,0.000000,0.000000,-11845.000000,3534.000000,2748.000000
0.000000,200.000000,0.000000,0.000000,-11154.000000,4123.000000,2748.000000
0.000000,200.000000,0.000000,0.000000,-10556.000000,3534.000000,2945.000000
0.000000,0.000000,0.000000,0.000000,-9898.000000,4123.000000,2945.000000
0.000000,-100.000000,0.000000,0.000000,-9145.000000,3534.000000,2748.000000
0.000000,0.000000,0.000000,0.000000,-8462.000000,3337.000000,2945.000000
-100.000000,0.000000,0.000000,0.000000,-7835.000000,3141.000000,2748.000000
0.000000,100.000000,0.000000,0.000000,-7101.000000,3141.000000,2748.000000
0.000000,-200.000000,0.000000,0.000000,-6406.000000,2945.000000,2748.000000
0.000000,0.000000,0.000000,0.000000,-5768.000000,2748.000000,2552.000000
100.000000,0.000000,0.000000,0.000000,-5191.000000,2552.000000,2552.000000
0.000000,-100.000000,0.000000,0.000000,-4564.000000,2356.000000,2356.000000
0.000000,200.000000,0.000000,0.000000,-4007.000000,2159.000000,2356.000000
0.000000,0.000000,0.000000,0.000000,-3537.000000,2159.000000,1963.000000
100.000000,0.000000,0.000000,0.000000,-3092.000000,1963.000000,1767.000000
200.000000,0.000000,0.000000,0.000000,-2663.000000,1570.000000,1570.000000
0.000000,300.000000,0.000000,0.000000,-2280.000000,1767.000000,1374.000000
0.000000,0.000000,0.000000,0.000000,-1984.000000,1374.000000,1178.000000
0.000000,100.000000,0.000000,0.000000,-1704.000000,1374.000000,1178.000000
200.000000,0.000000,0.000000,0.000000,-1453.000000,1178.000000,981.000000
0.000000,0.000000,0.000000,0.000000,-1273.000000,1178.000000,981.000000
-100.000000,0.000000,0.000000,0.000000,-1172.000000,785.000000,589.000000
0.000000,0.000000,0.000000,0.000000,-1099.000000,785.000000,392.000000
0.000000,100.000000,0.000000,0.000000,-1082.000000,589.000000,392.000000
0.000000,200.000000,0.000000,0.000000,-1136.000000,196.000000,196.000000
200.000000,100.000000,0.000000,0.000000,-1245.000000,196.000000,0.000000
0.000000,0.000000,0.000000,0.000000,-1400.000000,196.000000,0.000000
200.000000,0.000000,0.000000,0.000000,-1570.000000,0.000000,0.000000
0.000000,0.000000,0.000000,0.000000,-1865.000000,-196.000000,-392.000000
0.000000,0.000000,0.000000,0.000000,-2201.000000,-392.000000,-589.000000
0.000000,0.000000,0.000000,0.000000,-2439.000000,-981.000000,-1178.000000
0.000000,100.000000,0.000000,0.000000,-2713.000000,-1570.000000,-1570.000000
100.000000,-100.000000,0.000000,0.000000,-3217.000000,-1570.000000,-1374.000000
100.000000,300.000000,0.000000,0.000000,-3725.000000,-1374.000000,-1374.000000
100.000000,0.000000,0.000000,0.000000,-4113.000000,-1374.000000,-1178.000000
-100.000000,200.000000,0.000000,0.000000,-4507.000000,-1374.000000,-981.000000
100.000000,100.000000,0.000000,0.000000,-5096.000000,-1178.000000,-981.000000
-100.000000,0.000000,0.000000,0.000000,-5666.000000,-1178.000000,-1178.000000
100.000000,0.000000,0.000000,0.000000,-6162.000000,-1178.000000,-1374.000000
0.000000,0.000000,0.000000,0.000000,-6660.000000,-1374.000000,-1570.000000
0.000000,0.000000,0.000000,0.000000,-7210.000000,-1570.000000,-1767.000000
-100.000000,0.000000,0.000000,0.000000,-7799.000000,-1570.000000,-1570.000000
400.000000,100.000000,0.000000,0.000000,-8363.000000,-1570.000000,-1374.000000
0.000000,100.000000,0.000000,0.000000,-8891.000000,-1374.000000,-1178.000000
0.000000,0.000000,0.000000,0.000000,-9410.000000,-1178.000000,-1178.000000
0.000000,0.000000,0.000000,0.000000,-9905.000000,-1178.000000,-1178.000000
0.000000,0.000000,0.000000,0.000000,-10408.000000,-981.000000,-1178.000000
100.000000,100.000000,0.000000,0.000000,-10898.000000,-785.000000,-1178.000000
0.000000,100.000000,0.000000,0.000000,-11322.000000,-785.000000,-981.000000
0.000000,100.000000,0.000000,0.000000,-11686.000000,-589.000000,-981.000000
100.000000,200.000000,0.000000,0.000000,-12024.000000,-589.000000,-785.000000
100.000000,-100.000000,0.000000,0.000000,-12358.000000,-392.000000,-589.000000
100.000000,200.000000,0.000000,0.000000,-12681.000000,-392.000000,-392.000000
0.000000,-100.000000,0.000000,0.000000,-12929.000000,0.000000,-196.000000
0.000000,0.000000,0.000000,0.000000,-13128.000000,0.000000,0.000000
0.000000,0.000000,0.000000,0.000000,-13305.000000,0.000000,0.000000
0.000000,200.000000,0.000000,0.000000,-13437.000000,196.000000,0.000000
0.000000,-100.000000,0.000000,0.000000,-13499.000000,196.000000,196.000000
-100.000000,-100.000000,0.000000,0.000000,-13509.000000,0.000000,0.000000
-200.000000,-300.000000,0.000000,0.000000,-13521.000000,0.000000,0.000000
-300.000000,0.000000,0.000000,0.000000,-13450.000000,0.000000,0.000000
0.000000,200.000000,0.000000,0.000000,-13307.000000,0.000000,0.000000
0.000000,0.000000,0.000000,0.000000,-13145.000000,0.000000,589.000000
0.000000,0.000000,0.000000,0.000000,-12973.000000,589.000000,1178.000000
-100.000000,0.000000,0.000000,0.000000,-12805.000000,1178.000000,1767.000000
100.000000,200.000000,0.000000,0.000000,-12516.000000,2159.000000,1963.000000
0.000000,200.000000,0.000000,0.000000,-12276.000000,2159.000000,1570.000000
-100.000000,200.000000,0.000000,0.000000,-11945.000000,2159.000000,1570.000000
-100.000000,0.000000,0.000000,0.000000,-11508.000000,2159.000000,1570.000000
0.000000,0.000000,0.000000,0.000000,-11087.000000,1767.000000,1178.000000
0.000000,100.000000,0.000000,0.000000,-10765.000000,1767.000000,1178.000000
0.000000,0.000000,0.000000,0.000000,-10354.000000,1570.000000,981.000000
0.000000,200.000000,0.000000,0.000000,-9869.000000,1374.000000,1178.000000
100.000000,0.000000,0.000000,0.000000,-9425.000000,1374.000000,1178.000000
100.000000,0.000000,0.000000,0.000000,-9048.000000,1178.000000,1570.000000
100.000000,100.000000,0.000000,0.000000,-8602.000000,1178.000000,1570.000000
100.000000,100.000000,0.000000,0.000000,-8112.000000,1178.000000,1570.000000
0.000000,0.000000,0.000000,0.000000,-7678.000000,1374.000000,1570.000000
0.000000,0.000000,0.000000,0.000000,-7306.000000,1570.000000,1374.000000
-100.000000,100.000000,0.000000,0.000000,-6840.000000,1963.000000,1374.000000
0.000000,100.000000,0.000000,0.000000,-6406.000000,1570.000000,981.000000
100.000000,0.000000,0.000000,0.000000,-6068.000000,1570.000000,1178.000000
-100.000000,100.000000,0.000000,0.000000,-5682.000000,1570.000000,785.000000
0.000000,-200.000000,0.000000,0.000000,-5315.000000,1374.000000,785.000000
0.000000,300.000000,0.000000,0.000000,-5006.000000,1178.000000,785.000000
-100.000000,0.000000,0.000000,0.000000,-4726.000000,981.000000,589.000000
100.000000,-200.000000,0.000000,0.000000,-4485.000000,981.000000,589.000000
100.000000,100.000000,0.000000,0.000000,-4239.000000,785.000000,392.000000
100.000000,100.000000,0.000000,0.000000,-4046.000000,589.000000,392.000000
-100.000000,0.000000,0.000000,0.000000,-3915.000000,392.000000,196.000000
0.000000,-100.000000,0.000000,0.000000,-3790.000000,392.000000,196.000000
0.000000,0.000000,0.000000,0.000000,-3686.000000,196.000000,196.000000
0.000000,0.000000,0.000000,0.000000,-3632.000000,0.000000,196.000000
0.000000,0.000000,0.000000,0.000000,-3646.000000,-196.000000,0.000000
0.000000,0.000000,0.000000,0.000000,-3665.000000,0.000000,-196.000000
0.000000,0.000000,0.000000,0.000000,-3691.000000,-196.000000,0.000000
0.000000,-100.000000,0.000000,0.000000,-3794.000000,0.000000,0.000000
100.000000,200.000000,0.000000,0.000000,-3938.000000,-196.000000,-196.000000
0.000000,100.000000,0.000000,0.000000,-4077.000000,-392.000000,-589.000000
-100.000000,0.000000,0.000000,0.000000,-4189.000000,-981.000000,-981.000000
0.000000,200.000000,0.000000,0.000000,-4389.000000,-1178.000000,-1570.000000
100.000000,300.000000,0.000000,0.000000,-4698.000000,-1570.000000,-1374.000000
0.000000,100.000000,0.000000,0.000000,-4980.000000,-1178.000000,-1178.000000
100.000000,0.000000,0.000000,0.000000,-5190.000000,-1178.000000,-1178.000000
100.000000,-100.000000,0.000000,0.000000,-5447.000000,-1178.000000,-1178.000000
100.000000,400.000000,0.000000,0.000000,-5783.000000,-785.000000,-785.000000
100.000000,300.000000,0.000000,0.000000,-6123.000000,-981.000000,-785.000000
0.000000,0.000000,0.000000,0.000000,-6433.000000,-981.000000,-785.000000
0.000000,0.000000,78.000000,78.000000,-6745.000000,-1374.000000,-981.000000
0.000000,0.000000,0.000000,0.000000,-7088.000000,-1374.000000,-1178.000000
-200.000000,400.000000,0.000000,0.000000,-7444.000000,-1374.000000,-1374.000000
100.000000,300.000000,0.000000,0.000000,-7806.000000,-1178.000000,-1374.000000
-100.000000,100.000000,0.000000,0.000000,-8166.000000,-1178.000000,-981.000000
100.000000,500.000000,0.000000,0.000000,-8482.000000,-1178.000000,-981.000000
-100.000000,600.000000,0.000000,0.000000,-8775.000000,-981.000000,-981.000000
0.000000,300.000000,0.000000,0.000000,-9077.000000,-981.000000,-785.000000
0.000000,300.000000,0.000000,0.000000,-9405.000000,-785.000000,-981.000000
0.000000,0.000000,0.000000,0.000000,-9676.000000,-981.000000,-785.000000
100.000000,0.000000,0.000000,0.000000,-9902.000000,-785.000000,-785.000000
0.000000,400.000000,0.000000,0.000000,-10129.000000,-785.000000,-981.000000
100.000000,200.000000,0.000000,0.000000,-10360.000000,-785.000000,-589.000000
-100.000000,100.000000,0.000000,0.000000,-10551.000000,-392.000000,-785.000000
0.000000,200.000000,0.000000,0.000000,-10698.000000,-589.000000,-392.000000
0.000000,0.000000,0.000000,0.000000,-10823.000000,-392.000000,-392.000000
0.000000,300.000000,0.000000,0.000000,-10945.000000,-196.000000,-392.000000
-100.000000,700.000000,0.000000,0.000000,-11022.000000,-196.000000,-196.000000
-100.000000,300.000000,0.000000,0.000000,-11082.000000,0.000000,-196.000000
300.000000,0.000000,0.000000,0.000000,-11102.000000,0.000000,0.000000
0.000000,0.000000,156.000000,156.000000,-11108.000000,0.000000,0.000000
0.000000,100.000000,0.000000,0.000000,-11065.000000,0.000000,0.000000
-200.000000,-100.000000,0.000000,0.000000,-11025.000000,0.000000,196.000000
-100.000000,0.000000,0.000000,0.000000,-10970.000000,0.000000,196.000000
-100.000000,-400.000000,0.000000,0.000000,-10858.000000,0.000000,0.000000
0.000000,-300.000000,0.000000,0.000000,-10705.000000,196.000000,0.000000
100.000000,-200.000000,0.000000,0.000000,-10559.000000,196.000000,0.000000
0.000000,-100.000000,0.000000,0.000000,-10413.000000,0.000000,0.000000
0.000000,0.000000,0.000000,0.000000,-10221.000000,0.000000,0.000000
0.000000,0.000000,0.000000,0.000000,-10012.000000,0.000000,0.000000
100.000000,-300.000000,0.000000,0.000000,-9787.000000,0.000000,196.000000
-100.000000,-200.000000,0.000000,0.000000,-9545.000000,0.000000,196.000000
-100.000000,0.000000,0.000000,0.000000,-9288.000000,0.000000,785.000000
0.000000,100.000000,0.000000,0.000000,-9063.000000,392.000000,785.000000
0.000000,0.000000,0.000000,0.000000,-8819.000000,392.000000,981.000000
100.000000,0.000000,0.000000,0.000000,-8530.000000,981.000000,785.000000
0.000000,200.000000,0.000000,0.000000,-8295.000000,981.000000,785.000000
0.000000,200.000000,0.000000,0.000000,-8098.000000,785.000000,589.000000
0.000000,-200.000000,0.000000,0.000000,-7797.000000,785.000000,589.000000
0.000000,200.000000,0.000000,0.000000,-7496.000000,785.000000,392.000000
0.000000,0.000000,0.000000,0.000000,-7275.000000,392.000000,196.000000
0.000000,100.000000,0.000000,0.000000,-7039.000000,589.000000,196.000000
0.000000,0.000000,0.000000,0.000000,-6771.000000,392.000000,0.000000
-300.000000,-400.000000,0.000000,0.000000,-6551.000000,196.000000,0.000000
-200.000000,0.000000,0.000000,0.000000,-6387.000000,196.000000,0.000000
-100.000000,-200.000000,0.000000,0.000000,-6205.000000,0.000000,0.000000
0.000000,400.000000,0.000000,0.000000,-6031.000000,-196.000000,0.000000
-100.000000,-200.000000,0.000000,0.000000,-5908.000000,0.000000,196.000000
0.000000,-200.000000,0.000000,0.000000,-5797.000000,0.000000,-196.000000
100.000000,-200.000000,0.000000,0.000000,-5675.000000,0.000000,0.000000
-100.000000,-300.000000,0.000000,0.000000,-5597.000000,0.000000,0.000000
-600.000000,-300.000000,0.000000,0.000000,-5552.000000,0.000000,0.000000
-200.000000,-300.000000,0.000000,0.000000,-5528.000000,0.000000,0.000000
0.000000,-200.000000,0.000000,0.000000,-5515.000000,0.000000,0.000000
0.000000,0.000000,0.000000,0.000000,-5536.000000,0.000000,-196.000000
0.000000,-600.000000,0.000000,0.000000,-5582.000000,-196.000000,0.000000
0.000000,0.000000,0.000000,0.000000,-5670.000000,0.000000,-196.000000
200.000000,-200.000000,0.000000,0.000000,-5756.000000,-196.000000,-589.000000
200.000000,0.000000,156.000000,156.000000,-5842.000000,0.000000,-981.000000
400.000000,-100.000000,0.000000,0.000000,-5908.000000,-392.000000,-1178.000000
0.000000,200.000000,0.000000,0.000000,-5947.000000,-981.000000,-1178.000000
0.000000,100.000000,0.000000,0.000000,-6066.000000,-1178.000000,-981.000000
0.000000,0.000000,0.000000,0.000000,-6303.000000,-1178.000000,-981.000000
100.000000,0.000000,0.000000,0.000000,-6487.000000,-981.000000,-785.000000
0.000000,200.000000,0.000000,0.000000,-6594.000000,-981.000000,-785.000000
0.000000,0.000000,0.000000,0.000000,-6754.000000,-981.000000,-785.000000
0.000000,0.000000,0.000000,0.000000,-6995.000000,-589.000000,-785.000000
400.000000,300.000000,0.000000,0.000000,-7200.000000,-589.000000,-981.000000
200.000000,0.000000,0.000000,0.000000,-7373.000000,-589.000000,-1178.000000
100.000000,300.000000,0.000000,0.000000,-7563.000000,-589.000000,-981.000000
100.000000,200.000000,0.000000,0.000000,-7723.000000,-785.000000,-981.000000
300.000000,200.000000,0.000000,0.000000,-7876.000000,-981.000000,-981.000000
0.000000,200.000000,0.000000,0.000000,-8072.000000,-981.000000,-785.000000
100.000000,0.000000,0.000000,0.000000,-8282.000000,-981.000000,-785.000000
200.000000,0.000000,0.000000,0.000000,-8452.000000,-785.000000,-589.000000
200.000000,0.000000,0.000000,0.000000,-8593.000000,-785.000000,-785.000000
200.000000,0.000000,0.000000,0.000000,-8743.000000,-589.000000,-589.000000
200.000000,0.000000,0.000000,0.000000,-8893.000000,-392.000000,-785.000000
200.000000,0.000000,0.000000,0.000000,-9021.000000,-392.000000,-589.000000
0.000000,300.000000,0.000000,0.000000,-9106.000000,-392.000000,-392.000000
0.000000,0.000000,0.000000,0.000000,-9190.000000,-392.000000,-589.000000
-200.000000,300.000000,0.000000,0.000000,-9285.000000,-392.000000,-392.000000
200.000000,0.000000,0.000000,0.000000,-9355.000000,-392.000000,-196.000000
0.000000,0.000000,0.000000,0.000000,-9390.000000,-196.000000,-196.000000
0.000000,100.000000,0.000000,0.000000,-9426.000000,-392.000000,-196.000000
-100.000000,0.000000,0.000000,0.000000,-9447.000000,-196.000000,0.000000
100.000000,100.000000,0.000000,0.000000,-9433.000000,-196.000000,0.000000
0.000000,-400.000000,0.000000,0.000000,-9408.000000,0.000000,0.000000
100.000000,200.000000,156.000000,156.000000,-9373.000000,196.000000,0.000000
200.000000,0.000000,0.000000,0.000000,-9332.000000,0.000000,0.000000
0.000000,-200.000000,0.000000,0.000000,-9249.000000,0.000000,0.000000
0.000000,-300.000000,0.000000,0.000000,-9144.000000,0.000000,196.000000
100.000000,-300.000000,0.000000,0.000000,-9058.000000,0.000000,0.000000
-200.000000,-200.000000,0.000000,0.000000,-8958.000000,0.000000,0.000000
-200.000000,0.000000,0.000000,0.000000,-8830.000000,0.000000,0.000000
-100.000000,0.000000,0.000000,0.000000,-8710.000000,196.000000,196.000000
-100.000000,0.000000,0.000000,0.000000,-8584.000000,0.000000,0.000000
-100.000000,-400.000000,0.000000,0.000000,-8452.000000,196.000000,0.000000
-300.000000,0.000000,0.000000,0.000000,-8293.000000,0.000000,0.000000
100.000000,-100.000000,0.000000,0.000000,-8151.000000,0.000000,0.000000
0.000000,-100.000000,0.000000,0.000000,-8008.000000,0.000000,0.000000
-200.000000,-200.000000,0.000000,0.000000,-7845.000000,0.000000,196.000000
-300.000000,-200.000000,0.000000,0.000000,-7695.000000,0.000000,0.000000
0.000000,-300.000000,0.000000,0.000000,-7545.000000,0.000000,0.000000
-200.000000,100.000000,0.000000,0.000000,-7409.000000,0.000000,0.000000
0.000000,-300.000000,0.000000,0.000000,-7258.000000,0.000000,196.000000
-100.000000,-100.000000,0.000000,0.000000,-7109.000000,0.000000,196.000000
0.000000,-100.000000,0.000000,0.000000,-6993.000000,0.000000,196.000000
100.000000,-200.000000,0.000000,0.000000,-6868.000000,0.000000,196.000000
0.000000,-200.000000,0.000000,0.000000,-6743.000000,0.000000,0.000000
0.000000,-200.000000,0.000000,0.000000,-6659.000000,0.000000,0.000000
-100.000000,0.000000,0.000000,0.000000,-6586.000000,0.000000,0.000000
-200.000000,-300.000000,0.000000,0.000000,-6503.000000,0.000000,0.000000
0.000000,-300.000000,0.000000,0.000000,-6450.000000,0.000000,0.000000
-200.000000,-100.000000,0.000000,0.000000,-6412.000000,0.000000,0.000000
-100.000000,200.000000,0.000000,0.000000,-6380.000000,0.000000,0.000000
100.000000,0.000000,0.000000,0.000000,-6348.000000,0.000000,0.000000
-100.000000,-300.000000,0.000000,0.000000,-6340.000000,0.000000,0.000000
0.000000,0.000000,0.000000,0.000000,-6352.000000,0.000000,0.000000
100.000000,-100.000000,0.000000,0.000000,-6362.000000,0.000000,0.000000
-100.000000,-100.000000,0.000000,0.000000,-6404.000000,0.000000,-196.000000
-100.000000,0.000000,0.000000,0.000000,-6445.000000,0.000000,-196.000000
0.000000,-200.000000,0.000000,0.000000,-6518.000000,0.000000,0.000000
0.000000,-100.000000,0.000000,0.000000,-6594.000000,0.000000,0.000000
300.000000,-100.000000,0.000000,0.000000,-6668.000000,0.000000,-196.000000
200.000000,0.000000,0.000000,0.000000,-6760.000000,0.000000,-392.000000
100.000000,-100.000000,0.000000,0.000000,-6874.000000,0.000000,-589.000000
300.000000,0.000000,0.000000,0.000000,-6981.000000,0.000000,-589.000000
-100.000000,0.000000,0.000000,0.000000,-7061.000000,0.000000,-785.000000
0.000000,-100.000000,0.000000,0.000000,-7168.000000,-392.000000,-589.000000
100.000000,-400.000000,0.000000,0.000000,-7303.000000,0.000000,-392.000000
100.000000,-300.000000,0.000000,0.000000,-7380.000000,0.000000,-392.000000
100.000000,-100.000000,0.000000,0.000000,-7474.000000,0.000000,-392.000000
0.000000,200.000000,0.000000,0.000000,-7573.000000,-392.000000,-392.000000
100.000000,100.000000,0.000000,0.000000,-7664.000000,-392.000000,-196.000000
200.000000,200.000000,0.000000,0.000000,-7731.000000,-589.000000,-196.000000
200.000000,100.000000,0.000000,0.000000,-7854.000000,-785.000000,-392.000000
0.000000,100.000000,0.000000,0.000000,-7987.000000,-392.000000,-392.000000
100.000000,100.000000,0.000000,0.000000,-8025.000000,-392.000000,-392.000000
200.000000,0.000000,0.000000,0.000000,-8067.000000,-196.000000,-392.000000
-100.000000,400.000000,0.000000,0.000000,-8140.000000,-196.000000,-196.000000
0.000000,0.000000,0.000000,0.000000,-8208.000000,0.000000,0.000000
0.000000,-200.000000,0.000000,0.000000,-8256.000000,0.000000,0.000000
0.000000,100.000000,0.000000,0.000000,-8305.000000,0.000000,-196.000000
0.000000,100.000000,0.000000,0.000000,-8319.000000,-196.000000,0.000000
-100.000000,100.000000,0.000000,0.000000,-8339.000000,-196.000000,0.000000
0.000000,100.000000,0.000000,0.000000,-8354.000000,-196.000000,0.000000
100.000000,300.000000,0.000000,0.000000,-8336.000000,-196.000000,0.000000
-300.000000,100.000000,0.000000,0.000000,-8333.000000,0.000000,0.000000
-400.000000,-400.000000,0.000000,0.000000,-8301.000000,0.000000,0.000000
0.000000,0.000000,0.000000,0.000000,-8258.000000,0.000000,0.000000
0.000000,0.000000,0.000000,0.000000,-8218.000000,0.000000,196.000000
-100.000000,0.000000,0.000000,0.000000,-8193.000000,0.000000,0.000000
-100.000000,-100.000000,0.000000,0.000000,-8131.000000,0.000000,0.000000
0.000000,-200.000000,0.000000,0.000000,-8077.000000,0.000000,0.000000
200.000000,300.000000,0.000000,0.000000,-8022.000000,0.000000,0.000000
0.000000,0.000000,0.000000,0.000000,-7963.000000,196.000000,196.000000
-200.000000,0.000000,0.000000,0.000000,-7875.000000,0.000000,0.000000
0.000000,0.000000,78.000000,78.000000,-7818.000000,196.000000,0.000000
-100.000000,-100.000000,0.000000,0.000000,-7754.000000,0.000000,0.000000
0.000000,-300.000000,0.000000,0.000000,-7673.000000,0.000000,0.000000
200.000000,0.000000,0.000000,0.000000,-7582.000000,0.000000,0.000000
0.000000,100.000000,0.000000,0.000000,-7521.000000,0.000000,0.000000
100.000000,-100.000000,0.000000,0.000000,-7451.000000,0.000000,0.000000
0.000000,100.000000,0.000000,0.000000,-7385.000000,0.000000,196.000000
0.000000,0.000000,0.000000,0.000000,-7307.000000,0.000000,0.000000
-100.000000,0.000000,0.000000,0.000000,-7254.000000,0.000000,0.000000
0.000000,-300.000000,0.000000,0.000000,-7191.000000,0.000000,0.000000
0.000000,-100.000000,0.000000,0.000000,-7138.000000,0.000000,0.000000
-100.000000,0.000000,0.000000,0.000000,-7081.000000,0.000000,0.000000
100.000000,-200.000000,0.000000,0.000000,-7032.000000,0.000000,0.000000
200.000000,-100.000000,0.000000,0.000000,-7001.000000,0.000000,0.000000
200.000000,-100.000000,0.000000,0.000000,-6947.000000,0.000000,0.000000
0.000000,-200.000000,0.000000,0.000000,-6930.000000,0.000000,0.000000
100.000000,-400.000000,0.000000,0.000000,-6913.000000,0.000000,0.000000
0.000000,0.000000,0.000000,0.000000,-6902.000000,0.000000,0.000000
0.000000,-100.000000,0.000000,0.000000,-6891.000000,0.000000,0.000000
0.000000,-100.000000,0.000000,0.000000,-6892.000000,0.000000,0.000000
0.000000,0.000000,0.000000,0.000000,-6898.000000,0.000000,0.000000
0.000000,0.000000,0.000000,0.000000,-6907.000000,0.000000,0.000000
300.000000,-200.000000,0.000000,0.000000,-6933.000000,0.000000,0.000000
0.000000,0.000000,0.000000,0.000000,-6946.000000,0.000000,0.000000
100.000000,-100.000000,0.000000,0.000000,-6975.000000,0.000000,0.000000
-100.000000,100.000000,0.000000,0.000000,-7014.000000,0.000000,0.000000
0.000000,-200.000000,0.000000,0.000000,-7040.000000,0.000000,0.000000
0.000000,-400.000000,0.000000,0.000000,-7096.000000,0.000000,0.000000
100.000000,-100.000000,0.000000,0.000000,-7148.000000,0.000000,0.000000
0.000000,0.000000,0.000000,0.000000,-7188.000000,0.000000,-196.000000
0.000000,100.000000,0.000000,0.000000,-7233.000000,0.000000,0.000000
-200.000000,100.000000,0.000000,0.000000,-7301.000000,0.000000,0.000000
0.000000,0.000000,0.000000,0.000000,-7366.000000,0.000000,0.000000
300.000000,-200.000000,0.000000,0.000000,-7426.000000,0.000000,0.000000
100.000000,0.000000,0.000000,0.000000,-7508.000000,0.000000,-196.000000
0.000000,100.000000,0.000000,0.000000,-7584.000000,-196.000000,0.000000
0.000000,-100.000000,0.000000,0.000000,-7635.000000,0.000000,-196.000000
300.000000,-100.000000,78.000000,78.000000,-7695.000000,0.000000,-196.000000
100.000000,-100.000000,0.000000,0.000000,-7756.000000,-196.000000,-196.000000
100.000000,-400.000000,0.000000,0.000000,-7807.000000,0.000000,-196.000000
0.000000,100.000000,0.000000,0.000000,-7856.000000,0.000000,-196.000000
100.000000,-100.000000,0.000000,0.000000,-7879.000000,0.000000,-196.000000
0.000000,-200.000000,0.000000,0.000000,-7915.000000,0.000000,-196.000000
0.000000,-100.000000,0.000000,0.000000,-7957.000000,0.000000,0.000000
0.000000,-200.000000,0.000000,0.000000,-7973.000000,0.000000,0.000000
0.000000,-300.000000,0.000000,0.000000,-7971.000000,0.000000,0.000000
-100.000000,-200.000000,0.000000,0.000000,-7974.000000,0.000000,0.000000
-100.000000,100.000000,0.000000,0.000000,-7997.000000,0.000000,0.000000
0.000000,0.000000,0.000000,0.000000,-7991.000000,0.000000,0.000000
0.000000,-100.000000,0.000000,0.000000,-7967.000000,0.000000,0.000000
0.000000,-300.000000,0.000000,0.000000,-7971.000000,0.000000,196.000000
0.000000,-100.000000,0.000000,0.000000,-7958.000000,0.000000,0.000000
0.000000,-200.000000,0.000000,0.000000,-7933.000000,0.000000,0.000000
-100.000000,0.000000,0.000000,0.000000,-7914.000000,0.000000,0.000000
-100.000000,-200.000000,0.000000,0.000000,-7898.000000,0.000000,0.000000
-100.000000,-400.000000,0.000000,0.000000,-7860.000000,0.000000,0.000000
0.000000,0.000000,0.000000,0.000000,-7820.000000,0.000000,0.000000
-300.000000,-200.000000,0.000000,0.000000,-7780.000000,0.000000,196.000000
0.000000,-100.000000,0.000000,0.000000,-7746.000000,0.000000,0.000000
0.000000,-100.000000,0.000000,0.000000,-7730.000000,0.000000,0.000000
0.000000,-300.000000,0.000000,0.000000,-7686.000000,0.000000,0.000000
-100.000000,0.000000,0.000000,0.000000,-7646.000000,196.000000,0.000000
0.000000,-100.000000,0.000000,0.000000,-7605.000000,0.000000,0.000000
100.000000,-200.000000,0.000000,0.000000,-7562.000000,0.000000,0.000000
0.000000,-100.000000,0.000000,0.000000,-7520.000000,0.000000,0.000000
100.000000,0.000000,0.000000,0.000000,-7466.000000,196.000000,0.000000
100.000000,-100.000000,0.000000,0.000000,-7422.000000,0.000000,0.000000
0.000000,-200.000000,0.000000,0.000000,-7386.000000,0.000000,0.000000
100.000000,0.000000,0.000000,0.000000,-7361.000000,0.000000,0.000000
0.000000,-100.000000,0.000000,0.000000,-7328.000000,0.000000,0.000000
100.000000,-200.000000,0.000000,0.000000,-7302.000000,0.000000,0.000000
0.000000,-200.000000,0.000000,0.000000,-7281.000000,0.000000,0.000000
100.000000,-200.000000,0.000000,0.000000,-7252.000000,0.000000,0.000000
-200.000000,0.000000,0.000000,0.000000,-7232.000000,0.000000,0.000000
0.000000,0.000000,0.000000,0.000000,-7214.000000,0.000000,0.000000
0.000000,-100.000000,0.000000,0.000000,-7200.000000,0.000000,0.000000
0.000000,-100.000000,0.000000,0.000000,-7192.000000,0.000000,0.000000
100.000000,0.000000,0.000000,0.000000,-7181.000000,0.000000,0.000000
-100.000000,100.000000,0.000000,0.000000,-7179.000000,0.000000,0.000000
0.000000,0.000000,0.000000,0.000000,-7165.000000,0.000000,0.000000
0.000000,0.000000,0.000000,0.000000,-7177.000000,0.000000,0.000000
0.000000,-100.000000,0.000000,0.000000,-7180.000000,0.000000,0.000000
-200.000000,0.000000,0.000000,0.000000,-7185.000000,0.000000,0.000000
0.000000,0.000000,0.000000,0.000000,-7203.000000,0.000000,0.000000
0.000000,0.000000,0.000000,0.000000,-7226.000000,0.000000,0.000000
0.000000,-300.000000,0.000000,0.000000,-7239.000000,0.000000,0.000000
-100.000000,0.000000,0.000000,0.000000,-7285.000000,0.000000,0.000000
0.000000,-400.000000,0.000000,0.000000,-7313.000000,0.000000,0.000000
-100.000000,-200.000000,0.000000,0.000000,-7335.000000,0.000000,-196.000000
0.000000,0.000000,0.000000,0.000000,-7365.000000,0.000000,0.000000
-100.000000,-200.000000,0.000000,0.000000,-7394.000000,0.000000,0.000000
0.000000,0.000000,0.000000,0.000000,-7417.000000,0.000000,0.000000
-100.000000,-100.000000,0.000000,0.000000,-7460.000000,-196.000000,0.000000
-100.000000,-100.000000,0.000000,0.000000,-7492.000000,-196.000000,0.000000
0.000000,-300.000000,0.000000,0.000000,-7541.000000,0.000000,0.000000
100.000000,-300.000000,0.000000,0.000000,-7572.000000,0.000000,0.000000
200.000000,0.000000,0.000000,0.000000,-7616.000000,0.000000,-196.000000
100.000000,0.000000,0.000000,0.000000,-7652.000000,0.000000,0.000000
100.000000,-100.000000,0.000000,0.000000,-7682.000000,0.000000,0.000000
0.000000,0.000000,0.000000,0.000000,-7707.000000,0.000000,0.000000
-100.000000,0.000000,0.000000,0.000000,-7738.000000,0.000000,0.000000
100.000000,0.000000,0.000000,0.000000,-7746.000000,0.000000,0.000000
-100.000000,0.000000,0.000000,0.000000,-7766.000000,0.000000,0.000000
0.000000,0.000000,0.000000,0.000000,-7774.000000,0.000000,0.000000
100.000000,100.000000,0.000000,0.000000,-7767.000000,0.000000,0.000000
100.000000,-100.000000,0.000000,0.000000,-7768.000000,0.000000,0.000000
0.000000,-100.000000,0.000000,0.000000,-7761.000000,0.000000,0.000000
0.000000,0.000000,0.000000,0.000000,-7745.000000,0.000000,0.000000
0.000000,0.000000,0.000000,0.000000,-7732.000000,0.000000,0.000000
0.000000,0.000000,0.000000,0.000000,-7723.000000,0.000000,0.000000
0.000000,0.000000,0.000000,0.000000,-7709.000000,0.000000,0.000000
-100.000000,-200.000000,0.000000,0.000000,-7693.000000,0.000000,0.000000
-100.000000,-300.000000,0.000000,0.000000,-7665.000000,0.000000,0.000000
100.000000,-200.000000,0.000000,0.000000,-7646.000000,0.000000,0.000000
-100.000000,-200.000000,0.000000,0.000000,-7632.000000,0.000000,196.000000
100.000000,0.000000,0.000000,0.000000,-7609.000000,0.000000,0.000000
0.000000,-200.000000,0.000000,0.000000,-7580.000000,0.000000,0.000000
0.000000,-100.000000,0.000000,0.000000,-7546.000000,0.000000,0.000000
0.000000,-200.000000,0.000000,0.000000,-7509.000000,0.000000,196.000000
0.000000,-200.000000,0.000000,0.000000,-7463.000000,0.000000,0.000000
0.000000,0.000000,0.000000,0.000000,-7442.000000,0.000000,0.000000
-100.000000,-200.000000,0.000000,0.000000,-7421.000000,0.000000,0.000000
0.000000,-400.000000,0.000000,0.000000,-7396.000000,0.000000,0.000000
100.000000,-200.000000,0.000000,0.000000,-7367.000000,0.000000,0.000000
-100.000000,-200.000000,0.000000,0.000000,-7342.000000,196.000000,0.000000
100.000000,-200.000000,0.000000,0.000000,-7316.000000,0.000000,0.000000
0.000000,-200.000000,0.000000,0.000000,-7302.000000,0.000000,0.000000
0.000000,0.000000,0.000000,0.000000,-7287.000000,0.000000,0.000000
0.000000,-100.000000,0.000000,0.000000,-7270.000000,196.000000,0.000000
0.000000,-100.000000,0.000000,0.000000,-7264.000000,0.000000,0.000000
0.000000,0.000000,0.000000,0.000000,-7270.000000,0.000000,0.000000
200.000000,-100.000000,0.000000,0.000000,-7268.000000,0.000000,0.000000
0.000000,-200.000000,0.000000,0.000000,-7267.000000,0.000000,0.000000
0.000000,0.000000,0.000000,0.000000,-7261.000000,0.000000,0.000000
-100.000000,0.000000,0.000000,0.000000,-7275.000000,0.000000,0.000000
-100.000000,0.000000,0.000000,0.000000,-7287.000000,0.000000,-196.000000
0.000000,0.000000,0.000000,0.000000,-7307.000000,0.000000,0.000000
-100.000000,-200.000000,0.000000,0.000000,-7314.000000,0.000000,0.000000
0.000000,-200.000000,0.000000,0.000000,-7340.000000,0.000000,-196.000000
-100.000000,0.000000,0.000000,0.000000,-7368.000000,0.000000,0.000000
-100.000000,-100.000000,0.000000,0.000000,-7373.000000,-196.000000,0.000000
0.000000,-100.000000,0.000000,0.000000,-7406.000000,0.000000,0.000000
-200.000000,-400.000000,0.000000,0.000000,-7432.000000,0.000000,0.000000
0.000000,-200.000000,0.000000,0.000000,-7457.000000,-196.000000,0.000000
0.000000,-200.000000,0.000000,0.000000,-7477.000000,0.000000,0.000000
-100.000000,0.000000,0.000000,0.000000,-7497.000000,0.000000,0.000000
0.000000,-300.000000,0.000000,0.000000,-7537.000000,0.000000,0.000000
0.000000,-200.000000,0.000000,0.000000,-7561.000000,0.000000,0.000000
-100.000000,-100.000000,0.000000,0.000000,-7589.000000,0.000000,0.000000
-100.000000,-100.000000,0.000000,0.000000,-7594.000000,0.000000,0.000000
-200.000000,-300.000000,0.000000,0.000000,-7618.000000,0.000000,0.000000
200.000000,0.000000,0.000000,0.000000,-7627.000000,0.000000,0.000000
0.000000,0.000000,0.000000,0.000000,-7643.000000,0.000000,0.000000
0.000000,-200.000000,0.000000,0.000000,-7660.000000,0.000000,0.000000
0.000000,0.000000,0.000000,0.000000,-7680.000000,0.000000,0.000000
-100.000000,0.000000,0.000000,0.000000,-7679.000000,0.000000,0.000000
200.000000,0.000000,0.000000,0.000000,-7681.000000,0.000000,0.000000
-100.000000,100.000000,0.000000,0.000000,-7678.000000,0.000000,0.000000
0.000000,-300.000000,0.000000,0.000000,-7671.000000,0.000000,0.000000
0.000000,-200.000000,0.000000,0.000000,-7659.000000,0.000000,0.000000
0.000000,0.000000,0.000000,0.000000,-7648.000000,0.000000,0.000000
0.000000,100.000000,0.000000,0.000000,-7638.000000,0.000000,0.000000
-100.000000,-200.000000,0.000000,0.000000,-7632.000000,0.000000,0.000000
0.000000,0.000000,0.000000,0.000000,-7622.000000,0.000000,0.000000
0.000000,-200.000000,0.000000,0.000000,-7613.000000,0.000000,0.000000
100.000000,-300.000000,0.000000,0.000000,-7599.000000,0.000000,0.000000
0.000000,-100.000000,0.000000,0.000000,-7586.000000,0.000000,0.000000
-100.000000,0.000000,0.000000,0.000000,-7580.000000,0.000000,0.000000
0.000000,0.000000,0.000000,0.000000,-7571.000000,0.000000,0.000000
-100.000000,-200.000000,0.000000,0.000000,-7570.000000,0.000000,0.000000
0.000000,-100.000000,0.000000,0.000000,-7558.000000,0.000000,0.000000
-100.000000,-300.000000,0.000000,0.000000,-7550.000000,0.000000,0.000000
0.000000,-200.000000,0.000000,0.000000,-7534.000000,0.000000,196.000000
100.000000,-200.000000,0.000000,0.000000,-7517.000000,0.000000,0.000000
100.000000,0.000000,0.000000,0.000000,-7492.000000,0.000000,0.000000
0.000000,0.000000,0.000000,0.000000,-7490.000000,0.000000,0.000000
0.000000,0.000000,0.000000,0.000000,-7474.000000,0.000000,0.000000
200.000000,-100.000000,0.000000,0.000000,-7463.000000,0.000000,0.000000
100.000000,-300.000000,0.000000,0.000000,-7448.000000,0.000000,-196.000000
0.000000,-200.000000,0.000000,0.000000,-7456.000000,0.000000,0.000000
-100.000000,-100.000000,0.000000,0.000000,-7454.000000,0.000000,0.000000
0.000000,-100.000000,0.000000,0.000000,-7452.000000,0.000000,0.000000
0.000000,-200.000000,0.000000,0.000000,-7459.000000,196.000000,0.000000
0.000000,-100.000000,0.000000,0.000000,-7460.000000,0.000000,0.000000
0.000000,-200.000000,0.000000,0.000000,-7467.000000,0.000000,0.000000
-100.000000,-300.000000,0.000000,0.000000,-7458.000000,0.000000,0.000000
