Channel 1,Channel 2,Channel 3,Channel 4,Channel 5,Channel 6,Channel 7
0.000000,-100.000000,0.000000,0.000000,-6283.000000,0.000000,0.000000
0.000000,0.000000,0.000000,0.000000,-6274.000000,0.000000,0.000000
0.000000,200.000000,0.000000,0.000000,-6265.000000,0.000000,0.000000
0.000000,-300.000000,0.000000,0.000000,-6261.000000,0.000000,0.000000
0.000000,-200.000000,0.000000,0.000000,-6263.000000,0.000000,0.000000
0.000000,0.000000,0.000000,0.000000,-6254.000000,0.000000,0.000000
-100.000000,0.000000,0.000000,0.000000,-6255.000000,0.000000,0.000000
-100.000000,0.000000,0.000000,0.000000,-6255.000000,0.000000,0.000000
-100.000000,100.000000,0.000000,0.000000,-6242.000000,0.000000,0.000000
100.000000,0.000000,0.000000,0.000000,-6235.000000,0.000000,0.000000
0.000000,0.000000,0.000000,0.000000,-6235.000000,0.000000,0.000000
0.000000,-300.000000,0.000000,0.000000,-6244.000000,0.000000,0.000000
100.000000,-200.000000,0.000000,0.000000,-6225.000000,0.000000,0.000000
300.000000,-200.000000,0.000000,0.000000,-6221.000000,0.000000,0.000000
0.000000,100.000000,0.000000,0.000000,-6212.000000,0.000000,0.000000
0.000000,-100.000000,0.000000,0.000000,-6227.000000,0.000000,0.000000
-100.000000,0.000000,0.000000,0.000000,-6234.000000,0.000000,0.000000
0.000000,0.000000,0.000000,0.000000,-6230.000000,0.000000,0.000000
-200.000000,0.000000,0.000000,0.000000,-6230.000000,0.000000,0.000000
100.000000,-400.000000,0.000000,0.000000,-6223.000000,0.000000,0.000000
0.000000,-200.000000,0.000000,0.000000,-6222.000000,0.000000,0.000000
-100.000000,-300.000000,0.000000,0.000000,-6202.000000,0.000000,0.000000
-100.000000,-200.000000,0.000000,0.000000,-6185.000000,0.000000,0.000000
0.000000,-300.000000,0.000000,0.000000,-6196.000000,0.000000,0.000000
0.000000,100.000000,0.000000,0.000000,-6204.000000,0.000000,0.000000
100.000000,0.000000,0.000000,0.000000,-6213.000000,0.000000,-196.000000
0.000000,-300.000000,0.000000,0.000000,-6218.000000,0.000000,0.000000
0.000000,0.000000,0.000000,0.000000,-6226.000000,0.000000,0.000000
0.000000,-200.000000,0.000000,0.000000,-6245.000000,0.000000,0.000000
-300.000000,-100.000000,0.000000,0.000000,-6240.000000,0.000000,0.000000
-100.000000,-300.000000,0.000000,0.000000,-6245.000000,0.000000,0.000000
-200.000000,0.000000,0.000000,0.000000,-6260.000000,0.000000,0.000000
-100.000000,0.000000,0.000000,0.000000,-6256.000000,0.000000,0.000000
100.000000,0.000000,0.000000,0.000000,-6247.000000,0.000000,0.000000
100.000000,-500.000000,0.000000,0.000000,-6272.000000,0.000000,-196.000000
300.000000,0.000000,0.000000,0.000000,-6278.000000,0.000000,0.000000
100.000000,-200.000000,0.000000,0.000000,-6279.000000,0.000000,0.000000
-200.000000,100.000000,0.000000,0.000000,-6300.000000,0.000000,-196.000000
0.000000,-400.000000,0.000000,0.000000,-6297.000000,0.000000,0.000000
300.000000,-200.000000,0.000000,0.000000,-6308.000000,0.000000,0.000000
-200.000000,-200.000000,0.000000,0.000000,-6309.000000,0.000000,0.000000
0.000000,-100.000000,0.000000,0.000000,-6324.000000,0.000000,0.000000
0.000000,0.000000,0.000000,0.000000,-6343.000000,0.000000,0.000000
-200.000000,-100.000000,0.000000,0.000000,-6357.000000,0.000000,0.000000
0.000000,-100.000000,0.000000,0.000000,-6378.000000,0.000000,0.000000
0.000000,0.000000,0.000000,0.000000,-6390.000000,0.000000,0.000000
100.000000,-100.000000,0.000000,0.000000,-6409.000000,0.000000,0.000000
-100.000000,100.000000,0.000000,0.000000,-6412.000000,0.000000,0.000000
0.000000,0.000000,0.000000,0.000000,-6420.000000,0.000000,0.000000
0.000000,0.000000,0.000000,0.000000,-6431.000000,0.000000,0.000000
-100.000000,0.000000,0.000000,0.000000,-6449.000000,0.000000,0.000000
0.000000,0.000000,0.000000,0.000000,-6454.000000,0.000000,0.000000
100.000000,-100.000000,0.000000,0.000000,-6464.000000,0.000000,0.000000
0.000000,-100.000000,0.000000,0.000000,-6465.000000,0.000000,0.000000
0.000000,200.000000,0.000000,0.000000,-6480.000000,0.000000,0.000000
-100.000000,-100.000000,0.000000,0.000000,-6491.000000,0.000000,0.000000
-100.000000,0.000000,0.000000,0.000000,-6498.000000,0.000000,0.000000
0.000000,0.000000,0.000000,0.000000,-6499.000000,0.000000,0.000000
200.000000,-200.000000,0.000000,0.000000,-6514.000000,0.000000,0.000000
0.000000,-100.000000,0.000000,0.000000,-6519.000000,0.000000,0.000000
0.000000,0.000000,0.000000,0.000000,-6516.000000,0.000000,0.000000
-200.000000,-100.000000,0.000000,0.000000,-6514.000000,0.000000,0.000000
0.000000,0.000000,0.000000,0.000000,-6518.000000,0.000000,0.000000
0.000000,-200.000000,0.000000,0.000000,-6520.000000,0.000000,0.000000
0.000000,-100.000000,0.000000,0.000000,-6515.000000,0.000000,0.000000
-100.000000,0.000000,0.000000,0.000000,-6521.000000,0.000000,0.000000
-100.000000,400.000000,156.000000,156.000000,-6519.000000,0.000000,0.000000
100.000000,100.000000,0.000000,0.000000,-6522.000000,0.000000,0.000000
-600.000000,0.000000,0.000000,0.000000,-6519.000000,0.000000,0.000000
0.000000,-200.000000,0.000000,0.000000,-6512.000000,0.000000,0.000000
100.000000,-100.000000,0.000000,0.000000,-6517.000000,0.000000,0.000000
0.000000,-500.000000,0.000000,0.000000,-6520.000000,0.000000,0.000000
0.000000,-100.000000,0.000000,0.000000,-6519.000000,0.000000,0.000000
-200.000000,0.000000,0.000000,0.000000,-6514.000000,0.000000,0.000000
200.000000,0.000000,0.000000,0.000000,-6507.000000,0.000000,0.000000
0.000000,-100.000000,78.000000,78.000000,-6505.000000,0.000000,0.000000
300.000000,21400.000000,20000.000000,20000.000000,-6622.000000,785.000000,785.000000
18500.000000,17700.000000,20000.000000,20000.000000,-6641.000000,3730.000000,3730.000000
19600.000000,20800.000000,20000.000000,20000.000000,-6357.000000,3926.000000,3730.000000
19300.000000,20100.000000,20000.000000,20000.000000,-5577.000000,589.000000,981.000000
17000.000000,19000.000000,20000.000000,20000.000000,-5011.000000,-981.000000,-196.000000
19500.000000,21900.000000,20000.000000,20000.000000,-5170.000000,392.000000,785.000000
17200.000000,22200.000000,20000.000000,20000.000000,-5410.000000,2552.000000,1963.000000
16900.000000,21700.000000,20000.000000,20000.000000,-4393.000000,4123.000000,3337.000000
21400.000000,22000.000000,20000.000000,20000.000000,-3345.000000,4123.000000,3926.000000
20600.000000,22000.000000,20000.000000,20000.000000,-2717.000000,2748.000000,3534.000000
22200.000000,19900.000000,20000.000000,20000.000000,-2241.000000,1570.000000,2356.000000
21900.000000,19700.000000,20000.000000,20000.000000,-1939.000000,2748.000000,2356.000000
17700.000000,18400.000000,20000.000000,20000.000000,-1327.000000,4516.000000,3730.000000
18500.000000,19700.000000,20000.000000,20000.000000,-442.000000,5497.000000,4908.000000
21100.000000,18400.000000,20000.000000,20000.000000,788.000000,4712.000000,5105.000000
18400.000000,19500.000000,20000.000000,20000.000000,1785.000000,3337.000000,4319.000000
18200.000000,23100.000000,20000.000000,20000.000000,2508.000000,3337.000000,3926.000000
18000.000000,17700.000000,20000.000000,20000.000000,3086.000000,4516.000000,4123.000000
17800.000000,18200.000000,20000.000000,20000.000000,3985.000000,5694.000000,4319.000000
21900.000000,18300.000000,20000.000000,20000.000000,5131.000000,5890.000000,4516.000000
18200.000000,18600.000000,20000.000000,20000.000000,6232.000000,5301.000000,4908.000000
18500.000000,19400.000000,20000.000000,20000.000000,7091.000000,4319.000000,4908.000000
21400.000000,18700.000000,20000.000000,20000.000000,7720.000000,3926.000000,4712.000000
18700.000000,17900.000000,20000.000000,20000.000000,8302.000000,4712.000000,4712.000000
19600.000000,19100.000000,20000.000000,20000.000000,9037.000000,5694.000000,5105.000000
18500.000000,18500.000000,20000.000000,20000.000000,10020.000000,5694.000000,5105.000000
22200.000000,18600.000000,20000.000000,20000.000000,10986.000000,5301.000000,4712.000000
18500.000000,19300.000000,20000.000000,20000.000000,11715.000000,4712.000000,4712.000000
18700.000000,18500.000000,20000.000000,20000.000000,12292.000000,4516.000000,4908.000000
18800.000000,21100.000000,20000.000000,20000.000000,12897.000000,4712.000000,5301.000000
21200.000000,19200.000000,20000.000000,20000.000000,13477.000000,4908.000000,4908.000000
18500.000000,18400.000000,20000.000000,20000.000000,14008.000000,4908.000000,4712.000000
18200.000000,21100.000000,20000.000000,20000.000000,14497.000000,4516.000000,3926.000000
18100.000000,18400.000000,20000.000000,20000.000000,15014.000000,4516.000000,3534.000000
18200.000000,18100.000000,20000.000000,20000.000000,15342.000000,4516.000000,4123.000000
20400.000000,21700.000000,20000.000000,20000.000000,15758.000000,4516.000000,4319.000000
21300.000000,18900.000000,20000.000000,20000.000000,16184.000000,4319.000000,4516.000000
18200.000000,18400.000000,20000.000000,20000.000000,16456.000000,3730.000000,4319.000000
18100.000000,18500.000000,20000.000000,20000.000000,16471.000000,3730.000000,3730.000000
18100.000000,20300.000000,20000.000000,20000.000000,16493.000000,3730.000000,3534.000000
22400.000000,22700.000000,20000.000000,20000.000000,16590.000000,3926.000000,3141.000000
18400.000000,22000.000000,20000.000000,20000.000000,16557.000000,4123.000000,3534.000000
17700.000000,21900.000000,20000.000000,20000.000000,16369.000000,3730.000000,3730.000000
18100.000000,22300.000000,20000.000000,20000.000000,16280.000000,3534.000000,3534.000000
21700.000000,19200.000000,20000.000000,20000.000000,16199.000000,3141.000000,3141.000000
19100.000000,18200.000000,20000.000000,20000.000000,15932.000000,3141.000000,3141.000000
18000.000000,21500.000000,20000.000000,20000.000000,15591.000000,3337.000000,3141.000000
21800.000000,18300.000000,20000.000000,20000.000000,15282.000000,3337.000000,3337.000000
21400.000000,19700.000000,20000.000000,20000.000000,14975.000000,3141.000000,3534.000000
18000.000000,20400.000000,20000.000000,20000.000000,14368.000000,3337.000000,3337.000000
21900.000000,18200.000000,20000.000000,20000.000000,13851.000000,3141.000000,2945.000000
17900.000000,21700.000000,20000.000000,20000.000000,13352.000000,3337.000000,2945.000000
22000.000000,19000.000000,20000.000000,20000.000000,12786.000000,3534.000000,3337.000000
19400.000000,17900.000000,20000.000000,20000.000000,12172.000000,3730.000000,3534.000000
17800.000000,18700.000000,20000.000000,20000.000000,11689.000000,3337.000000,3534.000000
18100.000000,22700.000000,20000.000000,20000.000000,11020.000000,3534.000000,3534.000000
21300.000000,18900.000000,20000.000000,20000.000000,10297.000000,3337.000000,3534.000000
22000.000000,18400.000000,20000.000000,20000.000000,9646.000000,3926.000000,3926.000000
21800.000000,18400.000000,20000.000000,20000.000000,9096.000000,4123.000000,4123.000000
21700.000000,18500.000000,20000.000000,20000.000000,8378.000000,4123.000000,3926.000000
18700.000000,18100.000000,20000.000000,20000.000000,7667.000000,4516.000000,3730.000000
18100.000000,18300.000000,20000.000000,20000.000000,7024.000000,4712.000000,3534.000000
17700.000000,21500.000000,20000.000000,20000.000000,6472.000000,5105.000000,4123.000000
20200.000000,18500.000000,20000.000000,20000.000000,5850.000000,5497.000000,4712.000000
18500.000000,18800.000000,20000.000000,20000.000000,5304.000000,5301.000000,5497.000000
19200.000000,21900.000000,20000.000000,20000.000000,4838.000000,5497.000000,5890.000000
19000.000000,18900.000000,0.000000,0.000000,4337.000000,5301.000000,5694.000000
0.000000,-100.000000,0.000000,0.000000,3893.000000,2945.000000,2356.000000
0.000000,100.000000,0.000000,0.000000,3327.000000,2552.000000,1374.000000
0.000000,0.000000,0.000000,0.000000,2603.000000,2748.000000,2356.000000
-100.000000,0.000000,0.000000,0.000000,1498.000000,4908.000000,5694.000000
100.000000,0.000000,0.000000,0.000000,711.000000,7461.000000,8050.000000
0.000000,0.000000,0.000000,0.000000,-230.000000,8050.000000,7657.000000
200.000000,300.000000,0.000000,0.000000,-1163.000000,7657.000000,6479.000000
0.000000,0.000000,0.000000,0.000000,-1837.000000,6675.000000,4319.000000
0.000000,0.000000,0.000000,0.000000,-1837.000000,5105.000000,3337.000000
-100.000000,100.000000,0.000000,0.000000,-2408.000000,4319.000000,2945.000000
0.000000,0.000000,0.000000,0.000000,-3383.000000,4123.000000,3534.000000
100.000000,-100.000000,0.000000,0.000000,-4114.000000,4123.000000,5497.000000
100.000000,200.000000,0.000000,0.000000,-4325.000000,3926.000000,6872.000000
0.000000,0.000000,0.000000,0.000000,-5178.000000,4712.000000,6872.000000
0.000000,0.000000,0.000000,0.000000,-6002.000000,6283.000000,7264.000000
200.000000,100.000000,0.000000,0.000000,-6301.000000,7264.000000,5890.000000
0.000000,0.000000,0.000000,0.000000,-6936.000000,7068.000000,5301.000000
0.000000,0.000000,0.000000,0.000000,-7656.000000,7264.000000,4712.000000
0.000000,0.000000,0.000000,0.000000,-7920.000000,6675.000000,4908.000000
0.000000,0.000000,0.000000,0.000000,-8185.000000,6283.000000,4319.000000
0.000000,0.000000,0.000000,0.000000,-8728.000000,6086.000000,5105.000000
-100.000000,-100.000000,0.000000,0.000000,-9267.000000,6086.000000,6283.000000
0.000000,0.000000,0.000000,0.000000,-9554.000000,5890.000000,7461.000000
100.000000,100.000000,0.000000,0.000000,-9813.000000,5497.000000,7461.000000
100.000000,0.000000,0.000000,0.000000,-10199.000000,5694.000000,6479.000000
0.000000,100.000000,0.000000,0.000000,-10502.000000,6675.000000,6872.000000
0.000000,0.000000,0.000000,0.000000,-10670.000000,7853.000000,8443.000000
200.000000,0.000000,0.000000,0.000000,-10804.000000,8639.000000,8443.000000
100.000000,0.000000,0.000000,0.000000,-11074.000000,8639.000000,6086.000000
0.000000,200.000000,0.000000,0.000000,-10918.000000,8246.000000,6086.000000
100.000000,0.000000,0.000000,0.000000,-10740.000000,7853.000000,6086.000000
100.000000,0.000000,0.000000,0.000000,-10787.000000,7853.000000,6872.000000
0.000000,0.000000,0.000000,0.000000,-10804.000000,7853.000000,7657.000000
0.000000,0.000000,0.000000,0.000000,-10571.000000,7657.000000,8443.000000
0.000000,-100.000000,0.000000,0.000000,-10365.000000,7264.000000,8050.000000
0.000000,0.000000,0.000000,0.000000,-10328.000000,7461.000000,7461.000000
0.000000,300.000000,0.000000,0.000000,-10064.000000,7853.000000,7657.000000
100.000000,0.000000,0.000000,0.000000,-9594.000000,8835.000000,6675.000000
100.000000,-100.000000,0.000000,0.000000,-9295.000000,8835.000000,6283.000000
0.000000,0.000000,0.000000,0.000000,-8950.000000,8639.000000,7461.000000
-100.000000,0.000000,0.000000,0.000000,-8485.000000,8443.000000,8050.000000
0.000000,0.000000,0.000000,0.000000,-8022.000000,8443.000000,8443.000000
0.000000,-100.000000,0.000000,0.000000,-7743.000000,8443.000000,8246.000000
100.000000,0.000000,0.000000,0.000000,-7374.000000,8050.000000,7264.000000
-100.000000,200.000000,0.000000,0.000000,-6989.000000,8443.000000,6872.000000
0.000000,0.000000,0.000000,0.000000,-6514.000000,8443.000000,6086.000000
300.000000,100.000000,0.000000,0.000000,-6073.000000,8639.000000,7068.000000
0.000000,0.000000,0.000000,0.000000,-5645.000000,8443.000000,6872.000000
300.000000,-100.000000,0.000000,0.000000,-5232.000000,8246.000000,7068.000000
0.000000,400.000000,0.000000,0.000000,-4838.000000,8246.000000,7264.000000
0.000000,-100.000000,0.000000,0.000000,-4359.000000,8050.000000,7461.000000
-100.000000,0.000000,0.000000,0.000000,-3970.000000,7853.000000,7461.000000
0.000000,0.000000,0.000000,0.000000,-3646.000000,7657.000000,7068.000000
-100.000000,200.000000,0.000000,0.000000,-3229.000000,7461.000000,6872.000000
0.000000,100.000000,0.000000,0.000000,-2845.000000,7264.000000,6675.000000
0.000000,0.000000,0.000000,0.000000,-2600.000000,7461.000000,6283.000000
0.000000,0.000000,0.000000,0.000000,-2421.000000,7068.000000,6283.000000
-200.000000,100.000000,0.000000,0.000000,-2144.000000,7068.000000,6086.000000
0.000000,400.000000,0.000000,0.000000,-1955.000000,7264.000000,5890.000000
100.000000,-100.000000,0.000000,0.000000,-1942.000000,6872.000000,5694.000000
0.000000,-100.000000,0.000000,0.000000,-1785.000000,6872.000000,4908.000000
-100.000000,0.000000,0.000000,0.000000,-1655.000000,6675.000000,4908.000000
0.000000,200.000000,0.000000,0.000000,-1628.000000,6675.000000,5497.000000
0.000000,-200.000000,0.000000,0.000000,-1653.000000,6283.000000,5497.000000
0.000000,300.000000,0.000000,0.000000,-1627.000000,6283.000000,5105.000000
-100.000000,0.000000,0.000000,0.000000,-1706.000000,6086.000000,5105.000000
200.000000,100.000000,0.000000,0.000000,-1899.000000,5694.000000,4712.000000
-500.000000,-100.000000,0.000000,0.000000,-2074.000000,5497.000000,4516.000000
0.000000,100.000000,0.000000,0.000000,-2242.000000,5301.000000,4319.000000
0.000000,100.000000,0.000000,0.000000,-2500.000000,5301.000000,4319.000000
0.000000,0.000000,0.000000,0.000000,-2737.000000,5105.000000,3926.000000
0.000000,0.000000,0.000000,0.000000,-3043.000000,5105.000000,3926.000000
100.000000,0.000000,0.000000,0.000000,-3443.000000,5105.000000,3730.000000
100.000000,0.000000,0.000000,0.000000,-3776.000000,4908.000000,3534.000000
0.000000,0.000000,0.000000,0.000000,-4151.000000,5105.000000,3337.000000
0.000000,0.000000,0.000000,0.000000,-4571.000000,5105.000000,3337.000000
100.000000,100.000000,0.000000,0.000000,-5004.000000,4908.000000,3926.000000
0.000000,-100.000000,0.000000,0.000000,-5422.000000,5105.000000,3926.000000
0.000000,300.000000,0.000000,0.000000,-5894.000000,4712.000000,3926.000000
0.000000,100.000000,0.000000,0.000000,-6409.000000,4908.000000,3534.000000
-100.000000,0.000000,0.000000,0.000000,-6828.000000,4516.000000,3141.000000
-100.000000,0.000000,0.000000,0.000000,-7278.000000,4712.000000,3141.000000
100.000000,200.000000,0.000000,0.000000,-7798.000000,4712.000000,3337.000000
0.000000,100.000000,0.000000,0.000000,-8302.000000,4712.000000,3730.000000
-100.000000,0.000000,0.000000,0.000000,-8771.000000,4908.000000,3926.000000
100.000000,-100.000000,0.000000,0.000000,-9261.000000,4908.000000,3926.000000
0.000000,200.000000,0.000000,0.000000,-9789.000000,4908.000000,3730.000000
0.000000,0.000000,0.000000,0.000000,-10220.000000,4908.000000,3337.000000
-100.000000,-100.000000,0.000000,0.000000,-10580.000000,5105.000000,3534.000000
-100.000000,0.000000,0.000000,0.000000,-10948.000000,5301.000000,3534.000000
200.000000,-100.000000,0.000000,0.000000,-11222.000000,5301.000000,3534.000000
0.000000,0.000000,0.000000,0.000000,-11407.000000,5301.000000,3926.000000
0.000000,-100.000000,0.000000,0.000000,-11649.000000,5105.000000,4319.000000
0.000000,0.000000,0.000000,0.000000,-11877.000000,5105.000000,4516.000000
0.000000,-300.000000,0.000000,0.000000,-12063.000000,5497.000000,4516.000000
0.000000,-100.000000,0.000000,0.000000,-12219.000000,5890.000000,4516.000000
-100.000000,0.000000,0.000000,0.000000,-12404.000000,6283.000000,4516.000000
0.000000,0.000000,0.000000,0.000000,-12476.000000,5890.000000,4516.000000
0.000000,0.000000,0.000000,0.000000,-12507.000000,5694.000000,4319.000000
-100.000000,0.000000,0.000000,0.000000,-12487.000000,5890.000000,4123.000000
-100.000000,-100.000000,0.000000,0.000000,-12471.000000,6086.000000,4123.000000
0.000000,200.000000,0.000000,0.000000,-12484.000000,6086.000000,5301.000000
0.000000,-100.000000,0.000000,0.000000,-12366.000000,6479.000000,5497.000000
0.000000,0.000000,0.000000,0.000000,-12237.000000,6675.000000,5301.000000
0.000000,100.000000,0.000000,0.000000,-12108.000000,6479.000000,5105.000000
100.000000,0.000000,0.000000,0.000000,-11902.000000,6479.000000,5105.000000
-100.000000,0.000000,0.000000,0.000000,-11689.000000,6675.000000,5301.000000
0.000000,0.000000,0.000000,0.000000,-11492.000000,6675.000000,4908.000000
-100.000000,200.000000,0.000000,0.000000,-11300.000000,6872.000000,4712.000000
0.000000,200.000000,0.000000,0.000000,-10970.000000,6675.000000,4908.000000
100.000000,0.000000,0.000000,0.000000,-10583.000000,6675.000000,4516.000000
0.000000,0.000000,0.000000,0.000000,-10257.000000,6675.000000,5497.000000
0.000000,200.000000,0.000000,0.000000,-9875.000000,6675.000000,5105.000000
0.000000,-100.000000,0.000000,0.000000,-9482.000000,6675.000000,5105.000000
100.000000,0.000000,0.000000,0.000000,-9122.000000,6872.000000,5105.000000
0.000000,200.000000,0.000000,0.000000,-8665.000000,6872.000000,4908.000000
200.000000,0.000000,0.000000,0.000000,-8172.000000,6872.000000,5105.000000
100.000000,-100.000000,0.000000,0.000000,-7754.000000,6675.000000,5301.000000
0.000000,0.000000,0.000000,0.000000,-7432.000000,6872.000000,5105.000000
0.000000,0.000000,0.000000,0.000000,-7045.000000,6675.000000,5105.000000
0.000000,200.000000,0.000000,0.000000,-6657.000000,6479.000000,4908.000000
0.000000,0.000000,0.000000,0.000000,-6403.000000,6479.000000,5105.000000
100.000000,0.000000,0.000000,0.000000,-6046.000000,6283.000000,4908.000000
0.000000,-100.000000,0.000000,0.000000,-5719.000000,6086.000000,4908.000000
0.000000,-100.000000,0.000000,0.000000,-5455.000000,6086.000000,4908.000000
0.000000,300.000000,0.000000,0.000000,-5233.000000,6086.000000,4908.000000
100.000000,0.000000,0.000000,0.000000,-4922.000000,5890.000000,4712.000000
200.000000,0.000000,0.000000,0.000000,-4722.000000,6086.000000,4516.000000
0.000000,100.000000,0.000000,0.000000,-4617.000000,6086.000000,4712.000000
-100.000000,0.000000,0.000000,0.000000,-4449.000000,5890.000000,4516.000000
0.000000,0.000000,0.000000,0.000000,-4279.000000,5694.000000,3730.000000
100.000000,-200.000000,0.000000,0.000000,-4172.000000,5497.000000,3534.000000
100.000000,-100.000000,0.000000,0.000000,-4103.000000,5497.000000,3730.000000
0.000000,0.000000,0.000000,0.000000,-4023.000000,5301.000000,3926.000000
100.000000,-100.000000,0.000000,0.000000,-3890.000000,5105.000000,3730.000000
-100.000000,0.000000,0.000000,0.000000,-3889.000000,4908.000000,3534.000000
100.000000,0.000000,0.000000,0.000000,-3927.000000,4712.000000,3534.000000
0.000000,200.000000,0.000000,0.000000,-3988.000000,4712.000000,3337.000000
200.000000,-100.000000,0.000000,0.000000,-4073.000000,4319.000000,3141.000000
0.000000,-100.000000,0.000000,0.000000,-4233.000000,4319.000000,3141.000000
100.000000,0.000000,0.000000,0.000000,-4434.000000,4123.000000,2945.000000
200.000000,200.000000,0.000000,0.000000,-4605.000000,4123.000000,2945.000000
0.000000,-100.000000,0.000000,0.000000,-4767.000000,3926.000000,2945.000000
-100.000000,200.000000,0.000000,0.000000,-5019.000000,3926.000000,2748.000000
0.000000,-100.000000,0.000000,0.000000,-5267.000000,3926.000000,2748.000000
0.000000,-200.000000,0.000000,0.000000,-5510.000000,3926.000000,2552.000000
-100.000000,0.000000,0.000000,0.000000,-5710.000000,4123.000000,2552.000000
0.000000,-200.000000,0.000000,0.000000,-6024.000000,4123.000000,2552.000000
0.000000,0.000000,0.000000,0.000000,-6359.000000,4123.000000,2552.000000
0.000000,0.000000,0.000000,0.000000,-6687.000000,3730.000000,2159.000000
0.000000,0.000000,0.000000,0.000000,-7008.000000,3926.000000,2356.000000
0.000000,0.000000,0.000000,0.000000,-7388.000000,3730.000000,2356.000000
200.000000,0.000000,0.000000,0.000000,-7746.000000,3926.000000,2159.000000
200.000000,-100.000000,0.000000,0.000000,-8051.000000,3730.000000,2159.000000
0.000000,100.000000,0.000000,0.000000,-8349.000000,3730.000000,2748.000000
0.000000,100.000000,0.000000,0.000000,-8720.000000,3926.000000,3337.000000
200.000000,-100.000000,0.000000,0.000000,-9003.000000,3926.000000,2552.000000
200.000000,0.000000,0.000000,0.000000,-9201.000000,4123.000000,2552.000000
200.000000,100.000000,0.000000,0.000000,-9503.000000,4123.000000,2552.000000
100.000000,-100.000000,0.000000,0.000000,-9766.000000,4319.000000,2552.000000
0.000000,0.000000,0.000000,0.000000,-10028.000000,4319.000000,2748.000000
100.000000,-100.000000,78.000000,78.000000,-10223.000000,4319.000000,2945.000000
-100.000000,-100.000000,0.000000,0.000000,-10452.000000,4123.000000,2945.000000
0.000000,0.000000,0.000000,0.000000,-10684.000000,4319.000000,2945.000000
200.000000,0.000000,0.000000,0.000000,-10821.000000,4123.000000,3141.000000
0.000000,-100.000000,0.000000,0.000000,-10991.000000,4516.000000,3141.000000
0.000000,100.000000,0.000000,0.000000,-11146.000000,4712.000000,3337.000000
0.000000,0.000000,156.000000,156.000000,-11207.000000,4908.000000,3141.000000
0.000000,100.000000,0.000000,0.000000,-11285.000000,5105.000000,3141.000000
0.000000,0.000000,0.000000,0.000000,-11326.000000,4908.000000,3141.000000
0.000000,200.000000,0.000000,0.000000,-11328.000000,4908.000000,3534.000000
100.000000,100.000000,0.000000,0.000000,-11249.000000,4712.000000,3534.000000
-800.000000,-300.000000,78.000000,78.000000,-11254.000000,4712.000000,3730.000000
-200.000000,0.000000,0.000000,0.000000,-11138.000000,4908.000000,3730.000000
0.000000,0.000000,0.000000,0.000000,-11021.000000,5301.000000,4123.000000
100.000000,0.000000,0.000000,0.000000,-10867.000000,5694.000000,4123.000000
0.000000,0.000000,0.000000,0.000000,-10705.000000,5497.000000,3926.000000
0.000000,100.000000,0.000000,0.000000,-10531.000000,5497.000000,4123.000000
100.000000,-100.000000,0.000000,0.000000,-10234.000000,5497.000000,3926.000000
-100.000000,100.000000,0.000000,0.000000,-9944.000000,5301.000000,3926.000000
0.000000,200.000000,0.000000,0.000000,-9717.000000,5105.000000,3926.000000
0.000000,0.000000,0.000000,0.000000,-9444.000000,4908.000000,3534.000000
0.000000,0.000000,0.000000,0.000000,-9127.000000,5301.000000,3534.000000
100.000000,0.000000,0.000000,0.000000,-8793.000000,5301.000000,4123.000000
0.000000,-100.000000,0.000000,0.000000,-8488.000000,5497.000000,4123.000000
0.000000,-100.000000,0.000000,0.000000,-8155.000000,5694.000000,4123.000000
0.000000,200.000000,0.000000,0.000000,-7790.000000,5497.000000,3926.000000
0.000000,-200.000000,0.000000,0.000000,-7456.000000,5694.000000,3926.000000
-200.000000,300.000000,0.000000,0.000000,-7155.000000,5497.000000,3730.000000
0.000000,0.000000,0.000000,0.000000,-6851.000000,5301.000000,3730.000000
-100.000000,-100.000000,0.000000,0.000000,-6477.000000,5497.000000,3534.000000
0.000000,300.000000,0.000000,0.000000,-6187.000000,5105.000000,3926.000000
100.000000,0.000000,0.000000,0.000000,-5925.000000,5301.000000,3730.000000
0.000000,-100.000000,0.000000,0.000000,-5605.000000,5105.000000,3141.000000
0.000000,300.000000,0.000000,0.000000,-5281.000000,5105.000000,2945.000000
0.000000,0.000000,0.000000,0.000000,-5030.000000,5105.000000,2945.000000
0.000000,0.000000,0.000000,0.000000,-4814.000000,4908.000000,2552.000000
0.000000,0.000000,0.000000,0.000000,-4603.000000,4908.000000,2748.000000
-100.000000,-100.000000,0.000000,0.000000,-4426.000000,4712.000000,2748.000000
-200.000000,100.000000,0.000000,0.000000,-4269.000000,4712.000000,2748.000000
0.000000,100.000000,0.000000,0.000000,-4123.000000,4516.000000,2552.000000
0.000000,100.000000,0.000000,0.000000,-4001.000000,4319.000000,2159.000000
100.000000,-100.000000,0.000000,0.000000,-3893.000000,4319.000000,2159.000000
0.000000,0.000000,0.000000,0.000000,-3817.000000,4123.000000,2159.000000
100.000000,300.000000,0.000000,0.000000,-3794.000000,4123.000000,1963.000000
0.000000,0.000000,0.000000,0.000000,-3783.000000,3730.000000,1767.000000
0.000000,100.000000,0.000000,0.000000,-3774.000000,3926.000000,1963.000000
0.000000,0.000000,0.000000,0.000000,-3817.000000,3534.000000,1767.000000
100.000000,-400.000000,0.000000,0.000000,-3882.000000,3534.000000,1767.000000
0.000000,-300.000000,0.000000,0.000000,-3955.000000,3337.000000,1767.000000
0.000000,0.000000,0.000000,0.000000,-4116.000000,3141.000000,1570.000000
0.000000,0.000000,0.000000,0.000000,-4278.000000,3337.000000,1570.000000
0.000000,-400.000000,0.000000,0.000000,-4407.000000,3141.000000,1374.000000
100.000000,0.000000,0.000000,0.000000,-4598.000000,2945.000000,1178.000000
0.000000,0.000000,0.000000,0.000000,-4807.000000,3141.000000,1178.000000
0.000000,0.000000,0.000000,0.000000,-5053.000000,2748.000000,981.000000
0.000000,100.000000,0.000000,0.000000,-5298.000000,2945.000000,785.000000
0.000000,0.000000,0.000000,0.000000,-5534.000000,2748.000000,785.000000
-100.000000,0.000000,0.000000,0.000000,-5780.000000,2552.000000,785.000000
0.000000,0.000000,0.000000,0.000000,-6045.000000,2748.000000,785.000000
100.000000,0.000000,0.000000,0.000000,-6314.000000,2748.000000,785.000000
0.000000,200.000000,0.000000,0.000000,-6564.000000,2748.000000,981.000000
100.000000,0.000000,0.000000,0.000000,-6818.000000,2748.000000,981.000000
-100.000000,0.000000,0.000000,0.000000,-7084.000000,2748.000000,981.000000
0.000000,200.000000,0.000000,0.000000,-7347.000000,2748.000000,981.000000
-100.000000,100.000000,78.000000,78.000000,-7647.000000,2748.000000,785.000000
100.000000,200.000000,0.000000,0.000000,-7939.000000,2552.000000,785.000000
0.000000,-200.000000,0.000000,0.000000,-8213.000000,2552.000000,785.000000
0.000000,0.000000,0.000000,0.000000,-8516.000000,2748.000000,981.000000
0.000000,100.000000,0.000000,0.000000,-8792.000000,2748.000000,785.000000
0.000000,-100.000000,0.000000,0.000000,-9077.000000,2945.000000,981.000000
0.000000,0.000000,0.000000,0.000000,-9311.000000,2945.000000,1178.000000
-100.000000,-100.000000,0.000000,0.000000,-9521.000000,3141.000000,1178.000000
0.000000,-100.000000,0.000000,0.000000,-9693.000000,3141.000000,1374.000000
0.000000,0.000000,0.000000,0.000000,-9888.000000,3141.000000,1178.000000
100.000000,0.000000,0.000000,0.000000,-10036.000000,3141.000000,1374.000000
100.000000,-200.000000,0.000000,0.000000,-10167.000000,3141.000000,1374.000000
-200.000000,0.000000,0.000000,0.000000,-10275.000000,3141.000000,1374.000000
200.000000,0.000000,0.000000,0.000000,-10374.000000,3141.000000,1570.000000
0.000000,0.000000,0.000000,0.000000,-10423.000000,3337.000000,1767.000000
-100.000000,300.000000,0.000000,0.000000,-10414.000000,3337.000000,1767.000000
0.000000,-100.000000,0.000000,0.000000,-10385.000000,3534.000000,1767.000000
0.000000,100.000000,78.000000,78.000000,-10337.000000,3730.000000,1767.000000
0.000000,0.000000,0.000000,0.000000,-10269.000000,3534.000000,1767.000000
100.000000,0.000000,0.000000,0.000000,-10181.000000,3730.000000,1963.000000
-100.000000,0.000000,0.000000,0.000000,-10082.000000,3730.000000,1963.000000
200.000000,0.000000,0.000000,0.000000,-9952.000000,3926.000000,1963.000000
200.000000,200.000000,0.000000,0.000000,-9838.000000,3730.000000,2159.000000
100.000000,200.000000,0.000000,0.000000,-9678.000000,3534.000000,2159.000000
100.000000,-100.000000,0.000000,0.000000,-9487.000000,3730.000000,2356.000000
-200.000000,300.000000,0.000000,0.000000,-9323.000000,3534.000000,2159.000000
-100.000000,300.000000,0.000000,0.000000,-9145.000000,3730.000000,2552.000000
100.000000,0.000000,0.000000,0.000000,-8940.000000,3926.000000,2356.000000
0.000000,0.000000,0.000000,0.000000,-8725.000000,3926.000000,2552.000000
0.000000,100.000000,0.000000,0.000000,-8496.000000,3926.000000,2748.000000
0.000000,0.000000,0.000000,0.000000,-8255.000000,3926.000000,2552.000000
0.000000,200.000000,0.000000,0.000000,-7982.000000,3730.000000,2356.000000
0.000000,200.000000,0.000000,0.000000,-7697.000000,3730.000000,2159.000000
-100.000000,0.000000,0.000000,0.000000,-7416.000000,3534.000000,1963.000000
100.000000,-100.000000,0.000000,0.000000,-7124.000000,3337.000000,1963.000000
0.000000,200.000000,0.000000,0.000000,-6840.000000,3337.000000,2159.000000
100.000000,100.000000,0.000000,0.000000,-6552.000000,3337.000000,2159.000000
-100.000000,200.000000,0.000000,0.000000,-6270.000000,3141.000000,2159.000000
100.000000,300.000000,0.000000,0.000000,-6036.000000,3141.000000,2159.000000
200.000000,0.000000,0.000000,0.000000,-5819.000000,3141.000000,2356.000000
-100.000000,0.000000,0.000000,0.000000,-5598.000000,3141.000000,2159.000000
-100.000000,0.000000,0.000000,0.000000,-5404.000000,2945.000000,2159.000000
-100.000000,0.000000,0.000000,0.000000,-5234.000000,2945.000000,2159.000000
-100.000000,100.000000,0.000000,0.000000,-5081.000000,2945.000000,1963.000000
0.000000,100.000000,0.000000,0.000000,-4928.000000,2748.000000,1963.000000
-100.000000,200.000000,0.000000,0.000000,-4775.000000,2552.000000,1767.000000
0.000000,0.000000,0.000000,0.000000,-4612.000000,2356.000000,1767.000000
0.000000,100.000000,0.000000,0.000000,-4503.000000,2356.000000,1570.000000
100.000000,0.000000,0.000000,0.000000,-4422.000000,1963.000000,1570.000000
200.000000,0.000000,0.000000,0.000000,-4353.000000,2159.000000,1374.000000
100.000000,0.000000,0.000000,0.000000,-4324.000000,1767.000000,1178.000000
-300.000000,0.000000,0.000000,0.000000,-4318.000000,1570.000000,1374.000000
-200.000000,-100.000000,0.000000,0.000000,-4305.000000,1570.000000,1178.000000
0.000000,0.000000,0.000000,0.000000,-4327.000000,1374.000000,981.000000
-200.000000,0.000000,0.000000,0.000000,-4388.000000,1374.000000,1178.000000
100.000000,-200.000000,0.000000,0.000000,-4460.000000,1178.000000,981.000000
-200.000000,0.000000,0.000000,0.000000,-4533.000000,981.000000,785.000000
-200.000000,100.000000,0.000000,0.000000,-4633.000000,785.000000,785.000000
200.000000,200.000000,0.000000,0.000000,-4787.000000,785.000000,589.000000
-100.000000,200.000000,0.000000,0.000000,-4934.000000,589.000000,785.000000
0.000000,0.000000,0.000000,0.000000,-5100.000000,589.000000,392.000000
-300.000000,0.000000,0.000000,0.000000,-5293.000000,589.000000,392.000000
0.000000,-200.000000,0.000000,0.000000,-5499.000000,392.000000,392.000000
0.000000,0.000000,0.000000,0.000000,-5705.000000,196.000000,589.000000
-100.000000,0.000000,0.000000,0.000000,-5923.000000,392.000000,392.000000
100.000000,-1100.000000,0.000000,0.000000,-6166.000000,196.000000,392.000000
300.000000,0.000000,0.000000,0.000000,-6430.000000,392.000000,392.000000
0.000000,-100.000000,0.000000,0.000000,-6660.000000,392.000000,196.000000
-100.000000,-200.000000,0.000000,0.000000,-6933.000000,392.000000,392.000000
0.000000,-100.000000,0.000000,0.000000,-7207.000000,392.000000,392.000000
100.000000,0.000000,156.000000,156.000000,-7444.000000,589.000000,196.000000
200.000000,200.000000,0.000000,0.000000,-7705.000000,392.000000,392.000000
0.000000,-200.000000,0.000000,0.000000,-7948.000000,392.000000,196.000000
100.000000,0.000000,0.000000,0.000000,-8199.000000,196.000000,196.000000
100.000000,0.000000,0.000000,0.000000,-8430.000000,392.000000,196.000000
0.000000,0.000000,0.000000,0.000000,-8653.000000,196.000000,196.000000
0.000000,-200.000000,0.000000,0.000000,-8886.000000,196.000000,589.000000
0.000000,200.000000,0.000000,0.000000,-9102.000000,589.000000,589.000000
-300.000000,0.000000,0.000000,0.000000,-9266.000000,785.000000,589.000000
0.000000,0.000000,0.000000,0.000000,-9450.000000,785.000000,392.000000
0.000000,0.000000,0.000000,0.000000,-9609.000000,785.000000,392.000000
100.000000,0.000000,0.000000,0.000000,-9735.000000,785.000000,392.000000
0.000000,100.000000,0.000000,0.000000,-9847.000000,589.000000,589.000000
100.000000,100.000000,0.000000,0.000000,-9953.000000,785.000000,589.000000
0.000000,0.000000,156.000000,156.000000,-10037.000000,785.000000,589.000000
0.000000,400.000000,0.000000,0.000000,-10089.000000,981.000000,785.000000
0.000000,0.000000,0.000000,0.000000,-10130.000000,1178.000000,785.000000
100.000000,200.000000,0.000000,0.000000,-10140.000000,1178.000000,785.000000
-100.000000,-200.000000,0.000000,0.000000,-10117.000000,1178.000000,785.000000
-100.000000,0.000000,0.000000,0.000000,-10089.000000,1178.000000,981.000000
0.000000,0.000000,0.000000,0.000000,-10012.000000,1374.000000,981.000000
300.000000,0.000000,0.000000,0.000000,-9963.000000,1178.000000,785.000000
0.000000,0.000000,0.000000,0.000000,-9859.000000,1374.000000,981.000000
-100.000000,200.000000,0.000000,0.000000,-9719.000000,1374.000000,785.000000
0.000000,-100.000000,0.000000,0.000000,-9586.000000,1570.000000,981.000000
-100.000000,200.000000,0.000000,0.000000,-9439.000000,1570.000000,1178.000000
0.000000,-400.000000,0.000000,0.000000,-9259.000000,1570.000000,1178.000000
-100.000000,200.000000,0.000000,0.000000,-9077.000000,1374.000000,1374.000000
-100.000000,-100.000000,0.000000,0.000000,-8890.000000,1570.000000,1570.000000
0.000000,-300.000000,0.000000,0.000000,-8679.000000,1374.000000,1178.000000
-100.000000,0.000000,0.000000,0.000000,-8473.000000,1374.000000,1570.000000
-100.000000,0.000000,0.000000,0.000000,-8263.000000,1374.000000,1374.000000
-200.000000,0.000000,0.000000,0.000000,-8036.000000,1374.000000,1374.000000
0.000000,100.000000,0.000000,0.000000,-7811.000000,1374.000000,1178.000000
0.000000,-100.000000,0.000000,0.000000,-7587.000000,1374.000000,1178.000000
200.000000,0.000000,0.000000,0.000000,-7368.000000,1570.000000,1374.000000
0.000000,0.000000,0.000000,0.000000,-7125.000000,1374.000000,1178.000000
0.000000,-100.000000,0.000000,0.000000,-6877.000000,1178.000000,1178.000000
0.000000,300.000000,0.000000,0.000000,-6653.000000,1178.000000,1178.000000
-100.000000,300.000000,0.000000,0.000000,-6419.000000,1178.000000,1178.000000
0.000000,0.000000,0.000000,0.000000,-6204.000000,1178.000000,1178.000000
-100.000000,0.000000,0.000000,0.000000,-6013.000000,981.000000,981.000000
100.000000,0.000000,0.000000,0.000000,-5813.000000,785.000000,981.000000
200.000000,-100.000000,0.000000,0.000000,-5610.000000,981.000000,785.000000
-100.000000,300.000000,0.000000,0.000000,-5443.000000,785.000000,981.000000
0.000000,300.000000,0.000000,0.000000,-5285.000000,589.000000,589.000000
100.000000,0.000000,0.000000,0.000000,-5133.000000,785.000000,589.000000
200.000000,100.000000,0.000000,0.000000,-5011.000000,392.000000,589.000000
-200.000000,0.000000,0.000000,0.000000,-4904.000000,589.000000,589.000000
0.000000,100.000000,0.000000,0.000000,-4809.000000,392.000000,392.000000
-100.000000,0.000000,0.000000,0.000000,-4753.000000,392.000000,392.000000
-100.000000,-200.000000,0.000000,0.000000,-4706.000000,196.000000,392.000000
0.000000,0.000000,0.000000,0.000000,-4678.000000,196.000000,196.000000
100.000000,0.000000,0.000000,0.000000,-4672.000000,0.000000,196.000000
0.000000,300.000000,0.000000,0.000000,-4689.000000,0.000000,196.000000
0.000000,0.000000,0.000000,0.000000,-4732.000000,0.000000,196.000000
0.000000,-100.000000,0.000000,0.000000,-4761.000000,0.000000,0.000000
0.000000,0.000000,0.000000,0.000000,-4814.000000,0.000000,-196.000000
-100.000000,0.000000,0.000000,0.000000,-4894.000000,0.000000,0.000000
-200.000000,0.000000,0.000000,0.000000,-4994.000000,0.000000,196.000000
-200.000000,-200.000000,0.000000,0.000000,-5089.000000,0.000000,0.000000
-100.000000,100.000000,0.000000,0.000000,-5204.000000,0.000000,0.000000
0.000000,-300.000000,0.000000,0.000000,-5355.000000,-392.000000,0.000000
0.000000,0.000000,0.000000,0.000000,-5520.000000,0.000000,0.000000
0.000000,100.000000,0.000000,0.000000,-5663.000000,0.000000,-196.000000
0.000000,300.000000,0.000000,0.000000,-5805.000000,-196.000000,-196.000000
0.000000,300.000000,0.000000,0.000000,-5957.000000,-392.000000,0.000000
-100.000000,200.000000,0.000000,0.000000,-6106.000000,-589.000000,0.000000
-300.000000,-100.000000,0.000000,0.000000,-6263.000000,-785.000000,0.000000
300.000000,200.000000,0.000000,0.000000,-6451.000000,-785.000000,-196.000000
200.000000,100.000000,0.000000,0.000000,-6645.000000,-589.000000,-392.000000
200.000000,400.000000,0.000000,0.000000,-6793.000000,-589.000000,-589.000000
-200.000000,0.000000,0.000000,0.000000,-6887.000000,-392.000000,-785.000000
0.000000,100.000000,0.000000,0.000000,-7068.000000,-392.000000,-785.000000
-200.000000,100.000000,0.000000,0.000000,-7226.000000,-196.000000,-589.000000
0.000000,100.000000,0.000000,0.000000,-7330.000000,0.000000,-392.000000
0.000000,-400.000000,0.000000,0.000000,-7420.000000,0.000000,-392.000000
-100.000000,100.000000,0.000000,0.000000,-7515.000000,-196.000000,-392.000000
0.000000,0.000000,0.000000,0.000000,-7591.000000,-196.000000,0.000000
0.000000,300.000000,0.000000,0.000000,-7668.000000,-196.000000,0.000000
0.000000,100.000000,0.000000,0.000000,-7756.000000,-392.000000,0.000000
-100.000000,0.000000,0.000000,0.000000,-7816.000000,0.000000,0.000000
300.000000,0.000000,0.000000,0.000000,-7856.000000,-196.000000,-196.000000
300.000000,200.000000,0.000000,0.000000,-7887.000000,-196.000000,0.000000
0.000000,300.000000,0.000000,0.000000,-7916.000000,196.000000,-196.000000
0.000000,-100.000000,0.000000,0.000000,-7913.000000,196.000000,-196.000000
0.000000,-400.000000,0.000000,0.000000,-7890.000000,0.000000,0.000000
300.000000,-200.000000,0.000000,0.000000,-7855.000000,0.000000,-196.000000
200.000000,-100.000000,0.000000,0.000000,-7809.000000,0.000000,0.000000
0.000000,0.000000,0.000000,0.000000,-7734.000000,0.000000,0.000000
0.000000,0.000000,0.000000,0.000000,-7657.000000,0.000000,0.000000
0.000000,400.000000,156.000000,156.000000,-7573.000000,0.000000,196.000000
100.000000,-200.000000,0.000000,0.000000,-7492.000000,196.000000,0.000000
-100.000000,-100.000000,0.000000,0.000000,-7396.000000,0.000000,0.000000
0.000000,-300.000000,0.000000,0.000000,-7290.000000,0.000000,196.000000
0.000000,0.000000,0.000000,0.000000,-7197.000000,0.000000,0.000000
100.000000,0.000000,0.000000,0.000000,-7082.000000,0.000000,0.000000
-300.000000,-200.000000,0.000000,0.000000,-6971.000000,196.000000,0.000000
100.000000,0.000000,0.000000,0.000000,-6842.000000,589.000000,0.000000
-200.000000,-100.000000,0.000000,0.000000,-6726.000000,589.000000,0.000000
-200.000000,100.000000,0.000000,0.000000,-6616.000000,392.000000,0.000000
0.000000,0.000000,0.000000,0.000000,-6504.000000,589.000000,0.000000
0.000000,0.000000,0.000000,0.000000,-6357.000000,392.000000,0.000000
-100.000000,200.000000,0.000000,0.000000,-6246.000000,196.000000,0.000000
0.000000,0.000000,0.000000,0.000000,-6143.000000,196.000000,0.000000
-100.000000,0.000000,0.000000,0.000000,-6022.000000,196.000000,0.000000
0.000000,100.000000,0.000000,0.000000,-5921.000000,0.000000,0.000000
0.000000,200.000000,0.000000,0.000000,-5851.000000,0.000000,0.000000
-100.000000,-200.000000,0.000000,0.000000,-5769.000000,0.000000,0.000000
100.000000,-300.000000,0.000000,0.000000,-5657.000000,0.000000,0.000000
0.000000,0.000000,0.000000,0.000000,-5591.000000,0.000000,0.000000
-100.000000,0.000000,0.000000,0.000000,-5535.000000,0.000000,0.000000
0.000000,-200.000000,0.000000,0.000000,-5482.000000,0.000000,0.000000
-200.000000,-100.000000,0.000000,0.000000,-5433.000000,0.000000,0.000000
-100.000000,0.000000,0.000000,0.000000,-5401.000000,0.000000,0.000000
100.000000,0.000000,0.000000,0.000000,-5374.000000,0.000000,0.000000
-100.000000,0.000000,0.000000,0.000000,-5355.000000,0.000000,0.000000
0.000000,-400.000000,0.000000,0.000000,-5342.000000,0.000000,0.000000
-100.000000,0.000000,0.000000,0.000000,-5355.000000,0.000000,0.000000
-100.000000,0.000000,0.000000,0.000000,-5382.000000,0.000000,0.000000
-100.000000,0.000000,0.000000,0.000000,-5399.000000,-196.000000,0.000000
-100.000000,-100.000000,0.000000,0.000000,-5445.000000,-196.000000,0.000000
100.000000,-100.000000,78.000000,78.000000,-5495.000000,0.000000,0.000000
0.000000,300.000000,0.000000,0.000000,-5550.000000,0.000000,0.000000
0.000000,0.000000,0.000000,0.000000,-5593.000000,-196.000000,0.000000
-200.000000,200.000000,0.000000,0.000000,-5607.000000,-589.000000,-196.000000
0.000000,300.000000,0.000000,0.000000,-5644.000000,-785.000000,0.000000
-100.000000,200.000000,0.000000,0.000000,-5767.000000,-785.000000,0.000000
100.000000,100.000000,0.000000,0.000000,-5867.000000,-589.000000,0.000000
0.000000,100.000000,0.000000,0.000000,-5904.000000,-589.000000,-196.000000
100.000000,300.000000,0.000000,0.000000,-5970.000000,-589.000000,-196.000000
400.000000,200.000000,0.000000,0.000000,-6090.000000,-196.000000,-392.000000
-200.000000,500.000000,0.000000,0.000000,-6173.000000,-196.000000,-589.000000
0.000000,0.000000,0.000000,0.000000,-6198.000000,-392.000000,-785.000000
0.000000,200.000000,0.000000,0.000000,-6248.000000,-392.000000,-392.000000
-200.000000,-300.000000,0.000000,0.000000,-6335.000000,-589.000000,-589.000000
0.000000,-100.000000,78.000000,78.000000,-6389.000000,-589.000000,-196.000000
-100.000000,200.000000,0.000000,0.000000,-6472.000000,-392.000000,-196.000000
100.000000,0.000000,0.000000,0.000000,-6538.000000,-392.000000,-196.000000
-100.000000,0.000000,0.000000,0.000000,-6586.000000,-392.000000,0.000000
0.000000,200.000000,0.000000,0.000000,-6664.000000,-196.000000,-196.000000
200.000000,100.000000,0.000000,0.000000,-6709.000000,-196.000000,-392.000000
0.000000,0.000000,0.000000,0.000000,-6710.000000,-196.000000,-589.000000
100.000000,200.000000,0.000000,0.000000,-6752.000000,-196.000000,-392.000000
100.000000,0.000000,0.000000,0.000000,-6781.000000,-196.000000,-196.000000
0.000000,-200.000000,0.000000,0.000000,-6777.000000,-196.000000,0.000000
0.000000,100.000000,0.000000,0.000000,-6776.000000,-392.000000,0.000000
100.000000,300.000000,0.000000,0.000000,-6818.000000,-196.000000,0.000000
100.000000,300.000000,0.000000,0.000000,-6817.000000,-196.000000,0.000000
100.000000,0.000000,0.000000,0.000000,-6800.000000,0.000000,0.000000
0.000000,-200.000000,0.000000,0.000000,-6769.000000,0.000000,0.000000
0.000000,0.000000,0.000000,0.000000,-6739.000000,0.000000,0.000000
0.000000,-100.000000,0.000000,0.000000,-6706.000000,0.000000,0.000000
-200.000000,-300.000000,78.000000,78.000000,-6671.000000,0.000000,0.000000
0.000000,0.000000,0.000000,0.000000,-6610.000000,0.000000,0.000000
0.000000,-100.000000,0.000000,0.000000,-6543.000000,0.000000,0.000000
-100.000000,-100.000000,0.000000,0.000000,-6493.000000,0.000000,0.000000
0.000000,-300.000000,0.000000,0.000000,-6445.000000,0.000000,0.000000
-100.000000,-100.000000,0.000000,0.000000,-6378.000000,0.000000,0.000000
0.000000,-200.000000,0.000000,0.000000,-6308.000000,0.000000,0.000000
0.000000,-100.000000,0.000000,0.000000,-6239.000000,0.000000,0.000000
0.000000,0.000000,0.000000,0.000000,-6181.000000,0.000000,0.000000
0.000000,-100.000000,0.000000,0.000000,-6113.000000,0.000000,0.000000
-100.000000,100.000000,0.000000,0.000000,-6061.000000,0.000000,0.000000
100.000000,-200.000000,0.000000,0.000000,-5979.000000,0.000000,0.000000
-100.000000,200.000000,0.000000,0.000000,-5916.000000,0.000000,0.000000
-100.000000,0.000000,0.000000,0.000000,-5835.000000,0.000000,0.000000
0.000000,-200.000000,0.000000,0.000000,-5778.000000,0.000000,0.000000
100.000000,-200.000000,0.000000,0.000000,-5712.000000,0.000000,0.000000
0.000000,-300.000000,0.000000,0.000000,-5668.000000,0.000000,0.000000
0.000000,-400.000000,0.000000,0.000000,-5624.000000,0.000000,0.000000
0.000000,-100.000000,0.000000,0.000000,-5581.000000,0.000000,0.000000
100.000000,-100.000000,0.000000,0.000000,-5549.000000,0.000000,0.000000
0.000000,-100.000000,0.000000,0.000000,-5514.000000,0.000000,0.000000
0.000000,0.000000,0.000000,0.000000,-5504.000000,0.000000,0.000000
100.000000,-300.000000,0.000000,0.000000,-5475.000000,0.000000,0.000000
-300.000000,0.000000,0.000000,0.000000,-5460.000000,0.000000,0.000000
-600.000000,-200.000000,0.000000,0.000000,-5439.000000,0.000000,0.000000
400.000000,400.000000,0.000000,0.000000,-5426.000000,-196.000000,-196.000000
300.000000,0.000000,0.000000,0.000000,-5411.000000,0.000000,-196.000000
300.000000,0.000000,0.000000,0.000000,-5394.000000,-196.000000,-392.000000
100.000000,100.000000,0.000000,0.000000,-5387.000000,-196.000000,-392.000000
200.000000,-100.000000,0.000000,0.000000,-5388.000000,-196.000000,-392.000000
500.000000,0.000000,0.000000,0.000000,-5394.000000,0.000000,-196.000000
0.000000,200.000000,0.000000,0.000000,-5395.000000,0.000000,-196.000000
200.000000,-100.000000,0.000000,0.000000,-5379.000000,-196.000000,0.000000
-300.000000,300.000000,0.000000,0.000000,-5383.000000,-196.000000,0.000000
400.000000,300.000000,0.000000,0.000000,-5404.000000,-196.000000,-196.000000
200.000000,100.000000,0.000000,0.000000,-5428.000000,-196.000000,-392.000000
0.000000,100.000000,0.000000,0.000000,-5450.000000,-196.000000,-589.000000
0.000000,200.000000,0.000000,0.000000,-5445.000000,-196.000000,-392.000000
300.000000,0.000000,0.000000,0.000000,-5490.000000,-196.000000,-392.000000
300.000000,0.000000,0.000000,0.000000,-5538.000000,0.000000,-196.000000
0.000000,-300.000000,0.000000,0.000000,-5550.000000,0.000000,-196.000000
100.000000,0.000000,0.000000,0.000000,-5560.000000,0.000000,-196.000000
0.000000,100.000000,0.000000,0.000000,-5588.000000,-196.000000,-196.000000
200.000000,0.000000,0.000000,0.000000,-5627.000000,-392.000000,-196.000000
300.000000,200.000000,0.000000,0.000000,-5675.000000,-196.000000,-392.000000
600.000000,0.000000,0.000000,0.000000,-5705.000000,-196.000000,-392.000000
200.000000,200.000000,0.000000,0.000000,-5722.000000,0.000000,-196.000000
100.000000,400.000000,0.000000,0.000000,-5763.000000,-196.000000,-392.000000
300.000000,100.000000,0.000000,0.000000,-5796.000000,0.000000,-196.000000
200.000000,200.000000,0.000000,0.000000,-5817.000000,-196.000000,-196.000000
200.000000,400.000000,0.000000,0.000000,-5827.000000,-196.000000,-392.000000
300.000000,300.000000,0.000000,0.000000,-5870.000000,-392.000000,-392.000000
100.000000,300.000000,0.000000,0.000000,-5907.000000,0.000000,-196.000000
400.000000,300.000000,0.000000,0.000000,-5918.000000,0.000000,-196.000000
500.000000,-200.000000,0.000000,0.000000,-5934.000000,-196.000000,-196.000000
300.000000,200.000000,0.000000,0.000000,-5966.000000,0.000000,-196.000000
0.000000,-100.000000,0.000000,0.000000,-5990.000000,0.000000,-196.000000
100.000000,0.000000,0.000000,0.000000,-6007.000000,-196.000000,-196.000000
400.000000,200.000000,0.000000,0.000000,-6020.000000,-196.000000,-392.000000
300.000000,0.000000,0.000000,0.000000,-6041.000000,0.000000,-196.000000
300.000000,-100.000000,0.000000,0.000000,-6053.000000,0.000000,-392.000000
400.000000,-100.000000,0.000000,0.000000,-6045.000000,0.000000,0.000000
0.000000,0.000000,0.000000,0.000000,-6036.000000,-196.000000,0.000000
0.000000,100.000000,0.000000,0.000000,-6042.000000,0.000000,0.000000
-100.000000,300.000000,0.000000,0.000000,-6029.000000,-196.000000,0.000000
-200.000000,200.000000,0.000000,0.000000,-6040.000000,0.000000,-196.000000
200.000000,100.000000,0.000000,0.000000,-6041.000000,0.000000,0.000000
200.000000,0.000000,0.000000,0.000000,-6015.000000,0.000000,-196.000000
100.000000,0.000000,0.000000,0.000000,-5995.000000,0.000000,-196.000000
200.000000,0.000000,0.000000,0.000000,-5988.000000,0.000000,-196.000000
200.000000,-200.000000,0.000000,0.000000,-5976.000000,0.000000,-196.000000
200.000000,0.000000,0.000000,0.000000,-5955.000000,0.000000,0.000000
100.000000,-300.000000,0.000000,0.000000,-5936.000000,0.000000,-196.000000
100.000000,0.000000,0.000000,0.000000,-5919.000000,-196.000000,0.000000
-300.000000,-200.000000,0.000000,0.000000,-5897.000000,0.000000,-196.000000
-100.000000,100.000000,0.000000,0.000000,-5870.000000,0.000000,0.000000
100.000000,0.000000,0.000000,0.000000,-5843.000000,0.000000,0.000000
-100.000000,-100.000000,0.000000,0.000000,-5830.000000,0.000000,0.000000
0.000000,0.000000,0.000000,0.000000,-5822.000000,0.000000,0.000000
0.000000,-100.000000,0.000000,0.000000,-5811.000000,0.000000,0.000000
-100.000000,0.000000,0.000000,0.000000,-5784.000000,0.000000,0.000000
0.000000,0.000000,0.000000,0.000000,-5783.000000,-196.000000,0.000000
-300.000000,0.000000,0.000000,0.000000,-5763.000000,0.000000,0.000000
-200.000000,0.000000,0.000000,0.000000,-5733.000000,0.000000,0.000000
-200.000000,300.000000,0.000000,0.000000,-5725.000000,-196.000000,-196.000000
0.000000,300.000000,0.000000,0.000000,-5705.000000,0.000000,0.000000
300.000000,-100.000000,0.000000,0.000000,-5693.000000,-196.000000,-196.000000
300.000000,300.000000,0.000000,0.000000,-5679.000000,0.000000,-196.000000
300.000000,500.000000,0.000000,0.000000,-5668.000000,-196.000000,0.000000
0.000000,0.000000,0.000000,0.000000,-5660.000000,0.000000,0.000000
-100.000000,-300.000000,0.000000,0.000000,-5649.000000,0.000000,0.000000
0.000000,300.000000,156.000000,156.000000,-5630.000000,0.000000,0.000000
0.000000,300.000000,0.000000,0.000000,-5611.000000,-196.000000,0.000000
300.000000,200.000000,0.000000,0.000000,-5601.000000,-196.000000,0.000000
0.000000,100.000000,0.000000,0.000000,-5616.000000,-196.000000,-196.000000
0.000000,100.000000,0.000000,0.000000,-5632.000000,0.000000,-196.000000
0.000000,0.000000,0.000000,0.000000,-5625.000000,-196.000000,0.000000
100.000000,0.000000,0.000000,0.000000,-5604.000000,0.000000,-196.000000
0.000000,0.000000,0.000000,0.000000,-5613.000000,0.000000,-196.000000
-100.000000,300.000000,0.000000,0.000000,-5609.000000,-196.000000,-196.000000
300.000000,200.000000,0.000000,0.000000,-5605.000000,-196.000000,0.000000
300.000000,0.000000,0.000000,0.000000,-5631.000000,-196.000000,-196.000000
200.000000,100.000000,0.000000,0.000000,-5657.000000,-196.000000,-196.000000
-200.000000,300.000000,0.000000,0.000000,-5669.000000,-196.000000,0.000000
0.000000,0.000000,0.000000,0.000000,-5680.000000,-196.000000,0.000000
0.000000,0.000000,0.000000,0.000000,-5689.000000,0.000000,0.000000
0.000000,0.000000,0.000000,0.000000,-5718.000000,0.000000,0.000000
300.000000,-300.000000,0.000000,0.000000,-5730.000000,-196.000000,0.000000
100.000000,300.000000,0.000000,0.000000,-5736.000000,0.000000,-196.000000
0.000000,200.000000,0.000000,0.000000,-5734.000000,-196.000000,-196.000000
0.000000,200.000000,0.000000,0.000000,-5755.000000,-196.000000,-196.000000
100.000000,300.000000,0.000000,0.000000,-5791.000000,-196.000000,0.000000
-400.000000,300.000000,0.000000,0.000000,-5795.000000,0.000000,0.000000
100.000000,100.000000,0.000000,0.000000,-5791.000000,-196.000000,0.000000
-100.000000,200.000000,0.000000,0.000000,-5815.000000,0.000000,-196.000000
100.000000,0.000000,0.000000,0.000000,-5833.000000,-196.000000,0.000000
300.000000,400.000000,0.000000,0.000000,-5834.000000,0.000000,0.000000
200.000000,200.000000,0.000000,0.000000,-5866.000000,-196.000000,-196.000000
0.000000,300.000000,0.000000,0.000000,-5892.000000,-196.000000,-196.000000
100.000000,0.000000,0.000000,0.000000,-5900.000000,0.000000,-196.000000
300.000000,300.000000,0.000000,0.000000,-5897.000000,-196.000000,0.000000
500.000000,100.000000,0.000000,0.000000,-5913.000000,0.000000,-196.000000
200.000000,400.000000,0.000000,0.000000,-5914.000000,-196.000000,-196.000000
-300.000000,400.000000,0.000000,0.000000,-5918.000000,0.000000,0.000000
-100.000000,-300.000000,0.000000,0.000000,-5933.000000,0.000000,0.000000
-200.000000,0.000000,0.000000,0.000000,-5935.000000,0.000000,0.000000
100.000000,-200.000000,0.000000,0.000000,-5959.000000,0.000000,0.000000
-100.000000,-200.000000,0.000000,0.000000,-5956.000000,0.000000,0.000000
0.000000,200.000000,0.000000,0.000000,-5967.000000,0.000000,0.000000
-100.000000,400.000000,0.000000,0.000000,-5967.000000,-196.000000,0.000000
100.000000,200.000000,0.000000,0.000000,-5985.000000,0.000000,0.000000
0.000000,-400.000000,0.000000,0.000000,-5993.000000,0.000000,0.000000
0.000000,0.000000,0.000000,0.000000,-5996.000000,0.000000,-196.000000
-300.000000,-300.000000,0.000000,0.000000,-6004.000000,0.000000,0.000000
-300.000000,-200.000000,0.000000,0.000000,-6007.000000,0.000000,0.000000
0.000000,0.000000,0.000000,0.000000,-5995.000000,0.000000,0.000000
0.000000,-300.000000,0.000000,0.000000,-5987.000000,0.000000,0.000000
0.000000,-100.000000,0.000000,0.000000,-5985.000000,0.000000,0.000000
0.000000,0.000000,0.000000,0.000000,-5969.000000,0.000000,0.000000
0.000000,0.000000,0.000000,0.000000,-5956.000000,0.000000,0.000000
-200.000000,-100.000000,0.000000,0.000000,-5947.000000,0.000000,0.000000
0.000000,-100.000000,0.000000,0.000000,-5929.000000,0.000000,0.000000
0.000000,-200.000000,0.000000,0.000000,-5920.000000,0.000000,0.000000
0.000000,-100.000000,0.000000,0.000000,-5915.000000,0.000000,0.000000
-100.000000,-100.000000,0.000000,0.000000,-5911.000000,0.000000,0.000000
-100.000000,-200.000000,0.000000,0.000000,-5902.000000,0.000000,0.000000
0.000000,-100.000000,0.000000,0.000000,-5879.000000,0.000000,0.000000
0.000000,-300.000000,0.000000,0.000000,-5873.000000,0.000000,0.000000
0.000000,0.000000,0.000000,0.000000,-5872.000000,0.000000,0.000000
0.000000,100.000000,0.000000,0.000000,-5863.000000,0.000000,0.000000
0.000000,-300.000000,0.000000,0.000000,-5860.000000,0.000000,0.000000
0.000000,0.000000,0.000000,0.000000,-5867.000000,0.000000,0.000000
-100.000000,0.000000,0.000000,0.000000,-5864.000000,0.000000,0.000000
0.000000,-100.000000,0.000000,0.000000,-5864.000000,0.000000,0.000000
-200.000000,0.000000,0.000000,0.000000,-5871.000000,0.000000,0.000000
100.000000,-300.000000,0.000000,0.000000,-5851.000000,0.000000,0.000000
0.000000,100.000000,0.000000,0.000000,-5836.000000,0.000000,0.000000
0.000000,-200.000000,0.000000,0.000000,-5838.000000,0.000000,0.000000
0.000000,0.000000,0.000000,0.000000,-5845.000000,0.000000,0.000000
-200.000000,-300.000000,0.000000,0.000000,-5848.000000,0.000000,0.000000
0.000000,100.000000,0.000000,0.000000,-5854.000000,0.000000,0.000000
0.000000,0.000000,0.000000,0.000000,-5861.000000,0.000000,0.000000
-200.000000,-300.000000,0.000000,0.000000,-5853.000000,-196.000000,0.000000
-300.000000,0.000000,0.000000,0.000000,-5859.000000,0.000000,0.000000
-100.000000,-200.000000,0.000000,0.000000,-5862.000000,0.000000,0.000000
-200.000000,-300.000000,0.000000,0.000000,-5855.000000,0.000000,0.000000
0.000000,0.000000,0.000000,0.000000,-5858.000000,0.000000,0.000000
0.000000,-300.000000,0.000000,0.000000,-5846.000000,0.000000,0.000000
100.000000,-200.000000,0.000000,0.000000,-5852.000000,0.000000,0.000000
-100.000000,-100.000000,0.000000,0.000000,-5872.000000,0.000000,0.000000
-200.000000,-200.000000,0.000000,0.000000,-5858.000000,0.000000,0.000000
-300.000000,-200.000000,0.000000,0.000000,-5854.000000,0.000000,0.000000
0.000000,-200.000000,0.000000,0.000000,-5853.000000,0.000000,0.000000
-100.000000,-100.000000,0.000000,0.000000,-5844.000000,0.000000,0.000000
-100.000000,200.000000,0.000000,0.000000,-5850.000000,0.000000,0.000000
0.000000,-100.000000,0.000000,0.000000,-5842.000000,0.000000,0.000000
0.000000,100.000000,78.000000,78.000000,-5843.000000,0.000000,0.000000
0.000000,100.000000,0.000000,0.000000,-5853.000000,0.000000,0.000000
100.000000,-100.000000,0.000000,0.000000,-5850.000000,0.000000,0.000000
0.000000,-300.000000,0.000000,0.000000,-5854.000000,0.000000,0.000000
-100.000000,-700.000000,0.000000,0.000000,-5855.000000,0.000000,0.000000
0.000000,-400.000000,0.000000,0.000000,-5859.000000,0.000000,0.000000
-100.000000,-100.000000,0.000000,0.000000,-5864.000000,0.000000,0.000000
-100.000000,0.000000,0.000000,0.000000,-5867.000000,0.000000,0.000000
-100.000000,-100.000000,0.000000,0.000000,-5870.000000,0.000000,0.000000
-100.000000,0.000000,0.000000,0.000000,-5875.000000,0.000000,0.000000
0.000000,-400.000000,0.000000,0.000000,-5885.000000,0.000000,0.000000
-200.000000,0.000000,0.000000,0.000000,-5876.000000,0.000000,0.000000
100.000000,0.000000,0.000000,0.000000,-5872.000000,0.000000,0.000000
0.000000,-100.000000,0.000000,0.000000,-5868.000000,0.000000,0.000000
0.000000,0.000000,0.000000,0.000000,-5861.000000,0.000000,0.000000
-100.000000,-100.000000,0.000000,0.000000,-5872.000000,0.000000,0.000000
-100.000000,-300.000000,0.000000,0.000000,-5877.000000,0.000000,0.000000
0.000000,0.000000,0.000000,0.000000,-5892.000000,0.000000,0.000000
0.000000,-200.000000,0.000000,0.000000,-5897.000000,0.000000,0.000000
0.000000,-300.000000,0.000000,0.000000,-5902.000000,0.000000,0.000000
-100.000000,0.000000,0.000000,0.000000,-5912.000000,0.000000,0.000000
-100.000000,-200.000000,0.000000,0.000000,-5911.000000,0.000000,0.000000
0.000000,-400.000000,0.000000,0.000000,-5915.000000,0.000000,0.000000
0.000000,-300.000000,0.000000,0.000000,-5924.000000,0.000000,0.000000
0.000000,0.000000,0.000000,0.000000,-5914.000000,0.000000,0.000000
0.000000,-200.000000,0.000000,0.000000,-5920.000000,0.000000,0.000000
0.000000,0.000000,0.000000,0.000000,-5916.000000,0.000000,0.000000
-200.000000,-200.000000,0.000000,0.000000,-5915.000000,0.000000,0.000000
-100.000000,-400.000000,0.000000,0.000000,-5912.000000,0.000000,0.000000
0.000000,-200.000000,0.000000,0.000000,-5922.000000,0.000000,0.000000
-200.000000,0.000000,0.000000,0.000000,-5921.000000,0.000000,0.000000
-100.000000,0.000000,0.000000,0.000000,-5929.000000,0.000000,0.000000
0.000000,0.000000,0.000000,0.000000,-5930.000000,0.000000,0.000000
-400.000000,-400.000000,0.000000,0.000000,-5933.000000,0.000000,0.000000
-300.000000,100.000000,78.000000,78.000000,-5933.000000,0.000000,0.000000
0.000000,0.000000,0.000000,0.000000,-5929.000000,0.000000,0.000000
0.000000,100.000000,0.000000,0.000000,-5933.000000,0.000000,0.000000
-100.000000,0.000000,0.000000,0.000000,-5920.000000,0.000000,0.000000
0.000000,0.000000,0.000000,0.000000,-5911.000000,0.000000,0.000000
200.000000,0.000000,0.000000,0.000000,-5926.000000,0.000000,0.000000
-100.000000,-100.000000,0.000000,0.000000,-5928.000000,0.000000,0.000000
100.000000,-100.000000,0.000000,0.000000,-5918.000000,0.000000,0.000000
