Channel 1,Channel 2,Channel 3,Channel 4,Channel 5,Channel 6,Channel 7
-100.000000,0.000000,0.000000,0.000000,-7089.000000,0.000000,0.000000
-100.000000,-200.000000,0.000000,0.000000,-7099.000000,0.000000,0.000000
-100.000000,-200.000000,0.000000,0.000000,-7101.000000,0.000000,0.000000
-200.000000,0.000000,0.000000,0.000000,-7109.000000,0.000000,0.000000
0.000000,-100.000000,0.000000,0.000000,-7116.000000,0.000000,0.000000
-100.000000,0.000000,0.000000,0.000000,-7111.000000,0.000000,0.000000
0.000000,-100.000000,0.000000,0.000000,-7118.000000,0.000000,0.000000
0.000000,-200.000000,0.000000,0.000000,-7131.000000,0.000000,0.000000
0.000000,-200.000000,0.000000,0.000000,-7124.000000,0.000000,0.000000
0.000000,-200.000000,0.000000,0.000000,-7113.000000,0.000000,0.000000
0.000000,0.000000,78.000000,78.000000,-7102.000000,0.000000,0.000000
100.000000,0.000000,0.000000,0.000000,-7100.000000,0.000000,0.000000
0.000000,0.000000,0.000000,0.000000,-7111.000000,0.000000,0.000000
0.000000,-100.000000,0.000000,0.000000,-7105.000000,0.000000,0.000000
0.000000,-100.000000,0.000000,0.000000,-7105.000000,0.000000,0.000000
0.000000,100.000000,0.000000,0.000000,-7112.000000,0.000000,0.000000
0.000000,100.000000,0.000000,0.000000,-7112.000000,0.000000,0.000000
100.000000,-100.000000,0.000000,0.000000,-7115.000000,0.000000,0.000000
0.000000,100.000000,0.000000,0.000000,-7109.000000,0.000000,0.000000
0.000000,-200.000000,0.000000,0.000000,-7115.000000,0.000000,0.000000
0.000000,-200.000000,0.000000,0.000000,-7119.000000,0.000000,0.000000
0.000000,-500.000000,0.000000,0.000000,-7125.000000,0.000000,0.000000
100.000000,0.000000,0.000000,0.000000,-7112.000000,0.000000,0.000000
100.000000,-400.000000,0.000000,0.000000,-7113.000000,0.000000,0.000000
100.000000,-100.000000,0.000000,0.000000,-7112.000000,0.000000,0.000000
0.000000,-200.000000,0.000000,0.000000,-7105.000000,0.000000,0.000000
100.000000,0.000000,0.000000,0.000000,-7111.000000,0.000000,0.000000
-200.000000,-100.000000,0.000000,0.000000,-7108.000000,0.000000,0.000000
100.000000,-100.000000,0.000000,0.000000,-7111.000000,0.000000,0.000000
200.000000,-200.000000,0.000000,0.000000,-7108.000000,0.000000,0.000000
200.000000,0.000000,0.000000,0.000000,-7096.000000,0.000000,0.000000
0.000000,-100.000000,0.000000,0.000000,-7104.000000,0.000000,0.000000
0.000000,-100.000000,0.000000,0.000000,-7097.000000,0.000000,0.000000
0.000000,0.000000,78.000000,78.000000,-7097.000000,0.000000,0.000000
100.000000,100.000000,0.000000,0.000000,-7098.000000,0.000000,0.000000
0.000000,0.000000,0.000000,0.000000,-7083.000000,0.000000,0.000000
0.000000,-200.000000,78.000000,78.000000,-7073.000000,0.000000,0.000000
0.000000,0.000000,0.000000,0.000000,-7082.000000,0.000000,0.000000
0.000000,100.000000,0.000000,0.000000,-7084.000000,0.000000,0.000000
0.000000,-200.000000,0.000000,0.000000,-7098.000000,0.000000,0.000000
-100.000000,100.000000,0.000000,0.000000,-7106.000000,0.000000,0.000000
0.000000,-200.000000,0.000000,0.000000,-7110.000000,0.000000,0.000000
0.000000,0.000000,0.000000,0.000000,-7105.000000,0.000000,0.000000
200.000000,-200.000000,0.000000,0.000000,-7110.000000,0.000000,-196.000000
0.000000,-200.000000,0.000000,0.000000,-7113.000000,0.000000,0.000000
0.000000,100.000000,0.000000,0.000000,-7116.000000,0.000000,0.000000
0.000000,-100.000000,0.000000,0.000000,-7105.000000,0.000000,0.000000
0.000000,-700.000000,0.000000,0.000000,-7095.000000,0.000000,0.000000
100.000000,200.000000,0.000000,0.000000,-7064.000000,0.000000,0.000000
100.000000,0.000000,0.000000,0.000000,-7037.000000,0.000000,0.000000
-200.000000,100.000000,0.000000,0.000000,-7011.000000,0.000000,0.000000
0.000000,-100.000000,0.000000,0.000000,-6995.000000,0.000000,0.000000
0.000000,0.000000,0.000000,0.000000,-6975.000000,0.000000,0.000000
400.000000,-200.000000,0.000000,0.000000,-6982.000000,0.000000,-196.000000
0.000000,0.000000,0.000000,0.000000,-7004.000000,0.000000,0.000000
0.000000,-100.000000,0.000000,0.000000,-7030.000000,0.000000,0.000000
300.000000,100.000000,0.000000,0.000000,-7037.000000,0.000000,0.000000
100.000000,0.000000,0.000000,0.000000,-7069.000000,0.000000,-196.000000
0.000000,-200.000000,0.000000,0.000000,-7089.000000,0.000000,-196.000000
-100.000000,100.000000,0.000000,0.000000,-7118.000000,0.000000,0.000000
100.000000,-200.000000,0.000000,0.000000,-7150.000000,0.000000,-196.000000
400.000000,-300.000000,0.000000,0.000000,-7198.000000,0.000000,0.000000
0.000000,0.000000,0.000000,0.000000,-7236.000000,0.000000,0.000000
-200.000000,0.000000,0.000000,0.000000,-7293.000000,0.000000,0.000000
-700.000000,0.000000,0.000000,0.000000,-7330.000000,0.000000,-196.000000
-100.000000,-200.000000,0.000000,0.000000,-7373.000000,0.000000,0.000000
-100.000000,0.000000,0.000000,0.000000,-7406.000000,0.000000,0.000000
-100.000000,0.000000,0.000000,0.000000,-7444.000000,0.000000,0.000000
0.000000,0.000000,0.000000,0.000000,-7474.000000,0.000000,0.000000
0.000000,-100.000000,78.000000,78.000000,-7509.000000,0.000000,0.000000
100.000000,0.000000,0.000000,0.000000,-7530.000000,0.000000,0.000000
100.000000,-100.000000,0.000000,0.000000,-7562.000000,0.000000,0.000000
0.000000,-100.000000,0.000000,0.000000,-7572.000000,0.000000,0.000000
0.000000,-200.000000,0.000000,0.000000,-7592.000000,0.000000,0.000000
0.000000,0.000000,0.000000,0.000000,-7606.000000,0.000000,0.000000
100.000000,-100.000000,0.000000,0.000000,-7624.000000,0.000000,0.000000
-100.000000,-200.000000,0.000000,0.000000,-7630.000000,0.000000,0.000000
100.000000,0.000000,0.000000,0.000000,-7630.000000,0.000000,0.000000
0.000000,-200.000000,0.000000,0.000000,-7618.000000,0.000000,0.000000
-100.000000,-100.000000,0.000000,0.000000,-7596.000000,0.000000,0.000000
0.000000,0.000000,0.000000,0.000000,-7584.000000,0.000000,0.000000
0.000000,0.000000,0.000000,0.000000,-7565.000000,0.000000,0.000000
0.000000,0.000000,0.000000,0.000000,-7544.000000,0.000000,196.000000
-200.000000,0.000000,78.000000,78.000000,-7512.000000,0.000000,0.000000
-100.000000,100.000000,0.000000,0.000000,-7485.000000,0.000000,196.000000
0.000000,-200.000000,0.000000,0.000000,-7441.000000,0.000000,0.000000
0.000000,-300.000000,0.000000,0.000000,-7415.000000,0.000000,0.000000
0.000000,0.000000,0.000000,0.000000,-7387.000000,0.000000,0.000000
0.000000,0.000000,0.000000,0.000000,-7351.000000,196.000000,0.000000
-100.000000,0.000000,0.000000,0.000000,-7323.000000,0.000000,0.000000
0.000000,200.000000,0.000000,0.000000,-7280.000000,0.000000,0.000000
-200.000000,-100.000000,0.000000,0.000000,-7248.000000,196.000000,0.000000
-100.000000,-100.000000,0.000000,0.000000,-7205.000000,0.000000,0.000000
-100.000000,-100.000000,0.000000,0.000000,-7175.000000,0.000000,0.000000
-100.000000,0.000000,0.000000,0.000000,-7176.000000,0.000000,0.000000
-100.000000,0.000000,0.000000,0.000000,-7159.000000,0.000000,0.000000
-200.000000,-100.000000,0.000000,0.000000,-7149.000000,196.000000,0.000000
0.000000,0.000000,0.000000,0.000000,-7141.000000,0.000000,0.000000
100.000000,-100.000000,0.000000,0.000000,-7126.000000,0.000000,0.000000
0.000000,-100.000000,0.000000,0.000000,-7110.000000,0.000000,0.000000
-300.000000,0.000000,0.000000,0.000000,-7101.000000,0.000000,0.000000
0.000000,-100.000000,0.000000,0.000000,-7117.000000,0.000000,0.000000
-300.000000,-200.000000,0.000000,0.000000,-7115.000000,0.000000,0.000000
0.000000,-100.000000,0.000000,0.000000,-7112.000000,0.000000,0.000000
0.000000,0.000000,0.000000,0.000000,-7113.000000,0.000000,0.000000
-200.000000,-100.000000,0.000000,0.000000,-7121.000000,0.000000,0.000000
0.000000,-100.000000,0.000000,0.000000,-7121.000000,0.000000,0.000000
0.000000,-100.000000,0.000000,0.000000,-7113.000000,0.000000,0.000000
100.000000,-100.000000,78.000000,78.000000,-7115.000000,0.000000,-196.000000
0.000000,0.000000,77.000000,78.000000,-7128.000000,0.000000,0.000000
0.000000,-400.000000,0.000000,0.000000,-7140.000000,0.000000,0.000000
0.000000,0.000000,0.000000,0.000000,-7161.000000,0.000000,-196.000000
0.000000,0.000000,0.000000,0.000000,-7184.000000,0.000000,0.000000
-200.000000,-300.000000,0.000000,0.000000,-7194.000000,0.000000,0.000000
-100.000000,-100.000000,0.000000,0.000000,-7212.000000,0.000000,0.000000
0.000000,0.000000,0.000000,0.000000,-7235.000000,0.000000,0.000000
-200.000000,0.000000,20000.000000,20000.000000,-7250.000000,0.000000,0.000000
19500.000000,18100.000000,20000.000000,20000.000000,-7109.000000,2356.000000,2552.000000
18000.000000,19700.000000,20000.000000,20000.000000,-7797.000000,6675.000000,4319.000000
20300.000000,23000.000000,20000.000000,20000.000000,-7350.000000,6872.000000,2159.000000
17500.000000,23200.000000,20000.000000,20000.000000,-5380.000000,1374.000000,-589.000000
19400.000000,18200.000000,20000.000000,20000.000000,-4213.000000,-2159.000000,0.000000
20500.000000,18600.000000,20000.000000,20000.000000,-4904.000000,-1178.000000,1963.000000
17100.000000,16299.000000,20000.000000,20000.000000,-5650.000000,2159.000000,3534.000000
19300.000000,17500.000000,20000.000000,20000.000000,-4449.000000,5301.000000,3534.000000
21900.000000,22500.000000,20000.000000,20000.000000,-3486.000000,6086.000000,3141.000000
17900.000000,21800.000000,20000.000000,20000.000000,-2759.000000,3141.000000,2945.000000
21800.000000,20300.000000,20000.000000,20000.000000,-1808.000000,785.000000,2748.000000
17700.000000,16400.000000,20000.000000,20000.000000,-1771.000000,1963.000000,3337.000000
20000.000000,19500.000000,20000.000000,20000.000000,-1775.000000,4516.000000,4319.000000
18200.000000,18200.000000,20000.000000,20000.000000,-524.000000,6872.000000,4908.000000
22300.000000,22900.000000,20000.000000,20000.000000,959.000000,6479.000000,3926.000000
21700.000000,19100.000000,20000.000000,20000.000000,2198.000000,3730.000000,3534.000000
21500.000000,17800.000000,20000.000000,20000.000000,3236.000000,2356.000000,4123.000000
18300.000000,21200.000000,20000.000000,20000.000000,3722.000000,3730.000000,4908.000000
22000.000000,18400.000000,20000.000000,20000.000000,4156.000000,5890.000000,5694.000000
18800.000000,18900.000000,20000.000000,20000.000000,5518.000000,7068.000000,5497.000000
22300.000000,19400.000000,20000.000000,20000.000000,6804.000000,6283.000000,4908.000000
18200.000000,20700.000000,20000.000000,20000.000000,7666.000000,4516.000000,5105.000000
20700.000000,21400.000000,20000.000000,20000.000000,8653.000000,3534.000000,5301.000000
17900.000000,20900.000000,20000.000000,20000.000000,9375.000000,4516.000000,5694.000000
18300.000000,20900.000000,20000.000000,20000.000000,9853.000000,6086.000000,5497.000000
20200.000000,20400.000000,20000.000000,20000.000000,10911.000000,6479.000000,5105.000000
18300.000000,19400.000000,20000.000000,20000.000000,12190.000000,5890.000000,3926.000000
17700.000000,19400.000000,20000.000000,20000.000000,12949.000000,4712.000000,3730.000000
18900.000000,19100.000000,20000.000000,20000.000000,13477.000000,4516.000000,4908.000000
18400.000000,20900.000000,20000.000000,20000.000000,14237.000000,4908.000000,5497.000000
18900.000000,18700.000000,20000.000000,20000.000000,14942.000000,5497.000000,5301.000000
20200.000000,21700.000000,20000.000000,20000.000000,15543.000000,5694.000000,4516.000000
22200.000000,20800.000000,20000.000000,20000.000000,16263.000000,5105.000000,3926.000000
19700.000000,18600.000000,20000.000000,20000.000000,16584.000000,4516.000000,3730.000000
19700.000000,19100.000000,20000.000000,20000.000000,16741.000000,4516.000000,4319.000000
22000.000000,22100.000000,20000.000000,20000.000000,17032.000000,4908.000000,4516.000000
18400.000000,18500.000000,20000.000000,20000.000000,17413.000000,4516.000000,4516.000000
18300.000000,19000.000000,20000.000000,20000.000000,17627.000000,4319.000000,3730.000000
18400.000000,21000.000000,20000.000000,20000.000000,17700.000000,3926.000000,3337.000000
18000.000000,20900.000000,20000.000000,20000.000000,17643.000000,3926.000000,3730.000000
18900.000000,19500.000000,20000.000000,20000.000000,17529.000000,3926.000000,3730.000000
21200.000000,19700.000000,20000.000000,20000.000000,17463.000000,4516.000000,3730.000000
22300.000000,21900.000000,20000.000000,20000.000000,17320.000000,4123.000000,3926.000000
20900.000000,20800.000000,20000.000000,20000.000000,17094.000000,3730.000000,3337.000000
17900.000000,22900.000000,20000.000000,20000.000000,16943.000000,3337.000000,3337.000000
19800.000000,18500.000000,20000.000000,20000.000000,16577.000000,3141.000000,3534.000000
21900.000000,19900.000000,20000.000000,20000.000000,16017.000000,3337.000000,3534.000000
20700.000000,20900.000000,20000.000000,20000.000000,15660.000000,3534.000000,3926.000000
19200.000000,18400.000000,20000.000000,20000.000000,15258.000000,3534.000000,3730.000000
18000.000000,18500.000000,20000.000000,20000.000000,14723.000000,3730.000000,3534.000000
18700.000000,18900.000000,20000.000000,20000.000000,14131.000000,3337.000000,2945.000000
21900.000000,22200.000000,20000.000000,20000.000000,13695.000000,3730.000000,2748.000000
17900.000000,19200.000000,20000.000000,20000.000000,13113.000000,3926.000000,2945.000000
17800.000000,18800.000000,20000.000000,20000.000000,12506.000000,4123.000000,3337.000000
18200.000000,19300.000000,20000.000000,20000.000000,12045.000000,3926.000000,3926.000000
18300.000000,18600.000000,20000.000000,20000.000000,11421.000000,3730.000000,3926.000000
18100.000000,17900.000000,20000.000000,20000.000000,10630.000000,3926.000000,4123.000000
18000.000000,17800.000000,20000.000000,20000.000000,9880.000000,4319.000000,4516.000000
19100.000000,18400.000000,20000.000000,20000.000000,9160.000000,4712.000000,4516.000000
22000.000000,21200.000000,20000.000000,20000.000000,8362.000000,5105.000000,4516.000000
20800.000000,18200.000000,20000.000000,20000.000000,7708.000000,5301.000000,4319.000000
18100.000000,18600.000000,20000.000000,20000.000000,7144.000000,5301.000000,4712.000000
20400.000000,21300.000000,20000.000000,20000.000000,6503.000000,5105.000000,4908.000000
17800.000000,18200.000000,20000.000000,20000.000000,5875.000000,5497.000000,5497.000000
18100.000000,19100.000000,20000.000000,20000.000000,5198.000000,5694.000000,6086.000000
19000.000000,19500.000000,20000.000000,20000.000000,4731.000000,6675.000000,6283.000000
19700.000000,18600.000000,20000.000000,20000.000000,4114.000000,7068.000000,5890.000000
19100.000000,21000.000000,20000.000000,20000.000000,3877.000000,7068.000000,6086.000000
20900.000000,18800.000000,20000.000000,20000.000000,3661.000000,6872.000000,6479.000000
18100.000000,21300.000000,20000.000000,20000.000000,3159.000000,6675.000000,7461.000000
18400.000000,18500.000000,20000.000000,20000.000000,2588.000000,7461.000000,8443.000000
21200.000000,18100.000000,20000.000000,20000.000000,2116.000000,8246.000000,8443.000000
20400.000000,18100.000000,20000.000000,20000.000000,1840.000000,9032.000000,7657.000000
18100.000000,20200.000000,20000.000000,20000.000000,1956.000000,8835.000000,7657.000000
17500.000000,18800.000000,20000.000000,20000.000000,1810.000000,8443.000000,8443.000000
18400.000000,20600.000000,20000.000000,20000.000000,1750.000000,9032.000000,9817.000000
18700.000000,18100.000000,20000.000000,20000.000000,1644.000000,9817.000000,10013.000000
19400.000000,18500.000000,20000.000000,20000.000000,2031.000000,10013.000000,9424.000000
20900.000000,18200.000000,20000.000000,20000.000000,2504.000000,10406.000000,8639.000000
20900.000000,20100.000000,20000.000000,20000.000000,2651.000000,10602.000000,10013.000000
20100.000000,19300.000000,20000.000000,20000.000000,2877.000000,10602.000000,11977.000000
20500.000000,18400.000000,20000.000000,20000.000000,3310.000000,10799.000000,10995.000000
19800.000000,21000.000000,20000.000000,20000.000000,3614.000000,11780.000000,11388.000000
19800.000000,20800.000000,20000.000000,20000.000000,4025.000000,11977.000000,10995.000000
18900.000000,21100.000000,20000.000000,20000.000000,4864.000000,11584.000000,10995.000000
20700.000000,18900.000000,20000.000000,20000.000000,5568.000000,11584.000000,11388.000000
18300.000000,18600.000000,20000.000000,20000.000000,5914.000000,11780.000000,11977.000000
18500.000000,18600.000000,20000.000000,20000.000000,6870.000000,12370.000000,10799.000000
18600.000000,18600.000000,20000.000000,20000.000000,7329.000000,12762.000000,11780.000000
18700.000000,21600.000000,20000.000000,20000.000000,8141.000000,13155.000000,11977.000000
18900.000000,19000.000000,20000.000000,20000.000000,9013.000000,12762.000000,12173.000000
18400.000000,21200.000000,20000.000000,20000.000000,9743.000000,12762.000000,11388.000000
18100.000000,18500.000000,20000.000000,20000.000000,10532.000000,12762.000000,11388.000000
20500.000000,18600.000000,20000.000000,20000.000000,11035.000000,13155.000000,12762.000000
21300.000000,18500.000000,20000.000000,20000.000000,11768.000000,13548.000000,12762.000000
18600.000000,21600.000000,20000.000000,20000.000000,12507.000000,13351.000000,12566.000000
18200.000000,19800.000000,20000.000000,20000.000000,13274.000000,12959.000000,12566.000000
19900.000000,18800.000000,20000.000000,20000.000000,13709.000000,12762.000000,12762.000000
19800.000000,19500.000000,20000.000000,20000.000000,14430.000000,12959.000000,12762.000000
18900.000000,18500.000000,0.000000,0.000000,14702.000000,12566.000000,12173.000000
0.000000,0.000000,0.000000,0.000000,15233.000000,9228.000000,8050.000000
0.000000,0.000000,0.000000,0.000000,15825.000000,8443.000000,7657.000000
100.000000,0.000000,0.000000,0.000000,15766.000000,8246.000000,7461.000000
0.000000,0.000000,0.000000,0.000000,16021.000000,10013.000000,9032.000000
-100.000000,100.000000,0.000000,0.000000,16062.000000,12173.000000,11584.000000
100.000000,0.000000,0.000000,0.000000,15872.000000,12566.000000,12173.000000
0.000000,200.000000,0.000000,0.000000,15250.000000,12370.000000,10799.000000
100.000000,0.000000,0.000000,0.000000,15171.000000,10995.000000,11191.000000
0.000000,0.000000,0.000000,0.000000,14957.000000,8639.000000,9228.000000
0.000000,0.000000,0.000000,0.000000,13847.000000,7461.000000,7264.000000
0.000000,0.000000,0.000000,0.000000,12977.000000,6872.000000,6283.000000
0.000000,100.000000,0.000000,0.000000,12531.000000,6872.000000,6086.000000
0.000000,0.000000,0.000000,0.000000,11464.000000,6675.000000,5890.000000
100.000000,0.000000,0.000000,0.000000,10468.000000,7264.000000,5694.000000
-100.000000,-100.000000,0.000000,0.000000,9506.000000,8050.000000,5890.000000
0.000000,300.000000,0.000000,0.000000,8113.000000,7657.000000,6872.000000
100.000000,0.000000,0.000000,0.000000,6511.000000,7657.000000,7068.000000
-100.000000,-100.000000,0.000000,0.000000,5297.000000,7657.000000,6872.000000
100.000000,-400.000000,0.000000,0.000000,4184.000000,6872.000000,6872.000000
0.000000,0.000000,0.000000,0.000000,2697.000000,6283.000000,5694.000000
200.000000,0.000000,0.000000,0.000000,1353.000000,5694.000000,5301.000000
0.000000,0.000000,0.000000,0.000000,-107.000000,5497.000000,5497.000000
0.000000,0.000000,0.000000,0.000000,-1704.000000,4908.000000,5497.000000
200.000000,0.000000,0.000000,0.000000,-3005.000000,4908.000000,4908.000000
0.000000,-100.000000,0.000000,0.000000,-4480.000000,4908.000000,4712.000000
0.000000,400.000000,0.000000,0.000000,-6234.000000,6086.000000,4516.000000
100.000000,-100.000000,0.000000,0.000000,-7660.000000,7264.000000,4908.000000
-100.000000,0.000000,0.000000,0.000000,-9067.000000,7657.000000,6086.000000
0.000000,0.000000,0.000000,0.000000,-10426.000000,7461.000000,7068.000000
0.000000,0.000000,0.000000,0.000000,-11631.000000,7461.000000,6283.000000
-100.000000,0.000000,0.000000,0.000000,-12738.000000,7264.000000,7264.000000
0.000000,100.000000,0.000000,0.000000,-13859.000000,6872.000000,7068.000000
100.000000,0.000000,0.000000,0.000000,-14881.000000,7068.000000,6675.000000
200.000000,100.000000,0.000000,0.000000,-15687.000000,7264.000000,6872.000000
0.000000,0.000000,0.000000,0.000000,-16413.000000,8639.000000,7264.000000
100.000000,0.000000,0.000000,0.000000,-17163.000000,9817.000000,8443.000000
0.000000,0.000000,0.000000,0.000000,-18030.000000,10013.000000,9032.000000
0.000000,200.000000,0.000000,0.000000,-18652.000000,9817.000000,9424.000000
300.000000,0.000000,0.000000,0.000000,-19062.000000,9621.000000,9424.000000
0.000000,0.000000,0.000000,0.000000,-19557.000000,9621.000000,9424.000000
0.000000,0.000000,0.000000,0.000000,-20011.000000,9621.000000,9817.000000
0.000000,-100.000000,0.000000,0.000000,-20258.000000,10799.000000,10210.000000
0.000000,0.000000,0.000000,0.000000,-20238.000000,12173.000000,10406.000000
200.000000,0.000000,0.000000,0.000000,-20204.000000,12370.000000,11584.000000
0.000000,0.000000,0.000000,0.000000,-19939.000000,12370.000000,11388.000000
100.000000,100.000000,0.000000,0.000000,-19639.000000,12173.000000,11191.000000
200.000000,-200.000000,0.000000,0.000000,-19231.000000,12566.000000,11191.000000
0.000000,-100.000000,0.000000,0.000000,-18915.000000,12959.000000,10406.000000
100.000000,0.000000,0.000000,0.000000,-18340.000000,13744.000000,13155.000000
0.000000,0.000000,0.000000,0.000000,-17522.000000,14137.000000,13351.000000
0.000000,0.000000,0.000000,0.000000,-16842.000000,13940.000000,13351.000000
200.000000,0.000000,0.000000,0.000000,-16068.000000,13744.000000,12959.000000
0.000000,200.000000,0.000000,0.000000,-15227.000000,13940.000000,12959.000000
0.000000,0.000000,0.000000,0.000000,-14267.000000,14137.000000,12959.000000
-100.000000,0.000000,0.000000,0.000000,-13456.000000,14529.000000,12959.000000
100.000000,0.000000,0.000000,0.000000,-12659.000000,14922.000000,12370.000000
0.000000,-100.000000,0.000000,0.000000,-11814.000000,14529.000000,13351.000000
0.000000,200.000000,0.000000,0.000000,-10776.000000,14529.000000,13155.000000
0.000000,0.000000,0.000000,0.000000,-9771.000000,14333.000000,12959.000000
0.000000,0.000000,0.000000,0.000000,-8596.000000,14333.000000,12566.000000
200.000000,0.000000,0.000000,0.000000,-7310.000000,14333.000000,13155.000000
-100.000000,0.000000,0.000000,0.000000,-6013.000000,14137.000000,13548.000000
0.000000,0.000000,0.000000,0.000000,-4817.000000,14137.000000,12959.000000
-100.000000,0.000000,0.000000,0.000000,-3509.000000,14137.000000,12762.000000
0.000000,0.000000,0.000000,0.000000,-2331.000000,13940.000000,12566.000000
-100.000000,100.000000,0.000000,0.000000,-1289.000000,13744.000000,12762.000000
0.000000,100.000000,0.000000,0.000000,-352.000000,13744.000000,12173.000000
0.000000,-400.000000,0.000000,0.000000,553.000000,13548.000000,10995.000000
0.000000,0.000000,0.000000,0.000000,1430.000000,13351.000000,11584.000000
0.000000,-100.000000,0.000000,0.000000,2157.000000,13155.000000,11191.000000
400.000000,-100.000000,0.000000,0.000000,2868.000000,12959.000000,10799.000000
0.000000,0.000000,0.000000,0.000000,3506.000000,12762.000000,10602.000000
100.000000,0.000000,0.000000,0.000000,4109.000000,12173.000000,9228.000000
0.000000,100.000000,0.000000,0.000000,4533.000000,12566.000000,9621.000000
0.000000,-100.000000,0.000000,0.000000,4873.000000,11977.000000,9817.000000
100.000000,0.000000,0.000000,0.000000,5101.000000,11780.000000,9621.000000
100.000000,200.000000,0.000000,0.000000,5409.000000,10995.000000,8835.000000
100.000000,0.000000,0.000000,0.000000,5546.000000,9817.000000,8639.000000
0.000000,0.000000,0.000000,0.000000,5648.000000,8639.000000,8443.000000
0.000000,0.000000,0.000000,0.000000,5523.000000,8443.000000,8246.000000
0.000000,0.000000,0.000000,0.000000,5343.000000,8246.000000,7461.000000
0.000000,0.000000,0.000000,0.000000,5221.000000,7853.000000,7461.000000
0.000000,200.000000,0.000000,0.000000,4842.000000,7657.000000,6872.000000
0.000000,0.000000,0.000000,0.000000,4299.000000,7068.000000,6675.000000
-200.000000,0.000000,0.000000,0.000000,3749.000000,7264.000000,4908.000000
100.000000,0.000000,0.000000,0.000000,3224.000000,6872.000000,5694.000000
100.000000,0.000000,0.000000,0.000000,2609.000000,6479.000000,5301.000000
100.000000,0.000000,0.000000,0.000000,1855.000000,6283.000000,4908.000000
100.000000,200.000000,0.000000,0.000000,1026.000000,6479.000000,5105.000000
0.000000,0.000000,0.000000,0.000000,108.000000,5694.000000,4516.000000
0.000000,100.000000,0.000000,0.000000,-625.000000,6086.000000,4516.000000
0.000000,0.000000,0.000000,0.000000,-1669.000000,5694.000000,4123.000000
0.000000,0.000000,0.000000,0.000000,-2732.000000,5301.000000,4123.000000
300.000000,100.000000,0.000000,0.000000,-3698.000000,5301.000000,4516.000000
0.000000,-100.000000,0.000000,0.000000,-4693.000000,5301.000000,5105.000000
100.000000,300.000000,0.000000,0.000000,-5783.000000,5105.000000,4712.000000
0.000000,200.000000,0.000000,0.000000,-6913.000000,5497.000000,5105.000000
100.000000,100.000000,0.000000,0.000000,-7854.000000,6479.000000,5301.000000
100.000000,0.000000,0.000000,0.000000,-8942.000000,7068.000000,4908.000000
-100.000000,0.000000,0.000000,0.000000,-10161.000000,7068.000000,4908.000000
100.000000,200.000000,0.000000,0.000000,-11081.000000,6872.000000,4908.000000
0.000000,0.000000,0.000000,0.000000,-11992.000000,6872.000000,5301.000000
-100.000000,0.000000,0.000000,0.000000,-13026.000000,6872.000000,5694.000000
0.000000,0.000000,0.000000,0.000000,-13902.000000,6675.000000,6283.000000
200.000000,100.000000,0.000000,0.000000,-14501.000000,6872.000000,6283.000000
100.000000,0.000000,0.000000,0.000000,-15267.000000,7657.000000,6086.000000
0.000000,0.000000,0.000000,0.000000,-16074.000000,8443.000000,6086.000000
0.000000,200.000000,0.000000,0.000000,-16624.000000,8835.000000,6086.000000
0.000000,0.000000,0.000000,0.000000,-17073.000000,8639.000000,6675.000000
100.000000,0.000000,0.000000,0.000000,-17576.000000,8835.000000,7264.000000
0.000000,0.000000,0.000000,0.000000,-17974.000000,8835.000000,7657.000000
200.000000,0.000000,0.000000,0.000000,-18245.000000,9032.000000,8246.000000
0.000000,200.000000,0.000000,0.000000,-18535.000000,9621.000000,7264.000000
0.000000,0.000000,0.000000,0.000000,-18662.000000,10210.000000,8050.000000
0.000000,200.000000,0.000000,0.000000,-18690.000000,10602.000000,8246.000000
-100.000000,0.000000,0.000000,0.000000,-18627.000000,10406.000000,8443.000000
0.000000,-100.000000,0.000000,0.000000,-18523.000000,10602.000000,9032.000000
0.000000,-100.000000,0.000000,0.000000,-18362.000000,10799.000000,9424.000000
0.000000,-100.000000,0.000000,0.000000,-18040.000000,10995.000000,9621.000000
300.000000,300.000000,0.000000,0.000000,-17596.000000,11584.000000,8246.000000
0.000000,100.000000,0.000000,0.000000,-17291.000000,11977.000000,9424.000000
0.000000,0.000000,0.000000,0.000000,-16738.000000,11977.000000,10013.000000
-100.000000,0.000000,0.000000,0.000000,-16032.000000,11780.000000,10210.000000
200.000000,0.000000,0.000000,0.000000,-15404.000000,11977.000000,10602.000000
200.000000,0.000000,0.000000,0.000000,-14786.000000,11780.000000,10799.000000
100.000000,100.000000,0.000000,0.000000,-13865.000000,12173.000000,10799.000000
100.000000,100.000000,0.000000,0.000000,-12929.000000,12566.000000,10799.000000
0.000000,0.000000,0.000000,0.000000,-12114.000000,12566.000000,10602.000000
0.000000,-100.000000,0.000000,0.000000,-11190.000000,12762.000000,10013.000000
0.000000,0.000000,0.000000,0.000000,-10232.000000,12762.000000,9621.000000
0.000000,100.000000,0.000000,0.000000,-9144.000000,12370.000000,10406.000000
0.000000,-100.000000,0.000000,0.000000,-8171.000000,12566.000000,10406.000000
0.000000,0.000000,0.000000,0.000000,-7211.000000,12370.000000,10210.000000
-200.000000,0.000000,0.000000,0.000000,-6283.000000,12370.000000,10210.000000
0.000000,100.000000,0.000000,0.000000,-5238.000000,12173.000000,9621.000000
0.000000,100.000000,0.000000,0.000000,-4283.000000,12173.000000,10210.000000
100.000000,200.000000,0.000000,0.000000,-3403.000000,12173.000000,10406.000000
200.000000,100.000000,0.000000,0.000000,-2418.000000,11780.000000,10406.000000
100.000000,0.000000,0.000000,0.000000,-1478.000000,11977.000000,9817.000000
0.000000,-100.000000,0.000000,0.000000,-604.000000,11780.000000,9424.000000
0.000000,300.000000,0.000000,0.000000,159.000000,10995.000000,9228.000000
0.000000,0.000000,0.000000,0.000000,973.000000,10995.000000,9032.000000
100.000000,0.000000,0.000000,0.000000,1631.000000,10799.000000,8835.000000
0.000000,0.000000,0.000000,0.000000,2168.000000,10210.000000,8639.000000
100.000000,-100.000000,0.000000,0.000000,2655.000000,9621.000000,8050.000000
0.000000,-100.000000,0.000000,0.000000,3081.000000,9621.000000,7264.000000
200.000000,-100.000000,0.000000,0.000000,3419.000000,9228.000000,7657.000000
100.000000,-100.000000,0.000000,0.000000,3629.000000,8443.000000,7264.000000
0.000000,0.000000,0.000000,0.000000,3744.000000,8639.000000,7068.000000
0.000000,100.000000,0.000000,0.000000,3898.000000,8443.000000,6675.000000
100.000000,-100.000000,0.000000,0.000000,3961.000000,8050.000000,6479.000000
100.000000,0.000000,0.000000,0.000000,3816.000000,7461.000000,6479.000000
200.000000,0.000000,0.000000,0.000000,3624.000000,7657.000000,5890.000000
-100.000000,200.000000,0.000000,0.000000,3459.000000,7264.000000,5301.000000
-100.000000,0.000000,0.000000,0.000000,3233.000000,6872.000000,4319.000000
0.000000,200.000000,0.000000,0.000000,2955.000000,6675.000000,4319.000000
0.000000,0.000000,0.000000,0.000000,2635.000000,6283.000000,4516.000000
0.000000,-200.000000,0.000000,0.000000,2226.000000,6086.000000,4123.000000
0.000000,-200.000000,0.000000,0.000000,1785.000000,5890.000000,3926.000000
100.000000,0.000000,0.000000,0.000000,1266.000000,5694.000000,3534.000000
200.000000,-100.000000,0.000000,0.000000,628.000000,5301.000000,3337.000000
300.000000,0.000000,0.000000,0.000000,-13.000000,5105.000000,3141.000000
0.000000,-100.000000,0.000000,0.000000,-722.000000,5301.000000,2945.000000
-100.000000,100.000000,0.000000,0.000000,-1381.000000,4712.000000,3141.000000
-100.000000,100.000000,0.000000,0.000000,-2139.000000,4712.000000,3534.000000
0.000000,300.000000,0.000000,0.000000,-2946.000000,4516.000000,3730.000000
0.000000,100.000000,0.000000,0.000000,-3766.000000,4712.000000,3730.000000
0.000000,0.000000,0.000000,0.000000,-4626.000000,5301.000000,3337.000000
-100.000000,0.000000,0.000000,0.000000,-5480.000000,5890.000000,3337.000000
100.000000,0.000000,0.000000,0.000000,-6416.000000,5890.000000,3141.000000
100.000000,0.000000,0.000000,0.000000,-7244.000000,5890.000000,2945.000000
0.000000,0.000000,0.000000,0.000000,-8026.000000,5694.000000,2748.000000
-100.000000,-600.000000,78.000000,78.000000,-8780.000000,5497.000000,2748.000000
300.000000,0.000000,0.000000,0.000000,-9553.000000,5497.000000,3141.000000
300.000000,0.000000,0.000000,0.000000,-10237.000000,5301.000000,3534.000000
0.000000,100.000000,0.000000,0.000000,-10831.000000,5694.000000,3926.000000
0.000000,-100.000000,0.000000,0.000000,-11439.000000,6086.000000,4123.000000
0.000000,0.000000,0.000000,0.000000,-11996.000000,6872.000000,4123.000000
200.000000,0.000000,0.000000,0.000000,-12590.000000,7068.000000,3730.000000
0.000000,100.000000,0.000000,0.000000,-12995.000000,7264.000000,3926.000000
0.000000,0.000000,0.000000,0.000000,-13435.000000,7264.000000,3730.000000
0.000000,100.000000,0.000000,0.000000,-13919.000000,7068.000000,3534.000000
-100.000000,100.000000,0.000000,0.000000,-14208.000000,7461.000000,4319.000000
100.000000,-200.000000,0.000000,0.000000,-14453.000000,7657.000000,5694.000000
200.000000,0.000000,0.000000,0.000000,-14664.000000,8246.000000,5694.000000
0.000000,100.000000,0.000000,0.000000,-14825.000000,8443.000000,5497.000000
0.000000,0.000000,0.000000,0.000000,-14912.000000,8246.000000,5301.000000
0.000000,0.000000,0.000000,0.000000,-14897.000000,8443.000000,5105.000000
-200.000000,0.000000,0.000000,0.000000,-14791.000000,8835.000000,5301.000000
0.000000,0.000000,0.000000,0.000000,-14720.000000,9228.000000,5890.000000
100.000000,0.000000,0.000000,0.000000,-14579.000000,9228.000000,6675.000000
-100.000000,-100.000000,0.000000,0.000000,-14402.000000,9424.000000,6283.000000
100.000000,0.000000,0.000000,0.000000,-13936.000000,9424.000000,6872.000000
100.000000,0.000000,0.000000,0.000000,-13628.000000,9424.000000,6872.000000
-100.000000,0.000000,0.000000,0.000000,-13274.000000,9424.000000,6872.000000
-100.000000,0.000000,0.000000,0.000000,-12697.000000,9817.000000,6872.000000
100.000000,0.000000,0.000000,0.000000,-12147.000000,10210.000000,7461.000000
0.000000,0.000000,0.000000,0.000000,-11656.000000,10406.000000,7853.000000
200.000000,200.000000,0.000000,0.000000,-11087.000000,10013.000000,7853.000000
-200.000000,0.000000,0.000000,0.000000,-10287.000000,10013.000000,7657.000000
0.000000,400.000000,0.000000,0.000000,-9603.000000,9817.000000,7853.000000
100.000000,0.000000,0.000000,0.000000,-8858.000000,9817.000000,7461.000000
100.000000,0.000000,0.000000,0.000000,-8129.000000,10013.000000,7657.000000
200.000000,300.000000,0.000000,0.000000,-7334.000000,10210.000000,7461.000000
0.000000,0.000000,0.000000,0.000000,-6582.000000,10210.000000,7657.000000
0.000000,0.000000,0.000000,0.000000,-5780.000000,10210.000000,6479.000000
200.000000,0.000000,0.000000,0.000000,-5004.000000,9817.000000,7461.000000
0.000000,200.000000,0.000000,0.000000,-4244.000000,10210.000000,7657.000000
0.000000,100.000000,0.000000,0.000000,-3559.000000,9817.000000,7068.000000
0.000000,0.000000,0.000000,0.000000,-2876.000000,9621.000000,6872.000000
0.000000,-100.000000,0.000000,0.000000,-2193.000000,9424.000000,6872.000000
-100.000000,0.000000,0.000000,0.000000,-1533.000000,9228.000000,6675.000000
0.000000,-400.000000,0.000000,0.000000,-982.000000,9228.000000,6479.000000
0.000000,300.000000,0.000000,0.000000,-468.000000,8835.000000,6086.000000
0.000000,0.000000,0.000000,0.000000,31.000000,8835.000000,5105.000000
200.000000,300.000000,0.000000,0.000000,571.000000,8639.000000,5890.000000
0.000000,0.000000,0.000000,0.000000,1017.000000,8246.000000,6086.000000
0.000000,-100.000000,0.000000,0.000000,1347.000000,8050.000000,6086.000000
-100.000000,-200.000000,0.000000,0.000000,1647.000000,8050.000000,5694.000000
-100.000000,0.000000,0.000000,0.000000,1939.000000,7853.000000,5497.000000
0.000000,0.000000,0.000000,0.000000,2035.000000,7461.000000,5105.000000
0.000000,100.000000,0.000000,0.000000,2062.000000,7068.000000,5105.000000
300.000000,0.000000,0.000000,0.000000,2106.000000,7264.000000,4712.000000
0.000000,0.000000,0.000000,0.000000,2088.000000,6872.000000,4516.000000
0.000000,-200.000000,0.000000,0.000000,1947.000000,6675.000000,4319.000000
0.000000,0.000000,0.000000,0.000000,1785.000000,6283.000000,3926.000000
0.000000,0.000000,0.000000,0.000000,1664.000000,5890.000000,3730.000000
0.000000,0.000000,0.000000,0.000000,1391.000000,5694.000000,3337.000000
-100.000000,0.000000,0.000000,0.000000,1075.000000,5105.000000,3141.000000
300.000000,0.000000,0.000000,0.000000,741.000000,4908.000000,2945.000000
0.000000,-100.000000,0.000000,0.000000,315.000000,4712.000000,2748.000000
-300.000000,-100.000000,0.000000,0.000000,-157.000000,4516.000000,2552.000000
0.000000,0.000000,0.000000,0.000000,-606.000000,4123.000000,2159.000000
0.000000,0.000000,0.000000,0.000000,-1075.000000,3926.000000,2159.000000
-100.000000,200.000000,0.000000,0.000000,-1630.000000,3926.000000,1963.000000
0.000000,0.000000,0.000000,0.000000,-2178.000000,3730.000000,1767.000000
-400.000000,-200.000000,0.000000,0.000000,-2714.000000,3337.000000,1767.000000
-200.000000,0.000000,0.000000,0.000000,-3270.000000,3337.000000,1963.000000
0.000000,200.000000,0.000000,0.000000,-3964.000000,2945.000000,2159.000000
0.000000,0.000000,0.000000,0.000000,-4614.000000,3141.000000,2356.000000
-200.000000,0.000000,0.000000,0.000000,-5256.000000,3141.000000,1767.000000
-100.000000,100.000000,0.000000,0.000000,-5891.000000,3926.000000,2159.000000
100.000000,200.000000,0.000000,0.000000,-6461.000000,5105.000000,1767.000000
100.000000,0.000000,0.000000,0.000000,-7084.000000,5497.000000,2159.000000
0.000000,0.000000,0.000000,0.000000,-7643.000000,5301.000000,1963.000000
200.000000,0.000000,0.000000,0.000000,-8105.000000,5301.000000,2159.000000
100.000000,0.000000,0.000000,0.000000,-8606.000000,5105.000000,2356.000000
0.000000,0.000000,0.000000,0.000000,-9199.000000,4908.000000,2552.000000
0.000000,400.000000,0.000000,0.000000,-9769.000000,4908.000000,2748.000000
200.000000,100.000000,0.000000,0.000000,-10203.000000,4516.000000,2945.000000
0.000000,-100.000000,0.000000,0.000000,-10634.000000,4319.000000,2748.000000
0.000000,0.000000,0.000000,0.000000,-11081.000000,4319.000000,2945.000000
300.000000,-100.000000,0.000000,0.000000,-11410.000000,4319.000000,2945.000000
100.000000,-100.000000,0.000000,0.000000,-11563.000000,4908.000000,2945.000000
0.000000,0.000000,0.000000,0.000000,-11744.000000,6086.000000,3534.000000
100.000000,0.000000,0.000000,0.000000,-11969.000000,6675.000000,3730.000000
100.000000,100.000000,0.000000,0.000000,-12081.000000,6675.000000,3926.000000
0.000000,0.000000,0.000000,0.000000,-12146.000000,6675.000000,3926.000000
100.000000,0.000000,0.000000,0.000000,-12221.000000,6479.000000,3926.000000
0.000000,200.000000,0.000000,0.000000,-12282.000000,6283.000000,3337.000000
100.000000,-100.000000,0.000000,0.000000,-12230.000000,6283.000000,4123.000000
0.000000,0.000000,0.000000,0.000000,-12114.000000,6283.000000,4319.000000
100.000000,-100.000000,0.000000,0.000000,-11959.000000,6675.000000,4712.000000
0.000000,0.000000,0.000000,0.000000,-11723.000000,7461.000000,5301.000000
0.000000,0.000000,0.000000,0.000000,-11424.000000,7853.000000,5301.000000
0.000000,0.000000,0.000000,0.000000,-11230.000000,7853.000000,5694.000000
0.000000,-100.000000,0.000000,0.000000,-10883.000000,7657.000000,5301.000000
100.000000,-100.000000,0.000000,0.000000,-10504.000000,7461.000000,5301.000000
0.000000,200.000000,0.000000,0.000000,-10160.000000,7461.000000,5301.000000
100.000000,200.000000,0.000000,0.000000,-9750.000000,7461.000000,5301.000000
-300.000000,200.000000,0.000000,0.000000,-9184.000000,7264.000000,5497.000000
-100.000000,0.000000,0.000000,0.000000,-8626.000000,7657.000000,6086.000000
200.000000,-100.000000,0.000000,0.000000,-8144.000000,7853.000000,6086.000000
0.000000,200.000000,0.000000,0.000000,-7595.000000,8246.000000,5890.000000
0.000000,-200.000000,0.000000,0.000000,-6995.000000,7853.000000,5890.000000
0.000000,0.000000,0.000000,0.000000,-6433.000000,7853.000000,5694.000000
0.000000,300.000000,0.000000,0.000000,-5779.000000,7657.000000,5497.000000
0.000000,0.000000,0.000000,0.000000,-5201.000000,7657.000000,5497.000000
0.000000,100.000000,0.000000,0.000000,-4643.000000,7264.000000,4908.000000
-100.000000,100.000000,0.000000,0.000000,-4113.000000,7068.000000,4516.000000
-200.000000,0.000000,0.000000,0.000000,-3573.000000,7068.000000,5497.000000
0.000000,-100.000000,0.000000,0.000000,-3082.000000,6872.000000,5301.000000
100.000000,0.000000,0.000000,0.000000,-2604.000000,6675.000000,5105.000000
0.000000,0.000000,0.000000,0.000000,-2154.000000,6675.000000,5105.000000
300.000000,200.000000,0.000000,0.000000,-1654.000000,6479.000000,4516.000000
0.000000,100.000000,0.000000,0.000000,-1235.000000,6283.000000,4516.000000
0.000000,400.000000,0.000000,0.000000,-863.000000,6283.000000,4319.000000
0.000000,0.000000,0.000000,0.000000,-568.000000,5890.000000,4123.000000
100.000000,200.000000,0.000000,0.000000,-337.000000,5890.000000,3926.000000
0.000000,0.000000,0.000000,0.000000,-79.000000,5694.000000,3730.000000
-200.000000,0.000000,0.000000,0.000000,59.000000,5694.000000,3730.000000
200.000000,0.000000,0.000000,0.000000,160.000000,5694.000000,3337.000000
0.000000,0.000000,0.000000,0.000000,287.000000,5301.000000,2945.000000
-100.000000,200.000000,0.000000,0.000000,330.000000,5105.000000,2552.000000
0.000000,100.000000,0.000000,0.000000,295.000000,5105.000000,2356.000000
200.000000,-100.000000,0.000000,0.000000,247.000000,4908.000000,2748.000000
-100.000000,0.000000,0.000000,0.000000,153.000000,4712.000000,2748.000000
0.000000,0.000000,0.000000,0.000000,-47.000000,4516.000000,2552.000000
100.000000,0.000000,0.000000,0.000000,-275.000000,4319.000000,2356.000000
100.000000,100.000000,0.000000,0.000000,-525.000000,4123.000000,2159.000000
0.000000,0.000000,0.000000,0.000000,-756.000000,4123.000000,2159.000000
0.000000,-200.000000,0.000000,0.000000,-1054.000000,3730.000000,1767.000000
300.000000,-900.000000,156.000000,156.000000,-1387.000000,3730.000000,1767.000000
-100.000000,0.000000,0.000000,0.000000,-1746.000000,3337.000000,1570.000000
100.000000,200.000000,0.000000,0.000000,-2149.000000,3337.000000,1374.000000
-100.000000,100.000000,0.000000,0.000000,-2583.000000,3141.000000,1178.000000
0.000000,-100.000000,0.000000,0.000000,-3057.000000,2945.000000,1178.000000
0.000000,300.000000,0.000000,0.000000,-3514.000000,2748.000000,1178.000000
200.000000,100.000000,0.000000,0.000000,-3958.000000,2748.000000,1178.000000
0.000000,0.000000,0.000000,0.000000,-4417.000000,2552.000000,1178.000000
0.000000,-200.000000,0.000000,0.000000,-4921.000000,2356.000000,1374.000000
-100.000000,0.000000,0.000000,0.000000,-5377.000000,2552.000000,1570.000000
0.000000,200.000000,0.000000,0.000000,-5858.000000,2748.000000,1570.000000
200.000000,-100.000000,0.000000,0.000000,-6350.000000,3337.000000,1374.000000
0.000000,0.000000,0.000000,0.000000,-6798.000000,3534.000000,1374.000000
0.000000,0.000000,0.000000,0.000000,-7238.000000,3534.000000,1374.000000
0.000000,100.000000,0.000000,0.000000,-7659.000000,3337.000000,1178.000000
0.000000,100.000000,0.000000,0.000000,-8044.000000,3337.000000,1178.000000
200.000000,300.000000,0.000000,0.000000,-8461.000000,3337.000000,1374.000000
-200.000000,100.000000,0.000000,0.000000,-8897.000000,3337.000000,1374.000000
0.000000,-100.000000,0.000000,0.000000,-9218.000000,3534.000000,1767.000000
300.000000,0.000000,0.000000,0.000000,-9556.000000,3730.000000,1963.000000
-100.000000,0.000000,0.000000,0.000000,-9849.000000,4123.000000,1767.000000
0.000000,0.000000,0.000000,0.000000,-10098.000000,4123.000000,1963.000000
0.000000,-100.000000,0.000000,0.000000,-10295.000000,4123.000000,1963.000000
-100.000000,0.000000,0.000000,0.000000,-10426.000000,3926.000000,1963.000000
-100.000000,-100.000000,0.000000,0.000000,-10583.000000,4123.000000,1963.000000
400.000000,0.000000,0.000000,0.000000,-10704.000000,4123.000000,2356.000000
0.000000,0.000000,0.000000,0.000000,-10723.000000,4516.000000,2552.000000
-200.000000,0.000000,0.000000,0.000000,-10732.000000,5105.000000,2552.000000
0.000000,100.000000,0.000000,0.000000,-10748.000000,5105.000000,2748.000000
0.000000,0.000000,0.000000,0.000000,-10727.000000,5301.000000,2552.000000
-100.000000,-100.000000,0.000000,0.000000,-10634.000000,5105.000000,2748.000000
-300.000000,-500.000000,78.000000,78.000000,-10522.000000,4908.000000,2748.000000
0.000000,0.000000,0.000000,0.000000,-10421.000000,4908.000000,2748.000000
200.000000,100.000000,0.000000,0.000000,-10337.000000,5105.000000,2945.000000
0.000000,-100.000000,0.000000,0.000000,-10160.000000,5694.000000,2945.000000
100.000000,-100.000000,0.000000,0.000000,-9854.000000,5890.000000,2945.000000
0.000000,-100.000000,0.000000,0.000000,-9629.000000,5890.000000,3141.000000
-100.000000,200.000000,0.000000,0.000000,-9384.000000,5890.000000,2945.000000
0.000000,100.000000,0.000000,0.000000,-8963.000000,5694.000000,2748.000000
0.000000,0.000000,0.000000,0.000000,-8637.000000,5694.000000,2552.000000
-100.000000,-300.000000,78.000000,78.000000,-8315.000000,5301.000000,3141.000000
100.000000,-200.000000,0.000000,0.000000,-7936.000000,5301.000000,3337.000000
300.000000,0.000000,0.000000,0.000000,-7495.000000,5497.000000,3337.000000
200.000000,0.000000,0.000000,0.000000,-7124.000000,5301.000000,3141.000000
0.000000,0.000000,0.000000,0.000000,-6736.000000,5694.000000,3141.000000
-100.000000,0.000000,0.000000,0.000000,-6360.000000,5694.000000,3141.000000
0.000000,-100.000000,0.000000,0.000000,-5943.000000,5497.000000,2945.000000
200.000000,0.000000,0.000000,0.000000,-5545.000000,5497.000000,2748.000000
0.000000,0.000000,0.000000,0.000000,-5175.000000,5497.000000,2945.000000
0.000000,0.000000,0.000000,0.000000,-4746.000000,5301.000000,2748.000000
100.000000,0.000000,156.000000,156.000000,-4330.000000,5105.000000,2748.000000
-200.000000,0.000000,0.000000,0.000000,-3989.000000,4908.000000,2748.000000
300.000000,0.000000,0.000000,0.000000,-3697.000000,4908.000000,2748.000000
100.000000,0.000000,0.000000,0.000000,-3414.000000,4516.000000,2552.000000
0.000000,0.000000,0.000000,0.000000,-3109.000000,4516.000000,2552.000000
0.000000,-100.000000,0.000000,0.000000,-2868.000000,4319.000000,2159.000000
0.000000,0.000000,0.000000,0.000000,-2682.000000,4319.000000,1963.000000
0.000000,0.000000,0.000000,0.000000,-2485.000000,4123.000000,1570.000000
200.000000,0.000000,0.000000,0.000000,-2298.000000,3926.000000,1570.000000
100.000000,0.000000,0.000000,0.000000,-2202.000000,3730.000000,1570.000000
0.000000,-100.000000,0.000000,0.000000,-2138.000000,3730.000000,1570.000000
0.000000,100.000000,0.000000,0.000000,-2091.000000,3534.000000,1374.000000
100.000000,100.000000,0.000000,0.000000,-2091.000000,3534.000000,1374.000000
0.000000,-200.000000,0.000000,0.000000,-2169.000000,3141.000000,981.000000
0.000000,0.000000,0.000000,0.000000,-2235.000000,3337.000000,981.000000
0.000000,0.000000,0.000000,0.000000,-2305.000000,2945.000000,785.000000
0.000000,0.000000,0.000000,0.000000,-2380.000000,2945.000000,785.000000
0.000000,100.000000,0.000000,0.000000,-2523.000000,2748.000000,589.000000
0.000000,200.000000,0.000000,0.000000,-2671.000000,2552.000000,589.000000
200.000000,0.000000,0.000000,0.000000,-2858.000000,2356.000000,392.000000
-100.000000,0.000000,0.000000,0.000000,-3096.000000,2159.000000,392.000000
0.000000,0.000000,0.000000,0.000000,-3408.000000,2159.000000,392.000000
0.000000,100.000000,0.000000,0.000000,-3723.000000,1963.000000,589.000000
0.000000,0.000000,0.000000,0.000000,-4058.000000,1767.000000,392.000000
400.000000,100.000000,0.000000,0.000000,-4414.000000,1767.000000,196.000000
0.000000,0.000000,0.000000,0.000000,-4793.000000,1767.000000,196.000000
-100.000000,300.000000,0.000000,0.000000,-5151.000000,1570.000000,0.000000
0.000000,-100.000000,0.000000,0.000000,-5492.000000,1570.000000,0.000000
0.000000,300.000000,0.000000,0.000000,-5917.000000,1767.000000,0.000000
200.000000,200.000000,0.000000,0.000000,-6329.000000,1767.000000,0.000000
0.000000,-300.000000,0.000000,0.000000,-6741.000000,1767.000000,0.000000
-100.000000,0.000000,0.000000,0.000000,-7185.000000,1767.000000,196.000000
0.000000,-100.000000,0.000000,0.000000,-7617.000000,1767.000000,0.000000
0.000000,0.000000,0.000000,0.000000,-8039.000000,1570.000000,196.000000
0.000000,200.000000,0.000000,0.000000,-8476.000000,1570.000000,196.000000
0.000000,-100.000000,0.000000,0.000000,-8925.000000,1570.000000,392.000000
0.000000,-100.000000,0.000000,0.000000,-9340.000000,1374.000000,589.000000
0.000000,0.000000,0.000000,0.000000,-9701.000000,1570.000000,589.000000
0.000000,-100.000000,0.000000,0.000000,-10049.000000,1767.000000,589.000000
100.000000,0.000000,0.000000,0.000000,-10378.000000,1963.000000,589.000000
0.000000,100.000000,0.000000,0.000000,-10650.000000,1963.000000,785.000000
0.000000,0.000000,0.000000,0.000000,-10900.000000,1963.000000,981.000000
0.000000,100.000000,0.000000,0.000000,-11129.000000,2159.000000,981.000000
0.000000,100.000000,0.000000,0.000000,-11304.000000,2159.000000,1178.000000
100.000000,0.000000,0.000000,0.000000,-11474.000000,1963.000000,1374.000000
100.000000,0.000000,0.000000,0.000000,-11609.000000,2159.000000,1374.000000
-100.000000,0.000000,0.000000,0.000000,-11698.000000,2159.000000,1374.000000
0.000000,-100.000000,0.000000,0.000000,-11775.000000,2356.000000,1570.000000
200.000000,0.000000,0.000000,0.000000,-11826.000000,2552.000000,1767.000000
-100.000000,100.000000,0.000000,0.000000,-11833.000000,2552.000000,1767.000000
0.000000,0.000000,0.000000,0.000000,-11738.000000,2748.000000,1963.000000
0.000000,0.000000,0.000000,0.000000,-11668.000000,2552.000000,1963.000000
0.000000,0.000000,0.000000,0.000000,-11563.000000,2748.000000,1963.000000
-100.000000,100.000000,0.000000,0.000000,-11443.000000,2748.000000,2159.000000
-100.000000,0.000000,0.000000,0.000000,-11256.000000,2748.000000,2159.000000
0.000000,100.000000,0.000000,0.000000,-11085.000000,2945.000000,2356.000000
-100.000000,-100.000000,0.000000,0.000000,-10887.000000,2945.000000,2356.000000
0.000000,0.000000,0.000000,0.000000,-10639.000000,3141.000000,2552.000000
200.000000,200.000000,0.000000,0.000000,-10369.000000,3337.000000,2552.000000
400.000000,400.000000,0.000000,0.000000,-10108.000000,2945.000000,2552.000000
0.000000,100.000000,0.000000,0.000000,-9798.000000,2945.000000,2552.000000
100.000000,-100.000000,0.000000,0.000000,-9478.000000,2945.000000,2552.000000
0.000000,-100.000000,0.000000,0.000000,-9166.000000,2945.000000,2748.000000
200.000000,-100.000000,0.000000,0.000000,-8843.000000,2945.000000,2552.000000
-200.000000,100.000000,0.000000,0.000000,-8479.000000,2945.000000,2748.000000
0.000000,0.000000,0.000000,0.000000,-8157.000000,2748.000000,2552.000000
-100.000000,-200.000000,0.000000,0.000000,-7846.000000,2945.000000,2552.000000
300.000000,0.000000,0.000000,0.000000,-7502.000000,3141.000000,2552.000000
-300.000000,0.000000,0.000000,0.000000,-7140.000000,2945.000000,2552.000000
-100.000000,100.000000,0.000000,0.000000,-6787.000000,2748.000000,2552.000000
200.000000,100.000000,0.000000,0.000000,-6492.000000,2748.000000,2552.000000
0.000000,200.000000,0.000000,0.000000,-6172.000000,2552.000000,2552.000000
-100.000000,0.000000,0.000000,0.000000,-5880.000000,2552.000000,2356.000000
0.000000,100.000000,0.000000,0.000000,-5599.000000,2356.000000,2552.000000
0.000000,-200.000000,0.000000,0.000000,-5318.000000,2159.000000,2356.000000
100.000000,0.000000,0.000000,0.000000,-5073.000000,1963.000000,2356.000000
0.000000,100.000000,0.000000,0.000000,-4856.000000,1767.000000,2356.000000
0.000000,0.000000,0.000000,0.000000,-4663.000000,1767.000000,1963.000000
0.000000,0.000000,0.000000,0.000000,-4451.000000,1570.000000,1767.000000
0.000000,-100.000000,0.000000,0.000000,-4300.000000,1374.000000,1570.000000
0.000000,0.000000,0.000000,0.000000,-4147.000000,1374.000000,1570.000000
0.000000,-200.000000,0.000000,0.000000,-4035.000000,1178.000000,1178.000000
-100.000000,400.000000,0.000000,0.000000,-3953.000000,1178.000000,1374.000000
100.000000,-200.000000,0.000000,0.000000,-3909.000000,1178.000000,981.000000
100.000000,0.000000,78.000000,78.000000,-3882.000000,981.000000,1178.000000
300.000000,300.000000,0.000000,0.000000,-3875.000000,1178.000000,1178.000000
100.000000,0.000000,0.000000,0.000000,-3906.000000,981.000000,981.000000
-100.000000,100.000000,0.000000,0.000000,-3941.000000,785.000000,785.000000
100.000000,-200.000000,0.000000,0.000000,-3990.000000,785.000000,785.000000
100.000000,-200.000000,0.000000,0.000000,-4059.000000,589.000000,589.000000
0.000000,-100.000000,0.000000,0.000000,-4189.000000,589.000000,589.000000
-100.000000,-200.000000,0.000000,0.000000,-4300.000000,196.000000,589.000000
-200.000000,-100.000000,0.000000,0.000000,-4438.000000,196.000000,392.000000
200.000000,100.000000,78.000000,78.000000,-4622.000000,0.000000,196.000000
0.000000,300.000000,0.000000,0.000000,-4824.000000,0.000000,196.000000
0.000000,0.000000,0.000000,0.000000,-5040.000000,0.000000,196.000000
0.000000,0.000000,156.000000,156.000000,-5279.000000,0.000000,0.000000
0.000000,0.000000,0.000000,0.000000,-5531.000000,0.000000,196.000000
-100.000000,-300.000000,0.000000,0.000000,-5802.000000,0.000000,0.000000
-300.000000,0.000000,0.000000,0.000000,-6062.000000,0.000000,196.000000
100.000000,0.000000,0.000000,0.000000,-6349.000000,0.000000,0.000000
0.000000,-200.000000,0.000000,0.000000,-6611.000000,0.000000,196.000000
0.000000,-200.000000,0.000000,0.000000,-6891.000000,0.000000,0.000000
0.000000,0.000000,0.000000,0.000000,-7234.000000,0.000000,0.000000
-200.000000,-200.000000,0.000000,0.000000,-7531.000000,0.000000,196.000000
0.000000,-300.000000,0.000000,0.000000,-7812.000000,0.000000,0.000000
-200.000000,-300.000000,0.000000,0.000000,-8090.000000,0.000000,196.000000
-100.000000,0.000000,0.000000,0.000000,-8355.000000,196.000000,0.000000
-100.000000,0.000000,0.000000,0.000000,-8589.000000,0.000000,196.000000
0.000000,-100.000000,0.000000,0.000000,-8839.000000,0.000000,0.000000
0.000000,100.000000,0.000000,0.000000,-9074.000000,0.000000,0.000000
0.000000,100.000000,0.000000,0.000000,-9297.000000,196.000000,196.000000
0.000000,-300.000000,0.000000,0.000000,-9478.000000,392.000000,0.000000
-100.000000,-200.000000,0.000000,0.000000,-9629.000000,589.000000,0.000000
100.000000,500.000000,0.000000,0.000000,-9801.000000,785.000000,196.000000
0.000000,100.000000,0.000000,0.000000,-9915.000000,589.000000,0.000000
200.000000,0.000000,0.000000,0.000000,-9999.000000,785.000000,196.000000
-100.000000,0.000000,0.000000,0.000000,-10081.000000,785.000000,196.000000
0.000000,-100.000000,0.000000,0.000000,-10130.000000,785.000000,392.000000
100.000000,100.000000,0.000000,0.000000,-10169.000000,785.000000,785.000000
0.000000,-200.000000,0.000000,0.000000,-10183.000000,981.000000,981.000000
-100.000000,-100.000000,0.000000,0.000000,-10134.000000,1178.000000,785.000000
0.000000,0.000000,0.000000,0.000000,-10085.000000,1178.000000,785.000000
100.000000,-300.000000,0.000000,0.000000,-10021.000000,1178.000000,785.000000
-100.000000,0.000000,0.000000,0.000000,-9933.000000,1178.000000,785.000000
0.000000,0.000000,0.000000,0.000000,-9815.000000,1178.000000,785.000000
-100.000000,-200.000000,0.000000,0.000000,-9688.000000,1374.000000,785.000000
0.000000,-100.000000,0.000000,0.000000,-9537.000000,1178.000000,785.000000
100.000000,200.000000,78.000000,78.000000,-9371.000000,1374.000000,1178.000000
100.000000,0.000000,0.000000,0.000000,-9176.000000,1570.000000,1178.000000
-100.000000,0.000000,0.000000,0.000000,-8985.000000,1374.000000,981.000000
200.000000,-100.000000,0.000000,0.000000,-8783.000000,1570.000000,1178.000000
-200.000000,0.000000,0.000000,0.000000,-8523.000000,1374.000000,1178.000000
0.000000,0.000000,0.000000,0.000000,-8284.000000,1374.000000,981.000000
0.000000,-100.000000,0.000000,0.000000,-8052.000000,1570.000000,981.000000
0.000000,200.000000,0.000000,0.000000,-7793.000000,1374.000000,1178.000000
0.000000,0.000000,0.000000,0.000000,-7516.000000,1570.000000,981.000000
-100.000000,0.000000,0.000000,0.000000,-7253.000000,1374.000000,981.000000
-100.000000,100.000000,0.000000,0.000000,-6999.000000,1570.000000,981.000000
-200.000000,0.000000,0.000000,0.000000,-6749.000000,1374.000000,981.000000
0.000000,-100.000000,0.000000,0.000000,-6506.000000,1178.000000,981.000000
0.000000,0.000000,0.000000,0.000000,-6266.000000,1374.000000,785.000000
-100.000000,0.000000,0.000000,0.000000,-6021.000000,1178.000000,785.000000
0.000000,-100.000000,0.000000,0.000000,-5784.000000,1178.000000,785.000000
0.000000,100.000000,0.000000,0.000000,-5590.000000,1178.000000,589.000000
100.000000,0.000000,78.000000,78.000000,-5369.000000,981.000000,589.000000
-400.000000,-100.000000,0.000000,0.000000,-5189.000000,785.000000,589.000000
300.000000,0.000000,0.000000,0.000000,-5019.000000,981.000000,589.000000
0.000000,200.000000,0.000000,0.000000,-4861.000000,589.000000,392.000000
-100.000000,-100.000000,0.000000,0.000000,-4726.000000,785.000000,392.000000
0.000000,-100.000000,0.000000,0.000000,-4590.000000,392.000000,196.000000
-400.000000,0.000000,0.000000,0.000000,-4476.000000,392.000000,196.000000
0.000000,300.000000,0.000000,0.000000,-4393.000000,392.000000,196.000000
-200.000000,-200.000000,0.000000,0.000000,-4341.000000,196.000000,196.000000
0.000000,200.000000,0.000000,0.000000,-4313.000000,0.000000,0.000000
0.000000,-200.000000,0.000000,0.000000,-4300.000000,0.000000,0.000000
200.000000,0.000000,0.000000,0.000000,-4318.000000,0.000000,0.000000
100.000000,-200.000000,0.000000,0.000000,-4384.000000,0.000000,0.000000
100.000000,100.000000,0.000000,0.000000,-4426.000000,0.000000,0.000000
-100.000000,300.000000,0.000000,0.000000,-4485.000000,0.000000,0.000000
100.000000,400.000000,0.000000,0.000000,-4584.000000,0.000000,0.000000
0.000000,-100.000000,0.000000,0.000000,-4711.000000,-196.000000,0.000000
-200.000000,0.000000,0.000000,0.000000,-4847.000000,0.000000,0.000000
100.000000,-100.000000,0.000000,0.000000,-4997.000000,-196.000000,0.000000
0.000000,100.000000,0.000000,0.000000,-5126.000000,-196.000000,-196.000000
0.000000,0.000000,0.000000,0.000000,-5228.000000,-392.000000,0.000000
0.000000,-300.000000,0.000000,0.000000,-5385.000000,-785.000000,0.000000
0.000000,-100.000000,0.000000,0.000000,-5575.000000,-981.000000,0.000000
100.000000,0.000000,0.000000,0.000000,-5765.000000,-785.000000,-196.000000
-100.000000,-100.000000,0.000000,0.000000,-5980.000000,-785.000000,-589.000000
0.000000,-300.000000,0.000000,0.000000,-6155.000000,-589.000000,-785.000000
100.000000,200.000000,0.000000,0.000000,-6317.000000,-589.000000,-981.000000
200.000000,300.000000,0.000000,0.000000,-6483.000000,-392.000000,-981.000000
0.000000,0.000000,0.000000,0.000000,-6668.000000,-589.000000,-785.000000
-200.000000,-100.000000,0.000000,0.000000,-6818.000000,-785.000000,-589.000000
-200.000000,100.000000,0.000000,0.000000,-6942.000000,-785.000000,-589.000000
200.000000,-200.000000,0.000000,0.000000,-7119.000000,-589.000000,-392.000000
0.000000,0.000000,0.000000,0.000000,-7294.000000,-589.000000,-392.000000
0.000000,0.000000,0.000000,0.000000,-7448.000000,-589.000000,-196.000000
600.000000,-100.000000,0.000000,0.000000,-7592.000000,-392.000000,-196.000000
0.000000,-200.000000,0.000000,0.000000,-7719.000000,-392.000000,-392.000000
0.000000,0.000000,0.000000,0.000000,-7814.000000,-392.000000,-589.000000
100.000000,-200.000000,0.000000,0.000000,-7913.000000,-589.000000,-589.000000
100.000000,0.000000,0.000000,0.000000,-8008.000000,-392.000000,-392.000000
100.000000,0.000000,156.000000,156.000000,-8062.000000,-196.000000,-196.000000
100.000000,0.000000,0.000000,0.000000,-8087.000000,-196.000000,-196.000000
-100.000000,200.000000,0.000000,0.000000,-8121.000000,-196.000000,0.000000
100.000000,0.000000,0.000000,0.000000,-8136.000000,-196.000000,0.000000
100.000000,300.000000,0.000000,0.000000,-8146.000000,-196.000000,0.000000
0.000000,0.000000,0.000000,0.000000,-8122.000000,0.000000,0.000000
0.000000,0.000000,0.000000,0.000000,-8074.000000,-196.000000,0.000000
0.000000,0.000000,156.000000,156.000000,-8035.000000,0.000000,0.000000
0.000000,-100.000000,0.000000,0.000000,-7975.000000,0.000000,0.000000
0.000000,-100.000000,0.000000,0.000000,-7892.000000,0.000000,0.000000
100.000000,-300.000000,0.000000,0.000000,-7800.000000,196.000000,0.000000
0.000000,-100.000000,0.000000,0.000000,-7706.000000,196.000000,0.000000
0.000000,0.000000,0.000000,0.000000,-7598.000000,0.000000,0.000000
0.000000,-300.000000,0.000000,0.000000,-7468.000000,0.000000,0.000000
200.000000,0.000000,156.000000,156.000000,-7340.000000,0.000000,0.000000
-100.000000,200.000000,0.000000,0.000000,-7210.000000,0.000000,0.000000
-100.000000,-200.000000,0.000000,0.000000,-7068.000000,0.000000,196.000000
-100.000000,-100.000000,0.000000,0.000000,-6915.000000,0.000000,0.000000
0.000000,0.000000,0.000000,0.000000,-6781.000000,0.000000,0.000000
-200.000000,0.000000,0.000000,0.000000,-6627.000000,0.000000,0.000000
-300.000000,0.000000,0.000000,0.000000,-6504.000000,0.000000,0.000000
-100.000000,100.000000,0.000000,0.000000,-6371.000000,0.000000,0.000000
-100.000000,0.000000,0.000000,0.000000,-6244.000000,196.000000,0.000000
0.000000,-100.000000,0.000000,0.000000,-6120.000000,0.000000,0.000000
200.000000,100.000000,156.000000,156.000000,-6002.000000,196.000000,0.000000
-100.000000,300.000000,0.000000,0.000000,-5894.000000,196.000000,0.000000
-100.000000,-100.000000,0.000000,0.000000,-5781.000000,0.000000,0.000000
0.000000,0.000000,0.000000,0.000000,-5672.000000,0.000000,0.000000
-200.000000,100.000000,0.000000,0.000000,-5592.000000,0.000000,0.000000
0.000000,0.000000,0.000000,0.000000,-5518.000000,0.000000,0.000000
0.000000,0.000000,0.000000,0.000000,-5432.000000,0.000000,0.000000
0.000000,-200.000000,0.000000,0.000000,-5365.000000,0.000000,0.000000
0.000000,-200.000000,0.000000,0.000000,-5296.000000,0.000000,-196.000000
0.000000,-100.000000,0.000000,0.000000,-5265.000000,0.000000,0.000000
100.000000,-500.000000,0.000000,0.000000,-5223.000000,0.000000,0.000000
-200.000000,0.000000,0.000000,0.000000,-5186.000000,-196.000000,0.000000
-200.000000,0.000000,0.000000,0.000000,-5165.000000,-196.000000,0.000000
-200.000000,0.000000,0.000000,0.000000,-5173.000000,0.000000,-196.000000
400.000000,0.000000,0.000000,0.000000,-5178.000000,0.000000,-392.000000
200.000000,100.000000,0.000000,0.000000,-5169.000000,-196.000000,-785.000000
-100.000000,0.000000,0.000000,0.000000,-5169.000000,-392.000000,-785.000000
100.000000,-100.000000,0.000000,0.000000,-5183.000000,-392.000000,-589.000000
300.000000,400.000000,0.000000,0.000000,-5219.000000,-589.000000,-785.000000
100.000000,200.000000,0.000000,0.000000,-5259.000000,-392.000000,-589.000000
-100.000000,0.000000,0.000000,0.000000,-5285.000000,-392.000000,-392.000000
0.000000,0.000000,0.000000,0.000000,-5314.000000,-392.000000,-589.000000
0.000000,100.000000,0.000000,0.000000,-5369.000000,-392.000000,-589.000000
200.000000,-300.000000,0.000000,0.000000,-5429.000000,-392.000000,-589.000000
0.000000,0.000000,0.000000,0.000000,-5479.000000,-392.000000,-785.000000
200.000000,0.000000,0.000000,0.000000,-5498.000000,-589.000000,-785.000000
100.000000,100.000000,0.000000,0.000000,-5572.000000,-392.000000,-785.000000
500.000000,-100.000000,0.000000,0.000000,-5670.000000,-589.000000,-589.000000
100.000000,200.000000,0.000000,0.000000,-5728.000000,-589.000000,-785.000000
0.000000,100.000000,0.000000,0.000000,-5766.000000,-392.000000,-589.000000
100.000000,100.000000,0.000000,0.000000,-5841.000000,-392.000000,-589.000000
-100.000000,-100.000000,0.000000,0.000000,-5931.000000,-392.000000,-589.000000
400.000000,100.000000,0.000000,0.000000,-5992.000000,-196.000000,-589.000000
100.000000,0.000000,0.000000,0.000000,-6042.000000,-392.000000,-589.000000
100.000000,0.000000,0.000000,0.000000,-6105.000000,-392.000000,-589.000000
0.000000,0.000000,0.000000,0.000000,-6176.000000,-589.000000,-589.000000
400.000000,0.000000,0.000000,0.000000,-6256.000000,-392.000000,-392.000000
500.000000,200.000000,0.000000,0.000000,-6314.000000,-392.000000,-589.000000
0.000000,-100.000000,156.000000,156.000000,-6361.000000,-196.000000,-392.000000
100.000000,0.000000,0.000000,0.000000,-6422.000000,-196.000000,-392.000000
100.000000,100.000000,0.000000,0.000000,-6470.000000,-196.000000,-392.000000
500.000000,0.000000,0.000000,0.000000,-6484.000000,-392.000000,-392.000000
0.000000,0.000000,0.000000,0.000000,-6514.000000,-392.000000,-392.000000
100.000000,0.000000,0.000000,0.000000,-6564.000000,-196.000000,-392.000000
200.000000,100.000000,0.000000,0.000000,-6588.000000,-196.000000,-196.000000
200.000000,100.000000,0.000000,0.000000,-6598.000000,0.000000,-196.000000
200.000000,0.000000,0.000000,0.000000,-6628.000000,-196.000000,-196.000000
200.000000,0.000000,0.000000,0.000000,-6635.000000,0.000000,-196.000000
400.000000,0.000000,0.000000,0.000000,-6627.000000,-196.000000,-196.000000
100.000000,100.000000,0.000000,0.000000,-6613.000000,-196.000000,-196.000000
0.000000,-200.000000,0.000000,0.000000,-6615.000000,-196.000000,-196.000000
-100.000000,200.000000,0.000000,0.000000,-6609.000000,0.000000,0.000000
0.000000,-100.000000,0.000000,0.000000,-6569.000000,-196.000000,0.000000
0.000000,200.000000,0.000000,0.000000,-6533.000000,0.000000,0.000000
0.000000,0.000000,0.000000,0.000000,-6514.000000,0.000000,0.000000
100.000000,0.000000,0.000000,0.000000,-6491.000000,0.000000,0.000000
-100.000000,-100.000000,0.000000,0.000000,-6446.000000,0.000000,0.000000
0.000000,-200.000000,0.000000,0.000000,-6393.000000,0.000000,0.000000
0.000000,-500.000000,0.000000,0.000000,-6333.000000,0.000000,0.000000
-100.000000,0.000000,0.000000,0.000000,-6291.000000,0.000000,0.000000
0.000000,-100.000000,0.000000,0.000000,-6236.000000,0.000000,0.000000
0.000000,0.000000,0.000000,0.000000,-6174.000000,0.000000,0.000000
100.000000,0.000000,0.000000,0.000000,-6117.000000,0.000000,0.000000
-100.000000,0.000000,0.000000,0.000000,-6059.000000,0.000000,0.000000
0.000000,-300.000000,0.000000,0.000000,-6019.000000,0.000000,0.000000
0.000000,200.000000,0.000000,0.000000,-5968.000000,0.000000,0.000000
0.000000,-300.000000,0.000000,0.000000,-5919.000000,0.000000,0.000000
100.000000,-100.000000,0.000000,0.000000,-5866.000000,0.000000,0.000000
0.000000,100.000000,0.000000,0.000000,-5813.000000,0.000000,0.000000
300.000000,-200.000000,0.000000,0.000000,-5776.000000,0.000000,0.000000
-100.000000,0.000000,0.000000,0.000000,-5742.000000,0.000000,0.000000
-200.000000,-100.000000,0.000000,0.000000,-5709.000000,0.000000,0.000000
-200.000000,100.000000,0.000000,0.000000,-5669.000000,0.000000,0.000000
0.000000,100.000000,0.000000,0.000000,-5642.000000,-196.000000,0.000000
0.000000,0.000000,0.000000,0.000000,-5605.000000,0.000000,0.000000
0.000000,100.000000,0.000000,0.000000,-5582.000000,-196.000000,0.000000
0.000000,0.000000,0.000000,0.000000,-5573.000000,0.000000,0.000000
-200.000000,-200.000000,0.000000,0.000000,-5567.000000,0.000000,0.000000
-400.000000,-100.000000,0.000000,0.000000,-5551.000000,0.000000,0.000000
-200.000000,-100.000000,0.000000,0.000000,-5535.000000,-196.000000,0.000000
0.000000,100.000000,0.000000,0.000000,-5527.000000,0.000000,0.000000
-200.000000,100.000000,0.000000,0.000000,-5544.000000,-196.000000,0.000000
-200.000000,100.000000,0.000000,0.000000,-5557.000000,-196.000000,0.000000
100.000000,100.000000,0.000000,0.000000,-5559.000000,-196.000000,0.000000
-200.000000,-200.000000,0.000000,0.000000,-5554.000000,0.000000,-196.000000
0.000000,0.000000,0.000000,0.000000,-5567.000000,0.000000,0.000000
200.000000,-100.000000,0.000000,0.000000,-5560.000000,0.000000,-196.000000
100.000000,100.000000,0.000000,0.000000,-5558.000000,-196.000000,-196.000000
300.000000,0.000000,0.000000,0.000000,-5575.000000,-196.000000,0.000000
0.000000,100.000000,0.000000,0.000000,-5605.000000,-196.000000,0.000000
0.000000,-300.000000,0.000000,0.000000,-5611.000000,-196.000000,-196.000000
300.000000,-100.000000,0.000000,0.000000,-5617.000000,-196.000000,0.000000
0.000000,-100.000000,0.000000,0.000000,-5633.000000,0.000000,-196.000000
200.000000,200.000000,0.000000,0.000000,-5661.000000,-196.000000,0.000000
200.000000,-200.000000,0.000000,0.000000,-5684.000000,0.000000,-196.000000
300.000000,0.000000,0.000000,0.000000,-5695.000000,0.000000,-196.000000
300.000000,0.000000,0.000000,0.000000,-5698.000000,0.000000,-196.000000
200.000000,-200.000000,0.000000,0.000000,-5715.000000,-196.000000,0.000000
100.000000,200.000000,78.000000,78.000000,-5736.000000,0.000000,-196.000000
-200.000000,300.000000,0.000000,0.000000,-5755.000000,-196.000000,0.000000
-100.000000,0.000000,0.000000,0.000000,-5781.000000,-196.000000,0.000000
-100.000000,100.000000,0.000000,0.000000,-5813.000000,0.000000,0.000000
0.000000,-100.000000,0.000000,0.000000,-5830.000000,0.000000,0.000000
-100.000000,0.000000,0.000000,0.000000,-5842.000000,0.000000,-196.000000
0.000000,100.000000,0.000000,0.000000,-5857.000000,0.000000,0.000000
0.000000,0.000000,0.000000,0.000000,-5876.000000,0.000000,0.000000
0.000000,100.000000,0.000000,0.000000,-5897.000000,-196.000000,0.000000
0.000000,-300.000000,0.000000,0.000000,-5917.000000,0.000000,0.000000
-100.000000,-100.000000,0.000000,0.000000,-5933.000000,0.000000,0.000000
0.000000,0.000000,0.000000,0.000000,-5921.000000,0.000000,0.000000
100.000000,0.000000,0.000000,0.000000,-5918.000000,0.000000,0.000000
100.000000,0.000000,0.000000,0.000000,-5925.000000,0.000000,0.000000
0.000000,0.000000,0.000000,0.000000,-5916.000000,196.000000,0.000000
-100.000000,-100.000000,0.000000,0.000000,-5913.000000,0.000000,0.000000
0.000000,0.000000,0.000000,0.000000,-5908.000000,0.000000,0.000000
0.000000,-100.000000,0.000000,0.000000,-5908.000000,0.000000,0.000000
300.000000,-100.000000,0.000000,0.000000,-5923.000000,0.000000,0.000000
-100.000000,-100.000000,0.000000,0.000000,-5939.000000,0.000000,0.000000
100.000000,0.000000,0.000000,0.000000,-5938.000000,0.000000,0.000000
0.000000,0.000000,0.000000,0.000000,-5933.000000,0.000000,0.000000
0.000000,0.000000,0.000000,0.000000,-5946.000000,0.000000,0.000000
0.000000,200.000000,78.000000,78.000000,-5947.000000,0.000000,0.000000
-100.000000,0.000000,0.000000,0.000000,-5952.000000,0.000000,0.000000
0.000000,0.000000,0.000000,0.000000,-5955.000000,0.000000,0.000000
-200.000000,-100.000000,0.000000,0.000000,-5963.000000,0.000000,0.000000
-100.000000,-100.000000,0.000000,0.000000,-5974.000000,0.000000,0.000000
0.000000,0.000000,0.000000,0.000000,-5969.000000,0.000000,0.000000
0.000000,0.000000,0.000000,0.000000,-5987.000000,0.000000,0.000000
-100.000000,0.000000,0.000000,0.000000,-6008.000000,0.000000,0.000000
0.000000,-200.000000,0.000000,0.000000,-6016.000000,0.000000,0.000000
-200.000000,-100.000000,0.000000,0.000000,-6025.000000,0.000000,0.000000
0.000000,0.000000,0.000000,0.000000,-6039.000000,0.000000,0.000000
100.000000,-100.000000,78.000000,78.000000,-6040.000000,0.000000,0.000000
-500.000000,0.000000,0.000000,0.000000,-6033.000000,0.000000,0.000000
-200.000000,0.000000,0.000000,0.000000,-6047.000000,0.000000,0.000000
-200.000000,-200.000000,0.000000,0.000000,-6047.000000,0.000000,0.000000
-100.000000,-200.000000,0.000000,0.000000,-6049.000000,0.000000,0.000000
-200.000000,-200.000000,0.000000,0.000000,-6061.000000,0.000000,0.000000
100.000000,-200.000000,0.000000,0.000000,-6075.000000,0.000000,0.000000
-200.000000,-200.000000,0.000000,0.000000,-6088.000000,0.000000,0.000000
0.000000,-200.000000,0.000000,0.000000,-6091.000000,0.000000,0.000000
0.000000,-300.000000,0.000000,0.000000,-6083.000000,0.000000,0.000000
0.000000,-200.000000,0.000000,0.000000,-6083.000000,0.000000,0.000000
-100.000000,-100.000000,0.000000,0.000000,-6086.000000,0.000000,0.000000
-100.000000,100.000000,0.000000,0.000000,-6087.000000,0.000000,0.000000
-100.000000,-100.000000,0.000000,0.000000,-6084.000000,0.000000,0.000000
0.000000,0.000000,0.000000,0.000000,-6086.000000,0.000000,0.000000
-100.000000,0.000000,0.000000,0.000000,-6084.000000,0.000000,0.000000
-100.000000,-100.000000,0.000000,0.000000,-6083.000000,0.000000,0.000000
-200.000000,0.000000,0.000000,0.000000,-6086.000000,0.000000,0.000000
0.000000,0.000000,0.000000,0.000000,-6091.000000,0.000000,0.000000
-100.000000,0.000000,0.000000,0.000000,-6080.000000,0.000000,0.000000
0.000000,0.000000,0.000000,0.000000,-6070.000000,0.000000,0.000000
-200.000000,-100.000000,0.000000,0.000000,-6078.000000,0.000000,0.000000
-100.000000,-100.000000,0.000000,0.000000,-6082.000000,0.000000,0.000000
0.000000,0.000000,0.000000,0.000000,-6056.000000,0.000000,0.000000
0.000000,0.000000,0.000000,0.000000,-6047.000000,0.000000,0.000000
-100.000000,-100.000000,0.000000,0.000000,-6049.000000,0.000000,0.000000
